384.21771950814485 1647.4875649786352
405.49519504547004 1671.3739407869734
417.98195558458923 1702.0363958005328
406.86096218687965 1736.2890559373163
396.25838150103255 1760.9099639749575
402.6102084408186 1789.7034506384052
394.25881110642166 1818.5799459334132
389.5561317991064 1852.4249755402307
383.68870827830597 1882.422340590581
393.1278528170461 1909.7114406752733
372.69045264088027 1941.6764511442357
349.61889084811077 1950.0777978547253
314.9846018851341 1956.831796166758
293.53685125264747 1962.5979176172198
257.2978849812651 1948.199758194582
224.8640882364763 1948.4499722686894
200.33135826538378 1937.2996418243927
163.41907247841138 1937.7516331177658
147.6364856131999 1931.9375615116444
105.19907945696733 1929.7642538068183
125.34833112728589 1956.4133444962308
156.730697175214 1958.9838876701451
172.81723179037795 1991.0805762380203
166.2809845971679 2016.1340057606803
132.624903631364 2024.5083858831215
125.25718003348656 2052.1216502755765
148.7864247873887 2068.3638225294767
178.73407491688147 2068.8243664269403
200.45194322170684 2039.7870388795009
218.89967946013624 2015.6603021970056
214.98824297308164 1992.4614523060727
197.46856887420807 1964.9450662094546
169.862621751093 1972.284215450739
164.29671803232563 2000.569905216477
146.44205468646328 2020.7822320452492
128.31988535007477 2046.994413651058
153.68281529220081 2073.1018441230212
173.4958857623069 2066.402013966491
191.35969606875625 2039.9109520109478
188.09091318453756 2011.1129908275198
204.55903045118643 1977.8994763955511
177.31217167315657 1962.6584435969721
161.36364792322794 1984.6212899423242
161.92138422902212 2022.738542373253
130.4430452445615 2024.2940630559574
124.2571421879282 2056.68506903434
150.7782780375629 2064.863471465211
187.8495662622613 2074.6524384662825
204.93488156121356 2050.750404509652
222.48605282805482 2021.5334586481229
220.6850412200625 1991.1935777050626
207.0803861746726 1961.7976005097898
176.7794658669115 1961.804073911595
159.67647627676828 1990.8787651014256
153.11855214972147 2020.5060026291244
134.33265332447738 2021.924708788302
125.50309894579532 2058.6497409143153
147.45602066183636 2071.199703329761
182.52184872839416 2059.7552343468064
202.2546751918947 2040.7937237837427
213.5015018985569 2011.9147825701841
223.21483411861385 1986.8836950041157
222.7353797957129 1962.6015731727775
199.14632379016436 1940.3339869306972
168.56986372941327 1938.7837136340074
136.15351125513928 1937.9999207640185
107.09010102728637 1933.1231619012792
122.91050404950424 1958.8461582977075
151.15408816716314 1961.2585831391925
168.1925671980909 1988.6581769441673
157.0615737266415 2006.4903994852423
129.01086348169082 2018.984466284098
122.80912552088553 2053.1383878857587
143.80659548082144 2060.650894934298
180.67711851805967 2068.257043908963
206.61628967170054 2038.0029629207556
211.7103536208962 2019.2802205992687
222.04420835378892 1990.7617739567015
215.75880629924268 1960.1404418296997
197.06279180160502 1941.998037340262
166.9674921593563 1935.5884350664548
149.66151683685234 1930.654526753615
99.06851016106651 1929.0090068197944
116.50542747490452 1949.4145741475143
149.00503180195125 1957.7512631805878
170.80237161786437 1983.7638373129964
161.0011572819461 2013.6398316452155
136.2693009273507 2032.4780100696776
120.68706746026079 2046.8397737486914
154.84034102568535 2064.7102892303355
185.65973901578695 2065.108215677069
207.510180869991 2046.561465911878
211.12089852420144 2016.0065973995886
213.66805208460764 1987.486564584058
225.28339135200645 1952.0766015864297
198.15858170297602 1936.5566367532895
168.84399015014998 1937.083487451998
133.91177151724045 1934.8278773841218
107.07344207646952 1923.4154106273913
121.59781222088276 1959.1816319310353
153.31169203343399 1958.5993484328114
174.81189205508633 1983.9734946888539
160.52058029653926 2017.5902264640067
139.18917865560627 2018.304936329792
124.60202894322337 2045.5044573037098
159.2233434967429 2063.8577748238713
185.3299794272297 2061.122053940399
204.62032191711268 2062.2499416577443
213.4405210230947 2018.9471676468281
216.36412358577294 1999.6420854519233
209.49314727839163 1959.1451215517193
177.4728101852232 1969.0537614299635
162.89498182313892 1990.0258599031636
164.90321784270697 2017.4133759984798
132.14974249131907 2019.0885879985015
121.6593025438754 2055.525449437011
151.68377752760645 2061.6602702332852
178.64635964606666 2066.4058356057208
206.7969663148137 2056.305608387447
220.6953229496296 2018.5444846604582
216.37344996118028 1988.414358539357
214.12634091794192 1965.9403323015001
178.67182408697806 1963.4892097276017
166.1032136759152 1984.9301236064039
163.44253892512134 2026.5753603659655
127.39084565415445 2017.812652688224
125.27007593641453 2054.54519033044
151.90239158735744 2055.474226336884
176.30110971815563 2065.0302001309014
194.05474434761888 2032.7496645433384
190.32523242279507 2008.161538561268
197.9615155043549 1980.4743180455532
167.85813842694293 1965.4369847958465
159.09545783699002 1990.5420012674672
159.02527812655433 2025.0820893621756
132.47528262584507 2023.0006531669649
133.23985414469266 2056.002087566882
153.90341204792978 2061.6174178211213
177.40789695328536 2076.7680088288
205.360294311537 2051.731522270733
211.50209597181038 2024.7159105291944
222.25998364372617 1995.133572471813
218.088703782434 1961.052409704046
204.24852656464054 1946.856436906305
166.78236599835674 1936.7020792923106
140.22581689811545 1932.2702602091474
107.58907708771005 1931.1510954483429
122.98127019456349 1957.4562357246452
154.47484274012757 1958.559510528348
161.13699576326835 1987.6954383433797
153.96766384905558 2026.4018475381781
132.67541130614558 2023.760639133763
123.12633723322205 2053.8039794561105
151.5862402756594 2056.826999684664
178.1440729410811 2062.18276687494
199.97605435699208 2042.012664472606
211.56216032392283 2027.384218584863
218.8463863976934 1984.4406945089997
198.42714701349723 1958.7844049947673
166.27045206962885 1967.8319030313291
162.66456737267447 1998.5094064154887
141.25325338814724 2029.1703676462848
125.21402832782779 2051.0446644570466
155.05540419376365 2063.6691984688327
178.63981041462148 2074.4348517027456
195.46398024450494 2041.0733098651328
201.0003580733393 2007.5400425863554
195.08796933461974 1974.7319350438743
165.6146646134132 1966.683883428097
167.88140663976534 1984.5384919067362
172.8953790406067 2017.6641970278486
134.45750501123206 2026.3416615219946
124.09273245662773 2047.475857378755
151.21939468679682 2067.8856228935038
183.571187050969 2063.3878942991946
206.20444188263934 2047.6850823700527
216.72311439636852 2013.3948116048907
220.5763786492953 1981.4568334467456
216.5166885452905 1949.7065841509543
195.53447030500234 1939.3731261037938
170.49330947189077 1940.3006265523404
135.36134696927724 1935.5706248111078
113.43255690950923 1930.2597902363552
118.49952817053233 1960.313249105046
141.25958357223197 1955.3980659533074
173.34271231650425 1984.8517883202726
166.39049928680257 2026.886730645338
132.38422829981536 2019.2011230468106
124.83086144137867 2048.928337990181
147.75960823542837 2063.7059159814125
176.89863073754327 2070.9961005369755
213.82825273068573 2055.41678834672
210.94482472430815 2014.1664067712525
220.104613853739 1987.796352569237
220.83515915118505 1967.0028113561411
200.80699869063673 1935.9916385106476
172.28787480248286 1947.9518282778174
141.42561184367457 1934.2728804626
113.50252777217815 1935.0848698601985
125.9086016178198 1958.7440866091547
156.01991831801348 1955.0378360276407
167.19681262171028 1992.5172521794932
167.6726032949135 2019.4157508125586
127.55527633429996 2017.6162349042925
126.27115815384491 2041.914965844948
156.0661980068154 2062.7094006641164
179.6253808332687 2066.9094201702997
195.72560779725154 2032.992140560575
197.91009827555692 2009.096168809553
204.89119241399086 1984.0288977521855
175.61549917521987 1966.7598553164496
160.74975943967192 1994.6894346518097
159.27451223589804 2017.8145027912333
127.61392976985238 2016.4443587609826
122.30808875159637 2051.9128037671207
153.03783931890993 2064.30785196124
177.10449289419017 2070.2751284408955
207.3748805771137 2053.533333361586
215.28785628900684 2023.7730074172143
216.31527674910515 1999.5017564320099
219.06941398266864 1971.5303082128096
204.13633472790664 1937.2938121957682
183.29027065570062 1935.853830617
136.26025990249764 1931.3998282104892
107.95984376914923 1935.5964014560054
125.38064441912482 1954.2492094468353
158.0056240151796 1964.2291731135615
164.85730687738499 1988.656113361175
163.17711106679397 2023.9522024424718
130.26655973001766 2027.2181663796548
129.17300605454724 2054.7748268572286
155.87688013491274 2062.4091229231476
180.65227313179952 2063.120659752991
200.73731170343208 2051.2501446526553
212.49167722195338 2024.054706806117
210.50290737546263 1994.5078361194655
221.0711887603754 1965.6140318501932
200.89277978706457 1943.384463618656
169.54761116358407 1934.3258388737245
144.78782796210268 1935.1514082444587
112.56263558723215 1925.2567207470572
128.92387326194526 1956.7457388906903
151.67150424918754 1959.64170082326
165.89714151383598 1986.4394113382564
155.62622632032023 2022.5255105630533
127.37645649687114 2019.443301077722
124.60227193512188 2053.151909411286
152.98348787707533 2065.2551331923846
183.1148200883242 2077.838869985077
192.0755750367117 2041.0601147705067
197.13291550180065 2009.3334562965497
202.12543188570217 1973.018872638331
174.7697898175954 1959.4511052214725
162.5269093468608 1989.651483711052
160.82453333650983 2021.5786675563343
124.47897508189403 2021.6950644810786
122.47491105323664 2049.391783783118
154.83558563902315 2063.9198680422214
184.5253208165146 2063.567795309534
212.8588642743064 2047.902600605759
211.18290847914716 2023.4567085941396
215.76777132661996 2008.5223535417117
223.8183216984031 1960.701846228938
200.83533890814846 1945.1785143053016
175.81192862161097 1930.641855690838
144.8445495619393 1937.80258222973
111.80138848823286 1933.654875533029
