663.2312360233451 1371.2110436694036
643.8008738454178 1372.1051554292308
648.0383508399246 1365.7598058862554
629.7370213556145 1365.6993668334248
626.7713164375782 1356.4644801475572
626.3844603651031 1342.0680808440975
631.0905779962873 1339.1992213078418
640.567661261041 1325.9521572061742
628.9339108378252 1317.309697578322
626.833212940133 1322.4313625349191
622.7722669802329 1320.267734264623
610.3690213453748 1316.0974562436277
605.9626950340313 1319.9856717121645
609.1927156894142 1345.8503869116016
597.6311996696064 1341.3229774618655
599.7280837921859 1361.5103616981273
601.4218353225538 1368.865673098058
602.0769877502007 1374.1058784738957
617.9805412279266 1373.4868939689832
627.6001470711503 1385.4490564052933
630.7984780499878 1380.2338932518003
649.5364692472572 1392.0509535342462
657.8804959549916 1385.7704428411137
669.6500315532323 1392.6404119208373
675.6347768232405 1393.9673794164946
687.3641741029131 1389.661483896069
692.7501574025823 1389.216545604684
693.1459618131454 1393.5648078281138
696.8700041136742 1410.1097211150754
695.010646276289 1421.472607944324
694.1851880438343 1432.5784127755162
693.8089992327298 1443.3802786226877
692.6529815208384 1462.2373449539546
696.7186311213843 1466.283168824173
693.5773502684947 1472.6034552572366
692.4424323031368 1484.2982977544023
678.3574562856421 1480.130645486197
678.1638369685123 1480.0766281740293
667.0374865761627 1484.242010674947
652.6296088104513 1474.0670757504813
660.9412347175675 1467.8834625070301
666.7096250246219 1462.6420284429748
670.5327147027948 1462.188517673639
677.2700862492021 1449.5236368008732
687.6154439157798 1461.2197916667913
690.3166055159936 1475.2456097854645
695.1932723208255 1484.6143048510273
686.202804903462 1475.9883121522435
671.1495638331397 1471.9756899750314
669.8883981390692 1480.8107639824625
659.2748822622966 1480.0338988537972
654.8961350080332 1460.790600602773
658.5508244922551 1457.0029366441793
670.3039133449091 1457.972226936661
674.2576407654385 1459.5627461886777
688.8234760450122 1465.5829654467439
688.6162188780365 1464.565631213371
687.3375702390193 1474.8916481289095
681.0904442556287 1481.697059808434
673.699645217249 1475.2411649850887
670.270985478538 1478.5090725760335
652.3618774287442 1477.4043129992406
648.1960033625963 1458.016357727615
660.2308808473263 1453.9925658605566
668.8745612469061 1460.7327163045836
677.2533439149565 1468.2272114901605
690.1335891421103 1460.494515565817
692.1486238455426 1467.9813995523277
692.0187614975358 1477.4908027032902
682.1028967630123 1488.8507709866965
672.0649848425469 1473.9368693862125
655.0686304286991 1474.7773748658544
651.2818889782783 1474.6205192558164
653.153089779761 1464.8649983299963
657.9119536071194 1461.301585397017
679.9685521866699 1462.5772478773151
678.681202479691 1449.1070521126758
688.0572904252964 1462.7808861664118
688.6441925601963 1471.4966705464594
699.066276306 1479.0767838449738
676.2136569870604 1484.418480432846
670.0329568925308 1476.7844025278032
660.1658151956483 1475.0623775630534
658.4512174661744 1469.7822455013156
654.3576479950779 1469.255885193449
657.5932128344856 1457.5694220694384
659.4580134002807 1463.1060463738247
680.5783619099032 1460.6151755011283
687.5380837672604 1458.2131513409086
696.2997515644036 1471.8303246277167
690.2462294166999 1490.389512808436
681.888279988203 1480.0860935009305
677.7217706565852 1481.8319276662903
664.3397174891713 1479.2245181630851
654.5412430558614 1477.8175643208458
657.444737229331 1464.4197708480067
658.9103178814099 1466.5243182405006
667.7172584807402 1458.6033251559754
676.4110461685352 1462.3896070676976
691.1186132243076 1458.0379885942746
695.8339930703202 1470.8261586533765
687.7006107632687 1479.426954339025
684.6695180089298 1483.9427881015176
674.990710414469 1483.5333994529442
663.6710757884825 1484.8436356513196
656.1214423069199 1470.705352759312
652.9629694332373 1470.470380845879
657.3739488108799 1458.0671894809318
673.3831201546283 1459.2019902708555
684.8302026047212 1462.0824483374913
682.0953035027936 1459.7350937030694
691.6489414737608 1477.1732099942403
685.6107691275182 1487.8016090259578
682.1888782056005 1475.832521229429
671.2922419507452 1483.1013662871426
665.5577986350221 1479.6792710459356
650.5784603555549 1473.2258560671542
656.9898957221156 1468.4391839185173
654.9108709970142 1460.4308530814562
670.7124705711715 1456.132993259219
682.4612610839896 1460.250378756862
688.9720311463133 1466.0797705451196
696.3220735956985 1475.4108683183883
694.3552463042704 1480.7193806278503
687.333089451326 1474.2763559658945
670.4797533383733 1484.1487047649343
657.9034373338552 1479.4520428871308
659.1958568468925 1480.0012708137372
648.6966299740151 1469.0335123862023
655.0122144595698 1455.5661705151863
666.1475813417318 1453.4888223643059
680.2622115166354 1468.9936609924932
684.8955086272123 1449.6294585004932
690.1917278016031 1468.9628743007752
692.1295857321397 1484.7740577545956
685.4715202101635 1478.5228190828507
674.8298849137419 1479.2895460257912
663.9683438630561 1482.3148296914924
652.6893936306792 1473.7165726919718
656.3602154445924 1463.5893241802296
660.4806602883315 1456.493617946245
676.8807772059602 1471.008254885672
678.3579299564057 1459.3358968111422
689.362126850138 1458.0971363964516
686.0659110151009 1471.9649101611733
688.784921009135 1479.6138800480958
674.916002867505 1481.023997531333
669.2918161486565 1484.475253449624
661.3563782252405 1477.0416279187664
656.0226511327992 1471.8656383129432
663.0733195319218 1460.4845328766878
665.540274223009 1458.4887408792017
675.433785144117 1452.968888099829
681.8488141787927 1459.3104148335487
691.1179701282572 1464.2000081892575
696.354439540314 1467.6204328372135
685.8647827057683 1485.4161039620126
683.8760922025469 1483.6151849811467
672.8220830140874 1480.6986322820183
665.6187795081503 1481.4308410096876
653.2344728755863 1470.2646030310584
649.8856080229292 1465.093507092377
664.0078981591929 1457.201322824525
669.6424712444698 1456.4767139785665
685.7427413641703 1456.0112636249944
693.3305197039007 1460.4041722844631
693.5962903094202 1472.495055239823
692.4608857114125 1482.1324424448683
684.3359897346992 1471.0562907145418
677.2096222200603 1484.8158060570856
666.7875214990518 1481.319419583631
645.0698860903943 1478.7195217136064
655.664381757902 1460.4998103189316
656.4235876766401 1456.2171349660932
667.3087893350879 1464.0647689089787
681.0939915867796 1461.8431980720993
681.7171588647551 1466.9923908075737
691.0814968446176 1473.4701653515015
688.020835192837 1481.5330353662157
683.6765906070355 1487.6798288982484
675.6882482875463 1480.9607446389225
663.4294302958583 1472.7456113325445
654.3039701780546 1478.6579668579486
648.2238481996145 1459.5469800964197
665.8332154012184 1460.4105798087592
661.5215243928775 1455.3055289692213
672.7085704011613 1458.2011649177418
690.8506786617934 1456.5061265475354
689.9852527240652 1470.6663181123447
683.3098531525377 1481.112261716983
686.4639129899697 1489.0001233361074
677.2093094414682 1488.590787399489
669.7099692553331 1474.4640003724337
651.8853174867824 1478.8717495965927
657.9510183122572 1460.5661994041016
660.580495609093 1465.4510137323082
674.8120967850494 1462.5711183604815
679.6945459962692 1458.7226986983721
690.3678747211463 1460.4533579716501
688.1050461481785 1476.8016202234705
686.0055469968261 1484.3047399452544
682.1137646576257 1487.0055765414147
675.046702868228 1475.2996243549399
665.8396539133902 1480.2110434655642
658.2470389648558 1481.9299924449383
651.0362202629357 1463.6189870692065
662.591607176529 1460.8415112238863
672.6334360163734 1466.1215910773644
674.6926044421091 1460.7444051993302
693.5730097333832 1455.0234426562376
686.7306866660089 1462.516023475016
691.312156883559 1475.2757223196459
685.3200802168129 1476.7611810022916
675.2381864616317 1478.6181569930523
655.1295560909832 1487.721718824396
656.5804384797408 1474.0758674116987
649.5767782561419 1468.4417646553118
662.5336515017143 1455.046175997535
671.7902639021997 1460.6237892718339
680.4125058003661 1458.7334446675345
683.8433172518916 1465.3340272029493
695.0126864004138 1470.690276211773
688.6191540456804 1475.357445239622
679.7204792065376 1479.1946601884792
670.4260955389278 1488.0828881150417
657.5753539866654 1480.228719832688
644.015026964671 1466.1710717358098
653.3512937068781 1461.7614762937274
655.3216041688783 1464.8142922565635
670.5014004646562 1461.4857492229196
678.3404445432507 1462.0911751443803
690.0476175595182 1465.6745642219082
690.9449820870565 1470.594491234845
686.5362709636723 1484.7470560460338
679.0261359733988 1479.4644439920974
673.3219831051819 1482.8211298221627
663.8935743634801 1484.0834451652627
654.8665486569162 1477.5542139423594
646.688861202034 1457.4366643556036
665.6539519514853 1464.312387178853
675.1481395987156 1455.3624267366522
681.271345030728 1454.6864097676466
694.6571796834885 1456.7027779940015
695.3878519763787 1469.272100438269
699.5113575547958 1480.0052515985908
689.735969710354 1476.527931936949
668.8780139692402 1470.3452388746318
661.3554222280629 1481.546391391505
656.6601909242818 1479.3614502300004
649.5091266772089 1468.5717841454489
656.5343650409601 1467.7055614845924
671.9188536828489 1453.2603392398603
683.0314384970316 1454.5488320382985
688.9343258404513 1460.306132118991
697.9326148068793 1477.2230386382741
689.0856907967684 1480.4563409283382
683.5445866349428 1485.4559423828032
673.9459117431464 1478.5280458599889
659.7448640638505 1477.8590748286047
653.3954046749849 1482.8805283927786
652.402353722635 1469.0052429032955
655.9402841788009 1454.380787483515
671.892231847131 1462.6797388409273
675.9543939370262 1462.4369347356476
692.2841054951309 1457.5864031435585
691.537263304435 1475.9449899573247
696.015720572667 1482.586272576791
687.9997313221199 1483.754686529871
673.308855106649 1480.9596068929786
650.3141662730893 1479.997197373414
648.8379986866915 1468.756004325229
646.216144100526 1464.3947849376966
665.2702709973465 1465.1189601516996
672.3854339864351 1461.354735833703
689.040872440161 1460.3596163667414
688.4872879828305 1457.8240776051634
693.9885735880174 1471.3236972924437
693.2019067022545 1485.8068970184017
692.2486983829525 1487.370562045907
670.6178408114262 1468.0490648230812
665.379822142943 1476.9977069548197
654.4666322556609 1471.2852511590143
655.2990336666124 1469.3620695663508
663.0163623179706 1460.7481824036302
667.3503240445476 1461.8760276226674
682.1387403746204 1461.7338774361738
685.6785996381329 1457.913610115434
695.3782833909638 1469.0249834865836
692.7202823632866 1480.3950420107074
681.038515213788 1477.0426488500225
668.7561744874035 1481.2024858001753
659.3424844035425 1471.4081796379019
655.4573069839347 1474.1716812634756
651.3581453988921 1462.093662130681
663.3107413704761 1455.485731908605
677.2711476137838 1465.7295097703877
679.7664221021894 1459.8193880525291
695.9780842377645 1455.3082455561248
691.350555737283 1474.5100372310558
694.4412553242726 1483.8567430199298
679.7229942839607 1485.6496467701652
669.0670539897407 1474.8871701564847
660.8348111221566 1479.108004471812
653.3827719612515 1472.6604231914819
650.9906272530246 1460.8222768015257
659.1314489336336 1459.1577145695921
670.598652406894 1458.66541846038
674.3657395495815 1465.300541662615
687.8957589329696 1461.9977083510737
694.2529296219279 1469.1084624653847
678.9552623743366 1483.2802218217364
686.4478896932344 1487.8316369519528
675.5835907564461 1481.559494275145
662.7802814995846 1482.0362176511112
658.1948415243257 1471.4596867550977
652.5402160169012 1462.8414543926247
665.7555140692889 1459.1214315708296
669.8507507689999 1461.09097874333
681.2643872530416 1460.2175667574716
686.6162406525564 1455.151081347422
696.481272771216 1468.0449001704783
687.063691954324 1481.8414245530998
685.5218644253702 1482.9143138197433
673.6567217105769 1481.7379198307588
666.9457315543864 1483.236877711333
656.7868847510122 1480.340562430951
655.7445938411798 1457.4756767626056
660.2711963552428 1465.2640849402746
672.1767164803833 1451.8212337199348
672.6567403992423 1459.6963737283224
689.387381133907 1467.2475394697276
691.1091637535754 1469.4089318663803
695.489431805765 1485.1106872195305
675.9475062576228 1484.9351430673587
660.3321520643162 1480.2170938777542
663.0367164695394 1480.5183560960152
655.2859245711709 1479.512340163932
652.3576386433319 1466.2096468318273
664.5889102831587 1455.5045195824043
664.8267701405788 1458.259206113874
673.7751254744592 1457.4850679878687
686.971681834175 1457.43279856724
692.3556962668348 1467.4394708044679
694.4741204106276 1492.4473023387354
678.8216488538488 1485.5877581492334
680.8327466506664 1474.803454606664
661.6044550027959 1481.179604021912
652.8079864966618 1472.4383019840081
654.0162585882566 1464.6164340184162
656.7130227772038 1462.29828238333
660.8882534569364 1463.1035394394514
678.1596929366251 1459.0621634833617
687.494344130882 1460.9090584404507
689.1720559798126 1469.7489754146923
690.0940070141532 1486.3851269398997
679.4451235573803 1490.6062560022697
668.0083794866114 1480.3155283877345
660.2924342397514 1475.1611901516558
660.3849646710485 1475.5088515473387
649.6367555639417 1470.1853984986035
656.097913964781 1460.7180460394482
672.655659911006 1456.3816253959826
678.0080797158964 1463.5834081117991
688.6623428678239 1458.987697285667
693.144199814668 1467.1073350883594
692.8972903035852 1474.8823178278885
678.8604500465328 1473.8650172678917
671.8286682490001 1478.2476822735143
656.311765284593 1484.0815234514596
643.8007906008623 1475.123629100163
645.9718112226979 1464.6483979622149
661.6832320931044 1451.0741184679594
669.9849097681913 1463.763742791201
679.409605953494 1461.9858835399011
689.1623804772156 1460.6703556421628
689.5858882141872 1477.946425875382
686.9464846494585 1479.5368040855963
679.4614794915732 1477.8704968595564
669.8972726643083 1477.609617502281
662.2277735300091 1480.0812556942342
657.1044837864995 1471.120249478348
651.8145433874405 1469.7217782707569
663.4877856803785 1459.372343477734
668.1303594871061 1454.3492255099193
677.4664329038343 1457.5074262829794
689.9723163075109 1462.999030024108
693.6480120637751 1468.3380736659578
691.6229935137596 1480.262073540634
681.0155848607552 1483.9121220795728
664.6481961005203 1480.5420218452957
667.5158967886 1471.561648593064
652.8309032226173 1483.0575925025025
657.2370421263468 1461.6377340089525
658.4712524264777 1454.5213946427357
664.6657314426701 1461.027108647274
668.4837181591031 1461.0141307724502
686.3672410615128 1465.6221847698996
694.1060693231542 1467.1389641134372
688.2865758192534 1480.9788440335572
692.9155558362793 1480.7714467481946
673.5801109194354 1485.4378805111035
658.6014077163838 1475.1645845301234
649.4568617933244 1471.020308800857
646.9466326046739 1461.406801419562
659.6260720840612 1459.5889784118058
671.7219322005907 1450.7905421191376
676.9684606468072 1454.3043126490427
691.8559709050494 1458.6571227472325
690.6643980993464 1476.0358786436316
693.0591288631985 1485.626558527337
680.8842818026384 1480.8406916793992
672.9877752859409 1480.062033630568
665.7782648534572 1475.9615321612152
649.8539160462236 1471.2314154613882
652.7973862468549 1464.8233511550052
657.5877521062436 1464.001691302549
667.8837850350093 1466.5662540218725
678.7399342467223 1462.8207713471836
693.6403346230657 1458.041292597323
694.5875940597056 1475.2786751207188
694.1751988080381 1477.8142057221164
688.705149213374 1483.6320250584654
670.2271347541139 1475.2195521369854
662.0218408771318 1478.8975064039466
652.4010583614028 1478.9936109313605
655.0682005251622 1471.0898558947947
655.606239283481 1455.771900005254
670.9178941721319 1462.2751395811376
680.4623228611276 1468.5140575915366
685.0524902535223 1462.2203722223874
691.9929283658206 1470.9679361858416
690.7198262121552 1489.4593428298158
674.4954149964528 1484.934479582953
671.7338028062871 1485.1632019926888
659.4387230394899 1481.8889434965945
649.5737913389808 1471.0676510578137
658.594919158517 1461.3648154076059
652.8950624980242 1456.3065855334994
670.6241883243172 1462.4963744490153
682.4061260204443 1456.264882291216
694.044524062396 1463.8175468791806
690.6685552810072 1470.8911313796004
684.3594868630472 1490.244322072087
683.790121417017 1482.1410630430933
671.3051681233597 1478.1013748761613
658.0502584073724 1483.8856083878532
654.0198304649514 1471.1419102375103
652.7653964011693 1474.1817958821005
663.2373994359044 1458.4395971479425
662.9000831271144 1464.2896703205517
678.2719605012575 1469.8084019569792
688.4405209051617 1464.5173606316794
693.0304234243785 1472.0921845566716
697.7977009315596 1473.7329029632822
684.1483462591344 1481.910348544314
680.9988156959766 1478.982034159356
656.9898499674854 1483.7273919864137
655.2395209257969 1477.0791202197918
658.5388697667519 1466.537711367926
665.6933915617104 1457.2917539770322
678.1553454205103 1464.758966252304
681.4486589483336 1456.468370420677
689.6741038369222 1460.4519125231136
689.8518769171278 1460.313381518742
698.1634766892441 1480.8179980005577
678.0665849492524 1484.6232416688754
671.7440734995205 1485.7859071514406
658.3914933662047 1481.2056250024748
656.4588598320896 1481.5099421566988
657.021365793474 1472.6981995695774
663.4021791545475 1459.051996230152
668.6822991222523 1456.5320542678787
683.0200162638387 1465.2126552571592
694.9829675421043 1453.3687275538573
694.354713758278 1470.4106035342577
698.2487593347972 1481.3241864348113
682.0233500235029 1483.7104826265106
679.7426431359618 1479.4077707883157
668.2952422438183 1481.46136164526
652.9139619109573 1479.3569308369229
654.1220457652 1467.7570687715288
657.2727766991637 1448.4573972341434
665.7904399251936 1459.7268630526764
677.0699791420925 1465.2214711486495
690.5750723605393 1465.417269881526
