1511.385212184535 2051.956117167898
1510.406631456399 2051.987041553976
1519.6645242233135 2042.9622066587383
1529.841278470787 2035.1379934402423
1541.1265177142666 2027.3016817697871
1541.3698137170409 2024.7046292376704
1555.0997403235108 2018.2678740511687
1563.5955866945503 2009.5752817233497
1565.6502908234918 2012.6458592701938
1572.9217985921332 1995.0585035371082
1581.0034176544232 1991.6981287899578
1595.842460663095 1985.950666611246
1600.3823134074346 1976.312303113563
1602.9063832953095 1968.789259678916
1607.0965618203197 1962.2458078376608
1622.0042388365207 1950.2695109670094
1631.2453040909127 1953.3684412525483
1633.3787974983268 1951.4594476485681
1648.7845311936148 1946.8510698144855
1650.5585305000034 1935.9536204266817
1665.0200773173892 1932.1530323852433
1666.2502114467738 1924.3355215620363
1671.0505254541677 1911.879135537057
1678.7620507012787 1909.6724603555597
1687.237694933206 1899.720943865669
1696.8723058316252 1902.7103878839887
1700.0859136941651 1895.8521228232935
1713.8218866162576 1880.6223507105199
1717.1351960728498 1879.9373275147634
1715.4475419015857 1872.4430863274338
1704.359649351388 1861.1597364522004
1704.81746533086 1851.161496052182
1696.339539425323 1839.8547325919276
1688.1558411071587 1834.5241734376618
1690.7969421771904 1831.1566620727274
1681.9366928880993 1818.6952924046698
1674.6254066971696 1823.571931311336
1661.7869112998758 1836.2453164271226
1649.6253191971157 1845.0149735571943
1635.6982130014849 1848.532891608534
1635.533965004931 1852.3532127473059
1629.5109907989604 1860.9345612672062
1617.479351263931 1865.6683024892732
1615.7886437334387 1871.974986475547
1605.850060358638 1879.884596459718
1601.4323254528488 1884.6784070167048
1593.5126913120073 1889.0123917531569
1586.7005959809762 1893.7269588020904
1571.9415957049832 1902.2253059024322
1563.3624713158288 1910.0724994450543
1561.8437363869682 1911.3345192555678
1554.2242432241426 1930.717426061366
1538.1288174609692 1930.0859324862051
1538.6323212995712 1933.6694171908475
1528.921300846593 1945.5933359753099
1525.3204961237816 1949.8635942959877
1517.615601622008 1950.1596865433664
1506.802381122961 1957.1555148288787
1503.280728106129 1969.0069352278374
1483.509424861208 1970.3305099855895
1485.119306368739 1983.6326595525143
1469.2798064384124 1982.4468273856498
1466.0473337190228 1998.208440156929
1459.3886067323915 1992.6182916123291
1456.8829033286806 1990.5736944031732
1441.165126715688 1980.305168698186
1438.6420140736825 1979.645589428129
1430.4753319546885 1964.4747825871812
1424.2669476819121 1963.2495120252122
1420.1837436529058 1960.0187611699791
1420.1406931297836 1945.3536222178286
1405.7657428324958 1948.8611063140097
1395.7731237621374 1941.7014385324733
1391.688428983161 1961.9211162074498
1388.583110976763 1965.9586705100987
1370.0211754640218 1967.9202686042208
1367.1594599733585 1980.29200677403
1356.702491359079 1987.898783421783
1349.031418475325 1992.841494372136
1345.178493145326 2005.303068803405
1333.536575724245 2006.2159846876582
1335.1354182197235 2013.8105804068919
1349.0920494020284 2011.8682158082677
1362.812449676709 2015.7503222970038
1363.8930053121078 2030.3297126846487
1388.848116741128 2034.0481880967054
1382.469087922668 2032.7274482863681
1392.392987704524 2035.0864658025928
1408.9731244802872 2049.181617778384
1401.3947518113864 2038.5762183951679
1387.6441128247127 2057.634452321959
1376.638772038382 2065.139429868765
1371.3311211827536 2070.1488403985204
1363.962265026197 2069.98484321901
1356.671158948392 2066.06752758078
1343.4470386722744 2068.681866389291
1329.9088087268526 2073.0702040529623
1324.7874869762684 2062.633329427778
1318.7210638410108 2059.851986275902
1307.9690270049537 2071.3116774043515
1296.8654291881196 2064.5909946962647
1289.603976084384 2059.75520162003
1290.2764693325253 2047.5762781347548
1287.3068076116645 2042.943271729052
1283.4346747674829 2027.9745373281073
1273.8421053804614 2017.4374156902384
1268.3370678640815 2006.240831154096
1258.536922270529 2003.949430247549
1250.5002611977504 2000.929217092636
1250.0212429728308 1989.6542478008475
1241.759331838789 1983.8434256423577
1231.955327247646 1968.1722643916676
1214.1614137517813 1966.5043824560753
1223.5422946953422 1970.3129207980246
1200.3391442698376 1962.0442066472867
1204.749570417552 1953.3700042997375
1194.6028685340948 1952.760895966599
1184.0182082892434 1941.4897066510136
1171.0640296059346 1942.1267550187226
1158.6473991096645 1938.5829976684681
1165.4499858496642 1933.0942721096578
1153.618364288499 1923.263178955637
1136.3849102977435 1921.1756688940334
1130.2516798730069 1916.3173308001392
1120.305134904286 1910.1225826952434
1109.7512585712177 1909.7426706181068
1097.7304659387776 1908.7926433046698
1096.492917399166 1899.3562677793334
1083.3186262914508 1898.7206974700925
1081.0331595499656 1908.6146241980423
1081.3065830669887 1915.9862506628947
1079.470768313306 1928.1699394914224
1077.9002338015891 1936.442106548764
1076.5344813340573 1950.572344693436
1077.570477199389 1953.620375126521
1076.2947747433434 1961.8436370391937
1079.3979830711562 1975.6274190964102
1074.5811302137445 1981.5597617426583
1070.9821091676313 1995.3670401409358
1064.3699848724946 2013.1916999182263
1070.3365531898955 2018.120997751238
1066.9483147337887 2024.8587818605793
1066.8473866362642 2035.8318017997044
1063.711896745051 2030.463677527277
1053.5691103385589 2035.9133789859322
1029.0191688122343 2037.8087242847398
1031.0814101514761 2035.122031909453
1015.1477457671008 2031.4700069181324
1006.0106135038864 2032.2751519170395
1004.0693692650746 2025.3715280853457
998.2765184558775 2036.734248914608
991.5928907064277 2049.7863119568246
994.0724812621526 2060.0834241806756
990.5371783800265 2067.9515780814486
991.4882243387918 2075.579133775186
984.6755071989858 2087.551157030826
985.1101830253847 2098.2986775291033
976.3432437748161 2099.561717355063
959.3795094855261 2092.929604348328
960.2021611294022 2099.6556508513195
945.2918520345354 2088.652395984781
946.8169252721458 2090.5728779132833
928.0675515990928 2099.720953601419
931.9718902274283 2112.8973338477003
927.9138230584934 2121.5672984578728
931.8018062964588 2132.461596883117
922.7309811120105 2142.1668912424216
928.2397998931735 2148.1501604196083
925.1541105333115 2161.444778561599
914.3194543593289 2164.5582019804624
926.7398722774824 2178.1254641253604
915.2784551422383 2190.7937416448017
914.4922334605698 2189.376392908267
899.550557613661 2197.5008434631545
893.6791833864523 2188.5284858868263
878.000944244935 2202.0435159840267
871.8044934815733 2206.5555151209496
856.0971162599135 2201.129599965293
849.3795481873793 2201.2484558541396
832.1063507843827 2210.0793983352264
832.696987228591 2210.1167374070747
821.0880061661514 2209.5619720827785
809.1390464594065 2218.7062268414365
802.2299223320074 2216.0471022090683
782.7015621710829 2217.3943306495185
773.784307489548 2217.5893416091885
763.2105783231086 2212.9810359511753
761.1476091144885 2205.948997581144
772.3606641636352 2194.9080080003255
756.5745582215477 2192.5030983423626
752.4280762973991 2197.210813589546
736.5711033544762 2190.6758384846507
733.9847224462583 2199.461972954811
719.5487352994453 2207.775913445724
708.5770814883286 2209.123405841484
702.5971377143813 2204.363377310334
689.7994931461261 2208.339195818588
681.2359137592833 2203.2415175370506
686.6810273360118 2222.577029363674
690.1039574669866 2223.3582477022687
700.9969594654125 2216.709027517573
708.7781062799546 2223.3988029170646
721.9815602502573 2223.466039597553
729.0593903061778 2222.829056030487
740.1424870016001 2214.921967561012
750.9200516805967 2218.1289229780446
746.7453491122504 2210.782454282302
741.7196571063789 2209.564077631962
726.6192987412187 2207.822207185815
731.0772685361223 2206.7609265408278
707.2904487532672 2202.516838397959
696.7088146193245 2202.6418099717544
695.9925781742832 2207.28798781735
685.0492370592804 2203.676343036693
676.8297020941734 2212.8644059702256
682.6498241591202 2220.3672146001313
702.892861235545 2223.15909845821
718.6539736790348 2223.080884771872
726.6839896651937 2225.583284807889
734.2622244190168 2233.124870492751
734.1390341795508 2220.3838110262736
739.4333838057672 2223.7460896486746
750.9189320242867 2210.97772463876
747.1693560072997 2199.3275325140357
733.3853087347212 2205.0359886064116
726.7893486645957 2202.812027475369
717.3195402926981 2209.700985478078
705.6381256675306 2214.1382621319035
689.9712254703046 2202.2672623511157
684.3992746808648 2208.1457093370964
684.690441270984 2213.5754999271194
690.1281749748966 2219.8833576932916
699.8623255190602 2220.442354405877
712.3502758652871 2218.2975303231656
715.3331891001262 2224.888362319321
733.6887940066222 2217.9081936079224
744.3325399444051 2222.4769444714157
747.8531508766882 2227.562571816518
749.7210958103285 2207.670562837046
745.6357618307529 2199.5394713977034
728.6954714300327 2208.7173750566235
719.3155599286745 2208.6427636407184
710.6558826299347 2204.87627171785
702.3339981710693 2209.418515160552
687.391938890626 2202.6515885687395
678.644370550797 2202.2156013715708
683.9164556053745 2219.743141671666
687.6331782678732 2224.2535468022943
690.3782609393654 2223.990321180777
708.3063376332931 2225.5319846557954
720.6168708196203 2226.9316005829055
728.9963810372905 2224.1139903657777
741.5360107722147 2219.602599647043
751.6145937626328 2222.654920658936
748.0454278607729 2208.4573895556896
741.667162772482 2204.329436831257
734.3194684387732 2209.735696206816
726.4367776474668 2202.0584755645064
723.0702096740121 2210.7808009883806
700.0901758045147 2208.193893763199
689.2400610271812 2206.2643154749
682.5229667339418 2208.57338381311
680.0324180358717 2216.414269557589
694.4018115688579 2220.335042158039
700.1759640908392 2230.425805482338
705.2756783220068 2226.377321361725
724.4903650224735 2222.7937966243553
732.4117106691358 2222.1676330925634
737.699546772988 2220.9040046251685
759.7324145414634 2216.1570305321134
753.2055407024757 2217.258443913083
741.2862266772072 2204.481634456206
730.5190963015622 2209.615000233603
723.3837738704475 2202.3096687655243
711.9998094316146 2209.964981239518
703.0543275274945 2209.748660162911
688.2578771385395 2208.464298749498
685.1189571788263 2208.9563073410377
682.8204842165884 2222.320829778285
685.0311656141174 2224.440865456105
701.8258674431803 2223.956753814423
711.4267418388391 2225.0653415650636
726.3909984377883 2220.0695141924607
724.2269742283929 2222.4484583837198
741.4369387755057 2221.410655499909
752.8168511795186 2230.112285214115
743.1616576633005 2214.03909752815
740.2785973721135 2200.989606109632
735.7397011349312 2200.386683417463
714.3218711598314 2214.010077869973
713.1361757532766 2209.148330725708
697.3920049002131 2208.0604052916287
695.142949115148 2211.2814510009744
686.0683821024002 2198.531761248426
684.8009049336139 2216.548701163958
691.5873301793861 2224.724099059191
697.4558144941046 2216.4473748079363
705.2651567596145 2221.99717209646
719.4195852565167 2220.6824630897213
730.1786391341006 2222.8879109290833
743.6188913521713 2216.6863063083856
755.5464927270093 2210.250326102176
745.9370079300744 2208.8457330595006
745.5384140648497 2204.670572893197
736.9380905869866 2207.1184838787217
725.5131233568396 2211.3413270274095
713.2956110995685 2204.747293778899
702.438344730096 2206.9733366496507
683.6138124161276 2206.5190597423234
679.8921254305079 2201.814819639341
682.6539550587388 2209.1079190427695
687.1425239765631 2224.1596843626085
699.2311154215216 2220.6248357693185
710.1941814443513 2225.2253381782302
714.4809349433286 2220.415115966028
727.7816866653485 2221.0349404271433
734.3507740539372 2222.266792218038
751.3833463239575 2221.6498872185753
742.1289714855894 2216.817837173517
736.6798485244472 2202.140420555708
735.1305507839193 2208.5530583076793
715.8357179591031 2207.2196182865523
712.4964286576932 2204.344773558759
695.587234032419 2206.141676047666
699.7236415996773 2203.05578622465
683.4217848727922 2208.581994274269
676.1090064999817 2213.1779255042215
685.5483189107298 2220.6703556288785
698.7773118023176 2220.2269748132435
709.166419141487 2218.992252416777
722.7965098798719 2219.590930139041
729.4269342101038 2228.9209453581125
744.9741391344876 2216.173301981597
750.2055916196608 2218.292556439777
749.6288016279949 2213.6192803663803
736.446826005207 2207.4048265105453
730.209646281613 2202.8483548427444
721.6055310487895 2210.1935327938972
710.3623942166843 2205.0621939189446
699.0938260491678 2207.6158147308265
695.9317517491438 2209.1803802511354
680.0215672203262 2216.595259452266
679.0686521475112 2216.055507849383
685.249380038851 2226.8677747007214
696.5321334558016 2224.4349950573687
707.360624067608 2223.802143971142
727.9249251642676 2220.190763741861
726.9901576951374 2214.858923328741
737.8087328886645 2225.492561702348
746.9406126342208 2227.6889334189405
749.5082973406548 2208.8469181614914
745.5017250037881 2211.9325831303254
727.864845792845 2208.648133448387
728.401449052883 2202.749693824598
704.9720385192599 2210.7135911142745
709.471588476 2206.2538733192964
687.9396684871095 2205.2473116933065
688.4556327036561 2201.9569654631064
684.4958701975603 2214.421524330359
681.8869178032942 2225.554862978456
701.7315642163076 2215.398460425303
708.3495079806348 2225.6133528455603
716.60136616643 2220.7622209480937
728.5676445498146 2215.649813221165
742.012377099281 2219.0600871810148
751.3108109625163 2217.9938603771984
744.5559328148736 2214.013229015695
746.046406919673 2205.0051955608687
732.506241769402 2207.1008656489357
719.7757947266125 2206.198394844561
713.6780036851484 2201.5251472796895
705.8154403285162 2210.6708899875607
698.066223808737 2201.0383967370317
686.414383864671 2202.496603668219
685.236167624093 2215.3896249804857
691.502853791873 2226.08238994659
691.0154949647684 2219.2243545678148
706.7784429056612 2221.876990025924
720.4764641211816 2218.4835510124904
732.8523268369123 2226.5472420885153
737.7085127573066 2219.087075098745
743.4873852136096 2217.2250094362457
751.2339563870821 2212.1818327399515
736.5595204975223 2209.0461371128804
735.0621085765981 2212.325365028581
721.0246159318287 2203.8811357505238
710.4971249311085 2201.842143116859
704.5951371498378 2208.442222084035
690.8476098514644 2203.3182678478765
679.7671488209039 2205.306903915046
680.0985679218612 2212.412506411775
683.4697037459938 2219.7488538169036
696.3137670466193 2225.200176118236
700.850465864204 2223.4534155063407
717.3823175663426 2217.413558361204
736.5622068732698 2215.8835869704762
735.4897846867755 2224.2817212249415
752.0325203251309 2222.959759207319
756.3806531909262 2211.745728784938
744.3718901996546 2202.7551790408716
731.9552751906623 2203.486287744483
723.5103066754691 2208.973602855268
716.3046055344782 2196.6994462268435
700.5181257259349 2206.0230233075213
691.1192176330893 2209.667876045796
686.4827465758457 2198.311614716979
679.1154957361365 2218.181660750081
690.5047811792813 2226.5582667551553
695.1227850529627 2221.2217409813416
713.4411691576358 2219.6969767694236
710.0823153644338 2225.7265642864554
733.9911100759949 2220.117197515116
739.4563321574651 2226.703710062351
752.0011094382569 2221.532718552821
748.0148153476762 2209.83811801811
744.9707200883175 2204.235770016423
732.6560288462452 2205.3128843033196
723.7467704920981 2205.4166164709527
715.7594946708307 2208.255782682558
702.6733866346761 2197.698076179577
694.6079409770317 2200.413976407991
686.3992975826658 2204.024977430467
679.7362406257881 2206.63946569123
692.2038535144037 2221.2557063349154
696.9065028776258 2219.1760902349456
709.6631404638645 2215.2119753786064
725.4362515424584 2227.543766852073
731.3038749087756 2221.6199711713693
739.8392590091977 2222.569064302047
742.2739696419807 2223.3754956930793
744.8457478468004 2215.3750642154027
746.7731496837323 2210.4774253299724
731.5053443875141 2208.1212977436944
724.7601961375784 2207.161287451385
710.5369663364709 2200.458977912143
696.3779703751682 2205.6825619202345
693.1091702309964 2204.7067486332726
679.2256729734037 2202.216471513177
673.2772286559142 2209.2075786985206
693.0553285902937 2225.635212149902
693.7717334243247 2225.828754072619
715.9160245601715 2220.6002303503155
718.1975325884508 2220.2865655831088
726.7396094148304 2227.8986562712453
743.4732607474518 2225.173153370525
745.01689873579 2225.356636831122
749.4669761854793 2214.7508716071857
744.2814483954013 2205.011162895696
729.2144713339028 2208.4880801655463
715.7469536495771 2201.5745642885695
706.227929883246 2208.351050662003
706.4977385148989 2209.851676933148
691.8370103318983 2215.0059536118133
689.5871548823519 2201.3007613592504
681.61537615098 2213.634687210959
686.9338453304963 2224.6202279876975
703.2555988633716 2222.900387983097
714.5978876049519 2221.8309911205097
723.3978890811159 2218.9276259755775
727.84993354695 2228.384803669515
734.3274200945079 2223.2432438820088
748.3005681043443 2213.6876684273243
747.142911936262 2217.1622964847206
741.09077808396 2205.8304458690227
729.6343519938387 2200.717550098409
722.5387187268974 2205.0225661880754
707.2751286963419 2207.794335195907
706.9386049426596 2206.1774624636073
690.7560969906815 2212.401404914226
686.6332451490351 2209.865951928492
681.4262403499932 2214.8694766889084
684.8370207144935 2222.4037098759504
702.3517650930094 2223.1705834487116
700.9926049928014 2223.2227356062212
717.1443546778555 2223.6162568597706
723.415485889238 2216.973965545371
746.600741966735 2224.2761477119793
748.2382450942272 2221.96336433637
750.4769103198274 2211.1941161277127
744.0778507072598 2207.5775485319014
729.7401035060473 2203.5936726847176
714.2640854039453 2201.430032350207
711.7306314604438 2209.3545804967525
702.9323289156587 2208.386247959657
688.9285288337069 2203.8310158418926
681.963782538644 2205.1207096181993
679.4980436321194 2223.1197386040526
684.2786063469481 2220.8749229879895
696.470315500621 2228.0671931290185
713.9952653136428 2217.4435570878695
719.940335171424 2223.5226724346526
726.0197075730899 2223.1477464724912
739.5952576916848 2218.7886164440474
746.7354579057525 2220.55116601818
737.6860983309969 2214.798617648596
735.2443731027223 2204.308858713136
728.1357932873193 2206.459715506067
729.2705247121453 2209.4265997669268
712.3340948914696 2202.6642207806576
705.2570171291028 2213.9177033795004
691.7039141875497 2203.431796721842
677.936292197065 2202.1780139439684
679.9607995957277 2216.854342237189
685.4748740011071 2214.9808370430883
702.2205814646657 2216.457536047592
713.4408524695887 2225.280265378936
720.1058313916828 2222.9570713373664
728.1901357444088 2219.521989222716
742.6885548374339 2222.2650502958413
747.5845417872704 2226.723750210947
747.9451862005701 2207.853966526669
742.1588167535083 2205.5441740687647
726.7445202285958 2195.8744604961184
721.4679920256264 2204.2517235054556
716.165396523909 2200.80031238347
702.0952213480059 2209.694449221726
693.2088098584327 2204.415585731719
677.2722163759885 2208.9362013733557
681.304393712103 2209.6257029362823
695.2235083930608 2222.5643783137075
698.5081925686694 2222.5789891720033
705.675110192382 2220.522009448818
723.0131670285444 2232.0722041782187
737.9975047462098 2216.495037734088
748.5012052495599 2222.7747403427757
749.5187981794335 2222.9985416679215
749.2133346916736 2210.877462192313
738.4478961193619 2194.7036685665166
730.687597913784 2203.1870166860344
723.465824409477 2208.4223129712313
710.5335244404102 2207.2435288546662
704.539143994711 2206.988341702451
689.9688624123402 2205.075573838973
684.9308889286966 2208.456236978365
688.9028890099655 2210.874696258266
695.1566439450122 2222.039016193436
701.1933173687728 2224.16569289861
708.8084556855467 2217.5850126366367
720.0941206990436 2218.0982549231603
735.125053270621 2219.567049185529
739.5041455068845 2221.5964001270777
754.4134649960956 2219.774391586257
745.5716327118334 2214.734666042317
739.6554183027541 2196.1878263027684
734.9895734438892 2210.0419609188357
721.946457053294 2207.3207439041885
712.6222607156201 2200.1483532376765
702.6777763694065 2206.29373544219
694.3069170129569 2204.8563169606164
678.4538394197231 2199.594157749926
683.3082077386836 2222.331618289177
696.3045094461152 2224.1780021691775
693.9605846029662 2220.2304781067505
715.9429515924722 2226.53359329149
718.0659206576963 2211.684416198847
724.2934816544864 2218.132387777543
739.3133657064495 2225.225926738348
747.424821739277 2218.416818887105
754.7476552531301 2210.654452542828
743.2698699056695 2208.415144859067
735.3133701667718 2212.8659950611486
724.5039479975719 2204.4407064176407
705.3561025813398 2207.7413978515638
704.4480507911912 2205.1696366901947
686.2042546636691 2209.1576648549717
682.9152788538155 2213.6423863672326
683.1747419395876 2220.548887586227
688.829288940483 2216.002083394533
699.2523798938269 2219.395091822658
708.7752912154436 2224.5830382480985
714.3741078069461 2223.930819459196
732.7089894602848 2223.413892758845
728.4824443330829 2223.622630450948
749.746691723302 2225.254894107737
750.9667623022308 2215.7112923306745
739.9281022477076 2207.7044637910385
730.2915977480448 2205.2880775135486
733.5540408846009 2204.916433817376
710.2864401288314 2201.4396002043754
703.8866754932753 2214.4313651218768
689.0284001879755 2206.6599957743415
682.5445460609347 2207.190936946645
678.0648742906749 2217.1452392618116
692.3886695622429 2220.5771666298715
697.9476706243087 2226.836118373461
711.3625484916546 2224.4785692183846
720.0518598590382 2225.884433329952
720.9348630996244 2218.383413060901
737.4852654130999 2223.6203630252908
749.7200618574465 2226.3652864259066
751.430157191026 2209.025364922837
747.9595446248671 2205.4649117242425
729.367011393108 2208.14933478462
720.2162281711192 2203.6703012970634
714.2323910337194 2211.055150640314
701.7577128083844 2212.9180020565013
698.2719446835066 2203.1500832855236
683.4500394673992 2208.8190465126436
683.2907643515889 2216.738489405264
686.6745806244869 2222.3637809605275
704.6245731596445 2221.877973314243
711.9991799731445 2225.241905024508
726.023361688385 2221.689929153602
733.530690205613 2218.868941372589
733.4580211513056 2227.1717466965247
750.8991063283698 2220.7417047639738
752.850456275569 2214.074332443477
737.5719779424895 2206.9817142575034
728.5771019911675 2203.55307286683
714.555469542995 2206.3491482478425
705.794079661439 2201.0480709474987
706.2785744391421 2203.61844775984
696.7242086594808 2193.677824441314
684.2051410404721 2206.962237515838
675.2812772147988 2220.7135484435685
686.6141649383849 2226.2584307273733
696.9501866333013 2226.037085922065
705.0281863371038 2229.611332405617
719.5085486098294 2221.5177402677177
729.9661422608101 2217.2534894661762
736.7997624793784 2226.435960369232
754.3245173062779 2217.556684549013
740.9490614239326 2213.6140574364326
739.4266085412903 2199.358179680564
736.579444596178 2199.719555347351
723.3317235012894 2216.747220557512
714.7616435364636 2207.578668779564
700.9905276028156 2208.954152394973
690.1993650601147 2202.2359024122497
682.755556353952 2212.624740405652
683.7186856814708 2211.228352010689
693.5865175710859 2219.9429165448196
698.5596317102558 2225.0368170938873
709.5844068490321 2225.1181587859614
714.9749606146299 2215.5163818811216
731.4761140232221 2220.9920466890653
740.0717728347904 2222.4074789563865
749.7811055957818 2224.3937291884395
756.40356105934 2213.809438825345
746.9080006880098 2203.983090442016
735.4920998720019 2206.186774721598
726.6432968259938 2215.954038278879
703.8621812799586 2205.7778974177513
694.2166093637024 2204.898263580912
692.1851757442425 2210.6648662033276
674.2377480077768 2207.9772611952317
685.0662123445429 2215.023208794099
690.1294459177881 2225.4142112927248
696.3774295481328 2224.028586645475
706.5048239567212 2216.8203669518166
724.4918018616393 2233.3924015394578
729.080941363725 2216.8156872833533
748.2338761718026 2213.1998355215264
746.6692040936058 2227.0515049704595
750.9758523656566 2213.644740840604
743.501388553174 2198.434814802135
730.4371255831056 2208.0484651736965
722.9101812715297 2196.51901500215
702.8619791906002 2211.1060580355665
698.3763900898997 2205.4185254502636
690.9457162057279 2203.4795650908513
683.4939478311975 2205.891012771259
688.428359745251 2213.8533159133217
691.4368895758323 2220.328226529983
701.4946465831126 2230.2732403745276
707.6507848272488 2216.3378655578404
712.2193485886759 2224.7440310861857
729.6069393465134 2219.589565413605
738.6534231388338 2219.9600227146
746.8001982627468 2227.8526371453836
752.1681555007768 2211.4059813494887
740.7763637502258 2202.4494474193225
736.1067064209558 2204.6521980553675
717.9606199056765 2204.4486685384127
712.4065089442654 2200.505381199656
702.7622845728832 2212.803707231654
697.1402812731145 2207.0428668690047
674.5721769271339 2209.7333456737956
686.0869487693445 2216.4825785754697
692.0312227040515 2224.9571740030524
694.355015366331 2223.7578853520986
709.5268478298798 2219.07536050922
719.3646403442061 2220.2110408822746
723.6849971969004 2220.5518787210426
745.0922954940384 2222.565074766474
749.5642543572443 2221.0698750413576
748.439959674803 2210.2621652449816
746.3487207775778 2202.9313046730044
734.3728227781342 2205.2267497029106
721.8261847518608 2204.5568339648503
710.1229600729882 2195.7756948025003
707.378254357005 2209.0851823863986
688.373238423149 2203.5242003745384
677.5166536129315 2203.855020619195
686.3125368164336 2211.6026942365233
688.6138091085005 2224.1944904026645
698.4611893797432 2218.965471953633
709.9045697169339 2216.219589315757
722.2642767115939 2215.4544981352974
730.17737033149 2221.355351303763
743.7753116413934 2224.0536498998636
749.866330800351 2220.7458468237087
752.2525190625788 2221.315505637023
735.842599579223 2205.125116332733
732.9658082068727 2201.565622285344
723.8201861835026 2205.4286850793574
716.1045528049734 2210.706237686434
701.2327302173181 2200.960224179235
691.6750144429694 2201.568888709404
681.2914068729123 2211.554785957842
678.1818453360738 2214.9033539400084
686.1870988537677 2224.9191344141373
695.4813345280742 2229.73259163102
708.2921212996054 2220.270634106668
717.7267405633856 2229.3371301074676
737.4387771601126 2220.8142098222565
734.7089679681793 2226.8933829290013
751.0621192918372 2223.1385355685834
748.1382861179801 2211.0997347412904
741.2477087881567 2204.5433336268966
725.651107418383 2206.554147754666
720.4363333169366 2204.8118554557714
707.6638089766466 2214.485716916966
699.0029640403277 2207.4594556728193
693.9580279604484 2209.6441346174743
685.9234557936271 2201.663654353795
684.7262984723253 2214.289362441539
685.3368718113614 2222.683740515064
698.4498864491202 2225.705308212556
710.7450143302249 2219.4531571274806
720.1477415103744 2222.066160262251
725.0618010011884 2217.805627465016
741.2717158553429 2219.217732406931
747.7184994506841 2221.510853401508
755.3716405641915 2209.76926202261
751.179865788769 2198.6727680804306
731.9467638853238 2202.8646848858916
722.9641487068319 2200.4280530507913
712.8613595097469 2206.2166197603915
706.7101961967759 2201.551986861509
690.193644744045 2202.813230966188
683.6016298359032 2213.2120322714486
677.7940989616071 2222.276922432271
691.4063920252266 2226.1674466444833
706.8771184661041 2222.866693899468
716.249269003284 2224.5252418873793
724.307409693275 2220.07354086175
719.8920356736604 2223.081601696144
739.3654085461136 2230.4762342067443
749.502002080259 2222.552795430252
739.8487745672285 2211.5147864026994
740.7986533318752 2202.3338367503825
724.6873543343637 2204.5099976059205
726.1220301266172 2209.3580562299135
714.3506638728633 2202.4185491290846
702.9072650270278 2207.600124367348
691.067509005168 2205.4802253907083
685.3777586155571 2203.1619436593246
684.8487078045263 2212.607413839946
687.8854363303396 2220.4955996588697
703.2752440579898 2222.989593641668
714.6512829340758 2227.4129717618935
715.2757961557994 2227.495650172205
731.4936609291904 2220.0483834787015
737.6970651359946 2230.614139421754
754.7606357006533 2216.827988681115
745.0944551167893 2210.735578458289
739.5826689669083 2201.4961780376275
723.9607574431658 2207.531418338058
720.8020047271763 2210.568557012178
711.8850541942569 2207.258857547517
700.9702782456532 2200.4228474359634
688.9388066433157 2209.3047324343947
683.2278406495901 2201.5968480020315
687.0901778647018 2213.9215826807945
686.9801918826528 2218.4740958273924
701.3645080081698 2226.0748659010296
707.0632638594279 2216.8931181876474
718.7833191001982 2228.541803863802
730.2686039614749 2218.396836174779
744.4810870015643 2227.1100020345652
752.3789479321073 2216.3598032997056
744.6915749866939 2214.977203747233
743.6762744890171 2207.948609869409
731.0245443706035 2206.6072368605223
727.9357276916223 2208.1208206486726
707.1605060373637 2199.9370635115188
702.6695108404323 2205.410304711142
688.9593964696832 2204.2581188597455
685.7237038272663 2196.0866130374047
683.9593350495686 2216.907576911001
692.7161033937066 2219.605031802395
696.2612983003987 2227.4130492101845
707.3582960500324 2219.606660264451
723.7642970163841 2217.190977643045
727.9465830479709 2230.9692148379327
740.0787388398379 2219.565917543141
748.2011257375161 2221.9694170594007
745.3433180344448 2205.1150314937136
743.9687206018234 2203.185275190163
731.3781219580898 2208.6835910160053
727.3016694812555 2207.6613783116163
708.9172826156471 2205.334669978928
702.2236071869628 2202.881710777845
695.1345493424828 2205.579977843248
680.365409955017 2202.069179888011
685.2416258794588 2215.848971940696
693.2374153879149 2226.1618630126136
702.3461023241207 2218.017566962908
707.9028988770544 2226.0603448355087
717.6241327970102 2223.943724555568
723.6427449238536 2225.4863027365996
739.1863856889238 2225.3397566279164
748.1841073315458 2222.355824971733
744.4835170897646 2216.7805007306742
744.8316141298212 2203.5873993897053
733.5682875136492 2205.2947790553976
722.2351303434064 2199.7085571768234
707.995365501374 2207.0182256544736
703.9999372965596 2202.0705467569155
689.2644012394707 2208.4162887243565
675.4551682152901 2199.3912739072466
687.4135908074503 2217.73738670575
693.4745017006827 2220.129504245101
704.2238121398407 2218.093051451011
714.0434305968906 2221.3279144268963
715.6439627472525 2219.169030559389
733.1804494221957 2219.156848261892
747.6545040479708 2226.3347213490883
739.4522371093016 2218.3139767728344
762.7703726889771 2214.707071200115
743.8384922237763 2207.4889627138773
738.5220425381312 2206.369190749911
721.6069011074578 2207.9026755120008
714.2820552406162 2213.9655104927874
704.5917850942255 2207.0940600442595
696.277293915857 2202.3815904530147
684.6914160732248 2207.8957390175888
683.3996357642878 2208.6011920508195
684.8723201381016 2219.940019816565
704.3781646306628 2218.3570886867883
707.1022937494083 2220.0636996770654
716.6640001906328 2214.7343254716293
731.794309999848 2217.9103322691535
740.7147958344661 2224.0235993067886
743.2791871761307 2223.1191368302216
751.8989792859433 2213.184242016768
740.6767111877441 2207.567967232699
729.8165264414462 2194.660690865267
722.7522881878238 2203.3928875550178
707.5327024824381 2198.0415251418635
705.4152697438174 2208.2422789813722
690.5369095363824 2200.038340644347
683.164011890032 2203.9974989932075
679.2177164897835 2214.9118032352353
697.5234288305168 2224.7924830408347
702.7532156660288 2222.8160919875486
701.3881333526456 2225.386539121445
721.7338671513069 2219.6732350134625
731.1090113509171 2215.2436490754617
747.5457845298613 2222.48094574988
749.6166524928683 2228.832893711372
743.3271023814465 2210.9734132971244
741.4132204046673 2207.439561776668
733.1211568525631 2207.021444052208
727.42375227825 2214.2320391975964
705.0643541475812 2206.0962188223857
702.480090287563 2204.469520677855
691.5956494441143 2207.7264410043026
675.3947914171812 2209.9420548060566
683.1202119056688 2216.7735594203664
686.2593708404611 2222.858343814066
703.4825791129837 2222.2871180345282
714.2731688271322 2218.5562654856667
716.9031963173579 2221.9289095353956
727.349743474639 2224.648919075452
742.5063171908566 2223.911969156644
748.0648426962844 2223.353018992456
749.7749903488781 2206.2197391575164
748.7969953329916 2199.331564597655
730.250543661177 2213.8240646144973
718.6138197821629 2201.409509201196
713.3662698909869 2204.548378699491
693.2707854346794 2212.1495323442405
694.1439187723812 2200.562787997025
674.9462380656562 2212.299275161758
682.5347422360128 2222.277569169991
691.9812647430223 2218.010229260152
697.9537543399972 2217.8202675897487
712.3529112839115 2217.565081740194
718.7398846989138 2225.662183312262
729.5983212208539 2223.201511984355
738.8202288993939 2226.9714704657076
749.0237953322102 2220.074328771538
751.0490811886018 2205.9711410912428
735.0817286503407 2203.6772448676847
730.6994727031811 2203.7984045666767
717.2783624943285 2201.924575421466
710.4164335264458 2198.829186283166
705.3556165543637 2213.6078350714934
693.3669336513458 2205.482681388692
685.4583130375765 2212.5504870389786
684.6941603252479 2214.686103497328
692.1110820657748 2221.161791551968
699.4262689349225 2225.033635060904
713.5567772455711 2222.6223850122346
720.2107779377222 2219.7739485317243
728.4690069390956 2224.4804935240873
740.0768122626312 2223.001678038316
751.7382313464741 2217.514985551034
750.8052811648544 2215.030092646821
742.2596292385217 2204.6039184434762
735.9750071623073 2201.878525384658
720.5792310817412 2203.4527524022583
702.6198676267267 2201.81332802531
700.6583096484432 2203.980470343562
686.2129742274385 2212.450278255034
682.3095219753013 2203.542304763494
678.142011075095 2224.97020468378
689.372460002462 2226.0102076962335
691.5599186302094 2221.4319256014874
710.0679436573249 2224.1859952853715
724.4231592217997 2219.8438391916793
725.9410120596917 2227.1749979513015
740.0933253207476 2216.324392663388
748.7660421849756 2216.4345077950375
755.6361259718954 2206.7674113176213
741.8588683914343 2205.0105737110907
726.7754373769475 2214.6432577405744
720.9129076118505 2208.129486022098
706.4014495076628 2211.0788766467163
706.0079082854046 2206.192101990695
694.7786394615274 2200.5355104599967
676.703159759417 2210.4912751124943
685.9022210775278 2215.4360366192354
689.9715575499355 2224.806957342427
702.1591494287331 2224.2286051784895
713.6205503671627 2216.04913589561
717.194527101096 2222.9094174169404
737.5449507312736 2216.721360798145
742.7982274387181 2216.783510866173
748.7524512730997 2220.6277502848084
746.5274428867947 2212.539504382741
740.8758727843522 2198.922987033593
731.6295505391851 2210.855345569914
719.5188599602302 2210.6828985662173
717.8099142620637 2202.748536200057
699.9081147871251 2209.353594271527
689.9533806696822 2205.0425718438028
676.695615584451 2201.117498825906
679.7340855193332 2213.6122241448475
690.584600623716 2226.2402596295747
695.9450603610077 2217.4641752189805
716.6435420043756 2219.663004357009
716.8369094673969 2225.4438702792468
725.8095109474058 2222.0255536286863
738.2975065394504 2216.4538391977
750.8532129474274 2221.7437166298987
752.3277787459905 2209.9379202788564
739.4067319711072 2208.3097065600286
737.442731631268 2212.4055183225382
727.8955151739278 2204.5442151127013
712.9258555012818 2208.552036115606
701.0445785032366 2201.2046740419537
697.2883847331406 2213.6774184622864
674.8324524268793 2204.4330404278894
686.1276989526673 2217.397442473055
684.7367969292537 2223.015851684314
697.5772786974135 2224.06185261806
705.8774511482101 2223.0040731957447
719.9397183399108 2220.9219827792276
728.0702741388338 2224.6834400389416
742.6261261985043 2222.1596769821876
754.2275189103007 2227.460009078687
754.7530173242269 2211.3013378667074
