2354.92629572883 1160.5585430145502
2336.6653409170817 1138.9790880866808
2291.6975130643505 1150.8755799244955
2290.662205344831 1186.751430984584
2262.8693131685786 1179.302864768928
2235.906272982166 1168.1386922625434
2204.574716025684 1156.6797716458661
2182.155219269234 1137.9401844674812
2157.4093540831645 1127.551646729402
2123.9750553284484 1122.213342470478
2097.700658373101 1096.3417794696425
2067.5102014910685 1099.259746174244
2037.2598447831379 1090.920325244455
2021.0515715395793 1076.094268009813
1982.8584845371943 1062.8525406503463
1958.2735142907793 1051.1754267814601
1931.0882202274236 1050.2610684613685
1905.473600943538 1030.368660552024
1872.5097759737278 1018.2993411473619
1852.383508240486 1006.7638348919206
1823.874635549637 997.1404169375646
1793.5738793164608 977.5863727714985
1764.7030691990874 971.8224867620395
1753.0760273835533 955.9851101712185
1710.5165616769973 944.1859729687194
1688.0810719670192 930.4675386649658
1657.9321744648594 942.0464115107812
1648.382525688012 970.4409715922255
1635.933220562376 1000.9540525311567
1624.31738393875 1027.4025882875376
1606.5815882352233 1058.21506421371
1641.61581875184 1067.486076475386
1655.0439231861717 1094.8791323881824
1684.9907348273753 1101.105684454392
1712.864902637281 1119.5824713385578
1732.2297367835067 1138.2629504348545
1755.7556091374584 1153.9579365599222
1782.970794840707 1168.4384154080926
1807.2943322754272 1188.138128999512
1831.8744252220279 1210.9074876018947
1856.74096421175 1223.1783497137958
1885.4149260015254 1240.339805058512
1900.6768845638953 1247.2328109591372
1934.1442337283156 1259.3921468471387
1951.2913791974538 1283.6837510694397
1979.0163449238928 1299.7212489305466
2008.9293246202799 1314.6499009887286
2025.6438112420021 1336.5466503898435
2056.2354427583673 1358.3158386120144
2078.008789409584 1368.2980814157092
2115.061736616426 1381.2922541027601
2134.1033154094607 1394.5377886916642
2151.2273546012475 1422.7611749715086
2176.013753396155 1425.5309399776652
2203.9354898679285 1451.533375483813
2238.081694533778 1465.6127132194397
2255.4883638532924 1482.8723773246713
2280.012724112513 1501.2757485348948
2288.511495642991 1531.6991455099437
2262.292815527142 1542.093420045911
2231.5521708485253 1566.87651820311
2211.050239125788 1584.744497269992
2187.8450270228063 1579.9619324971654
2159.148541576542 1570.9597757498998
2135.2362953831694 1543.4817708992239
2106.390341596197 1531.93801261318
2081.605908384356 1517.660112585419
2058.171128391349 1499.4764728869407
2039.9759195535119 1483.0136843204175
2005.5457426556218 1468.9019348116174
1986.094621157187 1462.4651694438382
1963.1409683336408 1432.8878950349883
1926.5149250903917 1422.4795368605396
1899.294166678099 1410.346925883138
1887.2119301844994 1394.2608746864564
1849.3078158186306 1379.316339691328
1829.4815284653175 1358.152011270996
1812.3109567001582 1333.1074376954487
1786.890885255862 1320.725539647856
1756.6630751243313 1310.475475996574
1738.409897028948 1294.7621245202022
1702.8947913965362 1264.494449429336
1676.4736909255741 1261.1760235280572
1655.4886588227866 1249.917195869724
1623.460276538708 1246.7099504236476
