1391.3350547632022 2038.4155337373154
1363.2210688252412 2022.5383808468139
1340.2032784558573 2016.780809411701
1359.9553003469057 1989.5729828220487
1379.3274779461626 1967.0340800187782
1396.652050583406 1946.6139765707308
1429.151245315077 1928.1290656601082
1445.2995056211107 1917.5428077682504
1475.675190949496 1890.841633534424
1498.8988564385802 1875.1297868873753
1519.751491306086 1852.9443634902607
1509.2735208555373 1826.495420603563
1488.1483135605802 1808.7808061961161
1465.8776769187946 1784.531539188536
1493.5630309442897 1754.591150876836
1511.3662309554563 1774.2831579405029
1532.5922124951196 1802.2073659018438
1551.4869955047277 1820.02696400512
1526.5361460844506 1849.8497013532972
1542.8234940480622 1873.1146590889716
1563.4330517699334 1896.1729116451115
1588.113370256944 1889.1719731500384
1613.0701144833647 1867.927361254976
1642.2552397801846 1849.2879230423712
1665.237376754547 1832.438613330749
1672.6093831221258 1795.1384074294906
1656.8795060403056 1774.825570603009
1626.8537591030597 1771.714370869625
1604.4921634967773 1781.790037181985
1576.5076968060293 1814.25005191214
1548.2274407635598 1829.7111593495238
1534.4635866651877 1848.5308338227753
1511.2405950926652 1819.3659770897307
1493.0755848441402 1800.6773622990877
1471.5324244362325 1817.7009394412337
1440.386792120725 1830.54741100117
1419.1592787899806 1856.9705382184231
1390.2603295177948 1876.621272109578
1362.5420147701664 1878.8532356364933
1345.8620900749115 1859.1717987420495
1330.8026108047347 1842.5408409821978
1313.7483869271457 1813.3753827137486
1285.4174475936643 1795.6852617754614
1277.095035384016 1761.2692747403023
1243.9459461549093 1772.8383483431498
1215.8975896424135 1787.640783345263
1195.956692776395 1800.2762834734474
1174.0984512263976 1819.0321528968177
1141.4449051347292 1840.3245837680608
1116.1480690018334 1846.6934227503662
1098.797761232998 1823.777684532718
1076.7410932530315 1796.2618082160548
1056.9615700202053 1774.4641345875189
1034.830637317853 1751.5884350111407
1053.5702894419283 1731.0781350015623
1073.4036656423743 1716.775991411746
1103.818924502583 1690.4074191059149
1123.8405495454838 1677.2676736438054
1149.604558878277 1651.0843915316746
1174.7065834805778 1661.5314783336933
1202.2335698296724 1684.8917759825083
1210.9296665619315 1708.318130613098
1247.1540713705838 1698.6771264159788
1271.484673050877 1684.7720308037372
1289.0148511569384 1660.4914853927783
1312.6234761437343 1648.0299364754944
1333.7349723828372 1628.896311193712
1357.9849305848882 1640.7596880799122
1391.4906434739514 1655.1848794873074
1411.350327830598 1637.7245594170736
1438.004066082558 1618.2596671215467
1454.025721039252 1597.1223205019678
1486.456310092357 1587.8036419240652
1517.1966138524733 1586.1260582508187
1537.3745533165481 1553.1317452922972
1558.846355055359 1546.6642562657728
1581.581770146816 1529.8700327875824
1605.455599578826 1507.3377318521152
1633.4583986259443 1489.2905546075376
1651.6050540708236 1506.3265840097283
1665.3989397372443 1540.3074225502087
1686.921236041908 1555.1056318333688
1708.6953866685096 1580.2633615214827
1716.8314217323275 1603.2417131271393
1693.3571281318605 1616.2208469474842
1668.7060465735256 1642.3639325153802
1643.8290386216722 1663.3868484150016
1620.8968044663482 1679.83565101415
1601.9668075264995 1695.9274145794952
1615.6925252321332 1719.5532871859798
1638.1082216024797 1744.445638575509
1620.254762825128 1775.3341607079929
1596.165724023084 1793.2384995840198
1583.9349924085627 1809.5485516386798
1542.8389908637123 1828.0855208118414
1516.2990450553154 1843.0800045870808
1491.848325777151 1813.6684416848539
1485.7583874962083 1791.7027670372338
1493.3478695146798 1766.065985379302
1506.0313889517336 1744.3544990528667
1541.6104109598468 1723.9787665155561
1559.2480193215356 1702.0094345147068
1579.5567311042532 1685.0145554757337
1573.0403740277804 1658.1120535273164
1554.5483784545006 1629.1193863567505
1526.1510659701257 1635.2769864332324
1499.0397833326335 1658.8013453863966
1477.0820858844252 1672.3704047478714
1446.1683204683607 1700.148968003616
1432.3711899085804 1718.9089329667454
1403.2280872224007 1703.3908236872612
1386.9873305113344 1682.5824812474505
1344.7212390526 1699.9299638492678
1334.8912877221394 1719.2208849992428
1310.0403024160535 1742.773281869668
1287.7309911779134 1756.8543747625206
1255.552130156171 1754.0600856699486
1230.06038363131 1768.064928044078
1202.7008693434852 1785.7789754555681
1193.6211917554792 1814.8308716740546
1167.2836028324816 1827.2158057208756
1137.6512625096987 1855.3216966553748
1141.737175670983 1882.721179100256
1163.3629600568147 1901.0939074577311
1147.9258916693516 1924.9105081931439
1134.3544919813137 1909.2240269253211
1101.990405095793 1904.2289097386833
1070.8497170543199 1889.3293256950105
1050.3069646251881 1874.757416438556
1011.3193255933924 1862.53489442541
1040.686362093776 1843.4019119046804
1056.896496716498 1830.0533640864069
1072.8986411423853 1796.2902567413412
1053.9472080876415 1772.3879249831264
1028.5947555929147 1791.6070510744632
1014.8627417446318 1810.6118616611664
991.6659225138351 1833.5092615486342
952.837817959279 1841.5615733509685
936.0148680521457 1821.3422988706957
949.8791200780652 1806.258703771603
956.8868925339256 1778.117375093608
984.0202583735086 1756.4424409184649
1012.6611952315576 1725.0372176306169
991.903482165938 1710.00998419026
1007.4655367429209 1678.9226617032732
1029.176675779469 1659.3038822370222
1050.7256371712626 1642.2271708040735
1073.9108123825533 1623.5449189764781
1101.4644482077977 1599.633762789216
1112.3449654052704 1567.0287128706252
1098.9081724645816 1552.2335379958688
1076.0840859685927 1535.759386614177
1056.9859264281424 1550.2087216364177
1026.8488490308534 1566.2948279553707
1008.4227143111189 1589.4857383870856
980.1714285257981 1603.3238811164292
957.2080206311543 1623.3685830649592
944.8040738582561 1663.6768538846493
969.3177887350515 1672.1811815374788
966.3837442531695 1716.2301780587907
944.7402986874097 1725.0828838626235
919.1279859844478 1702.2706607175453
902.209873831094 1678.351199378769
886.5372670078935 1654.8941127579342
861.124967848858 1632.7344873346099
864.1005928263389 1608.504743368403
904.0069397099397 1604.8123780665114
919.8909953678398 1621.984509433054
937.4803688066296 1644.5201499113027
958.1244216966434 1666.791887026997
976.3232125209097 1684.141748782468
961.9856587922183 1708.1419218736012
935.0876433155677 1728.3647376984857
916.3578718447952 1754.5258623762625
885.383891044443 1739.6544997812766
873.3008081946296 1721.1596771212512
847.5325326075414 1695.3784451030765
832.1854948219947 1666.7449959839637
808.4233810935821 1672.0477472810549
779.8469143336374 1681.427453482169
780.4246753954732 1709.8921939762902
768.1268333639837 1736.2021223797694
768.1044551228914 1775.010910669654
759.2834655017205 1811.3531023751034
755.9278777654515 1835.969768568435
750.4222155122899 1861.1314409247702
755.5221568162876 1895.6189732867304
756.2399843150833 1925.592250662419
787.5359886938089 1933.064542816581
817.0535101251338 1945.5383758875616
805.9709496645959 1976.9156525399037
801.3529367944993 2006.9738072718892
768.6109490435629 2000.1359894743166
737.1541804025172 2018.9525295595856
755.0433966877677 2045.1041475963898
726.2142276613823 2070.0677571842666
706.2512152428225 2094.7295239731516
711.7448121352318 2129.2535688286853
720.543630729275 2155.649859346551
752.951246804615 2161.254040005072
767.3080377920252 2181.3638140641287
772.6995365919878 2213.7428573119732
768.2233250292101 2242.127478456309
772.4479619524778 2269.2820901425866
765.3667148739679 2297.9697886345243
768.315167019444 2325.747733271065
761.7749618295669 2360.941076967336
731.1036676916038 2364.3478480955305
700.6851742543292 2362.429118706301
666.5177358188188 2361.5463068099875
634.455857521827 2364.0364779472134
608.7233669687034 2357.578797114118
579.4342455109114 2362.819800307858
557.8181904766301 2366.607054346073
532.3039871282925 2394.236647784548
528.5338998276442 2412.666527149
505.1812442973808 2445.1637473935766
489.008798663505 2472.6620249066727
481.34961489409204 2491.8392947199745
465.01069818170043 2524.050965374208
478.52630108129665 2543.336794704239
496.90174750124874 2574.1131990802714
511.7960120109376 2594.699504693421
546.023160573908 2580.320345845869
576.6881376868959 2575.2171616776013
607.8234163225219 2563.1121154233147
632.8728604918846 2559.6448937796677
652.729548073708 2538.9034458840965
682.9226767264635 2517.749939310131
672.9956704926431 2488.2424120909586
648.987575353153 2471.993142343297
624.5141322987375 2477.5220917414194
598.1398283232195 2489.456324620496
567.1928605970262 2493.5461220616135
536.1177520345182 2508.396031666241
504.2102945107769 2512.2275836062104
484.64203806507453 2536.471532747533
482.73774825414375 2563.2902498438075
492.4029991018663 2598.8293153802474
490.4755955867861 2619.480150785881
454.7333036309581 2625.169734870225
426.91287411326374 2637.3050445462395
401.25178570704736 2645.47789988368
373.5937543075437 2652.850825409622
347.5907397869861 2660.8944503880566
315.32925307882977 2676.1176807772513
293.67412399522897 2704.3421043410817
308.6372329578389 2720.756208893088
326.74897208355037 2759.4623466679386
337.89608680867934 2775.8843789544308
342.72445551148144 2806.518911229591
348.42490062551053 2834.156365915556
373.448578165909 2862.561096256592
389.0949130624723 2892.929841915456
390.7243107525987 2919.8678917153297
403.3159226874517 2946.3387673140446
432.4352349322773 2947.3909751994943
465.39594422964376 2934.8628951288997
490.2455321622229 2918.971043519213
521.2107181925569 2918.4897138090364
551.4755430159296 2899.5096887282125
572.6830421624994 2886.1109622702725
588.7722646109959 2864.1238907445872
592.2392758138313 2834.0071123267494
599.3778926075021 2800.2942115077562
602.7279757012601 2780.845947094067
638.7928576933523 2756.004567587005
665.8097280068304 2744.1440448028543
690.0334400893165 2725.8761803817183
716.9106199177223 2725.1764274634593
745.7372611673734 2704.846788625764
757.7746031096666 2683.386047195698
787.1235432634081 2653.4066313037665
802.1422858886472 2636.829127764159
807.2114789362605 2606.723300352648
837.2974634494959 2597.410565551157
827.6696367162747 2621.7966617249563
834.6935688983551 2601.3412770713476
826.5876355650536 2623.1627943649396
840.467714268951 2598.6765426062666
862.159989033317 2582.433889507262
896.7913688341126 2571.751580636016
921.3936132453937 2589.88116907184
930.843536754395 2614.748697520188
946.553205894771 2637.9489282342815
957.501804801112 2665.7919103140034
972.9359817193047 2700.66164071443
981.6853156811509 2722.8370862572597
1013.8380908826634 2737.877165989531
1039.5273485931777 2721.091607720552
1067.9608813190762 2707.541525778387
1098.0794905816967 2697.399245440621
1123.8751658635597 2691.887341381987
1161.0891269321835 2681.00837149959
1182.316809960126 2665.7146301361995
1216.3621913683705 2658.0175087165335
1231.43254945046 2644.2921533687095
1263.2784239446046 2632.0203061439756
1290.2788289875132 2627.04947903779
1328.42120471769 2625.7600783742796
1340.1982956100876 2658.6961558886906
1342.0792226483932 2687.0922903378373
1318.9025762474644 2704.2244190220626
1286.2175773397225 2714.530090352253
1255.0685815308204 2729.552851057669
1236.4813314551784 2734.7122511256603
1209.6717500709574 2747.1452019588246
1185.1465406745583 2766.5712021744835
1155.2477036833961 2770.642130557108
1119.3093600489192 2761.64985649176
1108.6456922402865 2740.775588109125
1096.0534678536771 2706.8765542893766
1085.0586466715101 2683.4319739447806
1078.3129951533172 2659.2421976051155
1058.308464776438 2633.7387576847204
1062.819572038633 2598.505259210665
1091.6683872655917 2588.3580121249306
1119.0697799926838 2579.8615597299
1142.854141760991 2569.498692285946
1166.6127476834288 2556.056549367845
1198.2928997317274 2542.175652361665
1227.638622668718 2527.698478968417
1255.8508595967821 2539.491997078262
1268.7695354492773 2564.054319669054
1298.164865142845 2586.793200885768
1306.202954672217 2609.5744806535586
1321.9996469511186 2633.4010238306314
1337.4688866798515 2661.531688337852
1328.6553589868772 2693.468683985327
1300.6869862793164 2702.5382606089734
1281.8331337734446 2715.309931448819
1251.0132974050407 2728.122970760652
1228.8133860574246 2739.01022106849
1190.7248317823244 2754.386466235174
1173.0474858714103 2766.3454346208664
1143.4923665497154 2775.9569771355623
1139.5363638904232 2815.0005913927585
1159.1713828874329 2836.1053536366635
1167.710276971455 2864.2244038007857
1196.474672151402 2865.184144605821
1221.0405366391685 2836.502291069689
1214.5659767949921 2813.64985983091
1203.902025009366 2785.530140924371
1186.9572453228473 2757.962239698801
1156.2826078374376 2769.9718667402994
1129.435790835142 2778.4062963269575
1138.5830296749928 2806.3743236139453
1149.50503454476 2836.427088171759
1167.2882640024397 2859.9864119111203
1150.579867715639 2881.112009743576
1123.121793304832 2899.2290664215443
1091.5296547009157 2913.979353167813
1065.6339188669895 2923.9034206866213
1040.6329750993775 2932.7165338303603
1014.0888691101256 2959.2283952173384
987.8552533721735 2967.024745558233
961.2157664919562 2982.467385695743
927.0844541162752 2994.213810445187
908.8255959360342 3013.4328407151947
881.4243407120684 3033.813395073585
853.0819241014315 3023.342513359167
842.4549627106746 2992.0146529451617
834.6716470587373 2964.3215676116233
814.933474234315 2940.8475350434974
820.5166148976004 2902.009933916061
803.5292798093785 2878.723681473528
788.8273684282923 2856.310895156208
783.0084694475029 2830.4480854488997
806.3713028581983 2806.9345270400518
794.0725442041639 2782.0498417105387
786.5725733225369 2743.242955836925
767.2632065003725 2733.96451053828
745.0512749094514 2703.294987861093
758.8515813904652 2683.999081481162
778.3747067674873 2655.630013664381
803.3287031078419 2635.732369570322
829.9101370996802 2642.411350090886
843.969866958071 2679.452810651524
858.2140051221237 2709.696513207906
878.519790314659 2720.1537308573293
881.7753813688603 2752.8931586629437
899.0526015359436 2777.662619082309
912.1054667821861 2809.7571499535325
922.3562888660447 2828.2766067005628
939.3564787040514 2862.855795466593
951.4155983355953 2893.1836103268306
958.4102598148077 2910.55693812743
969.3725818391307 2945.7136220418706
985.5895492991847 2971.794212703062
953.7376517746001 2985.1638986942075
929.6428246296313 3000.817692416444
