1112.8468966672538 2363.3572604545525
1134.570716832929 2396.87520696776
1142.1213495047311 2417.020383020574
1128.9654867742754 2449.7443098679505
1109.2201276312483 2456.128235198538
1085.4838449946324 2472.4528101471806
1061.2029567873735 2483.631402453426
1035.2525265356885 2502.56168468185
999.0482469339044 2516.0979526930746
1017.6130809494344 2544.010877909438
1027.8324189019 2572.1114857460807
1041.636890346141 2597.2117682014577
1064.0627736143404 2600.968983401331
1098.1336568343872 2588.510284766538
1125.6004786804622 2567.400379366817
1152.0025501709758 2563.1715667650974
1180.1434766656184 2553.4905520333823
1201.0257604145193 2534.662936640354
1236.2633825396383 2520.441472886926
1254.6256943184846 2542.2519578984466
1272.6145465772895 2568.5119922374984
1302.537065314113 2589.700400689428
1314.0373787561696 2617.3415239141323
1328.3623971819152 2643.267399610508
1345.4475343474148 2665.6969906106797
1327.7391028338072 2692.692540605514
1295.1869361880206 2708.6945958290694
1275.0829966116648 2721.31861166861
1252.381529322605 2738.1029527625205
1244.6617317685748 2760.9821074758147
1262.7678941124068 2790.6448032153567
1263.9973920929012 2816.331653108935
1241.484353530251 2834.0220249104004
1213.6771399633294 2815.5321938838933
1195.7302340982926 2783.488886212273
1191.9045763864997 2763.633539207837
1161.2071001821869 2776.12070602072
1135.8130456373424 2778.288543688029
1115.8153290675007 2747.2335511774077
1104.420224481926 2727.019578983574
1103.1322205340316 2694.2916003050364
1132.3919136923962 2684.2980337809845
1153.4101675533936 2675.1171051891333
1185.9130550292784 2659.1180092523205
1219.1884752013113 2651.715316881156
1243.902170720758 2637.9549892248633
1273.4665317227218 2634.485533576298
1306.4389178918552 2620.264235674432
1332.993950377871 2611.5376926562576
1358.7265760779446 2598.3751379211717
1388.9041869837101 2588.385539968546
1387.3208082952424 2559.241248353072
1368.578316337048 2538.129762980261
1347.6089720810644 2512.190420189035
1333.770493919519 2490.6820825732407
1315.9201461874497 2463.096790405278
1293.0828990285543 2445.065973181616
1276.1242828906963 2416.934085612092
1259.8070734985283 2382.707142950214
1268.3932577418288 2355.870144346594
1290.4031670196969 2343.5348047538923
1317.7775652116168 2337.342031970827
1333.2987005452615 2361.2800644480885
1353.6834133923128 2390.0074348863463
1368.83396392638 2411.452443420678
1381.0954580265359 2436.313986668015
1405.5627261769275 2457.1547760946723
1420.037388779008 2482.645174977795
1448.5479364578646 2506.9196070138555
1458.245218473631 2531.568860544242
1451.066278042711 2560.9898588571823
1406.4476867195378 2568.80638744762
1394.0308692836213 2566.203765311312
1371.7937248363198 2547.1113424588984
1347.4675276918376 2524.015802393366
1332.478751081835 2494.0189064847036
1332.8055000537634 2466.3598455278866
1299.8174750507246 2443.2539093475057
1285.2670162829438 2422.2880740812
1264.3900170240431 2396.5740945222838
1252.5045303666107 2376.957864108969
1270.7181515786144 2347.3942082272647
1289.1525208772748 2332.3435198854468
1321.84765526128 2351.291623353408
1342.552321758527 2374.782554057241
1356.9040653311376 2388.6658225195365
1384.013896309711 2411.786329183636
1389.3785940330188 2442.3636833667474
1412.3691257689418 2470.5705840294786
1424.9880277179277 2492.411406420678
1440.1606469015765 2519.5453719639095
1459.6641202943654 2536.473365884378
1437.983597606848 2567.285327326807
1412.088256072408 2573.4648443768
1381.5691828595677 2566.1500516137517
1363.441526683277 2545.2333310791173
1347.441701082494 2514.9551369922647
1337.7460873969912 2494.143466083075
1322.775392806353 2467.354931132784
1297.3469995754383 2441.9449321332813
1282.6398908828698 2410.471709763615
1264.0151257926407 2395.676971722201
1247.577961978595 2378.365908844011
1214.3778808775892 2395.1248244460503
1192.772848107721 2408.9926975255994
1162.951605418107 2427.78151161603
1141.1090852428686 2442.0345996804845
1111.336439129938 2458.0680084369747
1091.4430887795984 2476.8757481766233
1066.849451251084 2490.8593428967765
1034.1048013676905 2493.2759299023883
1016.2852110646379 2471.9517811780506
1005.0619153935542 2445.374093086494
1025.580354311392 2406.4185515901895
1047.3095336271595 2395.6150194343354
1078.6658726518974 2387.2877865037485
1100.8688035775476 2364.3543000539667
1116.106088130171 2354.085425087573
1149.1111690349403 2331.781710448043
1178.1445571684635 2315.7142376673764
1188.1631407399034 2297.0100564096783
1230.9871594702338 2275.3717173973046
1245.879962447004 2259.897105346083
1269.0955085448845 2248.411076066111
1290.3638964671532 2232.1477370771286
1316.6084970717864 2211.309887523627
1348.5651849590902 2187.4359815667754
1345.4622701380054 2158.4593960622865
1368.3738719577632 2140.894212999944
1352.5852835722842 2117.9439010318497
1318.8273466061742 2108.0094474815737
1306.4441477591802 2129.9597459105553
1287.019690585823 2146.606498950153
1257.6030408916818 2165.2229323865117
1233.7007691668678 2181.580225329045
1200.292523807243 2210.4609519586566
1189.9726107915642 2224.2746648763004
1156.6729711814007 2230.833630223177
1136.0286670744615 2250.8408525104346
1110.8592336867357 2275.6075063906446
1088.1734739096232 2289.2618045516706
1062.4304731688715 2310.4163423376463
1081.7276983924055 2331.3213329571536
1100.274942663674 2358.6855832404526
1133.6676801759827 2347.78255150686
1153.7621792476793 2330.6341666111193
1175.396147103603 2315.409309863073
1197.022037115913 2298.640611790015
1227.823694579316 2275.538797718928
1245.612534409848 2258.803267912611
1272.1884062960185 2249.899585233569
1300.9782694949038 2254.7135730200766
1312.462048352333 2286.074871962587
1339.495462538604 2289.2317523377706
1376.6970589420835 2303.066601982728
1393.5640969896058 2331.3891964746585
1421.4175256296198 2316.60679201856
1445.146275285149 2297.0743374856106
1481.2008596262717 2304.202395441704
1495.8838977305918 2324.062851115403
1506.9019292201306 2354.2205159585183
1517.2494583043442 2376.316423598364
1533.777048317498 2415.2668495339367
1551.921415524384 2434.6079016848935
1556.886998054861 2456.2271287526146
1571.9761952170697 2494.115701570543
1603.8077543761158 2489.983885639383
1626.7102974337638 2472.551552538968
1659.0766327940332 2461.360116276912
1681.610439770467 2446.7866553372037
1702.3487238296752 2433.6425401221672
1741.6974010922852 2418.1761774307
1760.7651174235577 2406.1237168782454
1795.5371209290668 2392.722802417457
1822.7664427498166 2385.3027852972054
1849.7920845633018 2366.210155123629
1874.7796271209768 2359.326694845891
1900.021676600978 2347.3578748542304
1931.7862822895952 2335.9406661579233
1953.9128376145966 2316.099146509724
1989.4369258599322 2309.3295015135996
2020.19226399149 2295.5466466150397
2039.7541178079848 2284.6206023626614
2073.6583533063244 2281.9805189191707
2097.3639441064133 2269.440391489325
2120.4507538097378 2249.9952493472983
2143.3758600852275 2271.768590689975
2151.5914097108207 2297.133900020904
2168.7440560600567 2319.468980772331
2149.1886710149174 2341.9221319502385
2120.172798701942 2359.9044165372047
2097.2338780477808 2381.7689130060267
2070.517828184975 2397.0430825556496
2050.4251574382897 2393.736328980856
2019.0541732989823 2421.969101576118
1989.3474989140816 2427.9705607096785
1966.9362233638863 2440.0604099550783
1982.8998221214179 2479.651031477942
1982.7691230659664 2500.8868079905574
2000.4409713258758 2526.3130309177036
2014.5808498258384 2558.7109379770836
2019.7283580260305 2582.767665942277
2031.366942647025 2616.9643153791367
2039.2911372735978 2641.9537836076715
2057.1952393371475 2672.871306820027
2068.5191988335837 2693.6397611634748
2088.961727081862 2718.170380144382
2099.288774653791 2698.5356723880764
2125.0784444942615 2681.04942951524
2135.134367717297 2644.2425118293386
2120.5998545356174 2618.475870459276
2110.012539637622 2597.736432307349
2096.6776299805692 2569.7694023592535
2079.401958501582 2534.0390273765597
2077.182977979438 2510.5864372361902
2057.9062190096433 2482.793221233329
2048.357558646943 2453.0342344743553
2037.0064521384115 2428.4703476387162
2004.380412734555 2424.8375227892616
1990.3339254147336 2429.896742411303
1951.216981603771 2422.103040478436
1966.4522347766124 2404.831236945076
1989.7384955629523 2387.5010954142854
2021.5586146185105 2392.5977413335245
2009.7055490511855 2420.8525247988473
1988.1374434001948 2430.526836161041
1967.055329947458 2460.8126242178946
1981.6688476038655 2487.672714343099
1985.6280019212616 2515.7154405413476
2003.4770295750054 2540.478846140794
2017.1864310361696 2565.4491215586777
2030.523647813301 2599.9541196144196
2048.2143871525855 2621.6490450157607
2051.9911256024266 2648.0127999919273
2060.499284931105 2683.489020457079
2075.817008296738 2713.0472453723937
2101.957700012277 2695.0764096535513
2117.614064008243 2675.0028278980944
2147.8511043577537 2656.819066591927
2163.6214295317045 2634.8992245639397
2184.919850774858 2607.403677163309
2197.9010110839677 2589.687846809242
2224.2990477774415 2569.983047026161
2253.2792929120856 2544.793618465109
2263.65082123874 2567.711331404574
2277.3374918107784 2587.1762683110874
2282.484426635094 2623.887081302202
2296.9924907626396 2650.8949809895503
2305.839601058876 2682.0998760356947
2314.968485817455 2714.654865131171
2329.607458882182 2729.5345024641038
2300.4839252624406 2754.39555221553
2279.0105400822267 2758.6035957425383
2256.562090484959 2773.276146445398
2222.1113065789373 2785.2832106541814
2199.4082800800948 2798.2475678515134
2213.8388236115766 2838.3098692993635
2229.291631645542 2863.7241763017437
2237.596767643404 2885.985803220753
2251.6047496311116 2919.5976586628317
2258.2613854606398 2940.678755893262
2239.1801313335673 2950.308123824693
2208.989520112077 2962.4384136531444
2174.096764332563 2969.590362642973
2142.5741941776673 2970.0361268691977
2113.861799673618 2964.445214500605
2107.737344301241 2932.1553812511634
2087.844676708667 2908.522014231879
2078.888276525808 2882.7057227185715
2070.4518701435395 2849.9272372965343
2055.9958997439285 2821.8010732077614
2041.9362950511236 2787.3000669384323
2040.81736011978 2772.190437149263
2069.3108787624487 2745.0052786478864
2089.3324095174585 2724.932184460051
2105.8303187585657 2700.275980014407
2122.8512978004887 2677.325869458924
2129.4793728083646 2646.07588989995
2115.5354806933137 2624.7988334149363
2100.901075619305 2590.101292271455
2087.843198452616 2563.555269301301
2087.263642478191 2530.2436724431886
2073.1588996505106 2514.241063862136
2065.6881404308087 2479.781912532654
2043.1272739277188 2454.0371947725653
2036.0504204513825 2428.5335978350145
2005.309860574101 2423.1825227697923
1982.664820830826 2434.6715799582876
1956.618274062905 2427.9620398999755
1943.3915582236004 2398.458356920006
1924.0130447697982 2370.5793694210797
1913.6207171820079 2349.8108379498735
1932.8244771243023 2323.5101413031316
1965.498815758679 2319.2042497183193
1992.5495716045182 2307.8012824939833
2022.4077126335842 2297.9224792496098
2044.2680429109876 2286.2511384091495
2072.6004988750324 2276.972046119358
2102.832747626989 2255.7002261372236
2132.733551605121 2244.4290791770486
2144.4947354528113 2272.242648406743
2162.2213503036915 2298.6813656320974
2171.667952747974 2325.979187817522
2193.869696003296 2321.7382414688523
2230.215427222715 2303.139316302743
2248.024839785375 2293.11608402623
2263.3195962089753 2322.9682875632457
2278.402837528525 2340.7472656108184
2259.1620023935266 2373.63988750236
2233.105226621169 2393.802934920294
2216.0920846914432 2415.2887046421333
2206.197852545864 2434.8674586168786
2223.2357500785847 2477.155361437825
2236.2695518804885 2495.3324139064553
2244.0159128443033 2534.52979980419
2258.1373768881685 2551.854875651141
2267.561541545104 2586.109553447007
2270.9813480213443 2606.4389236429734
2284.6836314393304 2635.432524027593
2303.4929779575696 2666.5200890044143
2309.743544494969 2699.422857043699
2321.363459048013 2724.718209312153
2306.589150205392 2747.486113623698
2285.042739489237 2760.0066296673226
2271.783355335212 2788.4080151546705
2283.8234001324818 2809.4815129368208
2288.2066288653036 2838.833808335803
2312.550858987076 2871.288838526807
2316.9342681313374 2896.407510558234
2325.951886822686 2928.346555442069
2298.505306372489 2937.3203378991107
2272.3344733977565 2952.575527174624
2244.065940464823 2951.4560590652704
2213.5865576111655 2959.934820744176
2189.0816099351437 2954.0606316062795
2154.0620562615345 2967.96819388332
2123.91243991442 2971.3780452585634
2109.027326068214 2947.1824300982285
2095.2141130517207 2911.0152963676233
2086.534187219722 2891.3990586009877
2074.73374986588 2860.600457707632
2063.802502598138 2835.3075879364324
2047.9913525749369 2809.3018505335986
2035.6327104435295 2779.915467902558
2022.8417464224033 2800.10897483445
1997.8350057262357 2819.7027146899927
1967.9718700203382 2838.9519841072447
1948.3983632089285 2871.536566208311
1931.7238755331118 2887.123552677974
1911.6578118303994 2917.419345761819
1891.7222449219287 2934.7686360212338
1876.4607091863982 2958.6600488738313
1853.9563139589752 2974.9303526573253
1825.3422413882208 2975.5277805535356
1805.3273991077822 2938.0706494580695
1792.7763661897986 2918.0595605684825
1780.4336365401591 2890.150188145142
1778.8918042136618 2870.056060061214
1757.1419102607097 2838.9659091709045
1738.169925209121 2815.923443046682
1728.75138964491 2787.8349793459042
1710.5706148063912 2759.210350592328
1693.8106556186556 2735.2433021864454
1689.961097997261 2706.6468565857094
1676.9486294448998 2676.211599875558
1651.6549105178879 2656.987268442557
1643.9301286453315 2632.3019251824176
1610.819140412639 2633.212977697053
1590.5245951979944 2651.246359075827
1580.873054880975 2677.6306175497807
1597.3247706746959 2697.2334694594147
1584.175898186743 2734.9920311100213
1557.8847020688418 2742.624624948569
1527.5140109026406 2752.794296011129
1519.1030823841356 2739.552222324795
1493.4363423258874 2712.4958508973605
1473.9110306251184 2693.4039218637595
1447.0232328504942 2674.117649143662
1441.5452438641148 2643.612824613852
1424.1370577751634 2617.106890765031
1399.7777570407156 2592.9381371359486
1385.9851885747944 2566.878490669656
1371.2207813249854 2542.485771277055
1356.336806828241 2520.565287541985
1337.846269961402 2487.041379627766
1320.2460656277835 2466.4315116120943
1301.327388158471 2445.977869486222
1283.866616104994 2418.1038167253455
1263.232362524773 2398.912096097023
1248.0712391420957 2363.3581605502422
1231.0129349544059 2391.540630412831
1202.1646854594628 2406.6378711296684
1177.3663428843595 2419.404514201776
1170.9971485141095 2451.1016226121446
1196.079410449081 2483.438158387557
1218.3875817635949 2495.882203835487
1231.1581877668762 2520.887434947788
1252.6876271048898 2544.1802370246014
1274.5480213024696 2566.4503710398526
1287.0342457525796 2591.1510620614217
1315.242178547812 2616.2463866529747
1340.656774294737 2608.6442033633552
1363.5136842933143 2591.1973475568566
1394.4370366120502 2583.588297079884
1384.5202467440392 2556.6048877534686
1369.004124481505 2538.820747751507
1346.7355946626517 2514.5451829330327
1327.3719871529358 2478.964523654362
1316.436570103417 2465.6181741007426
1294.3880950544244 2436.6364608244626
1285.1573084755564 2411.026289898554
1256.5976951542411 2389.370163319229
1272.5639697028162 2353.2120367975017
1290.6398350861064 2336.4787183977087
1304.2135677549775 2318.2789700609774
1328.8558828290782 2301.0063202586443
1355.7074101892806 2284.2468581984704
1369.7889126277892 2297.1731643332123
1395.2743217156508 2324.440261610127
1425.193506375688 2321.4846721150366
1449.72538131391 2292.8963130888765
1473.4416853283903 2305.653867595044
1491.3687685982334 2331.704096407858
1513.1484723854358 2353.740987327899
1519.049309523004 2376.3125871111747
1532.0057027574935 2417.0578395394928
1545.5745301360175 2446.9220279033243
1568.214366201817 2463.889430158232
1575.527358585209 2486.188136107288
1605.146580559395 2486.4914788233887
1632.0466114162364 2475.057720828034
1662.3837151863 2459.6967322176056
1682.1055768870553 2449.162689817026
1701.2318152098262 2430.423983246532
1741.8288055710068 2415.210161287191
1763.572819492055 2406.027489997863
1788.056360935424 2425.8272577403345
1810.5431726970535 2447.916068265375
1817.4444726939807 2471.6495794534917
1833.0309905038898 2503.6620631717806
1804.1048334876803 2525.413471076898
1810.2171251257407 2557.3004629033085
1819.0624312690695 2578.6357548198016
1842.7063952921742 2609.960166501243
1853.5228842346726 2635.2656471823107
1861.8097488730014 2663.3066508214224
1873.000481051779 2693.365961694495
1901.3908903706397 2697.2073153556453
1937.5234825356463 2685.7651198126914
1951.2829297361961 2671.200677374742
1956.432167586749 2648.5685720982196
1953.6027375024225 2620.661169590274
1945.2950347499748 2593.2053362126835
1925.665059789295 2566.7251732825816
1912.96225856191 2532.434252076197
1889.3645791371828 2514.644277535765
1902.9910602428713 2474.208133964453
1926.857243353435 2467.632015885977
1957.3780109941952 2451.503103222458
1972.9043091322528 2479.06352770325
1981.4856768648503 2491.195855617288
1996.0231371304267 2521.4677462410923
2013.3063779904462 2554.59856133255
2021.236266932294 2581.7802173054365
2037.2373360432628 2605.8353611037633
2047.3291507133008 2633.6641470843597
2061.065860911971 2657.9173199003985
2069.125028389454 2692.773343233038
2074.8269644320044 2721.3798239814314
2100.345752994836 2708.0417990063347
2127.031169311676 2678.134845575691
2130.030870519858 2648.314621957827
2118.4349602051884 2621.6995242549683
2105.5655165822914 2597.5332304876392
2093.6562942800633 2565.492232884461
2083.6364396385293 2538.7895700919344
2075.088656773177 2510.4237817510802
2056.6044806857026 2480.7082455551267
2055.358959528674 2458.194027905517
2039.6628442677136 2432.5238633505733
2012.6766478037673 2427.0416906645355
1976.387933565118 2440.147177568693
1973.3722134959737 2473.0989474337316
1991.381977120419 2492.003004777347
1991.5085085355418 2520.3117227569546
2006.0154297402669 2549.768147924729
2022.9502339884489 2573.1279330998454
2036.2536578347933 2608.3322706410218
2040.031452321854 2625.2669455576215
2056.1423599362165 2658.889168589444
2067.3223445405756 2679.0729643382097
2076.631529390542 2708.713506459008
2098.8734487612787 2692.2970022928953
2119.6544118916795 2676.9519094668035
2147.138397363065 2692.2087960211575
2163.954332855592 2716.6087851484326
2176.9870663737615 2755.637882739942
2188.7567242784344 2770.125650609266
2200.988213837131 2804.6747777601354
2211.267918630848 2831.496070429143
2224.919299288007 2862.1376542496805
2233.6082169755823 2884.0188353994904
2247.7619192345746 2909.164260715829
2263.6183155246813 2937.974649744289
2236.5361208679547 2959.8518319825284
2196.7616967027957 2957.536296995031
2169.8127445639225 2961.0297202690244
2150.6091057062094 2970.8123710078175
2114.580332247917 2956.901516037189
2104.176032996763 2931.4773185771924
2099.440588266193 2904.1536725534584
2080.288930433238 2876.465062506496
2072.1350622423142 2857.812556151019
2055.9672976536 2830.191084200787
2046.2447799689064 2794.939864873361
2046.832926209163 2766.675321815683
2059.763793670974 2741.0580143635716
2084.7105571935463 2719.3967490740556
2110.44620316602 2696.0899774978634
2132.936296342323 2674.6046557664554
2128.5796895630865 2643.061495908957
2113.4754817452417 2616.2719854642037
2109.4328012363453 2596.9460534454342
2098.902586235747 2568.5525847146973
2075.1319749527756 2527.8247226050735
2074.3453871045276 2510.799477593421
2062.4564747606864 2476.5209313787936
2045.419341959422 2457.5128636437626
2027.6238381765231 2424.099316642416
1991.0895620626914 2429.9540415568185
1983.281439889147 2435.703059020442
1974.3814863628902 2458.6047907699995
1981.267858243868 2501.6477655730478
1999.516151143504 2526.771691663269
2004.7696087945408 2548.0676435007786
2015.8237830343653 2579.308313520769
2030.131631158384 2602.0240268349985
2048.0932834640676 2634.785860784413
2060.781233377043 2649.800872449558
2069.163046947711 2691.060024394457
2076.4410310253706 2716.252185629873
2104.930434638475 2701.48251170734
2124.3188991414486 2671.91462488262
2129.4858523149674 2646.6303565755384
2120.586036298839 2619.271054382953
2104.449988776197 2586.4640723871985
2097.513246255596 2570.815467003356
2086.748052271641 2533.892611872606
2075.456776999658 2509.5493296390678
2060.2570433422516 2480.104238905835
2050.132409395338 2451.9769449786613
2036.9951940731635 2426.7405527563915
2009.2671393239286 2427.2347437343396
1978.0111317193187 2438.7339603608716
1952.3779478492522 2428.5891890569796
1935.269179370064 2399.3448976074437
1926.9992277154522 2377.5616985141896
