91.1701564874536 2576.309841682326
116.68518966376168 2574.8370560748704
117.33160014338219 2576.0642653933874
131.15904417210865 2585.1874276307094
137.8396431475521 2579.5559109464984
146.78302264000595 2586.2125389589214
159.71133068767023 2584.778992262686
168.57475044809738 2578.5121060652523
180.1584909600424 2592.6996148050716
184.53576926509203 2580.9381960178075
202.7874683470398 2586.803470069389
206.60906303085795 2592.449209546211
218.9667274051767 2588.870550051934
228.23159451419792 2602.911031575854
232.62497502862863 2595.3562247115788
252.37030621730014 2592.261167457985
249.55391504144012 2593.382007991102
265.5241113652877 2599.5127270248477
279.7780898358982 2582.614208268943
281.29582277955075 2590.2163292077103
294.4058541692013 2593.4058825702627
304.4085776607443 2588.6090708582387
311.5186484070025 2589.900699088367
325.6194318072714 2586.1925432847306
329.8957089394928 2587.7340691009163
344.32838060802345 2579.2740798799473
355.2890930617784 2572.6960257410356
359.85280465360256 2563.751607252678
373.46314672750964 2568.4575574684695
384.5637097065972 2567.911183051004
390.35859498579657 2574.659681789078
396.9922128764905 2580.244601637287
405.32825890282726 2588.216826288442
407.06261150522715 2594.901755259205
401.04774481972015 2605.451875208665
411.71522314869827 2612.1957567878158
414.05163128926506 2625.575336336909
427.8823094854399 2640.526882741264
411.0899445735064 2638.6548715430886
407.96676859687346 2645.0668284805342
397.11622283185864 2645.4778431697946
392.01609244443256 2645.2629437061973
367.58471899931124 2655.7514427243286
361.81078172493324 2653.418305151601
353.08038445121707 2662.2357099675933
351.69686510609114 2664.528389832417
341.5099091130037 2667.883256948062
328.6975094822939 2670.6699230513073
321.545741997745 2667.9686758621215
311.9674720559285 2675.779563749954
306.6741882008917 2687.022490132251
298.1492516983028 2694.4471459795336
297.0606818733906 2697.6306993452213
307.48054253606534 2709.665947262647
307.44773779652803 2716.8478964120673
304.9574832528721 2718.2051898153077
284.4574048733254 2738.1165001628306
282.876883273095 2732.944203910243
271.97984852688387 2740.343200124689
259.79109820647943 2743.384862265661
261.28014214502804 2740.2723048435755
233.99152221138814 2748.1052516554264
232.98319304845498 2758.2880231786785
217.68379968301636 2753.311255026931
214.26097764906234 2769.005516247551
199.8266300052406 2767.030383455242
199.7262120927917 2765.940217183199
183.59717529002907 2772.8370527245465
180.85104499539847 2787.3805812532664
172.85168118871934 2779.572377782152
163.98433487998332 2794.5890718134397
165.56291576244897 2800.962114292891
168.80070940796136 2809.571948789169
178.44646814016184 2812.820683380953
181.36336152682867 2816.801083685243
183.56509076200558 2835.600152781613
192.77665900625223 2845.7233438402277
198.99959532755722 2846.750072385774
197.16452138296597 2849.7403071678923
214.84598597849333 2836.664441938116
221.502620715708 2837.9642143322512
233.61791739848508 2832.105916146216
236.34359318174643 2828.7134703718466
253.3619895885261 2818.5810564848503
262.5358977692274 2826.7670020582827
267.7543200074198 2808.1970965764035
272.48179555155735 2816.8651418538784
279.98157141555316 2825.1283794624824
278.66404041422527 2838.440304266318
291.73102596743183 2851.883809332956
287.8262267959334 2853.6938767192423
296.31493365913514 2860.227680394554
300.02279796870243 2862.2795808704414
314.9539292049379 2849.4774396721873
327.38337628187264 2851.371034091232
336.86057378557643 2840.8500567118767
338.9378699759705 2838.128760993647
356.4694087953517 2832.8027554482155
354.0888263009882 2824.0333073225015
354.82595088016967 2817.4521625531534
351.0096957279802 2808.192211234446
341.0764791879767 2797.9581824537327
337.66973841222466 2788.660014248506
335.72419881993386 2779.7197420073444
339.43978060536625 2773.210515508569
334.07510452060154 2761.7242367565027
353.7003071089113 2759.3068087407178
369.61807576732735 2758.942062538095
374.229190952149 2754.9344205870434
380.95453085948105 2746.507561145912
390.9747492378977 2744.9330009622618
389.9024918810382 2763.2557522679485
397.3124832275703 2768.781205350086
403.28975442089546 2782.0944886242196
411.11062966571257 2782.7572487580237
414.0959933050821 2798.9119273119927
404.1834020577906 2809.892542345354
397.03821534057005 2810.667584034494
385.98683941645004 2816.950420977479
371.2760682248474 2821.852203457415
371.39489097846786 2820.4284055619796
365.23372016029117 2825.6033866149783
366.8569755874275 2836.5942435747793
365.9710802205491 2844.4843125353373
366.6184034727763 2860.70882023448
375.72775481448116 2866.898649433781
373.738339680311 2875.317412262746
379.26361123695773 2884.1264826781567
385.8404661564427 2887.2718774644036
383.1694754607629 2898.818563704656
386.52537705626725 2910.0189730585194
395.06534331480657 2916.4386303254223
398.36789881815 2922.2897798160384
404.9601085828769 2940.145079007054
403.0374107646993 2937.7258323171127
413.16843256191294 2944.753057178616
423.8611748502699 2955.488742719181
432.84292968019923 2955.7075645034447
434.6091862194647 2945.2054469139566
445.91082578287455 2936.8076155138187
464.550900515707 2935.2429716594092
459.5160270211731 2930.212990394064
472.01821023633306 2926.828751477983
469.3418320475943 2925.339542579792
475.8509952829705 2918.261410905681
469.9698693969767 2904.4771631568524
461.82900102813625 2896.6186094122772
459.1468080452152 2885.8601547427816
458.3655253312248 2878.665874641788
455.2716977610921 2865.217401005826
448.35114278569466 2859.4598014664075
452.7626219037487 2848.1067515246436
442.9996832363704 2836.7628065876042
436.6345287302811 2833.531607505882
431.86591151697536 2825.1339638870013
437.53800576693743 2808.1377720403193
426.1846422493747 2812.938242641922
411.76380886176423 2818.14032805312
399.9538992258107 2814.4530851757963
393.6147850058842 2815.891149080587
379.8495769242902 2826.5619843900054
374.15384343786565 2823.996956352499
370.97574463676074 2827.484008963538
358.4113939471181 2834.000230368806
353.72113141506793 2841.1770367611034
364.15214584339293 2839.4109853927075
361.68444934192706 2854.904876740966
377.0396432383814 2868.7447417049657
380.196652898663 2881.3602359366278
380.41074391709503 2876.8341106044927
392.0235624996282 2891.3053783032237
382.06906787658016 2899.732439002226
405.10052974629997 2916.7419849486287
401.01009094945215 2921.688111333178
410.6267489117171 2925.187424400547
401.39109802643003 2938.6420692487386
405.66626265956216 2949.3543798972432
415.3648028663942 2959.886751014556
429.2766732812848 2954.7238242493827
439.78348357772467 2942.9964527482934
440.5074569712192 2939.948702039814
453.08953899275525 2940.8523872607757
464.2756883038788 2945.3399289482827
472.98182395002374 2931.114102759721
470.5664458768081 2926.8590294334535
477.1352052200904 2917.5471928731376
465.1359093796247 2903.889941762614
462.2827010712835 2892.1768337389826
466.5939632077168 2882.8076589178127
458.8269534291063 2872.3624427242567
452.6043857484242 2864.1008396875814
450.0586091996816 2859.3489076383316
444.7328924374796 2854.509593430038
444.6416041754835 2839.438402985464
444.4395600733442 2829.6078965354673
439.9224420423943 2819.438983473613
428.60331753613116 2813.3859096649526
417.3158672051318 2807.778801426442
417.5205827115556 2809.5508977098016
399.26500445339343 2817.270524577832
392.47357611087324 2821.6460861211403
384.81709270138765 2826.2569938479987
376.6884608329118 2823.600768114196
374.1571406409035 2820.112709712762
355.4704093886294 2830.400962109941
355.60093033863643 2840.9377519957384
363.4942213844176 2845.1668614706005
365.28434452706006 2857.167930548153
365.60230668441983 2864.122373438936
368.9527214703642 2874.8662685970608
376.65956129955885 2890.2490529609513
385.5430368395971 2896.747227953546
393.7708821698784 2901.41400831017
392.29584026618653 2914.05698456575
388.3622075751125 2924.30724584956
402.83928068894204 2933.8833954299084
402.1362220909054 2940.6403131135908
411.29682223740866 2949.8026698595727
411.5327533936791 2957.586015883217
426.47180011443595 2951.9249369425165
435.6402551185623 2952.947278928448
440.31185200326354 2949.8697095328107
454.6813319678864 2942.003684291995
458.73998467635454 2938.8287305248573
466.6083558590028 2935.508394023442
477.19838546637686 2921.811103873745
477.0573017844963 2913.1859177570045
461.91621798928355 2904.2808291245096
461.79891302155823 2892.7369057156043
463.28903695820253 2889.561819253954
458.8447138800227 2879.4760274729924
451.21327772005964 2869.974885550994
452.5944579727652 2858.614692948681
456.86423415356313 2844.3661236125527
443.59775176271046 2842.39552962375
437.6240237413426 2825.9351310308566
438.1583898033677 2823.4996129040633
434.07218154239797 2812.908893638832
446.9392126789795 2805.593738159869
453.43028249688723 2798.1881770479113
460.2439783052103 2796.290841719843
461.9312541952516 2794.1325296989257
480.5919232905866 2792.9494519726964
487.5929957395669 2783.1650432952997
498.0410614576323 2786.153886730341
500.16635910409366 2784.4244808508274
511.61375148762875 2776.4018231425384
522.6015160085658 2774.9873328802546
539.384463473457 2777.241933502392
546.1816169319244 2770.0438359701566
556.0675376013438 2770.902764047895
569.1924369830231 2754.548217400816
560.3244190240423 2755.0296417859804
561.678659440106 2745.518711959686
562.9788234777707 2736.0332938282204
544.8512766880376 2738.260140311739
545.0137420056794 2736.6252966973834
533.2404660647323 2748.291805109951
524.1002132054947 2755.7885099217488
517.4553175353954 2750.9236379162908
504.635322536862 2758.645632217979
492.9904644095476 2760.8234899370855
479.13327635845695 2768.0877321904036
476.4795250906746 2765.2209646303995
460.3931122171137 2774.270720892678
455.6510394509841 2779.235341252428
448.74733597932743 2789.2269977700407
439.8667483445367 2786.6377603893934
423.30596985022254 2787.391239566017
433.22121179685684 2796.856940208389
439.4933197325317 2805.820353216435
455.1859114540023 2802.280890552711
455.6143304435318 2806.5378776394473
471.4534715838957 2804.79264397368
472.5531501690429 2791.400701264143
490.5590209750253 2784.015179325759
489.3001981031121 2800.67692354285
499.60412053661037 2806.046822915839
501.1035873722372 2824.3041924354684
505.4920260399969 2824.5604399382323
506.708026930873 2837.217456657392
507.41507301337225 2841.325387036254
518.0561141227788 2849.602492728574
522.0605653981273 2868.0784360304046
520.0661846758063 2871.8983289152343
528.4015454878393 2888.332846578556
525.8340123609041 2893.2011803013393
529.8002592796772 2896.6797228665973
529.600939327959 2910.310132821056
518.2003480623614 2914.1526076969944
511.4819039836047 2918.9417482402055
509.76748836472484 2921.3426487429506
491.33418451865265 2923.951292677132
490.651847502627 2934.3481280807705
475.47524142968666 2924.779475975658
480.3393631882765 2918.635705080716
462.78944941229975 2896.9137083297996
460.156549325553 2897.150964810321
462.7146654885844 2882.3584696808643
455.1484360381123 2881.141580491042
459.9737848559591 2859.5217626218378
446.4862753577119 2854.800202419082
444.7522306500025 2852.7327407120447
442.1939719482332 2843.7629629109106
441.6712637276806 2836.8550320774143
436.01968656254456 2821.926771425254
432.28055822624793 2812.1557000772073
423.49292808580935 2816.867274895512
415.19911860600644 2806.319375140401
406.3426378520456 2810.9324710595856
398.97984190543207 2826.710050734931
394.9559639705122 2826.1213948052923
374.3374453104374 2831.1029885210964
361.37448585062606 2827.9197645224276
360.0133882629137 2824.09911618458
356.8601942251084 2834.5386394822713
363.7460066653758 2846.4189896203134
366.80280234906564 2856.514650718687
370.2217493181517 2868.468671831579
378.84121604925656 2875.4715219349687
381.0148059230618 2886.7333313252775
386.93778227412815 2892.6446870383134
393.8478704230076 2907.900723602033
388.9314453219967 2902.14528026397
393.38568259893935 2919.581354098932
395.80946979717055 2930.575470866857
407.34393434379996 2937.482877808244
402.27155856783315 2946.068965134231
411.4962353473606 2955.3586295448677
423.8931427843342 2950.4434685178285
433.627929489058 2951.3734410344514
437.5521929699322 2943.508908002943
449.38158922716445 2937.003749428316
459.0225341397675 2928.5145569743227
466.95185969060446 2928.7725044330923
479.80228159296973 2927.683207211579
469.16640557763316 2916.0671826741104
469.06702522060016 2910.337733939712
466.286750740549 2902.5114408012837
461.39796854210675 2881.353381104021
461.18443288804866 2873.0262942829804
446.309066389724 2864.8029261932234
441.4725657457836 2855.875102309652
446.53552843112493 2852.2281546621657
447.91950292086455 2834.8711711676606
444.3790603444575 2834.1284683445556
431.945899561627 2818.9957669210835
434.1709147573861 2800.993320794943
440.12039688002983 2805.8571843865275
452.40091955335083 2809.2984342949107
461.9393700177643 2798.72824652598
467.0663710456415 2792.4949742077706
481.9813118250047 2788.4644635469026
485.32194755446835 2793.8524697120583
500.03058727139774 2787.943945765577
510.92267953258806 2784.882617286643
519.2462915762216 2788.0655343319463
527.556879164703 2775.347887604155
533.5601783019824 2774.33845045959
546.9017169807113 2769.4968812269663
556.6421400147364 2768.8243469670656
564.4458269148155 2760.532657254412
571.9883616040577 2750.5273413448026
559.9997315440374 2743.0747006924857
555.9419886766682 2738.2188541876253
554.6083061998212 2724.9475381963503
548.2528139765352 2720.179465042604
551.6074366736984 2711.0186512346827
544.904865720749 2700.0229545631432
534.3137713248105 2696.739835802209
533.4392559678414 2685.2740772401407
525.6631125429648 2665.9706771713736
531.1872403225464 2662.3040611514066
522.9236497915648 2654.603237838579
517.8915363981023 2647.6336395166713
516.5453011856401 2634.8403754712617
511.8620499838112 2630.743625940124
505.7534628043259 2617.6413390259254
497.45713537044105 2613.8443513490874
490.6787802719073 2598.669928325294
512.0761022834653 2594.1657471851677
512.9453869772146 2585.836103330225
519.0173876645727 2589.6847295026896
543.924767428448 2588.7547695981875
552.6674751764239 2584.5703144921713
555.057717204135 2575.7196249389685
560.5566040632825 2583.1386126961984
575.4688568821101 2573.073243644133
588.6948173866548 2576.8549599443872
595.970553885823 2569.3096009553115
598.3141373856828 2559.723521319629
613.6597837529315 2557.0189748059192
619.3372622820302 2559.8183555115884
626.8182757075674 2549.294724275138
646.5023640861089 2551.98575899143
652.2040869711557 2549.203617529799
659.4518625761673 2549.3465829424745
675.3010679275098 2538.3425540730336
684.9825692883392 2533.736091807355
676.3949844692794 2547.9684760469618
685.6673832780199 2561.9047714529497
686.0951356039023 2563.1163768225306
682.6290319186655 2584.037020583378
690.0254959689108 2596.6446782052008
682.4889114471993 2601.543417087056
684.2188493328663 2609.600218877081
688.5405786365822 2629.71780735417
689.0406985265861 2639.765646848147
685.4380258088794 2640.832404276063
689.2955329188867 2649.3036087610435
692.4805570550346 2662.0222378755543
681.6612720678168 2673.0840581682364
677.6719841327537 2663.47110614343
668.1829056907216 2681.7881661069705
662.990978394332 2686.4364768718283
650.3299015468368 2682.2025748249544
646.5398483221967 2692.03849557834
632.5876773300076 2692.4750792486966
635.2833413130601 2676.701126256429
627.586707400343 2678.263858807265
616.9731555507473 2656.6887870591986
609.4189624983828 2659.720667686805
605.9426241125749 2644.8573178963434
609.4088576699147 2631.0122206335045
602.9624055765385 2624.8424937062778
596.1692201334465 2609.4918044719802
591.4716233921847 2605.1521776063123
588.1755151640278 2597.2035859634507
584.0468827108418 2593.4577931332205
579.5243955787778 2582.685978314923
585.7360011504763 2568.4204914350266
592.4860931668006 2565.8016399149014
604.5806056824399 2564.775693227694
609.0038091587215 2561.377922997185
622.5055436218 2554.8626071508857
638.2149249644195 2552.660103712411
641.6349157370479 2544.7527526897625
645.9447366673955 2540.76679884032
658.9972886729134 2538.020647442291
667.7701414786727 2538.30406838294
676.1377396317488 2537.00414578101
678.6137826941094 2554.5043268601653
677.9774439946398 2555.97980200419
686.5752886911623 2564.1819206928267
676.9360691693646 2575.590070418059
675.313983412724 2593.3421598903606
689.0700807761317 2596.7261626025347
685.3415023848723 2606.7166897688626
683.1772720024778 2622.2076984204928
688.6669229393423 2634.3649824218132
686.6279917316187 2638.030205895466
686.9214345571202 2649.7635443934796
685.4210006296319 2661.604797509228
692.7236883518761 2670.079357798139
681.2095836657872 2678.1226841057596
665.2559363658772 2677.8490171576045
661.869248812836 2680.453907487745
651.9276043695946 2688.6045109534803
634.9422114532215 2695.650142346146
639.743058248177 2692.729707707244
624.5340048801093 2675.9183522460708
624.5202430830274 2673.376017367921
622.5014658837706 2661.143639596084
613.0823788027898 2651.2103093977494
608.0175235046552 2652.194934380056
602.6953031363199 2633.2360268458588
594.6116426825415 2631.117678704559
601.0854407092644 2620.7528523017677
589.1509406665363 2608.9245806301324
592.6407727704949 2596.8274463970893
581.4094690518269 2590.234039942962
583.7059885981561 2585.659025822836
578.2845289761138 2568.865561234319
595.2739176078115 2571.582098052334
601.0384575939322 2563.2960603912206
611.8390661857167 2554.9809507981436
614.512402831118 2556.9216098472175
632.3156509717631 2554.2514616440226
641.9320678875212 2554.368646154864
649.1404923293561 2548.0676186057544
660.8941470797403 2547.0293751416766
667.8958207142439 2542.5620127955794
677.988255112293 2538.783216136191
684.126114919032 2542.9932859395776
674.6711090657075 2556.05259907235
676.6882457396796 2567.5551052218734
682.3448636770421 2573.435201871695
681.3951354754361 2585.186327276645
682.8936431104659 2600.178910511444
690.1493158325612 2601.105484365031
690.2750464862214 2614.90925591867
689.7350766238966 2626.5946524440997
692.6816711934672 2632.4907751213996
693.4566056243457 2650.350228957428
692.9985915603625 2653.904658990751
689.0860875376219 2661.733912690161
690.3691530955039 2674.417350336621
669.2146728348625 2672.814904564867
664.3784022699483 2677.9653246740563
650.7912149086256 2681.532229325813
652.2426076948528 2690.240542936742
637.6627241309835 2698.7920651729996
629.9860350347009 2690.4171008239578
629.5134956616961 2685.59869958382
628.1722057548974 2670.3946926754284
615.6393988187579 2663.535549379263
610.7068776537961 2653.7438654415437
602.1833432008895 2645.1681880528167
607.445891000543 2638.1586055005787
603.8547749674464 2629.348861151847
598.3450430309001 2617.6610010864247
598.6636208679425 2608.1240617066615
586.6294105206624 2598.543411822342
587.3322251196782 2580.7241956472467
584.6945087276207 2582.0244065918673
581.1568504909075 2571.5835187266384
594.169411157036 2559.6308660063687
600.8289773204876 2558.976048797649
612.7665537707248 2565.865413873832
625.1265219426687 2550.8777932579624
630.1726674889643 2554.356361056147
643.0687053713324 2551.7174608411847
651.4903083621108 2541.233794787801
658.7715118586534 2541.3519245958573
668.2800166661725 2540.9527397010374
673.4129044513835 2546.507819068185
683.8203780086408 2553.990033464087
680.8644239114824 2562.798008053954
681.3148834165197 2571.393254204276
677.9082649647046 2582.5788686418273
683.7087397496015 2592.5427359232035
687.4563111239792 2605.002048951054
679.1969760268541 2613.7503059779892
692.0571530645021 2627.7656447031304
689.0553319337955 2628.259665406788
688.2482489426849 2641.843851548754
691.4951063672468 2649.4947265970086
685.636799659882 2660.5876403421385
679.8251447035905 2675.450366204069
667.2730110568954 2665.8218646160026
662.4182805753378 2686.49688742166
660.5884592942799 2687.0063781812937
648.0681780391583 2690.0666384495057
644.0329273157348 2686.096682882455
625.6880561640245 2700.7595919926744
623.1805397953771 2701.720615772917
615.1537140939068 2708.9699121434273
607.4239883172559 2711.0221305616074
590.9713062345705 2711.5021004751407
582.7538312816291 2720.4050885993533
568.393887093339 2725.380556686568
572.4088133723856 2726.0638084592124
556.5707073238972 2729.973863764029
543.4219069624759 2715.2752833101495
548.6243752144898 2709.0760540030205
545.0454862640551 2700.140968866278
538.6076081801784 2690.7406252538894
537.3068593440265 2675.9659850570833
537.8204752079952 2671.043010845197
529.871354309117 2669.493859543313
525.737625339541 2654.8827609225236
520.1356668250615 2642.440113306551
518.4956424490421 2644.448475213262
509.5686942977541 2627.3305045028455
516.067158307587 2616.6051815877045
506.9940734218345 2613.779247148115
501.8977738314061 2601.510945034655
500.01550499804296 2590.0272520950216
496.8730796142051 2579.717195853674
485.61995312151487 2578.804126499449
477.4248446544589 2562.3136904695607
485.82919430551425 2567.3371651768416
473.72777292472506 2546.7238665158475
472.03630833231074 2536.18894955409
476.78251493773587 2534.302491107815
492.11885138663337 2524.890917206609
502.68336373810627 2516.4114693027955
516.3201180390794 2519.6523327958203
521.2476445458814 2519.207959399556
531.3657020492074 2507.41884810451
535.5552976440998 2514.322362831686
553.2463531311098 2502.885099186193
559.2656536441673 2505.434425182857
568.0730291546382 2495.8917907053387
570.8254577450358 2495.916934899148
588.5960526241134 2496.7271774718106
591.0126465915898 2483.037097287572
607.729691605165 2481.112973173544
616.7656665612451 2484.015806503034
627.539955856632 2476.787510481559
628.4618417757863 2473.6106198455464
640.4591641570915 2466.8618513336137
655.0817094481763 2470.4235122373307
660.1213951541795 2468.465129565351
671.4952189305942 2463.903261198234
683.3048384721321 2468.707002446095
687.6113508270118 2477.3494379605195
698.8033670167645 2469.662748002799
719.0665377374786 2468.9639338684538
725.7038174958589 2459.2824601060634
731.6996083971525 2471.2254038703613
735.3990466298395 2474.030502441921
751.8872695992594 2468.8890269373305
763.1893004466234 2469.550239719819
774.1650213013671 2478.45999805503
774.0931932187283 2483.220898046237
771.5942731178012 2496.6259977163986
776.9327135533395 2508.1838830629367
768.4521798334332 2512.8188586987562
771.2581714417433 2517.5268450682497
777.0522880811981 2527.5170550659864
776.1131718659335 2539.3964280524247
775.5570120882252 2549.4358283542924
785.516458969932 2561.19232809859
781.8418302662153 2570.4878350018203
772.25361175744 2574.747735410336
777.1930306928678 2587.896757718601
781.7483218035841 2598.854031214323
791.2364009421776 2603.6595878488997
783.4146914254479 2620.5810406379073
770.8128393611325 2624.304554742681
760.2012482585493 2638.2042924748857
752.7227527800922 2634.382717405496
751.3306625740369 2632.9897564844696
740.8155450353189 2642.302839723138
728.3681603986425 2645.7599634411604
719.4193606577298 2652.2440158638865
716.4446381750729 2656.913363130947
701.0816813678815 2653.623743361282
689.0375720045289 2665.4608140237706
685.2383191023401 2662.36459054255
680.7099861338521 2680.2482516548316
671.9771543606697 2684.4133319282782
668.3726774783853 2679.5812749428032
647.8380243913703 2685.9396279693265
632.645302756217 2699.9103928331915
636.993575875761 2693.750614213544
614.8964151833587 2701.252284771446
605.1720290393033 2708.8770335083873
606.811062145523 2706.099109798955
593.5868225003164 2709.023833267942
584.4054474970137 2722.8466780337985
571.9215191143104 2728.6862575451923
568.2394732870879 2721.8336553315394
557.396771119298 2735.076293353245
553.9313949323328 2723.9385558326294
546.9230329831377 2709.4204502070393
544.5753167689719 2703.747126419827
543.657269714297 2690.7472836579427
526.9760535801021 2686.451221564662
535.918299183495 2673.895571290305
528.4134628669584 2671.9311951426575
517.5157316425443 2661.273196912582
517.7412623793537 2646.486114723063
518.0253952199846 2642.5051407760902
510.9412654702292 2627.183413207109
505.997682153908 2629.4834925097375
501.31062854122746 2616.1182211185637
498.82180710816726 2617.7617900397754
485.6823328304029 2617.3406903875457
474.8177176735351 2624.0815006795824
464.49616057788495 2623.6220233530685
461.07252052251516 2625.10511299939
454.9094857414335 2630.4928359188093
436.34645795490695 2641.9481500183815
429.89150109140104 2636.7391670970537
424.09411204652474 2649.4852311541786
421.5295007168966 2652.910953282941
435.049363299402 2669.1022194624074
436.58725627675034 2672.7376271763355
441.38165507064434 2690.0220558959318
441.0648507877286 2692.4282354140755
449.8737512903293 2701.1476176473525
452.3337820234354 2702.4819671062182
464.5414947141732 2719.515702835329
462.54242887852325 2729.690770801684
466.53306305491975 2726.318654649942
473.28949845294943 2746.4881019751615
477.86185540124774 2756.901971682781
478.2797997278437 2763.7295925588564
485.9137113957078 2774.553504873455
493.9828010204016 2785.4243451437455
490.58464230062486 2788.6957360138076
503.40947360104076 2779.6011238745436
516.6243053114347 2785.172511993842
520.291950010272 2779.8749147933345
528.8188242150935 2768.8966940821197
544.2804428996344 2779.2585392653145
550.3626970716208 2777.7710831132435
560.3383542924056 2763.0119425893836
571.5382416462942 2752.8053222235926
564.6034684023203 2749.270364990006
560.7786709492309 2739.8865204539757
560.4855084129979 2725.79977144844
554.8311698175758 2739.52403019623
536.1284631739805 2735.750999100629
524.3381170437027 2742.5602688820313
525.391726586164 2750.639954510102
509.25297093136436 2749.664705866413
514.0930120899995 2758.630361964841
491.37225638787464 2766.3156917864376
482.0498410182884 2767.3396539376636
470.64048216097194 2763.97829220106
466.45745655964953 2772.9806875064946
456.7940785778868 2785.5946118200263
453.64555161740145 2787.3358737998255
449.33158609850676 2787.8693594089104
429.7283038735579 2796.113801166166
427.92172222778805 2803.614677819673
437.7535668665748 2799.7268896837422
453.54103433421517 2801.5434080502855
459.676887451424 2800.619122918879
474.3189367497768 2795.702822226643
473.5496288092095 2796.67539704069
484.9258110759445 2789.6621298464615
494.6664736942235 2802.437546055956
499.41487532105805 2806.2281218047165
497.3148861959302 2820.239888762205
502.56582588705 2837.9419411221797
509.7143503034296 2835.8143897018776
510.7293467411831 2845.999011480511
514.3705995841336 2857.0277546453094
516.0555972969021 2858.561247403365
521.3473378227135 2865.197492037499
519.1410003119245 2884.446877417578
524.9482959653855 2887.394504281885
533.5300900853441 2898.9055658302977
534.523741206759 2905.9743898294146
543.3000052526149 2908.8690125292173
557.3067573747193 2906.1934173613845
555.6970827742314 2888.098084381602
567.2189326022915 2890.4069468015755
581.1161841193029 2886.972953675475
583.0420902056633 2868.332708857142
581.6922076721893 2865.072121046715
594.5518071911056 2855.4931066864497
598.559018253602 2851.750851848652
592.7761267489451 2843.372834971595
597.2495674882412 2832.0069588304664
601.2223109413368 2813.299916606094
605.2685433431931 2810.017247925374
602.0617792597919 2796.6213244633527
596.4188566797783 2795.9648496737755
601.9722437419507 2781.4767410095483
607.8778037546847 2772.790072371907
619.88391640605 2772.87986746772
624.1980859845041 2765.834564332838
633.8462414414972 2763.648127654848
645.6674122235829 2755.8671982596334
660.3448164212971 2753.659105406266
658.9625965930959 2743.2767730535397
664.8723189853157 2741.0193135174054
681.8061169537237 2730.6180080528325
676.4638448657757 2729.3795711258203
695.3340115306855 2725.2009344881817
706.4830578989751 2729.8347059755365
717.3170406231966 2720.6385296136764
714.8124638194549 2740.5363568341527
704.7077826059144 2744.413527731399
698.6545266139232 2748.9663971035043
693.5414726889721 2752.697509310475
683.8458311996571 2757.467315443062
683.5163212957524 2773.4071225201055
675.3820312026919 2779.0587424482546
673.925372712856 2783.590207674239
647.3030237115611 2792.1506739048195
647.1202383479712 2794.7981279325827
651.1522589160976 2810.370005824262
639.387417453275 2824.347743518869
628.4589244807714 2823.232306986282
623.8595653301008 2829.5154649308374
607.4841155555815 2838.8870118357677
608.4207746665596 2836.628304572047
607.8846089574198 2851.932831502317
593.7246230602 2859.328461887874
597.9928665676638 2834.1341093550627
597.197027349533 2825.2956587098192
590.7632646756632 2817.138941577074
602.1247343459637 2808.7095913600847
596.8391787230454 2796.400730622806
597.6737807628489 2792.8056675063863
583.9272305505383 2780.085613358001
579.9124583005272 2781.6953569592606
577.8131980717387 2770.553588864533
571.1183252305975 2761.040002803985
559.8462966408706 2750.6324954159777
557.7773203955667 2744.245448840856
561.8163821738224 2736.5363315272875
551.6805193390338 2723.195786933853
551.8036344959532 2715.313468296489
545.7200579956626 2705.6399904103546
540.5301125363379 2701.488192560307
534.5284069548642 2693.2948540481602
542.7759152053503 2677.08264242482
529.802191819095 2672.924849329065
525.4463105168832 2659.50046427489
527.3993007991456 2645.712883579479
513.8030878710725 2643.6729410529706
512.2047408494478 2635.1469738767114
508.63039794426686 2626.261484763596
499.66434414359117 2619.5737040924164
496.7211386410874 2616.4259357642186
481.5498061805254 2612.545497790793
475.8272884502765 2620.1542831961156
470.0992067798333 2626.1192218693477
459.5482347367146 2628.0057515956196
451.23790323155526 2630.865172709253
442.54800476085614 2633.89596233037
427.1701484654309 2635.2801367431875
433.23698050053116 2646.930562010172
426.7784743348087 2651.100089333254
426.8387172148203 2664.5307716016546
436.3007219674654 2675.6135204257316
440.89953285613353 2684.371255605641
448.5890474536408 2690.1870211163186
448.78743488825273 2700.640010303307
457.01669269420813 2712.624181625687
459.6327960387625 2720.7369171481446
463.9074249061449 2723.7189113322816
465.21015801956196 2737.8021918703434
470.55486549856533 2747.9717641454563
474.81765713883 2760.370260997928
474.46005102226934 2763.596075000854
481.40514077712487 2776.048980391511
490.9126281600051 2777.142269196538
490.482319296635 2780.2406722393675
502.20913460635484 2775.910916179302
512.9332308237406 2781.415141015524
521.9800965429965 2782.760401154299
531.6059486512227 2770.990610374043
545.5767762850096 2779.696685101788
547.5947418860271 2769.5223085646676
562.7989576241646 2762.1662215654837
564.0999450164422 2763.2428199736064
571.6674040139263 2753.4648123932584
566.1881232665145 2740.120797674418
554.7512105710217 2736.8740939349027
560.8485853675352 2721.034183294635
553.8465998810387 2713.691752506588
543.3073012296884 2707.4767111114475
543.2151268167253 2695.885943518176
530.3105699793234 2685.006497647624
534.8662821337008 2675.8201138646373
527.3432711215379 2665.376796966494
522.3924093203296 2658.638884485104
524.8405109319468 2653.2087416628196
518.6699886198211 2642.3793760589697
516.4030869966691 2636.053530617475
508.8721197669623 2625.705205395036
514.0265301092082 2623.1488424483177
499.2395348964562 2618.9391756904215
485.9500384097054 2616.9546267667724
476.0520366378496 2616.9195041897183
474.63869519678786 2634.0834366876234
463.31250200100965 2623.8420726160493
452.35761466706685 2630.1177856907425
441.3945734593584 2631.7788241237154
427.1724385869647 2642.5367305366162
420.6344310769266 2640.4156237143243
408.12609408864023 2640.371239635665
397.6338989078273 2650.345352126185
396.11600228637053 2650.6168154340407
381.40606693162954 2651.426299160452
379.1744853308303 2651.331260558973
355.633961479978 2656.025267659924
355.4374522060119 2657.079455604151
342.7077797873511 2666.513477234024
339.3943191818835 2665.1174915861234
318.21975001395765 2673.4883232932702
318.8629291152635 2681.604393649984
307.6917904446048 2682.953385427578
297.6224149436437 2680.8084217209903
300.83014136920997 2699.6347605976384
304.03020969828464 2702.3293992343993
300.80668174012317 2713.698944340593
294.6240464395772 2722.5042240158778
292.9324344945435 2737.105976146341
286.39334968451726 2730.2192204062694
276.963914147154 2734.6512513217476
271.30539213820987 2733.6283886600936
247.83473631034772 2744.292080215517
241.36947760050177 2751.239937142006
251.41491565058797 2758.654549992511
250.51978323760383 2764.4017947493103
258.0741695092501 2776.115828600516
260.9650519213324 2790.307991088225
263.14550570038534 2791.7542363404773
267.63534419220827 2807.677203378887
277.2098328727425 2811.4476955459863
275.87147042670944 2825.0730136370794
281.6932733123378 2831.043373000684
281.8322979973442 2833.573418628972
280.96428410411227 2848.0131602238475
281.5613838055935 2865.224048477006
293.4720041570222 2857.926597146571
304.9517285837773 2850.356495889677
317.8352949164949 2855.189025177173
328.6298276243383 2844.583177546151
337.60724614603583 2835.6920771358177
341.1321138822353 2840.720418916231
345.7224969586918 2832.8443120243614
351.24351111858545 2817.6997618365554
346.0994907079576 2811.390476646719
344.56365636921396 2804.692868168782
339.75520637235337 2792.2532713084165
334.1239058757174 2787.9728048586253
327.1229801211676 2774.670664651118
336.2520683698095 2768.4091743832464
331.31254092424234 2764.043380506418
359.91274124471784 2757.6427704174725
372.57012017584844 2759.801960155163
377.445673744046 2749.1569872735927
376.07563386681477 2741.8589920074473
393.92120553062017 2747.2275391494873
394.2086549301769 2756.424003548505
400.3066179328223 2774.762613574287
411.14743706773464 2776.706698747267
411.7987625494892 2778.9381358367536
417.0977609941191 2800.787556880693
415.6792934310045 2800.375790543762
394.7948023056488 2816.054817047819
389.2455048405756 2814.8470502773166
380.4244317811269 2816.9818989247433
369.7325047845691 2819.788720747034
362.708991724098 2829.087296173369
349.77087818503355 2823.96694740824
351.2516746889671 2810.694402476109
339.23025277427394 2796.614153529547
329.35710274650273 2798.90406506106
331.7677264203395 2790.859679052642
328.3941349436703 2774.13374389977
341.33977093746756 2772.3376058246054
343.7346898103017 2762.424915634181
353.13719102743954 2755.493674323206
372.90800568381593 2749.5666533619838
375.8106411950404 2742.149460818392
382.57036270959304 2742.200662129353
386.6445910319908 2757.6264334133816
395.01954797249846 2756.043700576147
399.9517489775833 2768.6506240951608
410.38830987959017 2783.7793097830067
403.98763337818764 2786.4730754178345
414.7844064664572 2803.3930440937665
407.4513231568679 2806.1174620844477
390.8732807474625 2807.402750347037
389.78929272823297 2812.271582485839
381.2071196303516 2823.900335507354
368.5129883236566 2824.885751380568
355.37310310613077 2824.2993357449336
352.6733976286165 2824.568265462037
351.0651278132624 2811.034601756285
347.35260282037683 2810.2682388050766
342.98258442388334 2793.6071742451177
339.00138686252984 2786.989656939238
333.1943902380485 2778.651051155103
331.92512300439734 2766.0732102324996
325.8434640358844 2750.268604844904
314.56983642878447 2755.38872335889
316.70462868093057 2738.3256726229665
312.69255269233724 2736.115857667578
305.673047523685 2721.664136488108
298.4227645026155 2732.875718711098
290.0657596078399 2730.4906996168447
282.9633976759612 2736.8731648159396
272.4061081072237 2737.676705019366
257.93637494658753 2740.6673704949544
251.6862591098597 2746.251722756667
246.79752707497966 2759.134230713861
241.9376967557455 2750.3268528008703
220.69066664373415 2763.2330777847947
214.87374322387512 2762.1195205671784
212.82141408315522 2765.3912779135007
197.0929840704367 2768.7096724293488
184.36203367536595 2780.197141154567
178.45281538814345 2785.073316508353
167.57696254420895 2788.473117926664
157.55006838119664 2786.4706013570826
166.06171063771095 2802.73255973212
181.3253194383196 2809.664478743868
177.05079512844222 2820.3342799548964
182.73310337403367 2822.4115959584874
183.4505338320565 2839.415555990601
192.11525041276167 2845.769618270944
196.6782289583889 2855.5681176653998
205.02798302271356 2846.541083481538
212.25549370042788 2842.699786829543
209.49994304708602 2834.4597370896545
233.56007815191532 2832.5990266597496
240.84013918076855 2820.178902539119
251.89559104223463 2819.8980328761922
256.3267583344074 2817.437495887308
266.4606902355723 2808.071330620571
275.00898088431074 2822.5942498873233
281.199019551748 2830.333885774314
278.39134758372194 2832.9815382738334
277.97169886651386 2840.381830764044
289.4328672857169 2851.503050644996
298.4011182597529 2862.5412735314876
305.7999359934391 2850.7033204286995
315.63852588959156 2850.7495856689497
324.7099878682819 2845.6057434933505
333.1007747041909 2838.9743910373777
333.3656307644283 2840.165104562428
346.55836210497125 2829.290822045243
352.3913883783962 2827.3250356177314
350.6192920185999 2810.6090716897875
338.71888384811314 2803.401841775644
330.1786677438751 2797.601061295482
340.6861189669096 2789.0361567146683
334.76964606465003 2775.5653552421636
337.7179646374611 2765.6625061440536
349.980392648123 2765.8436033218923
350.6248574653932 2756.7803044720417
359.9218206919304 2751.7709454723727
380.46046807286206 2757.452996291479
379.9884044175414 2748.5289423046775
390.24420076504043 2753.278835142526
385.87231029381417 2758.9310597695708
394.3425980282442 2765.3147167371194
405.0305686164241 2779.704428640885
402.8907303907256 2781.92314744813
411.1216859482212 2796.3032557187785
408.90912942074937 2804.4354507080457
393.1454792296639 2816.658764453696
384.6002599843319 2810.4871830030993
381.9639542824361 2816.108138790661
372.18185820025207 2824.8481462415216
361.22760727544085 2825.716211312586
362.2532959262253 2838.9478355215756
357.8778335374592 2849.6257004506224
367.74824392986545 2859.549490585667
365.854955664402 2858.8146662201684
372.1128111873687 2877.4280089818794
381.98997161834615 2884.753069248512
377.40486409732557 2890.877521652919
392.00663666955785 2892.376636230905
386.6869050989375 2898.596093766314
396.17701678198074 2917.7253739107136
396.70206332006467 2922.0308968639547
401.8652193937561 2942.8359434672134
409.19731963990057 2949.5299221041087
407.6235395171179 2951.031936071724
422.7521156836598 2953.4380395295016
428.65521416216933 2948.1122649670715
438.01774348449806 2949.372660846418
453.2317892607465 2949.015532828279
460.55898952056606 2941.156894902632
470.62928390922207 2935.3162648374855
484.4786070069591 2934.5108924548667
471.7640198736841 2920.854593971195
470.17766741199387 2912.428271895628
470.17276279267276 2912.656343769402
458.21022544986164 2891.5200680432367
461.4266161886753 2882.660566466261
454.6958964134725 2876.3006592159018
452.0743649875449 2867.195749322122
447.8539010261332 2862.7106912032086
446.02915965153215 2850.490064890922
444.2178960585086 2836.367286464072
439.919681200277 2831.5223810479515
434.13331268214847 2820.3974001385836
430.9684062175396 2808.31202253231
439.1929193849172 2807.1018822127517
453.2205695279989 2803.794094534832
453.17728353780427 2796.739238573746
473.4702568970372 2791.9216204093423
475.506382280568 2794.780863919839
493.8720633703117 2792.890636817084
496.69358513900755 2783.4080110478817
506.3237200647818 2780.139810070977
522.9476350194838 2779.3454019470837
527.8425615208347 2777.8393595061925
543.9454909593517 2773.6861703485424
542.7662407320487 2769.9772192573228
549.753932090199 2766.1549519415753
561.7978915195248 2761.035704911331
558.4925905072976 2749.6216465570433
560.8895245269221 2739.4357634328912
560.7383183014896 2740.060962807314
556.6665470226942 2729.9340412720117
547.8998569573014 2722.1415145069686
546.3271256246586 2704.848490029696
535.6131875408714 2707.11485217187
539.2513530216692 2683.5860422089822
537.3837143885952 2682.1242756548845
535.6124062543308 2667.07234863147
524.8022549612261 2657.6892356284557
517.5937612310074 2652.9193238398484
521.6499761397289 2643.519447679637
512.8017988259552 2639.6895910487287
510.30456523134126 2624.4914569936013
507.9550987785729 2614.571807503524
498.49251287432037 2613.00349856203
486.7597678195972 2615.8953928333517
483.7677421300734 2615.4616402237452
478.35484323005073 2622.635194934151
456.8053135119968 2629.1764336517394
442.3942006032236 2623.369073285576
435.94909486087903 2630.5521920313813
424.3346623058478 2637.8945415705266
431.44052328185376 2645.772413740899
434.1037489113447 2657.0040385906977
432.9988739728236 2658.9941172587096
435.3965366857293 2675.687176902366
439.7297819398655 2678.520248251062
447.71213110648836 2687.6073227726233
447.42601759579406 2702.14103220741
457.01883524606023 2706.4755375753725
458.6590407103804 2722.73995764852
456.1341674516272 2728.983430793839
459.2786972438711 2731.6444150094267
470.8188001550525 2740.956712528355
469.87245819987055 2752.6321226903638
479.42805067555895 2765.764206650979
483.832132625834 2773.462618726023
482.3501618615874 2785.49019214693
487.7835892643794 2794.9580646707414
491.3841680346821 2796.2728119764847
493.5164073191983 2813.156742882234
502.27699660617276 2814.1951607275355
505.3592422471176 2828.4138722682724
511.5045763102579 2838.569937497126
515.7313818853677 2851.690330065834
514.1991359363909 2850.401486240688
517.2741908486323 2866.1158066192706
524.0187104394939 2881.233350352094
524.5659026819386 2882.952757922397
526.1953676812142 2894.392597990905
528.266125832875 2904.97465985894
540.4991718670697 2909.76041100853
546.6265495292281 2903.876310974671
555.2271903439913 2896.439907886878
558.692014416682 2904.6489923900485
564.1083746666812 2893.4134812014318
576.5395776818542 2882.0337302422276
584.6066459338043 2877.7892452821648
592.8796850497638 2866.363460025448
596.9104247356465 2851.242986837594
590.0075150864611 2844.813704790264
592.095881789781 2841.7842617591823
594.6783692190133 2830.1875293985095
588.3523185441235 2819.27702045276
593.0166407775376 2814.8444784207186
601.2166056317401 2801.090044614207
