322.807994195945 1847.7047824305946
325.0377483504853 1837.3473585177815
320.1754543964239 1816.6358496491348
322.0041035597837 1814.1096765009377
327.8565209097353 1803.2731835747722
327.1921061820688 1789.1648030165093
332.3999290398706 1791.147139218342
322.478985006898 1784.0301776857384
306.2932760104769 1779.5793587356634
314.4657522922324 1790.2105207139932
309.35311176824916 1796.8577165699855
306.4480932281625 1813.9800811807047
298.8252141923533 1812.4085246129353
308.25276560685967 1821.9108631942856
304.6680782224376 1835.1242909612322
314.61612921251094 1841.5363759896677
317.62051417096393 1833.8953464454041
324.47767124494743 1824.376369663567
315.8212134712875 1810.6015346528459
315.5387739055787 1797.5757846073855
325.26640694440164 1794.2148667692807
324.4856296762933 1781.8663412487344
312.39722988216647 1768.7946934300958
303.79930984285596 1770.577528070344
307.7969330877518 1785.255917625453
307.81495328987614 1797.0954025392132
305.6127794819527 1802.9610467358202
306.8852536417348 1819.3189026873802
308.14267864883345 1826.662056842736
305.37201903514506 1838.4397226297326
307.9891192779478 1844.7044218253927
312.1473104138107 1838.1120448542902
317.0862987571706 1819.771744075601
318.63067451339407 1821.3093153961984
332.79642118195983 1808.2262841850938
319.37818576825924 1801.3831962025813
322.4497746858577 1782.4991172298794
322.7407831764401 1778.6004754239839
310.767852266801 1769.9650145466567
307.77730651147664 1782.5039073165733
308.88238169929696 1789.835405181588
300.32386780644174 1802.5732541089255
301.3484957671713 1817.708358869744
304.0276006013806 1829.276002846247
301.4629900571445 1840.8163402766588
314.64431057310185 1835.1362465839811
318.82843122800716 1841.1564876138445
322.70519233386966 1832.3797017182676
320.2546455995711 1814.2870429123452
327.469176409762 1808.121891957078
325.9464505992972 1793.5599489896535
331.34254105093464 1784.8808742943809
326.59231890399536 1774.1979956860653
324.41806402952034 1776.0026429835711
307.9509106186376 1784.1684377312245
312.31143714373104 1796.2952537291885
308.11454800729746 1798.1353527805
312.05566237573566 1808.701964834322
308.1077878286497 1820.7327112856456
306.3355977609619 1830.9321493181683
310.5764608840257 1843.476748578987
322.88880759661726 1841.4970796548093
320.8806023450454 1833.8184920512244
316.94147803169705 1825.9197549145472
324.73775424311697 1815.7776586861146
329.54432642009607 1795.4787132538643
331.6132210628157 1792.4236405637657
318.96613824454647 1781.815135593993
313.2801332180829 1776.1789732091747
306.7313135400901 1775.7495363591963
306.2725920864393 1783.9565982389647
307.4663291105454 1801.143848509246
298.5861451077524 1812.2225038336087
309.9891822417455 1819.8552678824983
301.91119769962734 1829.3819191300634
304.66114827657145 1835.3322482310807
316.727991713797 1840.2724953982772
317.2267687537741 1834.7947025714427
328.59057447178793 1820.5553962945855
328.1197217112934 1812.3538517641691
326.0562754441043 1804.355783169523
325.2580995714193 1796.6981928083258
328.7457888784556 1780.6495094738657
323.1615585846435 1772.8423571217802
308.44805821634395 1779.995973967694
315.07182104374533 1785.6194059665813
309.1770580722918 1795.020532192062
299.2572529990018 1807.6092125935268
300.92342765341556 1817.6852754886022
301.97489809368153 1824.5672106210422
296.43335668554516 1834.508532032108
305.1656757599307 1849.7197536452734
305.5952498931206 1851.8866523210331
299.0521847663555 1862.7608553159332
288.4653988199875 1872.3157879392998
279.18187195230723 1875.3293204612469
274.5768406640594 1876.8649211361699
257.60906880259984 1879.3737552802281
250.11233837855966 1865.682158185873
241.16448347478865 1876.7185871029649
241.94470091707606 1887.3452158223843
247.0933776429354 1903.186271765605
244.33429658696733 1914.8043059440834
240.2897247933256 1923.2597898525491
235.74466907287825 1936.4103571539194
246.28053077508758 1940.5301505126927
234.3247063823709 1946.2661792736221
219.02194721637554 1943.3950323470576
208.1523875415702 1943.258858807439
193.95548694703757 1943.5083344839054
186.50670699510042 1936.6361804029787
181.40869702267378 1935.6798711322324
165.33719801714008 1928.171931612835
156.93764568428014 1941.9496363283183
141.0623133794036 1931.4561533221013
134.46096020644254 1946.2999538411361
125.60391599028388 1926.9536938418807
119.1082534155508 1935.41225899847
104.3163984873638 1934.361634077492
107.38890016239792 1935.895342425051
106.49434930480383 1951.2238038931762
118.076431924147 1950.134947363248
124.0305444475855 1958.8273169590375
132.70429976582074 1960.4734449005111
143.47391653749148 1962.5159129507513
148.28218841723745 1955.6329372855694
156.7829633859793 1960.3908928514143
162.51721436584072 1972.9622623404139
169.08065094263884 1974.7071773951898
162.31386468420342 1985.9340436953078
158.5154123497551 2005.2304511218424
154.9722169030184 2013.651854594979
164.2034850089044 2014.2677551193392
147.42947965848182 2024.5044152827036
140.34550173212875 2024.1076032492929
130.22587370027185 2018.6426876853207
127.24422173854934 2035.454123263265
126.35260643254263 2043.4340276255273
119.77173085074072 2052.6427271326834
123.12334398391037 2059.5816409711856
139.27764326512687 2056.8929090537013
143.78946701259963 2061.076634696748
159.08004250022208 2066.998551230642
164.50749350012126 2065.2054851657654
181.98961143243167 2064.537461652435
180.09533496171449 2065.9766800348557
194.17431584477433 2055.213856854303
185.81687901354508 2048.4220637879785
188.9336194760332 2044.472399745081
207.93179533247934 2048.038729262806
217.84139710921025 2037.9607684089265
217.65414795647177 2025.3769854586349
216.0560742384441 2009.7464653241136
214.2119973902728 2008.306329623254
214.66397617029935 1995.407577247174
222.52397073476052 1979.6041835224196
225.9460418358846 1981.489617194985
210.5276841723729 1965.7216706410402
207.86121250469367 1963.8954676001144
194.6126280457105 1971.199824870865
194.59324692254012 1983.6423767436681
195.02598289475554 1993.8368837842763
195.82410553466423 2002.6366429956668
194.92042220714154 2012.9487388921088
186.91000961010377 2026.5819719847739
199.39533522043877 2033.7261092187337
190.25359427899673 2042.8136137879608
209.17821713813544 2041.7872942082986
210.27647804161452 2044.2597645018068
213.70563563019445 2042.3815712895844
219.5588597504998 2023.9056948181787
209.11224900680446 2019.9240940294524
218.1216442640921 2003.861313860956
218.21459356259226 1989.5605388185022
226.86361971041802 1981.2538666514424
218.39825835872122 1969.929377272442
220.99483322748577 1960.4007999191347
218.06639027841948 1959.7327394844617
221.9926102479176 1941.5967364378698
215.3367035376262 1943.1642458948456
195.76244587507674 1941.1708779793748
192.04690559522197 1947.7030809945604
179.469675918339 1941.9592316030926
163.1177522908287 1938.2342451573459
162.7770631526315 1928.3384556447904
155.23290228522188 1938.9403608665436
141.4999819404666 1936.4350334186995
125.13441668435938 1936.7530797259358
128.65050387162165 1929.456040867515
119.3301223290199 1933.6870467806214
101.93908531286979 1935.562774337804
104.67993087243012 1951.8103127740299
108.6224737429749 1955.5073434569636
121.81866957389579 1960.5887769517121
136.3885532309066 1959.7429456208995
143.11472242822157 1958.077300260019
147.64747447569428 1959.6713776791248
170.1973867715684 1956.1922280141287
172.19159695178186 1963.351380743488
168.87456208426823 1975.416183285392
170.9234725335866 1986.5096097386993
162.57572688362035 1999.984065534366
162.38441497831954 1998.764639861096
158.07305638804002 2024.638183165451
154.0374598762183 2025.4772179178397
140.16561386070424 2030.171957557618
131.9811229675933 2022.2266976905241
125.16646106402808 2028.4920079302203
120.38536881640515 2040.0934686488538
125.65595976821719 2044.3190356880275
122.81366447660479 2055.714007224797
137.79217330154188 2061.968723525271
142.95963361192815 2058.280260505971
152.80975894626013 2066.6821594710386
157.0333163032227 2061.5097765567984
162.03730513406038 2068.6843383649966
184.10772323525813 2059.137064542275
193.27046087932973 2053.7776739516253
194.09034480044718 2051.2606745183557
202.26625265730155 2042.5014745450085
211.11635652377512 2043.8949011189618
213.0726251690022 2054.8373785078193
211.53063620405402 2064.402397426816
196.03467659396702 2073.179345479926
185.1389493633094 2065.74591512312
187.6244062841826 2057.305073208902
196.0917186676039 2039.6770990069897
201.76049525232276 2048.3938104280596
215.7687786193513 2044.0455110764406
212.108560905183 2039.5950575581292
217.53104074916695 2021.9838331425922
208.47761030418607 2017.8965271183995
214.77128994983474 2004.6767380092306
216.45481912184005 1997.5589139149247
214.8816466310973 1988.0263197522831
220.14051684005258 1982.886961748193
217.71763962179332 1963.2386787241192
220.9903703205904 1955.6779522529139
221.85369456435822 1950.168336152233
212.27939286081448 1945.6134136965782
204.8322877405069 1939.911795148532
193.7178782330219 1945.7596271910656
179.49141048338097 1939.382332748397
170.18321589025751 1935.0277449435353
162.41837794473534 1935.13424469762
157.73481392930435 1933.8455922948638
142.94477516830622 1935.3546542733038
129.33551671370074 1939.7386191997718
131.09829264396268 1933.3579444702627
111.2474229780509 1929.831975553031
101.42245277086599 1937.6002326175458
103.24716127336698 1947.98685618541
111.8949067630132 1952.1702366897732
113.2820272322271 1955.3285988206112
135.60640361680692 1957.7771739450297
142.95680462858954 1961.2702445035934
150.0590344570583 1959.233959760587
162.87308154387495 1959.8777981247322
169.48040651357368 1964.316855815303
160.86145935373784 1973.0539788468652
164.5338975733474 1983.424447355977
152.85543738418664 1997.0430840419817
166.44345528068288 2007.1079806096536
157.35448110848566 2014.6904579967515
156.5866917788836 2021.6130361440867
144.26661468455666 2024.1771061214636
136.159716029735 2026.8542844385086
129.75897595942334 2015.8656308616328
125.5749244050146 2033.4685654552052
133.61140184192806 2049.896723870035
125.65155669349197 2060.9401752894933
134.35594741789347 2062.7739185897585
140.589382292988 2062.0734493575046
149.73904538836533 2071.53131678327
161.68065634972712 2066.0157355133365
172.73989596217115 2069.67577435052
183.66484744670072 2062.1157999462052
179.6550644994791 2057.4835421486323
190.40634097566772 2045.1657728280773
203.60368570212262 2050.01887420514
204.6145753026627 2042.9967891575359
206.42872926914214 2036.4711652388605
215.6020609440692 2032.729245768214
212.81489068095564 2018.7877096908337
218.43283931898387 2001.0025323527793
209.96132102925245 1996.8300341248028
216.26141432410463 1988.606720871521
221.01896571232993 1977.1589601131568
219.07653601932608 1969.0469210308338
227.94123132763292 1955.5236446828949
221.20836856295244 1943.3756975669519
217.26229993678166 1941.9306008229871
201.33808630684013 1938.912182471177
199.0990666687001 1932.635080229981
183.92659164358756 1934.2817786111718
171.36139343306357 1931.9852520826178
159.03082858087856 1939.1610381452513
159.60357775611055 1935.9423229426943
145.85833569653644 1933.2924963851083
135.56833755925274 1929.6408862184853
122.8004784757602 1930.978268112027
125.87709672313477 1931.50181385714
105.27709648966066 1938.6652248932783
94.94196912872619 1950.438170571707
107.92507405338574 1950.1949607935107
115.53075097967347 1956.3418762869242
124.85328717009853 1953.6502372451657
136.95167771128865 1957.607317571241
151.60664228246134 1958.432530570412
156.09642988134613 1957.8110059243393
166.8201343398081 1964.9757933466979
170.77204051435768 1981.0121477633138
161.1689963687084 1982.2856144232221
161.20056339922468 1994.7751777980377
165.15076076956223 2006.2122106918503
167.86871177736367 2016.7380401132166
149.32428804617754 2026.8782655689724
142.64369525350838 2025.795184990956
132.55585433115758 2021.691086004697
121.8103748383734 2037.5651086749394
123.68613334578949 2032.5373795064913
120.16827321474224 2042.4281786147662
126.19435329851237 2058.26501593498
136.70116206851424 2062.9105884587716
147.6870314932787 2054.33372121058
156.57812018624435 2072.9904678408575
161.25609233746763 2063.3028671172165
180.75840213983884 2067.9657898440787
180.0896340353757 2067.463355649407
187.87180354823673 2056.454260148737
189.08165134401435 2052.4309760847477
202.28048841339634 2040.661379906163
206.0067135961843 2048.2843929799938
211.22962488327408 2034.215899832815
216.89648003376203 2022.3921733469326
217.2796561943726 2018.632223768973
214.8579404425882 2012.8262860224204
216.68118041132797 1991.9989601623774
216.4865039506611 1986.112475077366
210.99860240165515 1984.3695594436376
209.65000912132714 1965.0497306240143
202.8039384816717 1966.1109324754177
199.40508749656763 1965.946438283603
183.49195959491823 1958.102765189341
173.87400843270794 1953.630470349717
171.31927090258247 1968.285603623546
166.75617084408447 1974.0373917257946
167.36324527903358 1982.353633206002
170.82360634563378 1994.4565938725993
160.36142269778642 2008.0401349142508
168.2140641686166 2021.1169321209481
160.07979057462427 2023.4818474083565
134.73332503248446 2017.7362306888672
138.33897435455953 2022.3390884285373
121.47239477877224 2025.3441011102764
124.68877353481388 2040.0136736986085
119.63351428397486 2045.6022791354076
119.05850368377753 2065.5362849357584
138.0955841712582 2064.3667710849404
141.28508036942875 2066.5874385679
153.67073265282326 2072.764268041631
165.334511278455 2062.30433018154
173.13964021552482 2071.113677651497
187.74650191819433 2066.305665669477
194.3690662093162 2058.681438955919
190.98623845909637 2047.7988497200806
197.20048037368457 2037.1099730602061
208.59518173921333 2043.438879736224
212.71009021667103 2032.0036660621065
210.72697219026028 2025.9482273690553
213.02412427010884 2020.5510127355722
220.20274420972356 2008.3276447803019
210.94027319298004 1999.917642126069
217.8310579503292 1991.657785012731
219.01685543567774 1969.1391855444012
222.0774540051888 1967.1051490684704
218.23716824272364 1956.9495470901222
223.44070238611835 1945.831929114068
212.36312931215338 1941.810611956723
204.3178381379453 1942.9520139212768
194.25977576603395 1939.75788291778
180.99339086882583 1935.4933042729378
166.81391230642623 1936.4187120875868
166.17814951756006 1932.8598975954853
155.00397978907304 1934.8689164733003
137.0001593313162 1940.4390763591273
134.1907227052163 1940.5236256344863
123.12589380180303 1929.5528990810658
98.7153755136917 1936.4126644599319
107.09101369019494 1941.747440265845
97.77023738597438 1943.884028146461
108.86842725104502 1957.0074200070073
121.29629119583204 1952.3182830724156
130.98849402518167 1961.6613274532342
142.06139837985558 1957.0594328469633
149.84491904479256 1959.7621071448061
158.89113994667076 1963.635155409326
170.40404218235693 1964.764266605037
164.41475803715255 1974.7538586167423
171.2499143728765 1989.321741564705
170.20301978658523 1999.5279838960855
167.03969018265767 2004.0454247396353
155.22270706081267 2017.7475733475378
153.14247914893036 2024.5167188713035
140.23308326369127 2023.569815990366
136.83329180719835 2021.5484820668557
121.48803168362397 2032.914080152363
127.08823663354627 2030.99229120549
133.68201243384794 2050.4385584789716
124.53217027375075 2057.1859905260935
134.31157977012688 2060.709416488419
145.93789066690795 2054.376533920024
153.1427172265853 2063.1526458467524
167.08553537810553 2054.7599305347267
171.5774034070152 2065.2949674036086
181.73790107414086 2066.909128803858
192.0878011962755 2060.0496696843948
193.09735984553666 2051.7962301479433
198.16486158345836 2047.7879251530221
209.8376091937697 2050.1325484931103
210.7798443677543 2033.733742765136
211.48454347240354 2024.2881141399587
207.3341805421821 2012.5943393750838
213.3079773454551 2004.4314813055157
216.6039090272815 1997.1942863538725
221.36677833776753 1987.4262713849785
215.96698627270445 1976.5915266835173
208.47244091671732 1962.2492432183508
205.33312526761915 1963.4305498956871
200.34753812121383 1972.7221315571335
198.90494915160096 1983.25669346183
195.85614755582276 1995.2912685267481
197.81363061788667 2011.5557595822545
192.29312355284833 2001.0431796656644
192.08187246422955 2019.245446063857
191.14479102822276 2035.3334763790317
192.80772904464575 2044.9731003964257
203.30224339832935 2039.7888918009935
210.01115531145598 2048.6470064228315
209.21557869435088 2035.8354157885537
214.14102905985874 2020.1095555908887
215.02462060810606 2017.4861040769567
205.21004820396473 2003.6170747347387
221.46246078076993 1990.3971056476432
218.14841818462065 1983.4604897186298
218.6273406162171 1971.2177262927016
218.8336610345389 1959.7131034424324
217.8059082427374 1957.4605208638593
218.82734053189913 1945.147572446206
214.08748056761473 1934.6487510082768
194.87067435307378 1938.2426791324976
197.71852743361524 1949.5571449914662
181.76474543021578 1932.7728673347476
170.9816776841605 1932.4998965480368
166.9113543998988 1935.6875657670905
154.147494173299 1935.0716432498757
144.541251444413 1932.829208315921
137.9801211439513 1931.071426945367
120.58738823296042 1932.600654663074
111.8195652284459 1929.6809378113576
100.78964341205113 1939.8351083625316
103.56515853996879 1944.936515680725
108.00833688881019 1959.2957950948144
119.49960236118737 1959.8420891989251
126.60921539076047 1947.921810888371
132.9528683353399 1960.956600262367
148.18957337015806 1954.4314692324836
154.7471570408368 1961.1661206741433
165.36723409798356 1968.7023444675642
171.86582887734352 1977.086036222719
166.37494024312815 1991.0703131121647
168.24392675483867 1993.453955288081
164.77401686132714 2007.3432142417678
163.9546368596537 2019.3375001614563
156.76051394728867 2025.5185104099892
144.54611068721232 2018.1693498131522
131.72986266578937 2025.4011659900862
125.03405683257226 2025.3707463304302
124.78563440899286 2038.3075542194615
124.01849421234036 2050.3715679065563
125.52851428511596 2057.151594625895
132.98122526198 2059.310244215065
144.3962867868016 2062.7678395632515
154.2929264811129 2073.227023867472
166.20477176522945 2067.2766409421065
177.72109729847236 2070.36391571969
186.23022980492567 2066.2025852670436
188.0495505727984 2059.912990526229
195.92359552916008 2055.8286603523034
197.63780643262575 2043.5067321100614
206.96090895373842 2050.4634297330626
210.9042455697325 2028.5183869568573
207.5556947968741 2022.829408696434
212.1611853609212 2021.9524693233775
218.978105901485 2010.5090267475898
212.28893296205513 2007.6909925800362
223.31608415569244 1992.360508053499
218.8663147173938 1975.4846221074586
215.48019588272533 1967.2681305163132
202.86638060997237 1978.38188201162
194.2057427627489 1957.6907983279762
185.91712819040495 1965.1736798312588
172.3086989767683 1956.340976934935
168.65475398002675 1963.871041786398
166.60213103499325 1978.5408968088693
162.9074732865041 1992.5950248016056
160.7277900097303 1997.2205187254249
164.2710353842949 2004.7031330688537
160.85105233955093 2013.2092345195842
150.91147992742424 2025.79257930861
138.05467750586283 2019.9253866230304
134.5643756230908 2019.994022871567
123.11212564339561 2031.3866534155268
127.42318109334904 2043.6709271786838
119.17033974958184 2054.6306388480493
124.60034505916269 2054.985695906191
130.09382304928369 2061.041327561929
150.60404531684085 2061.5157663944915
162.6516246508108 2063.1040606378415
158.26964762285988 2071.3179286275604
176.43565218355778 2066.5219068069478
185.8692368631081 2065.5260980218513
187.75465724837798 2050.9689149257156
196.58813608877014 2050.527023981704
194.01084287029673 2041.710828228759
206.46549005295282 2048.2130205754365
212.68059344226 2030.2798693110788
212.00576822624294 2023.1873252741127
213.34081446461772 2008.7020361961713
218.802457847102 2007.625754722161
221.10020040406755 1987.0941426132338
216.77367230706642 1986.3740257065879
226.27499681187405 1975.7744610694776
215.65892615395117 1968.2723832794143
203.39369748657958 1967.338540451433
197.91177055845506 1981.3453735819446
198.07538342724504 1979.9753436213211
198.9858008229225 1985.4433969412455
192.8592962658207 2004.5843250081698
198.5089324646206 2017.5051307518295
183.67300508287946 2023.1378065542995
190.24645522395545 2035.255794832617
195.1742956180009 2046.2786459887277
196.7624230925699 2035.2661422350727
207.55877880856536 2041.5138386029741
214.03465596410646 2064.2297720265437
209.49713673275278 2062.342093019073
201.9288910408428 2069.7798869613007
193.10603387290513 2063.5520201562867
189.80133380113085 2047.1669318060644
188.9814056028071 2046.8445017166434
196.4715130420703 2043.4443900188407
212.6784552865028 2044.5472182066164
210.4103945063721 2036.218667824534
216.46768489395464 2023.6240590298926
215.15908742263184 2015.2120911553684
208.6284361151169 2003.3055614666785
214.78971989320993 1988.5894656118653
215.66465180905308 1977.03569654265
218.43209683757928 1978.407660244974
209.84573549829045 1965.6226685769327
198.50380636590785 1966.2654732153285
190.84101117711916 1960.094185120691
180.45582828215476 1958.4548615578137
177.2541467589721 1962.3095254000814
170.93610512828585 1969.9202631443582
164.55294477652546 1981.4329868787304
161.84212630139353 1988.8286547248524
158.7329742934117 1992.800637401984
164.95039360899125 2007.7422992580637
155.73764313497793 2019.805686422359
151.39277623859067 2024.4384368537183
145.67218786534627 2018.2503796570156
130.78214906948503 2021.8345503307712
128.61941450301424 2029.6994521793815
127.57883679932387 2039.8169474454885
130.46894696212567 2051.0356035106647
122.06219825227467 2063.0244059912247
136.5887933645244 2060.862913053665
150.35578248889425 2063.047170036622
159.3770515436277 2059.4486324068052
166.67930567694415 2069.8457640748884
179.42786356637038 2061.642152287188
184.57340499665477 2071.2787235523515
190.98659621042762 2057.9728293760577
189.6994603191411 2041.4972962293427
198.8706653752884 2035.1213155362461
207.48253416416426 2043.2582635542828
218.63444818438919 2029.0408789223561
213.74322366640328 2028.6902983397642
215.47910465107256 2018.86280887726
214.31073335588363 2008.8759196561005
210.96217781465683 2000.5532939218483
211.71430012376481 1975.2386941278496
218.5841118324391 1975.788963884332
215.24192055057568 1960.1924773462097
210.27384147466066 1960.7337283009263
202.55871671625783 1968.8292637333689
196.19401211377823 1990.322223858655
203.11793735468038 1985.6732219629907
192.80478080425036 1996.2200573411478
192.31794295815266 2006.8401152095023
196.3774176605099 2032.1529845652426
189.82019603922916 2029.3366301987753
196.91807261693742 2038.9356371573742
200.582603859467 2048.0476426730315
211.1424719064885 2039.886852193123
217.83470611391618 2031.9467757048394
213.48527390157835 2025.148630338335
222.0861335606437 2014.1913997814563
219.21478954736546 2000.4993610789168
218.002515712883 2001.9786165567837
216.8906649454953 1986.1829353535989
217.4789164737998 1966.678055590828
214.76711637530295 1960.4944177199905
196.06996244768092 1968.5895417138627
200.67907187190573 1977.8578766342398
201.57410887667703 1985.6456895655906
197.45144149479873 2002.2170380680632
195.00733776096007 2006.3493193324061
207.09508144930297 2017.5709687469205
194.4398731445811 2029.4994239411524
198.6590003185391 2032.4985292759698
190.86252693870406 2046.301590360217
199.1754793648273 2051.3200591165573
203.31615364501212 2032.5461906476135
201.37018338713244 2025.2273543793772
215.45673172567243 2015.8158602254605
211.64299421014053 2000.5296289225844
220.1772963203953 2000.2247864575359
217.83795465532282 1986.302577252718
224.91387573475416 1979.048309659404
217.91984344560166 1963.9934466471302
213.31492482085173 1961.9264493061492
224.3105087167294 1942.3969106829306
221.24437720258555 1940.5086927253863
202.12517812354625 1942.9074902566365
193.48851649382263 1941.8049720593986
185.69992908270538 1937.634718661053
167.79236765424832 1938.2138327289408
170.54825232327659 1931.921257485388
158.48719280954103 1942.1758155881435
146.34770881035132 1931.5558127875852
140.38356577310424 1928.097923391055
125.98337532910448 1935.5811443802645
108.99444969944199 1928.1836020974374
107.86647830388759 1930.1948010729259
95.18183099133209 1941.5929067331986
111.54750936723484 1959.2669221793556
124.43420373794464 1958.658620292468
126.9536100880155 1957.9622281850923
136.20848405411922 1964.2657275717468
154.395954356381 1959.6281905392968
159.18878791643024 1950.6802284270668
167.99217878175347 1956.2474047879834
174.01639510917795 1977.0882169448803
169.00317008297876 1981.7265803487583
158.5631823695734 1990.6920120193295
161.50201234325684 2005.0581581226033
167.341696147039 2014.3428327029194
156.940819726641 2024.2304666022671
152.27074124984685 2024.5672800431116
145.01957540259775 2019.0686129134497
132.37949841563835 2023.9415629954015
128.97897472751558 2031.8277423525956
127.96417584678875 2038.1473437094605
123.66287250258195 2054.9511287306264
123.05039435325219 2062.769242611377
131.6844738122988 2059.7805582319575
155.4792565953109 2059.0154297701474
156.93482337735747 2068.6577884545814
162.6046111677639 2062.595497553192
182.37131878386865 2071.20428918615
184.62155034284785 2071.7778402263075
193.3828802288534 2056.347118387563
188.9457828649169 2038.146340670442
200.0734037788705 2041.68158367061
205.4071147491853 2041.4389086755532
213.05519431550437 2049.755878438441
206.18769532384812 2066.757708694257
201.55718844282194 2065.766409795975
185.88643424160523 2062.338780637155
190.0049821453092 2065.5404283692083
193.34643471518305 2046.9440741059918
205.58967350907966 2047.5228319246874
205.95713500052227 2042.9955925210793
213.19220639311573 2054.258065613694
205.352364151971 2066.774319365188
200.09511428150725 2066.4999503201943
187.81447717084598 2068.5492163273098
193.56048219512078 2062.0935502511275
189.32886913489804 2045.8160512301322
202.1204579861663 2042.6538877223545
208.65273208404307 2042.9518409503514
208.3296157417439 2030.3021196203808
212.2192437493785 2033.3319224344175
213.5836503851946 2014.074628153954
210.6360128406528 2009.5259567486096
219.90706959176052 2000.146747469008
215.01755034313894 1988.709556436173
221.28866446028246 1972.4557062203996
207.79378060680287 1960.7312141111292
208.75233681579866 1965.1118858813675
197.32526616219496 1964.7693365963403
186.09096695357223 1965.4100821928969
177.1730084650646 1958.5082058887865
173.61677962394378 1979.0079795609006
170.28399172792086 1984.9283844553213
164.04763882610143 1985.4073972087456
167.49835728554467 2000.5347358810209
167.20855966994927 2014.7387928998653
160.5789061699239 2027.5776493030166
153.58573580828698 2027.6732225131573
143.97922686533838 2025.1916200059022
139.27730277724976 2025.8801804432849
120.33056483120333 2030.3440688396815
127.83635460902318 2038.9087321283182
124.54639233975021 2051.667476880801
125.41710529870475 2060.065211329059
145.18795016758466 2061.84130867772
143.4956551753689 2066.5503352404744
168.66022268589148 2053.3955419769877
157.39730437322444 2069.3046471686616
174.93388240221702 2069.0971496447673
185.17300091447987 2067.0312844427644
191.25773730812728 2060.1295589811994
187.17317338270223 2044.7037712907554
192.66808586281482 2048.0020259342245
212.3725979672243 2039.460093751046
214.85976100937296 2051.0170866086414
213.89193401158832 2065.9068298529014
199.44302171445418 2064.937111754119
181.76898630689473 2064.88983322094
191.04692811748745 2058.2087864117975
199.35975091424407 2045.9706996953196
205.20442514463824 2039.8982762262242
210.72747481083158 2047.4353036087277
208.2775836373272 2040.1652562333793
216.50845703907981 2027.648519750686
211.4937493572335 2007.4622739890688
210.80910042125186 2006.185875136964
208.60401719674104 1999.097361998591
222.28620134330163 1984.6511014143232
220.35547411440905 1975.2498764021846
226.05190625316047 1968.809133863053
213.46479957218855 1960.2528644063118
190.16041840597606 1968.1278897055843
201.27328120693312 1981.9121187521569
200.88919466490205 1991.4855766287837
205.80150120266782 1999.7145361813737
193.00241928760107 2009.5433685051464
195.19839622269637 2024.436243864444
189.1445512321792 2033.563159180006
190.00816918339947 2043.2623752249249
202.96887138094 2051.5529481470976
216.66538390150743 2040.8881413628071
214.07182703299074 2035.862261697355
210.21889461929248 2023.3696777373361
208.25226979913455 2015.0487113587183
214.82529943570427 2004.0851474383937
216.40760581311548 1984.3396409774311
222.2611311505283 1981.586161461858
220.64210607721782 1971.9476447413138
217.50862107835223 1959.913059487223
222.24192447191862 1947.5688375862997
228.04399046228005 1937.7461040910505
210.90997254471318 1938.7845667036577
195.83249177594618 1942.0757971899868
196.5062987200812 1933.6513987790559
185.35247445366934 1940.6015091729985
173.55976903484205 1933.857803059043
160.0235679496461 1937.609540489124
153.66478633056275 1937.6045801755085
143.7595847343932 1938.5083956246121
131.9763321145866 1935.8234804175643
121.46099389820695 1930.240415811952
112.9115504759883 1931.8337108500757
108.01583873896345 1934.1642152022166
99.16376053107612 1949.9589347949307
108.21441162879587 1955.5533790958216
116.27796553372717 1951.0857051896783
134.78339635021052 1958.8870832817315
131.9361802027843 1956.45784112001
146.52367312799296 1957.2094518111126
167.02131577922086 1962.1726169665835
169.4571611716479 1966.3217488376886
163.67782051198367 1977.7923909803599
162.28485369636616 1984.8820990262038
164.24909741904943 1995.5026102330023
164.0343199737989 2007.610791189489
155.6558787015527 2017.8849092052224
156.801227249861 2020.765876217321
141.25316355703492 2022.9442021915174
136.26683556069318 2020.7002570944376
128.2091752202157 2025.7991945977626
125.05519533406078 2028.0955687482108
124.76964730797802 2050.4698003644376
122.57732634137615 2050.443696175456
125.4978043285558 2057.9574836894103
143.53939461219 2061.7623728146264
154.0514310718917 2065.4414128292765
159.38163699035522 2068.440716828486
175.89160802702517 2063.78017570349
178.62907223806695 2070.322924176826
191.98929957041364 2052.2734628554335
188.43897021744655 2049.3847524116086
202.9036969857223 2050.307695177547
205.26789391222215 2038.5351162390687
212.96051018048826 2056.255241417827
212.74422717134988 2060.3067513137585
203.46412830891063 2059.6376199738297
189.7741133157841 2065.8029723338127
193.3782372687878 2060.9945348665965
190.36204155431352 2050.2227504381813
197.23728301784132 2045.104009875187
207.35511897175562 2038.8902029457604
212.8275767978476 2055.66750385744
208.9012490405841 2067.9320701643574
197.46512851392146 2070.943508039204
188.8224759556366 2063.978984261595
189.86394247222458 2056.9484796762636
205.30783074913737 2043.553205815447
203.52233746463392 2043.2175966035952
213.55356241479365 2049.1770668032927
206.55769793552076 2056.259008767699
212.29831382943345 2067.2785871096085
200.2167137846434 2072.6062732164064
189.22991703826372 2073.7501703424414
187.97172142268877 2059.800311800796
191.88109476184462 2053.6150453210566
204.380312425308 2049.879666010007
210.21907337942494 2037.2967906958347
210.74928439073406 2056.046987528263
210.1181770710232 2070.2197269162825
200.3045124318849 2068.4273526548586
184.54224230417213 2065.374099839733
192.1560749877661 2054.2592664155054
190.6357010098777 2046.538393927041
201.3484630303345 2048.359842529166
203.3620026343821 2043.1857998408611
214.90798755670184 2034.7578202965442
212.49217757737463 2023.5405779542032
214.565489152963 2022.775937767399
209.1505200178412 2008.9417618331258
215.37706675490057 1986.785778955335
215.62696129727 1987.249143483581
219.27656218204027 1967.3148324785873
217.45335845336703 1969.0442089590304
206.81691530444576 1967.5209551384005
198.97578600411794 1972.1808726767154
196.04187025067745 1980.714163140412
193.5058695514953 1992.9456967614808
193.5374641722625 1995.6210434938207
195.41583227605932 2017.6994393099176
193.91298793835114 2020.699818336316
189.95568088873569 2034.7430087811806
194.83347326190727 2045.1039820519404
199.11390640411997 2040.297372039601
212.07074125650792 2049.673457223026
210.785062212629 2063.507608517281
207.66477918152336 2070.521404864787
201.38072938887154 2068.116618034277
188.37107930516487 2067.3804950308563
197.10030162653607 2043.4468474063292
189.20796523938174 2040.5457290529134
197.71817144562337 2049.9664990084884
212.32221848289643 2044.0362742835393
210.94646925357512 2041.8945691463643
216.2760250156287 2019.6158270550068
215.71047931742527 2015.9084966327764
214.19526571191855 2009.8233306172185
213.04050036191975 1991.9021788436844
224.29929307082125 1986.3541593605191
212.940316198717 1965.7527584265201
216.45780919574045 1965.1136239587422
225.81175044036578 1955.302431812609
221.85096438870795 1937.0804281817288
211.29608286234424 1945.0453441849806
206.1750652720453 1943.0041760855868
195.57953352654573 1945.2104024713722
173.29303859154277 1933.767629106959
168.8695022992523 1938.1259534407477
167.71892534937317 1935.8908074671558
154.68501976835455 1938.3784284856324
146.68583666136448 1926.472700683882
138.83478472135155 1934.5764117794495
123.15702996367212 1930.953705678448
112.69886378989345 1927.284615496674
111.41176511778782 1938.625608469501
104.7969355881582 1948.6030798619147
110.36328209182571 1958.8318065922465
124.82500137103669 1958.4715167228862
129.6788680975542 1949.0904201986648
142.6516267702972 1957.1853600737295
150.62977767563717 1962.0903409646423
156.26085286745035 1967.6115723613373
