1497.3768319715477 2705.192106752534
1462.7060146296208 2690.3472904742
1461.6769712589594 2669.601705712166
1437.4467467195814 2633.1475585506955
1457.9278378985023 2616.6605617423716
1482.9475594039634 2604.2333669817317
1508.2784607151068 2583.1660350606394
1539.224180998319 2569.538054238571
1555.910888487545 2557.1161447887316
1598.0486727165478 2546.0399173714686
1621.0318209152701 2572.4141740490286
1627.3079156958906 2602.5355105197464
1643.8440385829058 2607.409256085075
1672.467982787208 2594.97889608077
1698.7268364720742 2578.36471541895
1724.4190298041958 2575.553627754977
1760.9414425127306 2562.908204702932
1776.4523911457454 2544.9128376611984
1812.6610292743042 2560.2340749822356
1816.4619054616635 2587.78342503713
1834.0946167627003 2616.105520255654
1849.822235461928 2635.242738033968
1854.7400418154862 2662.3464874404654
1879.9029212045652 2698.517610081367
1909.4763830448803 2701.8751493750387
1934.7491207542066 2682.3718423954615
1943.6727790650696 2712.137916639028
1951.2565500813107 2740.3320336109655
1979.5462714202208 2759.1250187204555
1989.9814111057117 2794.0293514145915
1991.85533631669 2816.922956474738
1972.635214818756 2845.8650768035495
1955.5397652898982 2868.018340183583
1936.238749765488 2885.0768534162917
1914.0963739569527 2911.738483126878
1896.970531846946 2932.8882391805546
1874.5981687455285 2956.7459242090395
1857.2895653518422 2979.3057525467966
1828.2472552743054 2975.9297073360813
1816.2690024617632 2940.164665177718
1804.5259498482274 2920.5964817898357
1783.0950118863375 2891.659767818975
1769.785470441581 2868.1841197096046
1751.2020749744365 2835.7258128887893
1741.2384783915488 2819.449027540941
1731.8626966216405 2791.23465130109
1739.5630384204167 2768.1917634204383
1760.64849302547 2751.9322629673748
1787.9310566819622 2725.841750163919
1808.0315269178816 2758.482657796607
1826.07861540918 2780.5773660541463
1829.127250448161 2809.314411320253
1848.753017396093 2836.0042704225966
1865.9157762935122 2862.889999850452
1885.4269382695416 2879.942267492971
1888.291957321067 2911.244504808631
1892.4739602240704 2942.9513576444406
1863.8579865412505 2956.972830259407
1847.5124666971126 2981.221327393124
1827.8660485245268 2972.821661177683
1810.936502876415 2941.70839795796
1795.6416795544503 2916.5109867556826
1786.778620162939 2889.0157738474472
1766.4094233403835 2860.1190559129673
1747.244778956487 2837.832304586375
1744.2453129166252 2806.370526770264
1725.3210670048263 2786.95867553611
1733.8283441853534 2752.9451908083265
1765.7778207242031 2738.5243450309563
1791.2460247430272 2732.345635036701
1807.0706722164498 2716.2829052472134
1848.3492921024592 2694.9048450388373
1870.5852754263844 2686.756860118627
1895.773560355472 2700.4931319128036
1918.491271796313 2690.0429811556755
1937.9783529261504 2675.1111789062666
1974.7210094132863 2670.688328685607
1961.7761889341855 2637.7853814381497
1947.3883441133655 2614.824665226606
1927.9226506071743 2584.8614682308903
1920.4634068897642 2553.6798964251384
1906.570513597274 2532.2351796843636
1885.572962276323 2498.4808725807056
1907.6749483836504 2477.9596559755605
1927.8104953629415 2461.8151034838907
1951.6916191615626 2450.6096717418814
1969.527476600492 2479.6935076281034
1988.5921418400205 2503.966223941231
1990.800228837863 2533.4630967145804
2009.6871738156765 2556.611599265012
2033.4841877551344 2590.2281737695826
2027.341145373809 2609.4181932134506
2038.4734901852216 2640.7728289328547
2061.0630181848546 2662.904899943029
2067.7369881094473 2698.2324299634033
2081.044550337057 2718.737899612766
2102.560408575344 2699.4795628724128
2119.6891834548064 2684.168064176424
2150.3326940280012 2664.4892651976706
2171.87516482551 2637.0556491697066
2191.1962620451354 2615.2560956151333
2206.604492953387 2631.1225023627844
2217.009206598627 2665.583837259753
2232.274527550408 2691.3035865888655
2240.033282630986 2708.898804747361
2249.7275472638485 2739.28508729316
2260.9661930281436 2769.031962744101
2272.938929106872 2795.1413447315786
2291.2134117377236 2817.1822249985044
2297.5037293288906 2851.0926828647753
2306.379672886795 2879.2422096953396
2326.378954256357 2911.1157579000505
2333.2227503376116 2936.973525484303
2365.7933523218217 2928.8840736321526
2397.362025838585 2932.542667627918
2425.537191115795 2916.261278889083
2422.6590633212622 2883.3747332489866
2415.5280446355346 2852.6434990708362
2413.1005966911057 2837.528983186535
2392.4405778263063 2804.0928960702686
2389.6626022354717 2772.3131024015415
2389.314730606435 2743.1560670435256
2399.4990394466977 2715.273168898928
2412.4911398808154 2695.901587398785
2412.9886510461884 2672.3689925798494
2417.1707702852436 2644.694457269856
2420.9806696259943 2607.9585023365603
2426.718781276926 2584.2442346949533
2407.762583756248 2575.3575423491834
2375.521383715461 2570.683712501438
2347.2375668513027 2568.739912806085
2324.896974296138 2538.5360907787936
2330.699093570624 2517.601736237182
2317.3122728167136 2485.499029906523
2319.1572413007593 2461.3161311676
2340.8587535500233 2430.257283690169
2373.5897741633667 2447.1191230264417
2399.132788252576 2453.560425941647
2436.173500650039 2457.1643437064663
2448.2990991908264 2471.0692294703845
2446.2990915919167 2510.455902122285
2477.4531037336988 2500.4647433062023
2499.45953270715 2493.2710188245983
2534.6822970946837 2484.9730648297627
2563.2445976915046 2466.8928427624896
2587.957367991106 2455.0411026756738
2615.5145012698545 2452.351903740232
2646.9534525954987 2439.119486825295
2660.749096963617 2454.861657533307
2678.863338931907 2489.429297030046
2686.322608267336 2510.051493973826
2699.130437304914 2534.3891655338434
2713.8467288141924 2563.291308377737
2740.261011021338 2576.0370417249183
2768.031626447123 2565.1015788858826
2797.547943711386 2577.4883130475027
2809.0819896813955 2594.721880618659
2815.0306528758633 2628.149822942483
2794.286816411104 2634.2014913187545
2771.5475504922347 2647.1177482110543
2756.2666867752837 2671.0384499462016
2768.4817644689037 2706.1449780372695
2784.0868649500167 2731.3601713369035
2794.0803086703595 2750.371108153789
2789.239130352725 2788.260721964733
2814.962317246127 2809.5478885643247
2827.526571211179 2840.2265731038087
2856.8749132404423 2842.366609559091
2893.493027529638 2834.291293806318
2917.9925275735095 2829.5739193734744
2913.4002396855926 2809.604231881602
2902.699772908858 2775.3040100069566
2920.7777004317577 2754.4239594756937
2948.8115555004138 2764.9713049851293
2951.138986623829 2797.027495605527
2968.0922784535933 2817.3351173093383
3006.722800473188 2811.9626276853974
3026.7811895126542 2784.46608206796
3013.4940480922414 2765.26893427228
2992.518099727731 2737.9782513652244
2961.3471150839855 2741.80319849022
2949.255327734059 2778.2251191768246
2951.7396323039065 2800.856213470469
2981.9103883486864 2829.9610984607516
3003.7187923465417 2820.9880050044694
3010.8025811217803 2790.6148809011706
3004.402352562258 2754.5437103159056
2989.871727753932 2746.375347749112
2957.903669482148 2740.8952892540274
2939.0952140676304 2720.0774607829103
2924.1160806541207 2697.3198172311154
2921.4174657033905 2660.891432239223
2920.354948960813 2635.537381152203
2917.8781067229447 2607.5014035178956
2946.7051881795896 2590.186440694008
2973.2790513923273 2586.4493862296067
3003.9224420397736 2585.9658395556785
3037.119014657944 2577.526306846721
3067.297855676717 2574.310617590012
3085.267689127826 2560.5964954308065
3083.3756260424548 2528.013718322805
3081.9976842634333 2486.9713394437163
3075.808797584084 2461.126082998179
3071.606176997219 2434.003220579637
3092.5048061131133 2413.017880631575
3122.77157540266 2411.1055378632846
3143.607640723339 2400.5440862330283
3184.953410200225 2400.2786622292224
3202.2009993947195 2410.2452272847177
3205.820733375362 2435.6527645458464
3231.1168003690364 2463.2376161753846
3251.73248600678 2461.847267963965
3286.1781614824927 2453.0251064496483
3308.4273316078256 2452.6675045047155
3337.9679349016624 2447.0513601185294
3346.618644548438 2408.156928023297
3338.0665844157975 2388.8876916140675
3317.43912698588 2369.873293657765
3283.0571558206793 2373.7780641207387
3264.9086844723533 2378.575483899627
3223.063937805386 2388.1729911234893
3204.608430140609 2413.9388257472947
3206.743591635551 2435.795758287832
3227.619889876613 2467.768397214137
3248.798893796354 2463.0728897776467
3285.0001160734387 2458.4088255760744
3317.6741077232405 2445.043524192132
3346.452666784823 2438.5617064217067
3347.8984647426587 2419.4048494631356
3336.177845554218 2384.4210969123105
3312.2948203821234 2369.268612863568
3276.837490283831 2387.0386191148878
3256.3905912389237 2384.3790095399554
3225.4930223924853 2385.76659940197
3201.9993296176676 2406.5956702111184
3202.9249169448553 2436.094465177492
3213.265834582436 2466.8217255822597
3218.6090966471465 2499.7006081095105
3221.5997153552394 2526.7945334522274
3198.174529706873 2536.9484211097783
3173.802968362975 2557.919658465256
3146.261066537725 2566.200167204656
3115.107760234666 2561.742770608366
3091.928309255902 2545.693998812213
3083.657619659522 2520.4066093640204
3094.3132516319292 2487.9651305326247
3121.043084911688 2480.179538741434
3146.0884063516096 2486.7616342302226
3175.8331882879725 2475.728746484054
3212.947789424424 2463.787695921087
3240.8400042541502 2464.9946410942143
3264.165272120258 2450.6641268521494
3292.2632957664905 2454.6946941826914
3329.7759483971886 2448.9493310067023
3362.1865921938993 2443.1795193657067
3385.8806358344455 2431.7746484911245
3421.1632394244793 2430.465847437637
3448.4868111249593 2428.911218174904
3467.0357719820063 2425.3696475374695
3464.0444143833724 2395.475434497978
3447.1232551562607 2376.0771534709543
3466.4296958270356 2349.475289017249
3497.867273227735 2347.1777044174073
3535.1819214314005 2339.0368280683083
3533.5371376682374 2382.740798805103
3529.904837778866 2402.389562046636
3536.8533891089296 2436.740361437925
3543.3681330869886 2460.6569603392045
3557.492381091272 2477.5829053943744
3593.2095737843174 2476.5137930304454
3601.5210152013237 2506.020875781896
3615.9127827368525 2530.665640181979
3608.4906951437047 2565.608672284618
3619.370606858754 2599.0874139065677
3626.698913598269 2624.35960382187
3628.2631540364305 2652.019093234739
3633.3028172706518 2684.592014910899
3633.666762678577 2707.383595894335
3647.5281451958617 2740.20243661938
3647.696058129316 2774.655426733169
3623.107277783843 2785.586052494998
3596.619879564292 2801.5296643090555
3560.3919742702656 2797.4943392593773
3537.287597351645 2805.7276147381776
3506.0239853582893 2808.784072157049
3466.2900026275174 2813.026680595361
3449.4183432234627 2822.363255055241
3417.843960128211 2821.2066098973587
3404.63981898771 2800.7487972008576
3403.387481371049 2769.4484214074064
3393.5395041855086 2737.9783909385737
3394.029894526739 2708.432147880009
3384.161729209606 2681.309033579056
3424.8213892200465 2659.0752830134725
3444.1426590392025 2664.8776080327825
3483.552639086487 2658.114618625386
3504.970847479349 2644.0993679182434
3514.9519655018967 2672.1753197263424
3529.810653977098 2698.139067826621
3536.681933822753 2720.569851228419
3538.3829532077907 2755.829829015013
3540.1181725025735 2793.539717544502
3525.9669143241304 2814.9168292250647
3493.4008357721846 2810.9427739173725
3464.604769176932 2817.4418329150376
3432.6226726395607 2826.2215148149057
3405.111174690868 2823.8567972350265
3377.3117206001975 2824.47420854542
3345.3594463676554 2837.4407173832174
3312.7825344281655 2847.043135091172
3282.455392727269 2844.1026077772503
3253.8177749862134 2857.4013552160623
3233.1673850956586 2857.3311357141
3200.230569547293 2867.7240917888125
3168.0827558482583 2865.6536296230693
3139.891367224571 2852.4525929084984
3137.1727101119704 2821.4127873012767
3142.4097388608748 2793.706642193473
3160.185208911156 2790.6738624767777
3183.732882693504 2788.992877367802
3221.3997630217123 2782.7544049904136
3238.788052671112 2776.1509614575343
3275.559941619642 2793.155204426693
3278.3915515426875 2820.0478396898616
3266.801976755803 2851.882567275495
3234.6119759047433 2855.2878673037967
3203.335802672999 2860.52485566193
3175.596759293503 2866.159541763846
3149.8645754762374 2872.8833374031256
3140.85871741936 2848.2112278808354
3133.7238188047018 2806.994226910487
3149.115771983036 2788.7182343235927
3181.2861242913505 2784.1877722874196
3214.266013755385 2774.7619329745025
3246.723624316569 2769.7756532395683
3264.109481163323 2751.7029315173313
3255.323614557136 2722.016754613116
3244.0650211627653 2700.2194851811482
3244.2539548425825 2673.5867992294293
3237.5677941442477 2642.5375524205765
3268.275621340837 2616.3898364855704
3288.530236764922 2615.93149921742
3325.2409221297453 2600.0955123631143
3351.545086240929 2597.664959569521
3377.4476453777847 2615.2552250306226
3379.687930016444 2640.8925831584047
3376.917218087243 2674.7943617783117
3347.970130284153 2681.204109658759
3329.08151059141 2673.616099145908
3287.4483358964794 2683.332854839401
3268.2161816193093 2694.014096743373
3234.5619846024792 2695.0319355657966
3203.9275658128704 2701.2917938567975
3169.5410948483536 2714.802648113516
3144.717814498977 2709.3638281662306
3117.1183946104948 2709.9515275863014
3116.5512567428837 2692.0354707188317
3104.0446605404873 2647.488946567907
3077.701289476011 2652.649908959124
3043.1537470115054 2654.237360780691
3015.9928970807614 2660.592301541246
2995.277348272931 2684.4412901945675
2998.9935447484286 2706.133972664214
2992.4285199140118 2737.611175648993
2965.033885396836 2742.584853353466
2942.16197239932 2727.3654041705017
2937.77347303931 2697.200884066087
2922.7664339844996 2664.280715211823
2922.5455950059263 2637.5958555755396
2921.666104746967 2609.164335590367
2946.461263999713 2595.442867066898
2976.5049491910663 2581.2384710326637
3004.8017953324274 2577.0151031028995
3034.9449164732678 2573.122493085098
3062.0444885289853 2573.364208062877
3085.9725818520383 2555.344849035966
3080.024255320017 2521.225742752461
3076.65700211592 2495.3558370174765
3070.806934258707 2458.5755080912704
3068.5831775924435 2434.7120384588407
3089.325163675862 2413.6915960918013
3118.8412386670993 2406.704682741811
3144.081300219454 2401.2955008532167
3178.5828144314796 2398.7178432833257
3200.6777641110502 2407.7941338288315
3202.5955518168303 2443.9102806742694
3207.563408036292 2468.4727271385896
3219.9168423578712 2498.032153218093
3223.635001431246 2524.980218193866
3244.5078167864845 2531.413091026901
3274.7524884124564 2530.820520909144
3310.1375269347673 2536.0962467497798
3339.1086003007053 2524.9603624790852
3355.121308906715 2501.2884962417766
3354.7150386335775 2470.2753465365236
3347.457065150395 2442.1630040004384
3340.546648293352 2415.048706547839
3333.401594103163 2387.3410751842807
3307.259783062743 2370.0873884246234
3277.7758354938383 2371.3869514275507
3241.789417301149 2376.922495464106
3223.9655269345994 2391.9807744355876
3202.148263281439 2416.652426908036
3209.9837637574524 2440.982709350477
3208.3615217042925 2467.566511003251
3216.3484602889494 2500.141819161911
3218.7956431073985 2525.749335730187
3248.9194452048832 2533.897294001913
3288.6089958974103 2537.419950800917
3319.7546868687505 2522.144927678738
3341.0575360029175 2514.988370017016
3355.6293031596065 2498.0981052567577
3351.798191835947 2468.9886238127465
3344.192597585885 2440.6760137949846
3339.9980415248115 2401.910754314587
3334.3286136423553 2372.4511611344024
3311.027542701751 2367.238827636365
3274.052901256626 2378.003741383928
3246.4581310478043 2389.3952058557916
3223.2020129712405 2384.4786097478136
3205.2766748261993 2412.340193375641
3203.5300401648606 2445.5800284876937
3216.7268107055406 2473.210164908963
3221.0467425327643 2502.8593333360077
3220.3729326302805 2533.9102543018744
3249.2756833237004 2544.1084202225875
3284.272472650249 2536.2375297955227
3318.388059648356 2528.8056268830137
3338.05850780337 2524.807791690886
3356.720658693105 2494.7661197914786
3354.445010669816 2465.4119222296517
3365.4778521992525 2440.18441630885
3399.638663773207 2438.4625591583363
3420.0588866678095 2431.340366219808
3456.4028640460915 2427.2515929105434
3463.863456722782 2388.0435035411647
3444.8520712827235 2369.701164872683
3427.351621314968 2350.7827469086724
3402.9810576138657 2319.421488529427
3392.5442383027025 2300.093112358987
3371.582622638274 2276.362613875374
3337.982827581609 2286.4279037438464
3313.3605507272473 2297.505235821059
3270.66671921832 2305.3003875762433
3257.8543497207575 2302.508616834876
3216.613848079445 2312.1151551063012
3190.654265145364 2319.102360970653
3174.306233187987 2294.2433937531646
3172.274171239714 2256.7098482114034
3168.267107512332 2231.3809386631347
3160.449881617943 2205.388061045408
3162.9848988802396 2166.7998473561715
3132.7980691044177 2174.6580435267883
3096.7330041078085 2175.492537864319
3069.2554709763963 2181.406385876931
3035.753742338034 2185.8359199927336
3034.817261682601 2210.2040562773514
3033.465056879034 2253.8058221060687
3037.5437282051157 2274.0858485145104
3042.4579583430673 2301.320384024409
3054.921284999488 2330.5050870086043
3031.6904661549256 2346.83816422654
3035.211842507196 2377.2289085412476
3048.8657226389673 2417.286799917648
3013.4500646027177 2422.8557218032092
2984.660431767607 2426.9180889352365
2956.442147557643 2434.8096152995954
2930.6465750711127 2433.662814073037
2899.110233256805 2442.342191933697
2887.4134545542465 2418.6940727356236
2876.4880431415636 2392.8746303694957
2873.2692387342618 2357.7406617209526
2864.332537127006 2326.323546562555
2857.2456419546525 2293.6545446642554
2892.7615958653296 2286.108750167393
2922.929704302154 2296.6420263131363
2945.0762983300324 2287.767741753796
2977.2402484339277 2278.9954853638883
3011.4849453476145 2274.444714638446
3044.2067586710577 2276.8094575294112
3041.6268767128554 2308.576707284488
3054.471533702186 2334.9415293360885
3087.4737783030164 2338.860913190835
3115.7288260579166 2327.6609247075926
3152.300447646682 2326.5113090967056
3167.399826382883 2322.745354549666
3181.773721296472 2295.1644214401836
3184.0998056382323 2266.0662466516783
3171.70192779628 2229.473177513245
3169.2067790231176 2208.5124687697557
3164.6238947964534 2172.1719619062937
3132.8563475356877 2162.9466088004156
3107.7103935880673 2180.7316252314913
3070.701796283566 2182.333430606718
3044.015644654212 2186.950681066703
3005.8047819400313 2196.9357800867037
2986.7822607831686 2194.7641409129783
2962.207645587862 2199.694200516516
2927.330891591409 2214.001986027912
2897.7007409673415 2216.085947395531
