216.5227627405803 395.0277958825972
214.54961974872384 382.25300173685594
220.88459279591692 379.9044952538099
230.12311606416372 366.5091556607503
229.20539437886066 358.86050281294257
234.61750078095866 349.95538761564967
236.61807760822072 332.9057560816758
236.61761814686824 326.9062933477803
236.47718158602652 320.06081249104767
245.35440355913371 312.19741434752507
254.42359819732786 313.4025601535015
271.92673701254023 315.82898778483843
274.63053128425673 307.6147066946706
284.40755499881396 313.0640474869307
295.89024103396736 308.3760086816175
310.96238460977685 307.7216446408119
319.5924414085998 309.2058958354454
324.83270034430996 303.3930820979237
338.8840958253022 303.673141447672
346.26298154922915 303.00317082655613
357.42603523539145 301.6697373076779
362.78853788127367 290.07826006608565
373.4794899682265 307.7565130096141
380.1679915678341 310.33109784604363
370.7396526256628 318.03279413238226
374.39772975554365 335.2436400980268
376.7560292139694 337.4686499464657
390.85153970089385 340.1622628771281
396.52260258404937 332.5066271570408
406.09218230401666 335.3286056144306
426.89125345107533 330.2787826832993
430.94501639731925 334.9732435537563
439.3578505745282 331.77370296329013
448.5324708467464 320.36583275107967
455.6427209378049 330.4087770731447
470.5982169587147 328.48274156396275
474.4647807710742 326.8080939940517
497.64290050097355 313.7153730589796
500.08481871279554 320.96426325366747
513.3838446448956 326.28015453021885
515.392331749518 317.2413047698625
524.2102229173535 315.245701077066
541.0395576709246 313.6326328157219
552.4947331076437 307.60950994188045
545.2679474576586 319.4154035100723
560.075927246727 326.600756432115
564.866565117842 338.80168656999
556.688694261662 346.4064743861403
564.0981698763603 356.46206371698526
556.0317415672225 366.28751351886837
563.1621280298531 379.8760719496074
565.6677731266648 392.8434216712589
567.8487851840945 406.5461974848704
545.4226362514902 399.53830917666954
542.2932836273332 401.76474313054155
529.921922044801 406.92712552341646
528.2799536133923 400.5857458253159
520.4196005087068 409.3708698770838
502.490657764247 402.26792973948005
499.8042883313023 410.13687919863185
479.20805390800973 413.97020736102957
479.72196459158346 419.1750234183894
455.9997822151787 408.51916256820084
458.0228984091048 410.7025152664281
447.33035835511674 415.8947775154454
429.11988138025396 417.0011873860931
419.758463415687 428.25563475731883
417.84991679967294 417.5207493502335
406.06344711715985 422.92680606815424
389.8877553540696 428.5995775139439
389.0616532973555 426.4337390205711
370.6717500632045 434.88016578958127
374.19021849264965 439.1169351711654
363.39812882555685 446.2399611523223
350.90674366463463 447.7403834931691
348.7125642643813 444.06000976429476
334.99691485889963 452.9855030037063
327.1133889706106 446.7496127984073
315.75022636031724 450.955968984689
304.9049892655747 456.1124710138703
292.5710022875025 460.41297971861934
286.36089105547063 461.377147003099
275.86138063505643 460.7505718377324
263.84991162156587 458.9985787675207
253.02208311859937 473.7220274106868
244.79062981626495 459.54803656078815
234.5313619413686 464.0497650827425
227.06855277627534 467.2475334645531
210.16188955360917 469.14797673817753
204.8269736611823 470.7189002114235
204.09198948073504 460.93162747649484
214.48381292618396 453.8297449080624
209.021421792116 442.1611612801402
206.76073610826376 426.16279041988463
215.73364745986362 422.6412135713364
213.39086295345922 419.700114823728
212.37999118120203 400.21601936653167
226.3928889576029 402.5838385744589
230.16947593414204 390.5769636106488
234.47359672004202 384.48798806823413
248.96034047940805 387.5859093548861
257.14517529021373 390.3910456814909
270.5087730887894 388.9181305990673
285.770807505094 380.42826918002027
289.5443654648906 388.6108544052113
298.5913743087193 379.1030724024593
309.95716568456106 373.78206991211425
320.0408448015908 385.89528098823337
333.0956737578628 370.37614698477785
347.63521952758686 371.0480812179915
352.2296500677183 378.7210854518175
358.45793939952 375.06350439923665
367.2134762092423 368.9750727254253
363.3645307431858 355.3779492379523
369.21029716684205 337.35723233286205
371.8746947028039 344.3008323499713
385.94007942131367 333.00427523852755
398.68515808930124 336.27182571420843
408.05354430189266 340.00343317133945
411.41595412507525 334.4709788075677
426.7604365156288 330.8676985047368
438.48393457322396 324.7283975594108
443.96885079219084 325.22716922021255
461.3523196783339 325.766351446823
461.07236315468833 321.8539806623923
476.4200695726137 333.2382484614594
486.5599333147168 314.92498485764236
489.49772082574276 318.56301230212154
505.0542610869388 314.73148007416717
508.3910249374488 317.5049011885253
525.4499631944321 323.1975275240777
538.3707174090255 312.0758957987569
548.5135936944771 312.37874721846947
554.2673168691439 317.30291851129596
553.0103727028663 328.7467910139574
554.3017572057182 331.3561444006665
556.3341707575578 349.17806298656217
552.8553304394324 364.48268673765733
566.2239654088676 361.06918059082085
560.5842830483725 383.7011145975043
565.2141312457084 379.70287070397205
565.2284821533484 397.0337835186574
557.9733975066808 400.7520539582877
549.4830128301605 405.35892382876756
537.4189294356563 403.55008594150627
527.8184371198104 406.64819655681777
511.3538913412447 407.78598390882416
501.16000645375954 406.8811823734453
502.08508332746135 412.8329547590039
485.850521141216 412.6624040735489
474.38708569310614 408.0998751628804
461.94872761629847 412.45558839920324
458.8195945168055 417.7689365368966
449.2629587767296 414.2582718580274
442.00215180908356 421.64608863951696
431.0649391374383 430.44049855895526
414.1101781974138 430.7705436212099
406.73058056869024 418.570610090369
398.80360917159584 424.3719292592827
387.5450524677545 430.4380551959874
373.2502018224799 434.4441173910592
367.9462459820502 433.33756733520687
366.66632849257525 443.8107054808284
357.69913557117064 445.475818022034
346.75708972987496 444.7149146136361
341.45051914075265 452.7699123769335
335.78411897266517 453.8739897015371
315.1905486657324 453.1055539539746
314.5081974893098 454.9699712160971
297.61430266764876 453.5016278858034
289.2724762876798 454.2226657899171
274.0830339712654 464.13447339556507
266.02815048533375 459.9426996230029
257.38100489050714 461.03415666410996
244.93982188685825 464.27065270083745
243.33737393421498 471.3134290827498
229.10142583264647 473.4108215452125
213.94963761639937 466.2262523068121
205.47336577920024 472.1985402875305
204.31735092179463 464.0359538297569
207.29074727055516 450.17805205013775
211.82322005805477 445.99763112383965
208.40955313269268 436.3201274226451
203.39253029596205 430.0245379848196
209.97031668225176 402.25515137064633
210.23663818136222 405.114297282669
218.13405984084665 396.68132817724796
224.0988100643391 399.1639833446185
243.03674115139813 394.7604951920364
251.53322252766637 387.15912648595315
261.3276527917469 386.7409120172491
274.6957884187183 381.3962008000944
278.2027254408073 381.1233497941896
291.3729799379619 388.92366147003395
299.7865200869315 375.30814858335674
310.2059637414366 378.27827063816994
316.85081165083 377.49882778698736
331.1656429896682 376.26952877068993
339.11884514858656 377.344681525798
346.6283157578681 370.2009889166684
354.90324421434855 376.95730688156556
363.79804623160044 385.49477591501505
364.44849365787775 386.87319333870903
366.37502610431915 400.33157991146857
368.2094783229925 412.6582200184117
373.3012901995734 419.78823621095785
373.4826081077115 430.5713891404567
372.3998186446005 440.297919461374
362.0992855955935 451.36375849606475
356.9984306063938 442.20992933046205
342.21828782026205 459.0106526631476
336.3713748479119 443.12564820431845
324.8269434450752 457.46080727933975
318.46759513353373 455.9421987890455
297.08085472309756 455.03822993233956
294.8807482117634 458.24306287507795
279.9845537487322 453.55828404605035
274.56116181133643 458.51184392468394
269.4838991591403 460.4028164389186
250.28394127993087 470.4830407465254
250.7317017740947 465.4426485365302
231.80040012066326 465.14312777466597
228.3409352552476 459.8895482570858
209.25639658477033 464.8174982731932
202.10797700714312 468.2444036470637
202.96466346622017 481.8455040406203
207.45075347199978 487.3920601711691
203.35687828967266 499.579481457218
200.15183742645394 517.871697346479
212.4500804093385 516.3215464311793
214.5091993728799 536.1246263053001
204.41186288790308 538.0668179564162
216.25040087405435 545.1330429980726
213.5225428947308 562.4433019579624
200.94516639504715 565.9941644947796
192.26811466033314 564.3946917461251
186.4306418658818 576.4743774694507
175.7396775790946 571.4176890167922
170.4276005957921 565.9795165185581
153.510653537121 577.277561240523
141.2198751980458 574.9227112482805
144.11330691687408 586.6180562518194
132.83357007993044 566.4521805955662
132.84933559769047 562.7931069420906
134.1624130421395 554.009574970259
134.6128693822686 543.8405425294495
120.04873889592257 534.6634732276605
127.90481309718315 519.9649515356062
115.00382204356093 505.17257268635166
110.47900255034145 490.6697879052808
120.41178817385074 492.3986478335138
117.01328736623773 476.4186565401398
119.11437111199089 475.1560302338489
119.12804597679234 462.81210397288277
119.48322464841128 447.5033615688859
112.9683577092326 443.17927989743407
108.20821193532494 432.0506419237905
105.23758657342634 441.26755585492856
96.42990767989302 426.6799426091682
88.10397952910188 437.0730787510193
73.70853488484644 442.76256411028555
62.31880000139166 432.23164909569186
66.20697508857897 435.9896334241491
44.53303322907415 435.6776851480503
34.86204418098288 443.8081425999549
27.716044448783226 430.20474926991415
20.61784406781919 447.01461740083533
31.889868686239755 452.1010819594476
24.552042261009696 470.99328926528045
32.830838039302705 486.9345743644752
34.790904471721205 484.9440150518895
36.03961024647884 502.25977511814045
25.081819204920354 504.01473510552694
33.73423082311418 518.3862579766235
30.51800026576806 526.7174665532658
36.543458265350864 537.8178422173189
57.265264268320415 530.0728991395705
65.03330793212686 529.8216585232936
73.0290095221862 529.3818043085232
82.29402838925773 527.6890858651345
84.50842498644447 520.8151171261927
92.56628173095102 524.0342011845363
110.34965292097047 521.3658698112469
123.99917271244685 519.8075529735642
124.24413677940852 500.869327554787
117.83799904912031 492.3812062144747
122.85718644268454 492.0366113539585
118.81059794430527 474.1800979192553
114.92195038019705 476.6314169264438
113.52545190859365 460.8936092180515
117.31196882674666 448.4646929680352
123.89810325952418 439.08276487437587
112.28919370860643 421.5546272287054
102.2021803607462 434.8799639774878
91.61538900065801 437.3706844915968
88.2535664360021 433.15203080369184
73.14803195560916 433.46901757987143
63.15927776336202 437.1896159020217
49.296037142687496 432.5957095005206
46.883042624651814 440.0905147555844
29.410339567312274 440.5481497405765
23.49655781500369 440.6212683724251
19.68357208421284 457.72423521269855
14.63757112824396 467.699755234864
28.93805077638406 478.43684106428293
26.173455829417758 481.8075941153616
32.28445319505859 494.583485812474
29.599362721139148 512.0967594116194
28.841595787682788 504.5937177934046
36.01918264849963 511.3954770413876
35.28366744616403 535.3099877820264
43.00813227707156 536.24007338536
54.63539199863865 529.0813075003426
61.072222406861876 525.7887160765558
75.63142844186225 529.965420027254
83.08171719144855 528.4131346547634
95.34951774471236 527.1111504419898
103.26044444576372 524.2210791033398
114.24102460749185 521.8644586914286
120.04960730379787 519.9434868386732
119.63606700770141 501.1520817512211
120.13935542481681 487.5217510758836
111.32969330898784 484.23624190473157
117.30730757159758 472.03685000033914
110.31344427477444 460.45992887214805
119.86317549328028 457.52365433540905
112.28120661103415 436.4748489939224
116.94400866970102 438.53587193413074
105.61278382531457 436.22136550279447
94.88995229685895 436.34415829578757
76.81785727038852 432.0612975577978
73.67186898993289 434.003205156318
67.40963220816816 432.4894359790691
49.80485694765558 437.4366426780293
48.69004964249141 435.0543467029288
39.047389662378926 441.5706714383763
26.923745904059334 432.46638432126036
25.04148268980874 448.48633632602355
24.391255764975824 463.0615542829987
26.605029480913164 468.1647197782217
26.002888029258134 481.88553324273425
22.659083463427613 493.29000036838977
24.599108049066647 492.67855614334377
28.932586347580074 506.98315572324924
39.73276395285022 521.6920241932717
32.33079420979266 527.6032418416761
43.24096796286242 532.331924747435
44.709644416849315 532.3771880563228
55.99687794346529 530.7834873997575
68.22497545690707 530.8659139087104
79.28976696258825 522.5669203253644
93.22171065161038 525.6278713335851
102.37296230102469 527.0618709182545
108.56029785207691 521.8918578377247
126.78665816050959 524.4356916871732
122.6724378218617 511.4375119599514
114.72094703689287 500.6088994248563
118.95385796740119 499.72875388801987
114.85104698875195 479.48014088752046
109.80634540033165 465.74532790638625
112.6102107994795 457.9289054977695
112.27292112983416 438.4722355290307
113.52102724784051 442.321307802674
120.56482172067298 431.9034595081443
100.02970233367635 436.72048883768724
92.42108067499994 434.96205609825824
85.03735163317708 434.00208667632626
76.31699787016595 440.0585019778115
65.23688044687763 433.04733519396865
43.47536532664425 435.56343370574064
42.60901429160582 433.2859260653082
31.486547694462786 441.060068460995
22.52191084141119 444.9544843458279
27.913235084781018 459.69827659271965
19.900038082697343 469.96160534833353
20.573044087985448 480.09177426201154
21.69577009742828 476.5276377311922
25.709830308437606 497.2624899801502
29.99287347532061 505.40509977152124
28.34440759699407 513.1206577577503
28.75838583143317 529.0829264924529
29.270650276082595 534.2552053201814
45.81404964424317 537.0635938268468
50.56850905015654 530.8943216899381
65.31142829434575 528.9280682176268
69.84804377051378 528.2389745942454
85.40643133216642 529.206368942704
87.25668963240717 534.5904305369645
100.25619537413979 527.0637654854048
120.7409172466344 523.1314860444963
116.69367649824439 512.0783387383027
122.49519592692465 504.1193131939676
115.76231071963711 495.85367000507335
120.90922829450294 481.4105137252283
115.30924949197858 476.08673926912394
108.19411016968164 471.2895805583757
117.4449700495222 447.86667992783504
119.4209640507048 439.6311986518454
116.69063667623433 429.1562435736848
108.9006129954481 433.04937616909274
99.31142903444851 427.88694563541657
87.93787433241722 435.3083357344443
76.58991052291874 432.95049837089067
64.61938416165073 435.2177209534036
56.12010842814724 433.02296154508974
37.31997197960586 435.1143334720756
35.53756121536568 437.9312862823004
25.81953432423689 426.5413481297091
21.538215507193772 442.87639469144824
22.295004929798687 455.22148964325305
28.155254845309592 474.35107319541333
26.85769201211748 481.76729233590544
25.873247887685004 492.4823318052681
24.684051778693775 498.03251854582317
31.967504968335042 504.965343328123
31.18993120821004 518.2121567521431
32.284412638253265 521.8306096977955
42.390085507871234 530.9782110778128
48.4817697701948 527.8748785004697
62.50194259933111 532.5626364395731
68.37493266624035 522.237274857734
82.4547541977093 529.3730090803846
90.32010614658908 522.7242923170822
92.7582364230469 523.2550798559887
109.0681301029781 527.7335132308036
119.31171894543327 519.5360150556379
121.45274493131888 514.4358909739735
110.17593881224215 503.5232841884221
111.79774686218865 484.20717176254385
117.43177802578255 486.1886022964586
112.86990954604633 470.92933651976534
115.15810198539681 460.55710159528405
113.56715682989935 450.42733348099364
116.96092010364009 436.8220528329102
121.28015287358762 426.3542102480529
114.75475771427266 426.17925501126996
118.71054207075136 412.6027366567258
119.85211535266444 404.39610037505133
119.4277304739779 391.1649872336764
127.06419935735764 383.723028737532
127.17893079255151 371.23691051335913
114.1713853891622 360.2541116267147
124.82383918568887 352.0466931006402
126.04848645533242 345.1224818411458
124.18665664139282 334.34040186405315
129.8500188196627 328.84391049539
130.01915574053353 321.0176714528945
130.4331560359702 297.1353088956539
130.72435312567526 289.7020710096826
136.50993969207235 281.4971445123888
134.65694272040994 265.87507324045373
138.6348308473822 260.6514593943342
139.56732717159093 245.20349196483224
141.31812000887567 238.61851922374603
137.30193379643043 227.80817632125988
136.84863620427527 223.24665739950026
146.41364064559966 207.93329859528117
151.7665845357213 199.8260456750915
154.35313612725395 202.42547671190027
144.9958461868138 181.36274042741337
145.89414999773322 168.12097728189244
149.18135099076426 165.15242595285918
165.57726493125668 164.43990535073942
170.3694124134209 160.42403416958945
171.37085201457703 168.11631760492392
187.1940977592429 161.6692535976093
200.05678731741358 164.6352212860996
204.52067759833008 158.93713777857835
209.6685832384095 146.60943752556477
210.92211243485343 131.04085510569254
211.01770553221616 126.21577296653047
204.8128991403575 115.99599960335976
211.60003754078502 107.18117447019151
220.1927282659295 120.03364689227513
233.5567810935857 113.19882606938388
247.34366540298055 117.62063431726955
255.156523438084 113.57768915438098
269.15557557067467 114.95364217832618
273.8569301071513 114.38958439095055
291.28020734800543 110.4118448281186
290.59307885346027 104.4569642341036
288.4560322542133 95.11571466033507
283.5798967443482 83.99351973256236
280.23874573234633 75.62758031963223
276.697878165479 56.385550696393175
279.4582910141341 54.78265382045533
280.6661009042568 44.03177901196433
280.5772220651973 29.882373506677602
275.4599112231308 22.01617112852437
276.525105654296 15.785671279769574
277.77787402056975 -2.5055145161907006
277.6087036639371 -13.673392139228767
272.29834815965063 -8.651259287404805
272.7582366627118 -21.151907593876942
274.6334037045606 -38.76701542158832
270.29477984058127 -45.31490607650805
276.65772913150255 -53.39600234366142
271.5908122527523 -60.323507027812504
286.72445037610004 -73.71733841805343
290.53408035071664 -69.16594413750869
298.3520570799079 -83.1819429056641
309.94567717501536 -74.06538593648364
322.3573391504597 -80.2554710880226
329.6607941400548 -74.09500772770988
335.42316952266185 -81.41959821158754
352.45096018349483 -80.65572194588358
358.5793912326123 -88.18776873669174
366.4403045260562 -66.1180964937282
367.57851478487623 -64.99606240080129
360.4406363904387 -54.409367820078224
361.35295866642986 -35.74863678276136
374.41076483391106 -26.133845028069977
365.1602716726417 -28.5577969754613
367.640782313405 -8.846124345164931
372.51424601520307 0.7793627083580503
365.5551177216819 9.513950368076202
370.73106138771925 22.630858894229434
371.3993556381996 22.935554595243637
374.55486473519505 43.576070811676935
369.53912147249946 51.058514069217836
373.93216641913165 62.337093231080466
371.4780359934145 66.07210703694379
372.5779877876317 78.50015052345358
374.21758864711387 84.89774756525719
383.31145614439106 90.34737086823702
373.26308579164987 112.04878885996551
378.83488260340243 118.37036480443393
376.84812888981844 133.55901324273782
385.0664739894675 140.6907224185037
383.3525858319542 146.34699416581606
380.0182171646277 155.84299207145358
378.86500310280496 162.42595106538613
378.51991026320275 179.50171114335376
381.1468928246195 188.59886242822932
380.34385654213366 201.6489229648563
375.43401784156777 206.21315020281008
359.8388227892009 206.9426851126794
356.4484797029577 212.6446753042054
341.77668156135724 207.78605373088584
325.7948322017496 215.0806658222321
318.58538982179505 207.94577322476792
310.4942693665394 216.53740929895855
307.000843850039 220.80219162698828
298.4449093842402 218.86908459198776
290.6899479526663 222.54668484164827
282.4651298221062 225.19104409572577
255.65996991739215 237.06899894686288
263.6487153308912 241.69295179503158
257.25826901843175 255.3200970386263
253.8285171973238 258.9230566256823
244.47146985666961 258.9606139949884
248.26479428705377 274.7478891031119
250.60241232816134 288.2131831477998
239.68035189278152 298.8333723085307
234.66735494420084 310.4469076751762
237.75696292142908 321.0078388720841
244.9737079992191 311.72649764572856
264.14244683494144 316.23608752806933
274.99315209405995 314.92749219228773
278.9759932895902 305.5539086710139
284.61012675370813 310.6959777829389
297.64411272596345 310.16332935420564
302.7201923466628 308.1933869821783
313.5173893984313 301.4511198460899
335.78162610678277 298.5588998757251
340.01650784269015 307.83635332086226
346.12600380597075 302.35534523609914
361.9307392568698 290.86906248999685
373.4309161083954 298.3184996975413
373.83798757712043 300.4854757655385
374.23421023054067 278.0286652985696
376.52726987047413 271.0547196689679
380.2757740933864 259.2241404852631
384.7909118032065 248.58863359060797
384.2857390671779 253.27299891338805
392.4222118989562 248.26030986535787
412.6355791813182 246.56857002860528
415.33422465730854 246.28928658048514
431.8698143938245 240.59494763417374
443.6888877590106 241.14912067511202
447.311742881833 240.67228508955975
458.8583177829601 232.3566127266719
466.904844270335 243.07671772829192
475.7120210346047 226.45464979735442
490.06325081727215 236.45603949726402
496.6224396332491 229.38945333841315
509.44402452553715 228.39036204811174
516.8509898160096 226.50089521427154
527.0212681722512 224.25273855065683
539.4490628193184 216.98576134687136
538.9845179321727 239.00021941778476
539.1575769165654 242.83012759930668
544.135088554527 252.0688394936934
537.2096846853001 264.1665298214
546.8363694351377 276.7673150847025
550.5531959175964 289.92151090787496
548.6886812963593 292.80365538363776
558.0174597804804 306.69912277327154
555.3866909688496 319.58094622743727
547.2729873236872 322.8092068941936
556.6391079182766 328.4553937866971
562.2700667273579 335.5069161917128
561.081418057633 347.93872942893665
557.0805062781869 359.5475453075544
564.9834046888449 372.3435381872433
559.3099494816597 378.10422350093796
561.7805889370038 391.3331377397498
558.4901548991799 400.2835174246409
549.3366990860659 399.2547559394115
544.21638919469 402.7302166936387
537.4538413132162 406.7220628454595
517.2433879905788 400.11862395163007
512.4137820152142 408.29794251038754
499.9560833533695 406.67887080604976
494.28557066360395 411.87747897457996
484.510220045345 412.90710499129176
468.7885237530148 409.0869949008703
464.91785919168905 414.7161227088447
453.01352069764334 425.52199748622894
440.3300936100914 426.11876697051423
423.83731532125637 426.87248233999117
423.74780864585887 418.0688281874872
405.40071209452145 422.36236955714224
400.1417841248238 429.73591892003446
393.01878697488473 424.98472903824614
378.2805656518667 433.10875798354874
370.5953337318674 425.6148747972921
368.7023198868216 440.8999098829315
360.9096166409089 448.5542924239964
352.940784409933 449.1963993764407
341.4779793912386 442.9895715281572
334.0673113868581 440.8140431947615
322.83174589984907 444.8456918344733
309.9131227082994 457.54905805706187
304.04128981563326 453.48080364066175
298.43149815442786 460.83879495800096
285.92148930336396 458.7286800889944
272.8001642654208 456.9127651715823
265.9901904837146 463.7661380399053
247.29399726328856 467.06477789978584
246.792516780166 464.6200746459707
238.09167668602882 465.6780972655052
223.58270765030045 470.7660199953036
211.96245753646022 464.8313707883228
203.18490572188426 473.6825158242274
201.99520206874215 483.541129592493
208.96617040068784 493.28033728737955
202.66543810129266 497.11552688908984
211.2991610705367 509.850043534596
211.38591998707142 518.0068159933012
214.55237616907226 535.5668300132024
219.35806038156386 539.9661867823382
210.58355329857355 544.4801455531132
213.90714269338542 561.7261075982997
204.5431309266369 568.7576477362627
195.86968630272887 565.9812836492066
186.10768245611786 571.5875441968701
182.4804676745293 568.854226503109
169.5126818160107 571.715636959146
156.54155132517675 577.7171820864497
145.9382861345627 572.2311793933657
139.56796639669724 580.4926608041943
125.05492165352216 585.7884121894186
133.47715337689576 597.8784979316264
120.03515489853085 601.007951027786
118.57284826583677 604.5542705412665
106.52054375654114 596.4702859184122
98.85334137001071 608.3325191880122
86.59531776095481 599.1875608806413
75.82699259160425 608.809678330718
65.61777302583117 608.0790951455671
50.97501423370696 607.003887953466
43.04201474488652 615.5355276796138
32.40598814200224 607.4507159953159
20.088994445523745 614.9295337674376
17.839047032753182 617.5951702040393
2.3920411625121822 625.5215011005258
0.8614208653851256 622.0591539196487
-21.020464541233764 615.3230750282714
-24.57417103334475 628.2580063939724
-21.88752486115034 643.3125134894299
-18.664840206326495 646.6452935214865
-17.00868430001162 654.0125317072128
-20.488075927180592 660.8434323055368
-19.713166655688863 671.3168009999397
-9.522365183557108 675.5502561948291
-10.483746055651725 685.6238951681561
-14.11687692715828 696.8403734149196
-6.02399306835543 715.4158365859901
-7.864695429977325 716.8234059060476
-11.102582111188354 729.0598147999041
5.030796419361329 740.4722513917571
11.919862427311095 735.2217302357419
19.62440128185737 731.6154959389166
34.06744742040236 727.7872121622562
40.87942571167968 727.5182289587071
49.129335712067146 725.022789037888
67.03154451280398 724.7364012945405
69.09640432347362 721.9318454302429
82.3754055555482 720.5629999392281
99.98738906612574 710.8628816077818
100.67415110584203 719.3033991864083
111.76583280975352 716.573168876696
121.32244982762337 717.957770177636
128.6502395714416 713.2904646941384
143.40442126763764 715.9136531843604
144.52023106565574 723.2302869254798
148.15017258374093 717.6007017518671
153.37538256048995 725.2174845847951
155.18688007197488 745.2336542493449
158.06815222268256 747.6835553880804
160.35346584189264 755.8868894620093
158.16919563046434 769.8495930031723
163.25167657216272 780.3901130711774
167.65770961134535 791.3897533954337
169.23899248520652 797.6943737300293
171.805752530789 808.7022682678312
167.37982733378342 817.8354416562274
151.71769804434038 813.4006476701865
139.59736806048085 820.0752173969161
128.90745365731405 821.1677793908738
120.45308220557601 820.2003883772256
110.19327325740687 827.5074334326638
99.54314132135549 824.9617098106447
90.73104134976383 825.7014898593931
82.66815392292632 827.7181230413427
76.39671977544307 834.6103637750509
65.22339338530377 827.6953690785367
49.53007222367103 838.9640788171955
44.37481985128615 834.608536577548
28.797438823376414 836.0867975997444
22.057813186608584 837.4171649316215
11.68880074260864 835.1610553669124
6.8604355303082185 838.9492840043065
6.004634588516378 815.9901192896964
3.033701615508705 815.284326092366
-1.1688756569265466 804.1728785161547
5.880776559246795 791.6494906219312
3.358597138049218 782.0965805011751
2.3813380298475795 768.066876609749
0.23298359973799676 762.6394239627314
-2.6746528399454963 743.4644024109788
-12.993048520191708 748.3365195710944
0.6619741177801124 738.5009686366741
11.733987701327765 725.7318489656006
20.920449482392527 732.4673267478986
32.12336843793217 734.6280126691948
47.719372560812864 728.6415131753257
50.695281288888914 729.9626572461798
55.348150944735636 728.9683409443437
70.4091295283398 721.5765245162678
76.94247467341033 713.9931361977143
88.58974455649745 718.6664351016155
94.82425539886432 719.4464489443695
115.76832016034417 718.4436287524151
122.65957390294557 717.5031274738005
129.45141923963138 717.5487639175169
140.82200827793395 717.2700826940272
156.56168838177877 716.3746103638558
155.87054168612292 718.2134172510724
156.16777043040983 729.2309343800421
161.66286275596636 740.4636128152399
161.76627044823127 747.6722140518077
163.32912152085072 762.0464878116186
161.04681689730438 767.6589808131286
163.7362406872636 783.0087449359198
168.88674189869897 792.6559039570111
169.264153893156 801.4684734445196
172.60338205768812 806.8183908283568
164.33608592213568 814.546802844303
153.65941006055786 821.6959572344506
137.30682809945768 813.2622983261471
130.94020489389297 820.2904344443767
110.77056102775462 817.802708914642
110.53890056855407 821.4537423074602
99.90000432633072 823.8557211785208
91.25802522014096 822.0960849380099
84.33870716603845 828.0187649658895
71.70614913280723 830.3505551780385
72.26652683810876 830.4672688939972
59.12997780730798 839.007790960736
50.28911881868758 836.1206651574721
31.30099604702724 831.4389364793017
18.519574139052335 842.0812539721643
12.74430734764033 841.0044695875614
12.7433614998753 827.375803221915
5.011948193450799 824.5554389920565
-0.24211275304814278 803.2476762297341
8.565466386358544 800.1362100146689
-1.4869753244145314 790.1720704456936
5.402513658583841 785.6558012669957
-0.6038382252479758 775.2503688661803
-3.7755916759158703 763.2650385510709
-4.54620462181637 754.5524463315991
-0.8803685268308572 743.2493420459297
2.9006062203750176 747.1194748854658
14.435580910067788 738.8138860605156
23.067884899938026 726.1413490469008
29.003870376424068 726.8719118402852
27.476155522244056 704.7489405610345
17.57519070307698 707.8448104599637
14.674902698354238 693.8528681736749
15.671905305884687 683.6718018825976
11.995565906246256 675.072020944121
11.561821774217337 666.0832486706685
11.913640888737905 654.2547073072811
8.976789936144508 645.4270672352601
12.034939625229136 637.3464940367766
4.709654313445784 622.0845220131454
2.8378072545053645 612.8269523863053
-11.674989878946013 620.7654498370464
-15.32765404129079 620.1290506457954
-19.40259239544769 632.2309240954606
-28.3050990538815 640.7961209490519
-14.025694789950364 650.2542450478608
-20.780406449648986 653.7851159953141
-25.032742102506106 672.3219607115136
-18.29436334622456 678.9749505837641
-23.450006842684374 693.5721286362567
-15.551618307233753 704.2191357585923
-15.613126314968076 702.2333037531545
-8.3020334436825 714.2509035467123
-2.7383950686717164 729.8388707601644
1.905377973369448 739.0667759285192
7.770013528602227 731.4425922114381
24.838868934528296 729.1360735332827
27.237497669154997 716.0334889469764
28.78864844595208 719.0746301611681
21.88079075681853 706.1453154091189
22.85159403571213 698.6318088450602
19.863479095629998 686.902363510226
18.22265971379948 672.8386951036653
12.141827141105516 666.7563767755407
15.22270789319901 654.1461569541751
7.868866707850047 647.0753048960092
6.734781950099368 634.5059390676246
4.787144141512884 625.0514287066068
3.104132081904292 614.5053998907556
-4.38795005120719 622.3887158109577
-17.02851921407389 623.0242705845919
-20.268439118929567 629.9033553500655
-22.05050069762999 635.1014358321922
-20.96428915764587 650.9280517930003
-22.08333168069841 659.1664846510888
-23.142349848283086 669.3318922025449
-11.782324321411084 676.1903727706364
-20.824743168373153 684.7753772763671
-12.601124466848743 700.1932459419921
-22.28059720435352 707.8320024362638
-6.197111615340957 715.8167876995961
-7.005038560976197 727.1309613268406
-6.1050928348732985 735.3426210458945
16.103962737878152 732.4895700773096
18.630464570652904 727.8130662751826
32.697221150848435 738.6193821957412
36.992108060218975 724.8275880563851
46.223517578686405 723.8551349589769
59.06500840875188 725.6065333568305
68.58123673953824 719.6502950077967
69.6167038469646 719.0920976739377
87.86933178630164 720.8773697180746
103.42363368831825 717.3973711400993
109.81720563708072 714.2685258629044
119.41517372504426 713.794184471707
128.01816146747632 718.8390242145067
143.01540589567108 712.5274920949927
144.34470850595287 714.4068983571924
154.54200944158111 713.1466096694262
158.20036448121422 723.9555903554792
157.8477726167695 743.4274990324476
152.25409958582415 748.596660180984
163.58449987358605 757.7204159948507
162.13095542822657 763.7645255263719
170.23453378621645 785.9593772122005
169.40898106164522 785.7164962152207
165.70153135155635 796.0707560875534
168.0349275276074 813.7744743433068
161.71388113280506 815.8210667521009
147.47189344804607 814.4513002888823
138.26375009898132 817.9098913503993
125.38755313373154 820.3890697890605
119.25774082156376 815.6624067055897
111.5850816104115 821.8583240681787
109.36339131180435 825.5434611405241
96.96718215605115 827.6829704446776
82.4743668854989 829.4697552051541
71.94725071984584 835.124143360822
66.31854955581186 831.1421581964921
57.273405044827555 837.3230995998186
42.734528289091685 838.8477937483453
35.69794902048648 829.0643350601101
20.678534826692747 841.6877410666943
17.826077639068764 839.7552726826559
7.305004098979234 827.6225079242229
12.664157483050921 819.2082276301521
9.890753744542618 810.9092382358461
0.6872024322632225 804.7443409622405
6.594007063834459 790.9384594666892
2.5077241241006845 781.6879700950713
3.4176028621985552 767.9126846512335
-1.179892613816539 764.0408236234887
-3.0714870511989667 749.6415879207397
-5.280625093828494 739.4706458358677
6.938729191386111 733.6573060982955
7.753710758332514 736.3892756135655
22.571976972982313 730.0700671445977
32.674607124092354 730.8075413684189
46.30379424266367 728.0656652685972
49.51193437611909 731.7241364574371
64.35566478077497 720.3556784852791
72.93782883206022 721.7936237240255
78.77300985016957 717.4078090048182
77.44968367078863 721.0732174325605
98.63518167064838 721.0364328124443
109.7208011597081 719.1247900654205
126.88568709019285 704.1271141059207
127.40021920443297 710.7884466186719
138.9047242418595 714.6722899373867
144.2834412984881 709.1170275819829
145.41278712779965 700.43695030086
151.47803801932284 690.6147989732189
156.85346432643226 687.2338270993694
145.39073229201563 672.6256038937312
151.93713219576796 665.9552603209643
159.51749219364285 671.7714857489153
168.8515446110677 662.7700790450746
184.0720051206642 662.2611654547809
193.48852843341564 662.8978912979907
208.63137031648347 664.3889295434691
204.46777838140983 654.4184075812798
229.52653312964674 661.6672808634885
239.6062325239414 652.0121459868479
248.71537536564597 653.3937785389938
256.7696839282575 648.3077013978944
262.09038288015574 650.7254799066915
272.40538510307516 642.6811875295539
280.7182846348526 647.614765168767
292.69456472227813 643.3354552587564
303.7165851013493 645.8122395560644
314.10235655371315 638.2881268954093
317.6587094494342 642.2490136772208
329.4340271004613 636.2035625302482
340.355263996842 634.3522938151436
352.97173088269994 634.2657136519888
363.36145580843277 626.8625074018313
364.5727504865916 639.5298852219074
370.1534523581791 659.4275187952073
370.14079750759305 660.9816671567817
375.6053603253731 671.1357169789708
378.20203776307204 669.6669595400479
382.794446390138 689.0487694868586
381.6297693877738 701.3484598203356
381.3681571449207 711.4757572955288
380.9580892514728 727.3665551477077
386.9466843931192 729.1740952315389
384.7857516980681 741.3957417669079
384.12169561215507 750.5145279985333
393.91074419017644 757.318821018062
391.25625767173113 768.3986617215271
393.8919183741969 779.9483782435127
398.2644198827737 788.0538401580521
394.19233989355376 793.3582892976812
410.0995024589862 801.0126228618738
417.2419701232484 797.6302150418031
424.99838627245197 789.3783099192764
430.964052894425 786.7453733182695
446.8809534565551 778.6202065322839
452.81917075117684 771.9383316108853
455.24483903806095 770.1033353431811
478.7368174303992 768.6884752153516
482.4051207440737 758.6929806955158
483.501510285858 758.4332156868251
496.54729172174615 742.0811583463618
505.6454361058695 749.2115455831639
516.2387904750234 736.1722319670362
525.0202961025657 731.5445210415694
533.038077866347 724.1379884505011
542.1968284775857 724.6225850758007
544.8140673928502 706.0465588435973
558.5588435235492 698.6122750808182
556.6446343627107 704.209844321062
572.5700006716053 695.2211197660328
580.6681315876659 683.3305069363553
582.5235243026726 677.1537797277797
595.0449785904216 680.0015905712996
602.2274444420382 672.5036177340984
606.5485830947538 664.3196552455626
599.280348617288 656.1679433618999
612.2982087215396 642.1064925846321
601.5944332654739 632.5326333038672
608.0349727769387 625.5102330653474
598.5592403421686 612.0449637554168
604.5172938753992 607.7882224080605
599.1576600122769 591.1134687980807
590.7242103930162 587.1189955987046
598.301019171291 573.4358756749299
588.8669651773939 570.5764168978321
600.3286938156975 558.6832529751733
582.3621344178165 547.200082940785
586.502306834814 534.6016541490555
587.6410461899699 523.7910055453369
575.7827236120307 529.4205280783542
569.7575983479336 527.8356356410042
556.2399329516255 531.6981206909285
544.7864307197359 534.3132145466592
538.3227115907064 530.0423952846322
525.9460462416424 526.8091063882853
514.7574494061483 534.9555031002238
503.23650732441916 538.9481187058987
494.48124970931786 538.0566731768614
482.94044333426217 531.1603078888052
478.8352105274497 542.160814520899
467.5197265770903 546.6346670336458
450.31769554467303 538.8251345560433
452.7671861495588 550.0467072833358
439.60122875171743 546.6103298782053
430.99087253690783 543.90680395706
415.24834917846226 544.0913557436454
412.8984112208853 549.1979584330194
395.11796107662377 551.4894858673639
398.88358920244775 556.9159519015159
384.13106262955887 558.9280499897777
372.82238085006446 554.4444655492354
350.7335830659148 563.6255828081526
355.0873159882687 547.6124947972513
349.33114570234983 541.626878822916
338.1381804765839 537.2773110645692
328.57637057600283 544.8572252273649
312.51588991375695 544.4452486347325
306.1710120691657 546.193357772495
302.10508929455983 547.9767558173049
297.08906062295995 547.7684266371286
278.37063761337646 561.4011328984092
268.2172944092137 561.4016126579636
264.584138770433 554.9431721275456
249.37615087595947 554.9915116491825
240.99291318994415 561.0957851503472
231.70015013390432 556.6080433299943
217.73225183041941 563.9594052412898
205.52288302442307 568.3247086822748
193.50385835267113 569.5726128475465
192.69272063213384 564.578124664289
181.4333112679363 571.769402090475
167.8722645677479 572.2446654107396
164.96082918437443 576.5636798280539
161.3316069617068 576.9420696517981
139.37161483949146 576.1536924483485
130.38017223594366 584.5184573747854
127.3785378756683 592.6032987660558
140.26410178246678 595.5722866150032
135.9051141566608 606.1427312693502
140.9959333618729 611.269950064001
142.63159080987364 626.106404481673
141.6712982554289 645.9950516444496
146.45607114545933 647.9619515173681
149.29012733134687 656.4331897886219
151.60623901690215 670.082959938485
156.82930694711075 666.1773225818715
171.71039289792404 669.5962165865128
175.69986129227388 663.3615166914778
184.15079607961925 661.277496509927
198.63500355831076 658.592080392857
205.79562116609608 664.4647283485211
220.54562092619415 657.3906642646034
221.4637010081803 658.4930501075994
233.85584873008293 655.7792429196711
248.50596126118998 655.3234758241342
255.560003451329 653.6547779952402
260.2207659670378 650.685919499679
275.3724894998892 656.1747957912955
288.38201050855497 648.3433021673629
299.3419770347497 653.3901540917554
302.4470609943161 647.5403417591236
314.27503687644065 648.1027605644734
320.12308816778966 640.1127258742916
332.57324664698075 640.5949920385932
343.0758034432858 632.3604602267533
358.0385849557601 636.5118163186125
359.01960821583407 629.9669703923248
372.5296848087024 647.0046038723485
369.85213540552473 654.6765377101407
373.10944044425804 655.3599709804821
373.4532534659219 673.3287625425511
374.09370310111444 684.5402475673401
374.69077830606585 687.528522286913
384.25561522781686 704.0821889471406
382.55233808920076 709.4577234394536
377.83291656900815 729.0946462947331
389.2883509937161 732.2793712486919
387.11154917800724 745.1463637344323
387.0148128800781 745.8625210216926
392.4007760956505 760.1072328291136
390.25364308672107 764.9815601349356
387.0557913464117 777.9897973555719
396.8444133258446 783.285453475269
397.69592321455826 796.0958131081198
413.63107012737765 798.109383392878
428.57961239092145 794.0323101670284
426.8150471601806 790.8266952222639
428.51139577433844 782.9701882476776
438.65576400827064 786.7663881205189
458.081427778387 777.1881927459923
462.08106349180474 771.7916255299809
475.46388166842144 771.5087885001365
481.393768559285 767.8559224362733
492.4207625963228 759.0196701109486
501.68852667702674 757.8364218483172
509.27673190126086 742.2053187693288
518.369183975018 738.9541920683414
520.5758957642144 732.0424360965902
532.9829111957314 725.9094363737364
547.3636433334113 726.5453850497637
548.004116224611 709.7721586047458
554.4000204481707 711.5379345488947
564.2548845160526 698.730876536408
572.0590832653513 691.3716751604733
583.6615834102832 688.0080839766842
590.8846172867816 688.126651178622
592.6844546321269 678.1020108067667
602.7094327699606 671.7785530525352
608.3489106554438 671.4949533450393
611.3185447708825 653.6572859496362
606.2256239709052 645.119296545208
601.7777426221018 631.8035831834004
604.8683155194016 621.812179773489
591.2305140177447 606.1883901922479
598.4901084906055 609.672663781845
596.2309057074707 600.3250762971617
591.8560026333789 580.2233968899652
601.2663017981416 570.1304020073812
594.4282180856762 563.1258865995414
593.5959321506964 553.4077679877572
590.7271287500025 544.3444690471151
582.8003595557681 531.4917171277995
585.4440612946183 516.7339928105141
571.8221051336284 525.674663387851
562.9999108727598 524.2785656803676
556.3539289109252 532.1076047518744
551.5925154045473 533.4622132789125
535.0651092594918 530.5312089042183
530.2478456560408 534.8404210469186
510.93889161283226 530.200492087638
507.06143761496264 536.4296399659756
496.427858543451 540.333872611006
488.9663532248583 529.8557948143313
476.44969101780174 539.4817052269511
464.9148239886712 546.1282469129541
457.33714274135565 543.665281700384
447.59543372529 547.9771036544689
432.6045450746912 548.4104477260956
430.0322078376117 549.2072198090957
416.5347286648485 540.8929951897951
409.51082517350136 547.5579696441189
395.25889375783805 558.1873012354016
387.6338630979066 561.3334145106919
382.8233562864648 552.6313037516395
361.85096972975987 563.131292213002
358.5127555903911 557.7205165991718
354.4057741145932 555.5082959166474
349.2129470646664 540.2192052316057
337.7170280580225 549.0797862608682
327.53780387157934 546.9294565322219
318.552401619109 547.4984622887295
306.3075513115867 545.5871852237378
296.95633671943386 549.5069203830933
288.37809220044414 552.9054668294477
277.27673860697246 550.2886720663746
269.0575310698281 552.2231966382419
261.2876885326289 557.9205187099811
253.688423941501 563.7146643824008
237.07073305543167 556.945045161583
228.60666758661682 557.3010703837614
220.44850584756563 568.2766754484624
215.39346027587985 570.5851583971512
194.13621971358987 570.9824403601622
182.16837222074838 568.1252345570862
185.28626884685627 561.2214063150835
175.75040065348193 575.8869140203869
166.26582088227505 573.0979964115735
147.79540713920653 576.637913790614
139.12504070131797 568.034321646033
129.83333270104944 578.3606474720856
137.44734846151465 566.2719742432124
131.20057212346228 552.6255572611689
121.77546253135691 549.5109785617633
121.14328968903772 536.4697927881912
118.87362297821676 521.6772124157969
118.51330783790917 517.2027208194469
116.93522902869107 508.36086421626936
118.72415359887695 497.2676405603405
111.30727488336377 482.68678191497077
119.48951147488692 477.2232867702973
115.43938779501003 465.38000483522006
119.24731275466861 455.7277070534103
113.17766093687007 449.7921161019241
115.90311182492614 440.45277915807367
123.16793852828991 428.90211912075415
112.3091335839563 420.9306455456783
118.58219617008895 411.4593139130209
125.4513536261778 403.03965114705386
113.71712488651215 392.7913175566535
127.45488817222191 379.6277307340125
127.22666888904206 365.8404534684678
129.46535243306587 359.23482422700124
126.51000584074426 348.0263203341749
131.94339966306626 337.24766001426667
132.22349296513005 331.85094955693046
131.58384084246782 322.3762401338037
130.0458060475885 316.09545510434265
130.61186573645946 300.18731028126984
137.2905560294981 294.25018801461187
126.3937374948336 279.29728442367195
135.42330130609542 259.02619256723847
135.42090366520662 258.10555943710085
133.8333053534925 250.3134460709346
144.79981275773517 237.09335435060152
141.41833242752028 229.11045796376732
136.5961724962943 225.10200121285936
145.91077876755566 207.46230159118298
141.29413703210278 198.22941328976106
146.6065003100638 185.115801395967
145.34683742925836 181.91125797068224
151.27640425010418 169.21970660141443
153.69325655905064 156.0785178523953
161.74426978465982 168.19538434906923
178.5729486355054 164.9652660317683
182.9595413028483 166.06741221209708
197.24599141457284 167.147091588074
203.09649536743333 162.3506150497764
204.7912936456884 151.78834356534122
208.1087704987061 148.41017872802635
206.0836918224361 138.17874781843386
204.01874372693118 123.04034090987118
203.05494353339273 113.31574236797947
206.28902409618817 114.8188516463899
224.76651821979337 124.15269651802626
236.46122079156092 117.37040049404138
243.24536429370357 114.3743151823098
253.7309897668619 114.6804400343949
264.34031321852643 112.86137351572486
267.1517220387572 112.95088307311957
282.95014635453805 118.7760832626522
291.70642970099544 116.3769577033599
296.2682420759645 117.21898583350834
315.93241048586873 111.25429262649288
314.58300562597356 107.45304349912251
329.00512088427814 108.46545116567881
347.03248945084636 113.25764542982562
353.1573074526209 110.31729095840936
355.71057869546314 108.36920865889851
375.25177513370477 104.8776617400737
376.0012876807178 120.75946071171671
383.46953193269474 130.55193694958473
381.96005837958825 138.0259896437233
382.9887957099246 144.27664490441143
382.188579203135 157.6950288469603
379.0746912764111 168.80874952526992
376.8827352253631 171.22895836490457
378.12778720108315 183.8165693453569
384.31134633274263 201.5331064471548
377.2187240360318 205.09312269319423
374.94029862604395 207.8754157268602
359.2679178102013 208.87159418565633
345.6390609227304 207.03612849520525
338.91706176159846 209.67586937612214
325.38180931330123 212.82830097505203
307.65758119768014 211.31419194318403
303.4416396567425 212.14506202532255
296.46391966642744 215.94214886461594
286.852575709966 219.3933949268997
274.20127799013864 219.46248455809186
264.1206481933446 231.08996692677687
258.1226353549175 238.10833206818978
254.2672105047935 250.61021507801271
255.20431086139664 255.90697688162913
250.43575991510767 261.2218601177358
240.5891257954894 279.51561791950814
240.22079763383678 279.9237602686848
248.92818740638074 292.88618842573555
240.75834279017252 299.9450904468025
234.3767294693665 306.93494548262015
253.064630066543 314.34456006472317
258.9134120852568 320.3181501515983
262.2724574137574 317.3589934694825
284.36276937660045 308.4614825174177
297.1415600753257 313.78585385566595
298.12849789654564 315.334445511755
313.77057435422347 313.94304276596756
310.5792305591779 300.3263732866139
326.7951229318787 305.45148749210256
347.50424367686946 296.07930844951204
339.6258303792501 301.47503959835456
354.2926540681559 303.977513831538
371.09609980114 287.56256995571147
374.98975236770974 295.93171557505417
383.02264996897776 285.59995584649465
376.37931997851774 265.48727206889646
379.2523499892965 256.62445438202553
386.6396394443578 253.34115810164053
376.0472488807891 238.02451126262076
373.49563893585923 225.27344633808957
380.44091346323927 220.42290597712235
384.804791263221 213.14886722115986
374.22708786945674 209.9171411493656
361.8553175352911 210.2164531002974
356.41832022920397 209.54684579510888
342.7122426393974 207.0246860014328
328.2453678658713 204.26815527708453
322.6811150271934 210.9682192398366
313.01150106754716 209.41362260993048
299.8486486337431 218.4431505065575
290.75706629941004 216.6881443868353
281.41314394409073 220.2072154955103
277.1746210022597 227.57477440332747
261.39644552665965 228.2159748273082
250.50069988188432 236.40941667358172
252.99927289904147 238.90614792716153
247.62972801956963 258.0591227193753
246.5107878472222 267.5863650739566
243.16020132882878 275.07733522344023
249.11097820002894 293.14041287719283
249.4818193875159 299.28335936575
237.28171366809812 305.3937629695509
242.12782396423833 316.8976015393226
261.48511494262056 316.37197080416513
273.4113094142169 313.9589194572497
274.4122123930442 302.932420439962
288.30229734645354 307.3592208787467
293.42058346456355 305.88428586508536
306.0703189847502 308.1612429554509
315.57687382251623 301.60793144910224
331.61217423207137 303.99708525687566
337.18322679091096 306.8291334684774
350.17696019981315 304.72364791182065
353.6207211721533 291.2640888412962
367.21832773466025 300.3942256162399
374.57718796616757 296.80673414459073
377.0575266399145 276.59038564637706
378.72097604342457 271.17617338946064
375.52084370314714 256.5505787047552
378.5222712812485 245.46749931600147
387.28970171577316 247.22232288089805
403.51592584973207 250.92995353555574
414.0369711670558 247.5799408888177
416.717652569029 243.5014217273156
429.6881073006057 236.8601805071853
434.717486063973 245.28995874048016
446.07017083708854 232.70615260283358
450.9075159221931 238.39320311932033
463.08458608338714 235.88125455193136
474.71993876007133 236.00259854026118
483.8589011618173 227.62486345153954
490.52026694204153 229.16441172979313
504.84358168671184 232.48032392760175
522.4344764369085 231.40120638983603
526.382838857167 224.51272604110852
536.0482984744673 225.47001958230032
543.3733122284879 228.5216434853599
547.783046917273 226.6179100674145
563.7920118067749 217.5747051510328
574.6720009395412 215.18269487984244
583.4505049071917 214.263401061421
595.7664267780864 207.61364667938835
610.2249227499655 216.39533432491737
618.2200658165776 209.8914225399614
626.4127179192261 211.40667130413308
635.0664914842604 210.6614349605406
648.4908059001302 202.85101360433845
653.7367736569448 202.75078096197151
660.5182092416579 205.1698652441117
675.5539770706515 207.74245404877925
681.5172809299115 203.9123590523376
691.4038590903456 193.76718281765102
696.4480296323705 195.77065153565178
697.4461698248558 191.64558954644656
701.9481423099602 184.0357305997572
691.6019531209256 164.97064782470213
689.1057704462295 152.08266162875753
