701.4698751777496 197.05165123184557
706.095936814449 189.73946951889332
702.7208775088876 179.8215177679302
695.2151533982457 164.3123501024528
700.1695308920255 152.46883680304975
695.1781125503978 146.59229972008478
685.9878934514219 145.27993456885082
688.7968811775335 130.63987171295167
692.7631638940795 116.92471107841794
689.815495931642 114.09643995979792
692.827358002149 103.93250424798823
682.4893548972902 90.98222948595361
683.7737513586042 78.5912640836797
684.3113058766264 71.89723293378125
681.2218178613239 63.753978252099586
662.9624664992203 62.43309721442934
658.4776117319194 60.9901214857793
645.4636707678508 60.182232053827
647.68988724351 68.30961568987766
628.4947244850321 63.29914329375034
624.8063642235778 72.29636393793594
611.5428948685483 60.47600305988524
606.2818134367009 76.91690651991732
594.7562645136046 72.72109679601871
580.1855061340731 69.58406128958748
568.4023899040732 77.18709755253886
563.3163997501629 84.65200743401196
547.6724994289209 83.26251486914106
542.2440641063822 76.52215326149792
535.3313375420184 83.40151144906918
521.0969029609544 83.2214778997463
522.0495232176655 93.79091753818906
518.0268512469901 90.82032557982885
521.3701231991422 107.70477075694811
525.8192538417911 122.93107989552686
514.7106507645882 130.36917857343954
534.4395180562511 128.4913145734957
543.7854900934382 132.9955561389059
545.2681742165654 132.39386742296622
561.7085038981259 126.54438776374221
570.5702404886972 129.74320820091805
579.0472063545631 130.19553287113555
599.1788282186233 116.20714609845585
602.205090169991 126.07591566125672
623.193799151606 116.11225680238326
624.3034322250779 114.90117982974789
631.3407240963467 120.48391555782575
644.8483436491136 109.33703290028278
658.4846511600372 109.95735640743098
662.4129377959438 108.43168680233782
668.3165416701544 110.78155943506181
687.2092569863927 108.37563130589731
683.3557148913998 103.66113196056602
691.1925665159883 87.89751733660664
690.2424982186177 84.12937512067319
683.7312483937824 68.57603981711114
676.022744741284 66.26529268283683
674.7094072643796 60.498412669551534
667.8831622844641 55.34820652982968
655.0989119988243 61.78813185010401
638.2425546098503 65.33965027721189
632.4634754437275 69.49442359935989
624.3461977127363 70.73631332876316
610.5248627819824 66.92366770337412
600.8000588046872 78.82741274628748
595.2312107678167 73.30540792933502
583.3087726233473 71.9419843800365
571.8975191156527 76.42883898603705
566.0017088933342 82.95184419892055
554.3923707284164 78.26971145760604
537.361660151483 77.65536354020418
534.4564500072447 85.95766058421822
525.6712744060231 79.85452159761023
513.4681221846784 98.49314141422633
524.5397776562913 104.7589404231498
527.2522339901093 111.25326431270518
524.0899928100287 123.58647653942552
524.3593877081182 130.08013615824186
536.1028802695735 134.22424513829532
541.6519451103899 131.08263378701218
555.4002130323014 135.2857870606383
567.6179525537909 124.37047468342666
574.6074955092977 125.57992348690681
579.7603910975184 125.45725934938972
584.0485431218331 118.82934835082041
605.9393258569016 120.59744123435256
607.3891208266004 127.09030743589034
629.4732063693027 119.30108346992186
637.230205393775 115.4073752209973
641.135187028302 112.0195842705948
651.4580818811841 121.17834855557162
664.2577724844272 107.2810758286551
667.893543190492 103.42053240586895
679.4377464200161 104.82054270117189
688.1366761874432 103.6682227594423
687.7469829672866 89.52813671862138
688.874495253923 78.84753317902639
687.0099246352829 74.38722965662471
680.0878718063769 69.5384440565589
670.4400599846642 58.1373625397034
667.1577610890639 63.185810776494115
650.629190118903 64.97700884533425
645.0194960166943 62.9441973178016
633.8737109626436 62.47318288094956
615.2652294455086 69.52202371457294
609.7725383120265 68.54952938756898
605.751208395483 68.73475528037396
592.8606932091399 73.45964438909752
582.8605940135293 67.32824690850981
574.7020434202212 80.99548379586217
565.0798363655229 80.01876865264512
564.9716966137901 79.4852922411323
538.4450737783782 84.61735332757851
530.968248240647 89.86992583184193
517.3448838518685 83.64588044736833
517.3661255758124 96.38219946877598
514.3120070310528 100.64612076829548
516.1843754619456 116.85430823292869
525.5219943120029 119.54578577401116
522.8224785632688 137.81273049955007
534.679444861327 134.0728155074313
546.1260240816739 129.70490663200047
557.693819963292 122.91821285736432
564.5122019994305 122.65821693356827
574.3119399558361 131.11368475062557
585.242842913771 126.52872292372285
590.5110186858278 115.29671072825494
603.1141646432875 121.14068213227547
615.053197740208 119.22025884401667
622.7394799102663 118.37943487812277
635.8507679762141 119.59856088660962
645.2423187765571 108.07794156819953
652.1861719637192 115.60306991788946
663.7728787485678 119.516925500674
671.5684061265936 109.00399272338787
679.4094725430422 109.27830547213674
683.7456746558804 104.33786439802148
686.677008279489 92.37994365128071
689.0831745138327 80.80636140111966
687.1242584240301 67.56495238816512
681.1412544242174 61.60345892399829
670.6628403030141 60.749211183422396
655.0125338562277 68.71004889571756
654.7212580651042 57.78974931876984
639.1492876929004 67.19407180702225
624.8616241597914 68.10837041474103
624.4042811112041 64.43306393605683
618.8207624561122 75.44040624217573
601.4099314923228 72.17663453161882
593.0353165988063 78.98975137465513
578.7844775374513 75.00829430963265
573.3576940694483 85.22702761375598
563.7148638949948 76.22446856312209
552.2284133683715 73.82343879936118
537.8456632760954 79.86781301805021
535.8271255817365 85.36961045086764
522.6786054045535 94.79062840850462
526.0814487230116 92.51018062491045
518.5343284540037 110.0555547253472
522.0604142399158 124.8105626373122
517.987765508983 120.53336578533515
522.3887810016042 131.96789209057138
536.2078403551649 125.2888745657682
542.0678410563249 134.75546165352813
552.7221728022703 132.7574293115101
564.1073790077885 128.7777909459079
576.2986253729877 126.9057202974708
589.482011505052 123.2396564791859
588.2855040810857 121.63453836598066
602.1723906403126 113.69800880795843
601.0755143771864 124.82963940539771
620.561750666745 120.01356579356374
633.3388211491499 105.36056246577326
639.1392810641129 111.62121141399153
656.7758755208395 118.51715207660703
662.9141924502599 114.617100805602
675.5368112548788 111.0001955957475
682.5397315481383 118.33356075494092
691.1002712355063 108.72040095738322
690.0017193973704 85.74713034537857
687.4524334356918 83.30891630371814
681.569415157468 77.03492713898105
680.693942157849 67.71184638453991
669.1804059929096 58.086228500492815
662.6787874459802 65.94167148892377
651.1295266289042 55.74629103979472
644.432802583686 55.237510553759684
631.3353098404409 61.68265953741912
623.3266558295678 75.49477427551852
605.4756635578672 70.53429017432308
602.0904602697682 74.26867592893234
585.761082781032 73.83705070109723
585.117771416437 74.27681165643735
568.3186414407871 81.13565096614462
560.809346581941 77.76647820158357
552.4789564181777 83.621222748262
545.4137204400698 82.45170670028978
528.2877116659017 80.75504702239562
526.9333953410544 87.6049546151572
517.6079282215351 87.88495407805513
514.5486974000293 94.99133553411167
522.140932725289 109.89930954748958
525.4903713167597 121.97795521097832
524.6501775574568 132.67014861549873
526.920257265463 143.37809382169797
526.3995332673263 147.60585589177032
529.7975192638697 159.61197873500436
525.9055808113692 173.72668614656936
527.744034674902 181.9281623228429
536.611595904481 193.04087595309815
529.8510910459639 211.31494114580084
533.9557272500682 213.05127597692865
534.9160279023367 215.6428912117267
541.982624994046 229.15313580207174
543.2641913983798 235.35188040901062
544.2558739632076 245.71073159469512
542.686110908377 251.2452612661921
551.2012946832075 271.4314430229733
538.7976350382069 280.38061294532815
547.9156895624802 292.41409588188964
544.7483250868247 301.21281861062755
555.6171759960677 307.1861023970465
552.3767345453763 324.59257800709224
548.7615763848654 332.0299276189701
561.9615802060724 336.1362763028625
547.3583350342454 350.9808979708417
555.3072004893185 362.3579142535318
562.4208948396158 360.377422512215
566.210807001775 376.1844536405469
562.4766585260583 390.9119180074969
561.6820143408681 399.2096781451515
574.3230890289731 406.5117391888188
564.8960000575082 421.5457601789789
569.5838835576764 432.1442055892388
570.9836217854987 434.43371206679655
575.0815502139934 451.25706884883414
571.1901004585685 456.6095605532714
575.5043385435152 464.8232905659923
583.4379401561283 475.1669120949631
584.6575134896949 484.6742151797582
580.7119742306043 503.65830716312905
586.8166699873607 503.70216011873003
580.4988390062916 513.6555277016519
578.6718154574374 524.3574752613013
574.5105597673004 530.9794342798567
565.0956618169822 529.0808377689046
541.6224716561711 533.7573629488728
532.1343555761431 530.621119041522
528.7848220712683 531.6576677286561
518.1581337133642 528.8553449392559
508.81885669412566 529.6258507262694
501.07035096115567 528.4770646945134
482.36051971349946 534.5178411318167
480.40986908381814 543.2121958178104
472.5029389208274 537.6028248147986
453.57219864532897 544.8385619615794
449.1111488170424 541.2788979564856
440.61379379422885 543.313750273612
423.00411932344747 548.1425947549033
424.8645993366989 552.333226149577
413.7317229268992 548.2979048294551
388.74097501971227 556.0804632472649
392.61120633520864 546.1566137559082
386.6587992911948 554.2682144282753
365.1970166704222 560.737403932659
354.59690446479283 558.7550083089859
360.2473243448206 549.1905140881687
362.47968111590524 538.9739434773868
372.3976985645305 535.317368514418
370.88514863075596 538.182452158508
378.89174837227813 555.0046298055286
370.59783477959775 565.3388242466016
368.6528970613612 564.494669120743
356.4204133865479 548.411947797945
356.0236636592056 543.5358943968554
364.86940284413834 533.2574023238893
379.6682268255809 540.2895662009058
380.4733809556628 523.9564047774244
379.5116067678643 518.4256305518516
377.53125433560126 505.3947865256102
371.4452478054604 496.60981658409156
379.0400764579321 484.8699408941783
375.8903432414519 474.5960777040788
366.077094720061 462.5476050513717
377.8520903708498 456.64089255994054
374.96338142682504 448.8200835593403
359.22790544727894 449.13514015837177
353.09015075003674 449.5149363311038
338.57856015849563 457.0371955657813
337.51380225826915 448.8974594305757
321.22412302464863 455.3841672017457
311.8422840311543 459.03378119449803
300.1105748898758 456.5527842245782
299.9424401047564 457.2772618231613
286.9138066995372 458.875346457705
275.3149344788842 453.42671330530067
266.94384221576354 466.2807123166621
246.70193716469822 470.07818367445685
241.26647150381683 461.83075647382753
233.03593640881542 469.9255398006944
221.42741822354193 469.61958647819114
214.43960593835556 465.4302561064924
199.1023841635611 471.77041277939514
207.85498384507693 480.8137518500587
203.54178146584854 493.6436359658936
207.4896934386746 496.3594633929611
201.8364972432558 506.566415274766
207.79852360340945 518.3098996142
203.8294059028028 531.3193157416904
205.75727532458512 547.5435859847937
207.8834293448017 541.7108345509416
219.86603267498666 558.4799686765348
198.5478760431653 565.1534697796382
194.56525522887827 562.9887315313802
188.12201853289739 564.2335991139894
175.38420490477185 569.5319014050857
167.55163276244093 568.1161550718734
158.2055362085211 570.0822757533541
140.2554565100168 567.4085419553589
133.43451097756025 571.8458555700013
133.44511556744584 586.539108641887
135.2957212058629 597.198063927859
128.5668884791899 592.1354487691666
113.28110579346676 597.4759232887045
109.32661004594925 596.7319002493055
91.2257688593063 611.5301517362933
80.45685699742482 604.8295112476369
73.08087742364792 607.0886143306352
67.23550893468774 605.7468656826541
58.42238518646766 608.8213165069748
52.765737709961606 612.6222786661584
42.52123092508279 617.9776076943789
25.065557803689057 612.6855529679895
18.97678605750901 614.3171322859644
5.68000069839034 617.0237282547224
0.5820248876004686 614.203180851077
-15.816597568993199 623.2911848452934
-24.713081331191912 622.2732467214638
-18.47354143446127 631.7700420273627
-24.772254934351135 641.2870018038162
-18.63062650729083 651.1431599506851
-23.614618630969495 665.897635246664
-21.950885763946747 677.436040335143
-11.553526602236369 682.5154517836071
-13.956335020648051 684.389337394803
-15.524127888590394 698.9854115807848
-7.975135202918206 713.5665091411736
-7.164062627909173 718.4774331911158
-3.3482202698466694 730.8072489645857
-1.2722298083267365 731.4851950599267
6.718196038409367 737.1998134582823
18.51817159572853 729.9367523705522
24.68049821925553 715.6614317848204
22.950401460329658 718.2702206979968
26.79376668901499 702.9308232301922
15.392892957690929 695.2252099372522
20.180944942395932 685.1842088363079
15.36506465358395 672.7570444671293
13.988977457108902 668.363346796532
13.674504801304556 654.1368847825971
10.390660245976706 645.4334157245667
10.63282957759464 629.7743533316342
7.695615696851074 619.9098468117695
-3.4303786584926375 617.2247224724663
-7.30163774176276 615.3028860400694
-14.858254830257374 624.8066519992935
-19.546437299888105 622.3823757423636
-23.70423716580086 642.7266303632003
-14.395435438947093 650.4512131931709
-17.843544272834553 658.1502562737444
-21.744969801525762 669.8592039380255
-29.57350085434435 681.9147706257331
-16.986008237786432 695.1867544222994
-11.723827750707793 695.7292662543665
-12.038241076152662 703.178149134129
-11.929949097234903 723.027394183656
-8.776127232427635 726.0886612607068
1.9927101724201004 728.4652399604562
7.461133453544538 735.8081312634217
19.693790041812516 734.6293803852233
29.983750637822926 725.5983745153934
41.38893723115037 729.4513052043427
48.62091749217601 725.1951498796797
56.28714112849934 722.6165314161756
67.85889042280229 728.8184099729294
80.07244523306409 723.7066709639435
84.16881964493311 723.748510240287
99.21461858874108 721.6334537646577
106.17272321183094 710.5744506716297
120.14087846455304 716.7814691559701
138.54225806443142 717.3784125698902
134.05960317326642 711.4877344469114
147.9870866710058 709.3066655791775
156.59637403025064 723.250369507645
149.0785094879798 724.333356888601
151.49800918548564 740.9809161233909
160.1589151291452 749.8148008674232
157.90585127954498 752.9929070268886
162.1440570443551 769.3369817616533
160.00161062501172 776.7850232064967
169.608934497989 786.6477764307556
163.53467747495944 792.5578696700899
168.57534891684105 811.1009362159535
171.1454608138106 817.0961687576391
154.15667039294922 821.4360913840567
150.0238314487854 825.6361713486822
138.5749791871397 820.4877024250002
122.87242327489335 817.0939698748133
112.67530053806982 820.2222632558589
101.48360290823493 821.6166522321429
86.7409235808951 830.9171745681014
89.4851978295594 828.7731335919146
80.97220116036675 822.9119270421041
69.9844993715987 832.6616848105062
57.79920098580238 837.5246399614794
47.12402621499536 837.6755266877086
35.965171775065244 829.3529418033071
17.450437037451632 841.9195665168777
12.004564369385333 838.8099613503271
13.452834383131366 830.3006835959502
5.674407185209434 823.2859186130808
2.1127256553203213 813.8430004128286
5.087229077779863 796.779347495697
1.516722072894403 789.1604659963695
0.19577061215757005 777.4425846856262
-5.941710479234087 772.907212477999
-5.470549699179925 761.256105566734
-7.430837418434858 750.321362024391
-7.835178915734868 741.4202697889367
-5.394729841013866 737.0979309002267
5.063565123057323 735.8457443258013
21.524117708188776 732.4625335971896
28.003704508460206 721.4581221269214
28.27597488206361 708.5799926552156
22.271170092204237 699.0448691011251
23.609869793520094 689.8496337400696
18.430624919295568 677.6316646015307
17.57891267017682 671.3927415320726
19.516447293433373 664.0706657424768
8.851967905233575 651.3913149766372
13.822104529773823 639.7716164284664
11.160595070608814 623.6161827735922
10.73829143418025 626.9678001218613
4.446157562625264 619.6873731399243
-15.11339521386895 618.7091609975573
-17.370861610709724 627.050189403149
-28.325073577507784 623.8048271614506
-16.52137413103721 633.3543329458874
-22.73457320019145 644.4158556769908
-20.77268823390489 656.0088033568825
-12.282839423496434 667.9360707995912
-14.178106795241016 681.8621141673369
-15.788126795515586 689.2773552198886
-11.96155122765719 702.4432193755108
-8.881137881862822 709.0662664952284
-6.776495297156345 716.3678222479874
-9.365454724503458 728.4855557661988
-2.229969662384954 734.7288661894994
11.688265580198753 732.5161480091336
19.424180710686766 734.6337962049582
29.03077270913664 726.0622616117718
43.47665969709215 729.4367146170214
46.580028962589594 723.7789842943034
48.17717977843699 726.870718120209
59.23236800257988 725.5945945636643
81.90655150229306 714.5785505667379
79.46144962151429 720.3080417497065
103.6834268161365 719.3635418879501
106.13218432114324 712.438553970495
114.27434461089535 721.2347491275611
124.9097524170357 711.9217327130018
147.75685992107282 713.8025925460228
147.2429733185764 706.8300651709353
158.08982022895736 699.6177189318321
146.97570512095675 690.8648305453964
145.37030413620968 679.3454019627861
140.37361804988757 669.1153728381332
162.6312355172031 668.6757249947676
163.24170795611707 667.9642940617393
176.96677380618672 657.0137992261498
183.78907960033345 664.0126011339851
194.93274279230283 666.3752728573166
209.11873623428957 664.0033318353652
217.40280367490135 661.6539472423786
233.26049504032457 661.9402954566942
229.80338542796693 657.3340206406863
242.0683496469493 652.9043029137189
260.46010473753097 654.4015843817028
248.99863000725858 642.0344957510065
253.31031604300574 632.647241311955
249.3050409497447 616.5989494379919
250.79047653229662 613.0081491813464
246.43499232103872 609.2689141992621
241.7212117176305 597.3168362309102
238.38822197468318 585.5080991319559
224.16198706636115 575.5247266090736
226.86926841810487 581.9683154500818
217.42153117916814 580.0942148107108
200.66767128659183 588.3944357330342
188.42289082994807 589.2203445352203
180.419165216053 596.2768907084121
172.14347400268278 585.1376732929722
160.50875402990016 592.8698788651587
152.36420987454568 593.5927732892657
141.46443067558715 589.6205676732579
132.81961343676653 596.6057675803655
140.89218891963688 600.9921988147822
133.9171862586189 614.6778247223831
138.25286677660736 622.0445802266483
139.54252260121046 637.0213973147146
146.3275757729027 645.5347613236453
145.2257287296357 669.5148336466848
139.21273260409347 665.4498851423227
159.65591545038959 670.4151759640008
166.66280604868174 666.7697051804826
171.87054489053995 661.1393494350964
186.43224788176317 668.4149782467399
198.17728092029193 660.0384756476359
206.17667823158595 661.3389380001837
214.0878619985747 658.5962904183052
228.7908855601588 659.8876471242723
234.16822763804055 659.8881334144975
243.44460632122636 655.0888841588451
256.6161412174862 651.802460606161
253.01866579959162 646.1348134639281
248.9810845425372 629.8459914418024
251.44005352945192 627.6083397686012
240.38738204220837 616.9997250808765
240.89999800289968 595.9922842331312
248.13436441568373 593.0235894282941
245.3306813955402 584.0134480423902
254.4901173027729 569.8688138860147
263.9003762678328 577.7440227972414
271.8884471112492 576.5441952420045
277.7821098184579 572.7491693030125
294.1049716923959 568.0891316215152
292.6747325109915 567.8777866538732
309.2081811357353 567.7048162870266
326.55617954735015 569.758140734923
330.4112410678755 564.8900099208366
335.42468982111143 560.1096606669931
351.6692856347255 558.5223686510643
360.8237037724995 553.1959760583911
357.1363009856469 547.2622162858116
352.8562236470399 547.7443483282005
339.0850023319837 536.8123787450819
321.62054315340544 540.9324953088957
318.18666013392647 548.3501708307975
307.26586405254733 545.5011179937655
299.4900962457958 550.5499304733462
289.82655314031393 548.4958110489262
277.79635635648015 547.3917126772783
266.43121681402954 552.1396884111626
258.15341016175455 559.6134543873832
241.10002437917515 561.6413192887085
236.55303080011691 557.3240076569359
233.24663693060367 562.3936563258696
217.21616762393916 562.8243859391667
206.63535547104854 564.5520076342341
202.69759662188326 565.3924504345955
180.20626415060397 569.5695849532341
183.92767429427786 566.1830067464864
162.84099536804524 566.4261818162836
155.48677956819245 573.5656298549907
151.8867013680393 572.8928782560743
145.54149343238785 583.3821533534689
130.45736958891197 577.4109143656796
133.13440222629237 591.7845107136714
131.77701538846077 599.9064853603975
136.039055710785 614.8840977984166
140.7134229825093 627.43074372738
136.24126100734927 635.3086295930549
142.25614195128136 646.462992421767
145.175447161407 654.4953749982215
139.18843728752117 652.6957712685399
152.54033202564776 664.5691669749311
168.0478125354088 665.8314120256875
176.29140683420093 664.7389297979672
176.59141953190414 668.3208036635742
191.71957809160463 662.7830134789376
202.52409169701818 663.6411485586169
212.99173589689033 657.8408552292257
220.9455614983858 655.6529076862527
228.6689892570161 657.6075671251253
241.76557052302624 656.6628317810574
249.86812436800972 650.0615466411613
251.20096620928456 642.636033457818
250.07724092324412 635.5279208032231
252.50503751172423 630.0057933704018
246.4317239289355 609.0558730020127
254.56663477230046 603.1941020181441
247.92319599862273 598.2953254222973
239.25269793112682 582.5323927110459
249.739808097517 572.0510865524687
260.67230728835926 579.9045214441342
270.0258433418728 575.2954356994002
269.75910756654343 568.1767976973628
295.8893542143084 565.8290842234284
298.65108812623816 564.1289406790355
311.66111134002267 561.8892642894907
316.1839847986183 562.8801618941636
329.0779616862056 566.3964512631791
339.52592370801307 559.5255245180718
353.04607836300164 556.1032863213358
358.6448571961686 556.3904137428789
361.4975258339728 548.5511769445939
344.37065335844676 534.3510151423955
337.3150171048564 541.6273085579433
328.5995882261485 550.6506740672729
325.9124735728465 553.8364578677997
314.0148206066926 548.9549433314958
297.38335207332614 547.594522999385
284.62449586307156 544.7975045941022
284.7704428815929 552.81976233039
266.0569528156255 552.8593555833918
261.07483280985866 564.3224985423684
246.0747366674688 557.4066630614758
238.0048607171217 559.1183782138115
234.425627626095 563.1503324718593
216.39796615847249 561.5588624688222
216.31204257932276 571.34623310381
194.01405652302464 559.7321315385939
192.04649635811577 570.9789302280827
185.70402675545552 565.8181003884807
174.72876556862352 569.4845392561102
157.71039355917853 576.6151453366982
152.56055973026318 573.7191836662395
141.37288471280488 575.7354349531668
121.14228768048945 581.1274449105266
145.07058044877763 582.5377662759031
125.14548209282027 595.0443829648569
119.20025465131697 601.9194174986783
114.28019991286894 595.4724577065625
105.15825518538334 604.3897525036615
90.75945701859463 602.5671928743409
81.96950855602948 602.1935419490536
69.06911694676425 609.3001122174425
60.80311726942553 615.9386425815857
49.940883575303864 610.018366072635
38.08547975813363 612.8909810398144
32.077919474525075 614.318121351779
22.466116214256346 616.185021757749
8.16166308917349 610.3841458904784
4.5439549765648115 618.7281242060268
-9.342646945145827 622.1588248540704
-18.020993740005654 626.1150120517153
-21.49770953178516 632.4057618646464
-20.230001833510105 637.5218421282977
-22.97987229229592 656.9669153706436
-16.31840380893212 657.7492214977622
-12.337265338702794 672.278511072198
-12.73255231360963 668.5958464903066
-16.365236556112894 695.9384920769983
-12.968855888086969 699.8566152572934
-4.8137276704044 708.6627726785634
-15.648207038982184 721.4321984400884
-4.229058678186966 724.9814547224455
-8.367351506128662 733.8042185213935
8.647300317060878 730.2605396512952
15.29897864342507 740.842496882543
22.16923698693764 720.3020684186943
17.4138254337848 717.8726760104931
27.917756505134783 698.9612507645062
19.226420736638303 686.9114234863232
17.752163087171997 683.4648584251636
16.98307308764759 672.0237899723918
17.212479304777432 667.0532870060043
14.812303906801866 654.9662584198085
9.90073607052265 653.6420003251062
6.911290075298475 637.8113389967008
9.92236271592807 625.3742098969481
4.4306917180296725 608.5732139592882
-4.360153156947285 622.3803573008956
-14.394647327781362 617.8574349374702
-20.13290178002672 628.329985678789
-25.334284967991085 634.746196767132
-26.086813954970843 646.9510058612934
-18.312877310211324 657.6448975930991
-17.679619073581165 670.182318561265
-15.085793702511774 679.7416816644275
-11.562314205697986 689.3939261208477
-19.942475198288857 692.6802275874115
-11.227546433432897 705.2462530503648
-12.70393541986628 710.6675201693104
-5.5817298622586105 729.2353379768751
-6.983894608423379 736.7739097919456
13.940408538362403 737.4880414233679
11.110306192282307 727.388860545333
27.815829855720832 732.2977527458793
28.934727452350234 718.81913889065
25.159837244736032 716.1813172074279
22.61057348526207 694.5717846937814
18.162688426560702 692.369945563152
16.230280442338643 680.0614309964214
24.029458883950333 674.1237129900134
12.024029958961865 660.6083610441178
15.51373348852336 654.8364132540518
16.5199943512459 640.5287435262683
9.9518400936061 634.3704338654139
10.610486132988017 627.3043624413644
-3.374852924835993 619.6907876472579
-7.06724539725465 617.7452166614278
-17.97380894929829 618.9779946841165
-29.353978558121717 635.410060372701
-26.075334560874385 634.4151566728781
-19.44192671412379 650.2951799771048
-20.222121425554743 660.2391093939891
-24.198611498658213 667.5326004008123
-12.743999559147026 687.2784430318391
-19.032601016165092 693.2369965091633
-13.316148328412735 702.5551027099375
-11.079685189249311 708.4789377246686
-2.046986700923346 723.2172822434846
-3.8260987088466103 731.3854875902234
-2.5164455445696436 735.6950363885248
6.651857847381672 736.6825700061916
17.252527205231424 730.2530514312639
26.279858381456496 728.444455230925
47.02908906237034 728.7273658713443
52.99393937958687 726.3139329625718
58.96079119784456 720.8510275780427
65.53583176832906 730.5809655882483
82.23496427068417 721.0614646948235
90.20298072788931 722.1085658136832
110.62990320925154 716.2911310716269
110.28114842494087 710.7774270521447
125.34169004814969 713.6061445837925
130.60503771650986 717.3023629971887
139.73311277556147 714.5090393985944
145.00766293655516 708.8577834487556
154.5306173590406 700.4745761608908
150.56287233118573 694.1426057784531
151.8237910025344 676.0846331038827
142.94652577801529 676.1492176041547
159.27894097882265 668.0089940458042
166.35695543149322 672.6129688372765
179.81292272718233 669.0882324712427
189.64094448591004 658.4018238988301
191.44539167181657 663.9717835712833
201.1704916847323 652.7037176255424
221.69689910280562 659.4877547324946
222.46211048627634 658.0524942002099
237.87172645033294 653.1061754293021
247.47991726659853 652.9553943235659
257.3856422688042 652.5249986515993
267.0295833972369 646.5910180615061
276.8641272499554 645.5860351762102
281.0884557335429 649.2350961012085
289.844023718545 640.6880435042963
303.73192434144636 643.2941146123845
322.8166925634651 640.2382462841688
323.22262685451875 640.1199788314899
331.4630988289583 646.2918943828947
342.46051170920305 631.298821831751
353.43409132380447 645.3948230402655
366.87627815272066 633.1278575100405
373.0031935247148 628.3699339138496
372.94332750685203 613.629078705051
367.0814553973171 599.1922850740361
363.88615040685323 599.4268595173658
359.7290240502187 582.9598125887993
366.911957717752 577.86431857187
363.72937957486863 566.5032947964436
355.91893364563833 562.7937909824773
357.6056080338989 547.2059815251446
367.4445787133254 535.279736793205
376.4856194703145 542.018999777348
376.6795255955834 526.2892897698305
374.74937817157854 518.0526243818717
376.80415829799574 516.0659565776921
373.4635848934176 491.0073933707416
376.38274816697805 493.16293120821854
375.59480493160544 478.98194356968
373.74780564310936 471.5301047071951
368.3621561140562 455.1898211901981
369.786330940328 451.0567570332828
360.7383227323766 442.2294394802345
356.30050262686694 443.4039154004965
342.52563639015415 449.5796045782274
338.37288512238035 449.67601423133476
322.9838022439083 455.9739923590773
317.3071306870546 452.593622765912
302.10008904296166 459.00257212028373
287.5544606907075 455.77693650130163
295.2218081973833 463.1243954581485
273.2540271718052 449.8913571710525
265.7218177599604 459.59828481462534
251.58579470873653 460.42517315741554
248.82020099982032 466.60590443293836
232.19980753068572 469.7510916185431
224.0244989431381 466.9668081932398
218.8128651973854 461.8008551356313
203.70979986356804 473.07079468121685
203.36988463412757 461.74390200987136
203.07717723200534 456.4520524888083
213.9945479338969 446.2073676209199
214.24915215964626 430.4209722309304
206.85054474298178 424.9741426718229
212.85620673166642 413.0926619177314
215.46859167781167 402.8986033080901
220.27145594422478 383.8895590814693
221.15269115993763 381.45545593043374
219.72075626224364 376.4728165612479
223.53283707201427 368.85625918646247
231.32157686902866 351.31992381691634
227.09265303553835 340.7940144493087
240.04848298988213 329.21385332132627
236.36454277719088 322.25545730709115
248.24285851927226 325.60988215927375
246.85939635838992 319.65056659246875
261.1047987223991 314.32586781040203
270.4309177138206 304.5474527523611
279.5523785137659 304.62779523050114
292.63093251262427 317.61032451249554
301.2077276156724 303.70270547025257
312.2702885845856 308.6739851167065
311.03059754446986 302.12749647725775
322.5545026723432 304.8640772744789
338.85972152606416 295.74934036816995
352.0644711715225 298.3991700852996
372.594444829673 299.7392080970392
364.05122770039196 298.36159168000205
370.7852273825024 300.9188005088431
368.3128977167821 312.51483353352796
366.7670024089901 322.39685432061697
363.0513450602065 337.55073765792815
374.71160274992866 334.9205162361619
386.1725038837617 337.83743271385947
402.4465583505137 337.546995930202
407.7334921124191 339.716115244795
423.275051283964 340.42320307732757
430.6347831396029 328.33264566706004
434.8385000007347 345.7504626662745
450.5613279811609 325.3746379156092
456.07093284174 328.5567547366414
470.7572105879129 322.6430522327728
472.8056832400958 317.66490741374673
481.9495960064571 325.1655474149166
491.6896427688361 321.57132459654883
509.3823182629093 310.45587905457774
524.6146994484043 317.83855294394164
524.778927197481 316.6461985428766
539.9591318609489 314.61558718267185
548.9074791203454 315.9149806660616
555.2495833966674 320.96379807206694
550.5389996610036 330.27510358353675
558.8775127111401 335.6355088897785
560.2374275917821 347.316431675245
561.426080752129 358.6948525360943
562.142455759934 369.469643795198
565.9642258440871 377.3294447099787
560.7453586387016 387.72677721118635
562.6451350069013 400.9095327081553
549.3390844851084 405.3119245457094
550.3106907451016 410.06189470158336
527.5994083695549 404.7972510025422
521.2448733652972 398.6315033459249
507.2081086949359 407.7137230085708
506.55454410128596 408.77727624327684
498.44391631164086 410.3742555278559
478.72885892319823 411.16687633933833
479.002323998314 412.6347898832878
467.62460988331486 424.08988541223795
454.02588383721434 420.5612804093563
437.99131451679455 418.67394581107897
435.1171029811181 422.3739930607061
419.77105720408326 422.5680062314739
405.7075397755998 420.6656749497916
409.74578661332384 425.2842788431209
391.64355234657273 426.797819948222
383.6659872480095 431.36581616318864
372.80033135681356 433.15435702749096
379.74703369893626 439.59484081090187
367.8655338852826 440.3430903571661
355.5305897068542 453.030193154659
341.0156598372009 451.7611631325774
335.11253595190027 454.4606041681464
314.15792166783757 452.8015963292786
311.3941049335297 454.51580320644086
306.4824519353114 454.07564842528836
282.92887145157283 457.5663833966881
288.18292678362724 452.78130436301035
271.8490933818361 469.62180858074083
263.048881212876 459.7779848797331
251.5377253215082 463.62427958223003
243.95068786439035 466.3407082304848
231.4421261069349 468.30554552859104
231.06068130400863 466.10890804007033
211.8611362586042 469.95054506064287
212.49116850613294 469.94524318789706
208.06042885351405 462.20825008144146
204.3823008150866 449.8825157268921
206.3539931306398 438.71426787277386
207.0601604166158 437.2449056883752
213.27319179348038 425.2308205262069
216.7525837357398 410.28799720865885
211.2939232559313 409.8408787185452
215.91419085473825 388.0029344093985
215.25300833162356 384.7905717959756
224.32539598178894 376.4784118436386
230.35666735297917 368.57125042360303
227.60213892298668 353.9564791460878
231.986004921519 356.3803793960204
233.62829115079347 329.6481308643806
235.89459970725193 326.60728413985765
244.78592934869633 318.91069510959363
253.67953806483771 314.76636096824626
257.6390506097016 319.6479050694144
270.185098207872 309.5694453716109
288.0861804996658 313.78680833229487
294.82029335525385 309.7573219753891
298.83956685282976 302.6354881432211
304.4117337767941 303.60811137912776
315.7731796706048 296.399089639842
330.3340541035551 301.9474919519976
339.3767085599638 303.2051714078656
348.32340881721706 297.84196061328123
359.49450790434975 298.4147398145319
359.95392622481506 296.0264878511711
372.11499964556134 305.2862300210441
373.6597455244996 316.39292481559687
363.3058200487017 325.5749532830812
374.9158719961218 337.2113616433221
377.4478628020774 336.7787736239374
388.949694627534 334.27890169013057
408.02090034366176 339.0976080670147
410.53072445439955 333.52858827823616
410.09969599452546 330.52334699696934
432.22529177699863 330.33686865463176
435.966857266523 333.03027100432257
447.8142084041341 331.4046517010128
458.16852018312346 330.08095247050863
465.84399965077665 329.3614341220962
482.57824011612934 322.00325030786945
484.32225709026534 319.250490880059
494.37661883370043 315.545517399149
513.0348434120278 319.4212232621627
521.4853277752808 323.75177818541636
530.572038511769 307.2212683140061
538.2039219927673 313.6336525461619
545.7995681473391 311.59506791993874
553.4115866873249 315.5495195973707
559.2111284159608 328.9999213522775
555.7603895386583 345.3554899127391
557.4331753537891 351.6019419920777
562.4261304532563 351.49567041277436
565.1273726314271 365.61953506811335
563.6157395524308 383.1005107544975
560.9354715280853 389.72743956214094
570.2633290180736 403.48555826880636
563.9616337439985 412.9580038592503
565.929098038562 424.06296839870663
576.1343186704202 428.26208419490996
566.6715286529262 438.7357594408273
575.9747019965923 444.8335617049716
578.2355141962511 464.84960847180423
576.3314229903143 463.80690408278383
577.7242114169059 476.95504575947314
579.9867824069546 489.55544028940005
580.4555049799786 493.0736054893621
581.4956957584657 507.16554218511914
588.4360042355623 514.4277768058926
575.2305420831345 533.3556972486783
563.3627891394458 525.5536023120919
554.7223736052906 531.8753166677784
544.6071321000767 525.8826737715053
539.4038282095914 524.1031233701843
526.0583435613137 541.7196799165044
522.004865264256 533.8352980001026
514.3722919126176 539.4422259701539
498.5240840605292 534.6237403286764
489.86857097463474 537.5779735664131
471.50924077041645 550.2196867088037
468.0644117080645 538.8014926778168
460.64189570164075 539.0553080733881
446.9617600629443 543.1485884225623
430.9795584007357 538.494616393592
427.85841005547593 543.7904300491405
416.4934735584603 551.5027268827421
408.14967843985215 549.1190558359243
405.0070440588713 546.8932185573495
391.7927543565184 554.3967637303816
374.0886419752137 555.2608203441384
370.3189446969908 555.4442768886142
356.98637244720805 565.6124265330639
352.6452021122966 546.6576627789025
360.3511613582886 537.5835424229564
336.6737802524213 548.6392825072634
333.5013993271859 545.8639689802762
325.97168288858757 540.5539991099048
305.0874749034851 550.9394023928949
299.90143048881714 547.9100528067735
293.2119357031931 546.3360409373512
288.16736946244714 550.1290699161395
272.1083909377725 558.0407230970628
257.66732836928963 552.1948309534712
256.7260187769209 554.2681146547536
238.54954736986596 558.3187929765099
228.3301996565995 558.1974389671691
222.89564845114108 561.4850638695717
210.14036016728102 561.6716891085781
208.3985054999996 565.6904288489387
193.3882849480224 568.0771838802564
181.0546789096025 568.5426101101373
170.6635182136774 572.1439470371073
166.55277130697343 571.288851964903
151.2938995921084 574.9367097867226
145.50947730465998 571.4505199576539
132.57706783233556 575.3122501285201
127.75754007196852 568.6336511090224
124.79175936885069 564.723999174966
125.0722641731707 546.6019019663456
129.48076340524796 535.8357881069859
125.24725730977737 527.8986316093132
122.266749105281 519.3568669174696
117.855727633892 505.726887075415
124.10179400903833 503.58898852976864
113.72103631748278 491.5302568920869
117.71589367297953 484.8269864529163
113.96110380576415 470.65580065871904
110.06811656895864 457.57970840839704
115.36261321870006 450.8148602135886
120.068962113417 443.51049733192457
111.20485086838656 424.72531354359865
115.7014860006541 423.79543625776546
118.81156361942686 405.9012827490329
116.39474233755095 403.2918017387127
118.64250298544819 394.197854093614
123.27100882173086 382.9876184077625
132.3074542334851 368.51982669561926
125.89047182607966 360.05531928081007
125.92503029822218 349.75736559756575
127.35419568881223 336.18078702537446
128.48100465394847 338.1919567431109
130.71989749386765 318.3586896071039
129.50783788236114 307.9589996908812
138.0878885825074 305.6994307820576
138.70721832988636 299.27705651218923
138.99098925532456 282.19962227641804
135.85183990511618 271.9376062424588
140.67142551841872 265.1921268185076
148.71266011350272 252.88612109592947
144.45910763978557 237.71651057643115
142.6489977631795 227.94517221616522
140.9758067662729 216.40874626039025
139.31595747622748 207.37610808999796
141.0439894301124 197.86689425980012
149.709199762177 192.0232825826802
149.92271071548 181.52206411859723
153.3223232181182 170.43728504305443
143.8339236337324 166.06152812437375
156.4430995991347 157.71526603517532
159.1261528209201 150.05306252172224
173.79580523409024 143.05507321027378
180.82284442479482 132.95726362624117
181.6236556845951 121.3379817746515
193.43532901117825 127.84976317570266
202.33700549737597 117.18792136564902
211.20881213510094 114.28946118547684
222.04205857819713 114.17034692539161
236.15861428467412 116.30227307083587
241.63144332579438 118.27103811893898
254.00279864969713 114.22642865820167
260.994970911074 123.65021130959505
277.5184166927833 123.13150426093497
279.5494924955599 115.27157870050377
295.05516832609544 112.3758709896072
302.6975435654332 112.30539905732732
316.1911790364955 113.41960074208693
330.57818899956806 115.33162598572535
327.44201818044763 117.59616444836861
346.05182150657134 116.4447405569762
355.23141069406176 110.03679565639098
363.6399195795336 111.77656295261792
364.660552066508 112.29964352007772
378.8048970525597 110.16471546800092
394.1510619734521 102.14162289693991
401.9345709146914 97.12822940333508
402.60060153690745 96.47140607789382
424.665387820432 94.95228291595751
437.5873788734632 103.68391514164955
446.17532278357197 96.30754945938585
452.82734684932035 95.0092703245807
460.3034899198693 102.40714687321925
478.2584235583178 102.17529637642943
480.9564249953204 95.54788092407935
493.16024298872304 96.14756795471098
505.832338837695 91.37341327729752
504.79349055680024 89.45810233733116
516.7649972355584 95.98728205699045
525.4268365015553 107.2743306366304
521.2977168415547 115.0253922509698
522.2348018287473 124.66287951533268
533.1632335616769 128.95502757681453
537.0008908608471 125.00299955980955
547.4127910020761 131.90060423210952
560.1590430761315 125.97099713239443
568.8905951749166 124.81593372711467
582.9286338538825 125.3168478568634
588.2069024319572 121.47274924081464
602.5202876457982 116.5890480998511
604.5728708929396 124.27842135321255
615.737775191509 117.66492280592081
628.6745214598718 116.36048724921338
638.5184292409409 111.42495909792882
654.9773931565022 108.778654181624
653.8177427414606 107.05736832268877
672.9514494016008 112.6864992396793
679.4479039607778 111.43084300485867
689.2216037176194 110.65737970982595
691.9552775881067 95.24507551196297
685.2220480336679 86.76766616506187
684.3196653305545 73.73162597735922
681.3152749478783 59.92359474322653
685.2423543054965 59.217547471857706
666.2171348239575 64.39957736069957
658.638405468031 59.85863026718513
645.3930726196686 62.05845439300154
641.1061744906866 67.6853475155165
629.0936594423467 68.95559476556258
617.8276475042296 65.43211208461494
607.2995193381608 65.09452492429568
597.2355495611572 74.58184275855118
588.5228946463321 70.0211173259138
588.110260845541 84.02778745571638
570.7044793212987 81.00277974637942
549.6191427922962 81.38229035542952
544.513361217305 81.1423539724998
541.0131595132294 85.02807559484744
527.9930975150963 87.09562524409208
513.2613010421628 90.35714690095502
513.6420247758292 101.67139440720126
513.0186230915856 106.82572007458103
518.3481157048506 114.929145512517
533.2014831197239 118.53158726759789
516.0230756334331 133.06353501922456
522.8102025972453 149.01470285086478
530.4396205960528 163.11587762481457
532.4607588693714 168.46155501411994
529.9745390970813 170.99157925825074
523.5377472034107 188.46847167041008
537.9686637097592 195.1736856164972
539.4649991907753 202.06978217203306
537.7730747052179 216.45283479619968
532.6756896037783 219.23021674654927
541.9120175833724 220.90130086293877
538.2347539406688 240.40444253175556
537.9913104919151 254.5870166424748
541.9419299690521 264.78545311074856
550.4707817070367 273.0727293342451
551.579370677047 284.25692228273675
552.6284098737812 297.52760927773727
549.228189722765 311.44257769536284
554.3345061462427 312.540019616948
550.7033129758019 320.711895052987
550.2871151907475 331.3757806471742
557.3757530208618 340.7537215413644
564.0613377747501 356.0549143084458
562.3247096266659 370.2266016458369
559.931750484386 369.09950038956396
563.428540880679 374.20113360801497
564.5488472699254 390.5526896942381
555.2148159005408 394.23071649806616
546.5905497272978 401.8673786444548
538.1862925319414 399.4401708450796
526.3618318417447 407.61525689131275
520.8228431199908 402.63750100404354
504.24058356021527 403.5968977543669
495.7118763950523 407.7086355418811
487.63788410809906 408.425251865343
481.08974894654324 415.0446871902072
465.32109675569126 412.643996561839
457.07166545234304 415.62806804953493
447.8384902418383 418.841018701222
437.2935200749226 412.8789300460013
422.8130224533557 422.07475372795875
419.89000142272744 419.9487103873147
412.68040493554844 418.2019543260463
399.4559107404599 424.9614460097957
387.0332614838083 430.4679004818917
378.44445006091445 428.0393577074751
373.74008076845433 438.0555949638084
367.6910109989579 447.91998572690335
356.8380705082241 451.6254207269645
346.2848583904337 451.9483153877093
342.01284498711584 448.3590356452073
343.2315611825413 450.57613085287136
325.4069290324539 449.38140641203853
309.2426379083596 453.59561212186594
304.33976393264044 453.36328373266826
284.97711600629816 456.6125598158981
292.879695617803 459.5098226672301
278.05253132548864 463.4495736375377
261.7921866063818 461.1211644361925
252.3039991303651 461.4948388543677
246.51670846043828 466.6510746371362
234.61642309352604 464.61025928317264
220.32893474018869 467.2101075060471
210.25839122587396 462.7443173020768
206.51269320526276 471.88138279494495
203.85560933578415 479.3219351947387
213.1566700051722 494.95175374638
207.32536467277563 504.07090593872795
208.64282084362927 507.6419803755696
210.88339434435082 523.355607371717
211.59901647976923 527.5185030166
212.5536425332543 537.3280514003385
217.76076480967558 549.1211529217626
224.16823422528668 564.216328011615
207.97671652176345 563.2529651996583
194.46825928827235 569.2891846412106
186.0558451522701 571.3736507842002
168.20180757715303 568.643638290356
170.19106479500567 577.9902409653714
150.6891217870608 580.0264089702705
139.52831055158543 575.3003676094928
138.3772457670448 574.1108167333059
124.10025457993216 580.5678555293117
128.96096685126173 560.5382303856948
126.22366101516913 552.1130800870877
116.92154134321045 535.0429355466955
116.98329298236014 526.21340929192
122.37698072482104 517.1082739968413
125.65777833242728 508.904868716338
117.33337127481374 496.7004162511139
113.93229448630004 489.2625018112219
113.20455431751365 479.19494333996084
114.66909767091697 472.96937953744276
116.85671238629048 462.10938794279616
111.91345281604195 452.0937558637902
114.68204109881661 442.2790851115377
115.48690878836476 437.33537830969397
116.0246462548881 421.71578277223193
120.55352515837744 409.8158031575687
122.19204200411156 402.7832270130163
120.78589303642063 389.3031253167344
124.54674495744156 387.73030686580273
124.02856025201054 375.43295145000127
117.66692644259547 369.6072896963165
127.33713680072464 348.8723588329889
124.4969030442148 340.4198157387524
127.39425080366988 330.10874285308626
131.1385719841667 318.67934550072005
128.83698318143686 314.11756708032846
131.13713605993019 304.14063303295285
137.22381834349326 293.5798643251637
141.7037767911882 286.81375789069466
137.00642315152302 273.3182451221092
133.41916798788722 264.0739423799035
151.6894469740781 250.16629506677234
137.53105767153605 238.1071183400396
143.66554935888618 228.7783192689086
141.5516774781314 232.14466240485658
141.98683118583557 218.2002607422786
144.98895043292646 201.53850311094374
143.82573700456686 189.8383113881431
147.25519483230698 189.38652586537196
146.08069050394343 176.60867096985504
155.94325685566403 161.67946502363765
157.7834257446943 154.78858351103315
163.06024182244235 145.58895311359697
168.2688630551886 138.49174790989258
173.60916219395568 135.88907354953483
186.66565675437585 128.63784585237747
190.59299908179244 124.73570912158064
199.84804446642178 114.92566144627699
207.2381126023863 118.64866439422292
220.826955726533 111.79137017946573
235.02142773362937 120.99769968948678
240.8556062588848 113.94522566737906
250.66970537970712 117.91974620640977
257.03162536474656 116.88210837282726
269.8611314400246 111.86719096631961
279.5372001028224 107.78154977367177
291.37173489200205 112.32177626151744
306.29418106686927 111.39672337918948
302.6659305888984 118.50335106332149
315.7247171193828 114.2843283964693
328.3553656708131 115.78228169141202
338.8743727767275 102.41024655201343
348.37687093500733 105.49484640493029
365.8129323698988 114.26847354251207
370.89115404414065 105.828872117825
380.3443483621055 103.88751833312804
394.3357122720592 106.33759385466641
401.99279706312444 103.66642350124133
402.61770790095267 106.48662940575743
423.51112578770443 105.10120559557978
434.04423235910207 97.18025543805635
437.8413309017169 101.1823793355297
445.9239408440281 95.52748854795959
461.2702804603866 94.18703699839288
470.98812335621386 96.31509248194459
472.5019642341197 94.62203854113837
493.5984980194196 85.77542235325714
494.834583905791 92.99449815482896
507.9417388256423 87.3373743278884
521.4797319654408 96.4254273218723
520.4449404877346 104.71509101710097
526.2324654822393 118.95910597543111
518.3076372450048 126.07397180143766
528.6815868583334 130.64978315997934
538.3831583809011 138.5669708774766
545.2687529793207 140.4729312083412
552.7006163321698 130.25684937547103
567.7709935939301 120.39057633207642
580.4593272823719 125.35787683266038
592.7175156522095 121.23691676625013
598.3059922317527 123.0621957804306
599.1190122861336 120.95761456534697
620.0805656921957 122.31526483200355
632.5878568288521 118.11029166919397
631.7010862096341 114.64447516503434
642.8862592340909 112.49375731070171
651.8291115090815 113.57202919134969
669.2973875856688 103.75399929088219
672.1418124042289 116.04496376170155
684.9413143429972 105.67631678628332
693.8057949451894 92.4357211718386
683.1335347456157 87.35739128281321
689.456174860771 80.76943480681203
684.0553073652562 72.5823200577932
683.1261002991388 49.789319435865195
669.1174744171514 58.337616797403236
653.6778282305992 71.23453164469942
647.7075189659851 63.18085015339827
635.2985434036323 61.18033913131575
629.9062634688393 64.4545405787803
618.6527185185636 66.24041214590903
606.5331446606908 70.92173117449626
599.520311334503 74.7085124464694
591.0286270687038 80.3239632362681
587.2553840896312 79.32692642770517
566.3912351097322 80.14039264821827
564.3173872245713 86.64582029010948
550.2890056014088 79.07827754899233
542.1857778678716 86.67460116432277
532.0281620912674 84.0574902203118
523.5974922253844 87.02715689821494
518.6048738992283 106.12392117029756
520.4081647744729 114.57507909364602
520.7558756840542 117.07560595219582
520.480379016762 124.50497884008406
533.1710211253219 133.09848646144235
543.7363894479344 139.05304340830182
549.6864682363044 131.88285539206748
559.9354575523769 129.8999176485139
567.4859843187871 129.7073529721394
579.5148849513286 122.67809086664678
580.7078888895597 125.22434899311476
597.0200282107601 117.11648639786681
601.6072292508951 114.19885069926795
616.7348200188219 113.5995306328022
632.5968012236417 120.205557543324
641.2240884581777 116.83344355873527
654.3686373908919 110.57748451789072
666.5906551751225 110.33249412216884
662.3303216847777 114.53770769213571
672.8428258892089 105.42292197316857
688.5098337306591 109.625934936061
694.0141048000902 99.01769780826264
687.7852405578054 85.12259821807638
685.4463017183325 74.70476765235966
690.9224505603089 73.36003452260485
675.7741797486246 56.25669918497369
667.7858120935316 59.990837094629654
655.3216167433201 59.903149357513726
650.6132570045474 63.806953975186
632.4333452161999 63.242484746871675
620.0208623625199 66.92799116685663
618.9160393520674 66.33674678077884
609.7540442570864 72.59750190055499
597.7933104370022 69.51759234659949
586.3308636212687 83.38192296835437
575.0655424687209 78.78263181648563
573.1484568322483 74.57819824165847
554.976759230641 80.30229207082286
549.897027242815 80.8696551236433
537.8796421860866 80.00009713588776
524.8757136974833 84.56374778319892
513.6476156760936 83.03246402135036
512.8619758660725 94.88016588467445
518.7462265527962 110.37247177287988
521.9184896680567 118.84628773980833
524.1222597333946 122.30447604478921
528.0537492027576 134.96021151930591
528.7302992750931 147.30157862895476
532.6627305695667 153.83457621328665
536.0594375569038 164.42188207252454
525.8019032231517 175.41447166536932
530.3104803676074 189.50153603945648
539.9679019722241 193.71239582978237
536.4483711383989 205.37042938024157
539.5877102138863 214.7757954257766
537.3689362066729 219.66448957949945
554.5636308580885 217.9844074991733
558.6839526065027 219.96365871622118
574.2637370321198 212.07478284493584
571.4714810683867 227.22093429840749
579.23031416652 235.294457303123
577.7091066192539 247.74648753732606
578.1475497565984 263.207443051351
580.3275927534352 269.39929259084636
585.6218436548204 282.9006976247043
584.3454252024707 286.0104861024131
589.8635932054307 295.50324926232287
568.5799267446513 307.902657812846
575.0587695172411 309.73661156776427
560.3719695191966 312.2276892863497
549.7308127937781 305.56076160489437
552.9030502443403 323.74390577136455
554.0045757039885 334.3980330316461
559.5556322733751 347.2891660919018
562.1713750377864 351.27643138086506
560.5028595322809 354.74111735108227
567.5136015088103 368.63256740558063
561.1145389565658 375.0783799344367
567.2402543638705 386.2138720356714
560.5056256959255 396.11762885911355
553.4659702263705 392.4435995670878
538.5262438042251 395.5305133285314
528.2676737134066 401.49570032120084
527.5667411576508 411.7478606391014
500.8883129745419 403.9031879266861
503.2123723678657 412.58400886819805
493.49505990459096 410.6469982929465
474.08313817071894 408.1775431576796
469.7676304160793 416.76741033828796
458.94120828420176 425.0338633058752
456.672957089094 410.6746675770572
435.45792247922486 417.84894892247553
425.9237045696022 429.85731083679235
423.5957807124527 421.97884019660967
410.90955813567405 418.9191927779997
403.6959272003886 426.7131601922625
385.8711257137063 425.89389176688906
382.4664737878955 426.73277379221685
364.72650226335895 432.79426364431674
370.79008568936644 444.8897410575715
360.7095947015734 442.37167722050583
348.2996002745018 452.4896490526756
339.1287948452029 452.034546247615
336.3951350662594 452.07119494262065
321.47324101500277 441.8236431513472
309.2747082631491 455.1122208997905
306.1787492521862 449.52843168973686
294.34597376571026 461.013835630357
288.8602527147792 457.07620646959214
273.0749517867081 456.98345741136455
265.55003039181906 457.3989703819199
254.59180359887887 465.2174296658332
241.61129261060609 470.28510978282304
232.00899117275972 464.00383482121424
226.0249706375633 472.4438487652849
216.30532436255024 465.1014441378161
204.76051589800744 475.5468903827742
197.76467916653073 461.3849312175692
208.30084179876516 451.773741839102
211.1043460202652 441.91936606400816
209.33296006566852 431.09433026167557
213.97218263718602 418.6822580190647
206.61083884079878 415.5449634269053
210.22184750085307 396.68983386740615
219.00056751550292 397.68744684502343
218.51686629186094 374.5232591235968
219.11237801347 367.93943631898725
232.0225159378201 364.9548786997539
230.01931366863008 351.3786913164746
231.16308415191148 348.20459121110565
230.62916514017724 330.42720255130445
243.8856549062611 324.4289049286948
241.00797809131365 321.1400941648107
248.19356017670165 319.3666808783862
264.9667013332916 310.0971150710585
273.36403368374573 306.94989520156565
283.0175487027823 308.46733499944224
301.0905806447878 307.2620191662856
300.21570545222266 308.11122420826683
313.752423396576 300.54879546863657
325.26878464706874 300.46250320447854
330.22126800045015 295.54472886071426
332.90715539172913 303.5220434567718
354.4926140712175 298.2884220059724
360.4366529356326 299.0048725915594
365.7986991321934 302.2437405628334
379.6079690102833 287.0317756263917
373.9746166949998 274.5055311811179
373.94942113825056 275.66339730599475
375.6570191596718 258.35211959621296
386.2426779342398 249.60572990766812
395.53933082705333 246.6967982115067
407.11745748964825 240.65930494100172
409.7702218907276 245.38169346917658
424.24817453512435 248.55938661898443
440.58658847640146 242.95368968667663
444.0638548280094 242.9774328021413
449.7945829895878 237.73300936857262
462.89786841233564 241.38543360556213
470.7427841916097 228.5054302276892
485.3302664317521 236.90315960425556
493.3632030878944 235.69650351909877
502.6688087347298 230.26603010529476
511.2070744946072 225.64301450468986
524.1719273421008 235.06324873210454
528.4568124914143 221.180086241626
536.8666718415982 218.80688806714318
553.4401656896945 221.22635578697134
559.5302540843822 216.9828101468862
573.3155058134391 225.4935694792826
579.7257282755971 213.60894101217696
592.7884908095826 221.3392735000566
603.658374475531 218.26608850793286
610.93513718686 215.60744443487332
624.1832776204203 210.3037338389413
632.7884690737553 211.57579952234914
644.9187298814819 204.5188591143885
651.7059262772192 205.0442831599762
658.6610302685455 206.61530748755723
669.1894125200296 201.09753429574104
679.0926959075605 204.19598729520132
689.2352417343465 208.66151625813268
699.4110564743744 204.38801867504827
706.490444570742 189.49257000333097
695.9313698758903 183.39940787940748
702.8916605543166 171.09760420368013
694.976953369206 156.6201771153497
693.2177709203387 153.37317022228953
692.6341758216319 137.9033868504572
690.9976149020268 132.05709269876706
683.6312138938621 120.7993740204789
693.8190744578693 107.48322327505369
683.7411447817673 96.12431203580724
689.7832756066485 79.99958496377464
679.5661161263433 79.66339938628519
677.4173627870914 67.2706136977138
684.3553972916219 67.84422259888733
675.9184195932351 58.987678633354214
663.9023192803585 59.194470390065796
648.6382181813074 63.38825011671463
641.9123613447979 59.80892262451085
637.0377671149034 67.5130090250085
623.8653069287781 66.12987049009303
614.588363656071 72.23114798528198
605.880178059648 69.16080937635229
588.8095781135879 69.08093356879301
580.092465115085 81.2521631052783
577.8978778396163 71.30674375045291
571.9866234777643 78.77349523369475
546.555739499075 73.8699013697636
540.6534226198625 88.12174383273157
531.1830601824637 84.6919156679251
516.8232568092503 86.17532227283289
519.3102372249904 91.52087880683469
509.1216349217915 96.23292229865879
515.7186269480595 111.25068726678171
525.0556644096081 123.70842015653889
531.9407260722568 132.38980338232457
540.0539879151344 127.17545357365597
548.7171750235907 131.23968597008036
544.0630155182602 126.94550595893712
566.9171405866407 130.98720917884117
572.5999296252063 119.0366141022221
579.476206451354 129.15712539501064
596.1408481443173 124.3668255030098
605.5434222652098 121.51335652886743
606.2417483323098 122.55791429491694
621.6155807491618 118.23697621138797
627.7912801264596 116.07768842205567
645.4854707608354 118.69758676164074
652.8954896882824 117.21397811410807
663.4830963098277 110.72398484714085
678.9053208295184 106.89585946529817
675.1707100589693 112.33685528490074
692.9288191218023 111.41316160393924
685.0679023798689 91.81427875679448
680.9720242365817 85.70507713193663
686.7586241314422 69.27051886824361
683.4766898549773 50.895138045545906
670.5609169748867 65.49630417384274
660.7820406826918 60.64949640145225
653.1136762391837 63.72045479092682
640.4704329424159 66.62539525252993
634.2598993281722 68.41754453029516
620.8516800589899 72.1848576936885
622.3333743850732 77.01867722760525
606.3039363518551 73.09689578695571
596.1784391703841 71.74675775033498
569.7135872973338 75.68456150864421
573.0456414434577 73.70230557516484
562.0348659378488 87.0218513906519
549.5430378064732 79.74234849151384
545.5344679352036 86.77012347754868
539.869560700546 85.13030536873752
529.4423918201185 75.95206236599898
521.2199915394132 93.67286941799101
523.1059373122878 107.68011722872347
519.4690291309663 105.05875826342427
513.2297025026044 126.20138778269785
519.113017087193 133.70495845313582
526.8089247374932 143.38606259077483
523.4410337261971 148.12164140636426
521.9219467806508 156.24330824233755
532.1765761032465 176.5357698057092
534.1239362448171 177.56246224782552
531.3920758084009 192.89345884147355
535.7972877429496 199.44547653684884
539.7368638527843 203.7516700949163
535.8839346716803 217.78095584815048
549.7463790681942 228.18890690412456
561.405455412737 220.9817338688698
566.5075307027954 214.85043730025004
579.9956417705093 219.01279846989516
588.6709428476672 212.56227401396796
593.5048734309058 216.08030681310794
607.6799859953869 216.8225948352
618.8274626112016 214.76714265262967
639.1352859124501 205.98777530340027
642.1987287051732 213.3013004302647
647.0001246922315 204.34213753723765
660.7078127862073 213.79486427829497
664.9588873491671 206.39971960347668
678.5032445172627 207.1150625858914
685.8400734128966 199.85783001676134
694.6748427212833 200.87811443325478
694.7615297960348 192.76491949879792
707.655585010433 181.32875943401973
697.1206299797462 175.50711691893346
697.0076522818256 163.5728865820184
696.9953946097186 149.24085005024415
699.9409357888292 142.67855466290172
687.4432683655745 130.23238321717844
693.6138170741085 119.35067806772841
694.7410750792733 118.7080191883447
682.0137220155354 104.826522633909
688.2498952586312 92.10706407921805
685.0945888137912 91.40195151562003
680.0324016733427 70.87764216499214
684.052403192007 64.77216649777495
671.4492301309359 56.39359228813271
656.0543491277319 59.3031600875683
660.4875786680451 67.18510629432936
643.1402805448934 65.6290585718146
638.5889329600246 69.40881163024252
620.9599476207339 65.0668320075572
619.4452440252525 76.54100116557609
605.2764124020582 73.36023598179577
594.0378163905406 67.23982273879625
591.4905032274996 82.00286758450306
574.1845270495835 70.7582207746955
561.0687063542318 87.71167319013264
559.2775307605655 89.03442488363504
546.8681078538375 81.07824407324705
541.5288880059633 87.21247845524023
520.1554319477624 85.16897117728705
513.355215574658 87.2163651082758
519.4486594571097 95.41132694683915
524.1706997579854 112.86349027173492
515.6109243994583 121.44429373090011
523.0444750626848 121.75312334725874
532.5386072890109 131.34735909668638
533.9587806396385 133.6715845950075
554.2090952510109 131.961812658266
558.7211670108229 126.8031015010324
576.6396877883049 132.92993473834048
585.1178653985738 124.27183046249405
593.2812106574828 121.21482198354437
603.9722083858667 118.00854342884487
614.3255801182559 120.04908424358072
623.377137767297 122.36505122720844
633.0285512639224 114.47449997993473
644.4732036654931 117.50145893083288
646.68055333541 112.18161691272371
662.350306675241 118.66430811140684
669.0552981248048 106.83987819997252
672.4058823617103 109.18813311877246
684.4567697728386 104.17603629488843
684.5912302353748 90.86602472414208
683.3267681633365 80.51386530561693
686.3553175906455 76.43418585267239
682.9322020709693 59.4661649114544
666.1383727401221 55.68947860135576
656.5782652730916 61.426760487622225
646.4303946469047 70.57126651683586
641.9479264479818 66.23295757320058
630.1919529565175 71.09063340640017
629.5151238190981 67.95247850811496
616.4975917309779 71.4041381690167
607.3462457259863 65.98825623229047
597.1929608275556 70.21667275814801
584.3403255958603 72.72518729250844
563.4115584557007 77.21390597866946
552.5413382638455 73.32191746802988
549.1531501090071 83.21631029654802
540.5181589895063 74.18067163034385
534.0198021792701 86.04544259762903
525.3912271631771 87.52005280674084
513.069930899983 93.29116364540789
526.5364232649042 101.74397982778734
514.8270192999171 115.5374498665644
515.565979188614 122.65645848337476
521.760361502389 130.14468236424622
532.627061113103 127.61199552887959
544.1144077907297 125.23473224162616
553.240870855351 127.86444232182396
557.4017327128024 131.5386568055757
569.3796690590276 129.48320697095204
583.3747377916612 118.83736979158812
589.0647507099437 118.04569418810858
596.7467656687656 122.19221454647538
616.3288868632608 116.14982708460644
620.536733698579 109.27994577892872
631.8197677467294 124.06255664432743
648.6951956742448 108.68788608772002
649.2891849839644 110.62251648692703
665.6006759436033 112.01637765759429
678.0542774461786 110.25754060633162
686.2962543496571 106.8310640414154
689.6860205776916 98.47380229191936
687.0023127602223 89.24611065407507
680.1766072512863 82.3615442968823
682.6051463235051 73.94760414243697
677.1319465341571 59.453460221091746
669.3427543291477 63.26918902727865
664.5312222566515 68.93167661280694
651.1818725085321 58.25883143658431
640.1278121657261 69.3940290252549
630.1081838022939 73.78510261204664
623.7087295529766 67.80619080067098
619.6593758560632 67.51390301714227
602.2630002768957 74.5756917533476
597.9626576760619 73.59758782100465
582.1809876282846 73.69039258177956
574.8487515664982 86.02669172595931
569.0443221062208 77.08494066683922
554.391795570529 84.20145183027529
546.693626183674 84.28563735548687
536.3037370783263 82.8848281519945
522.8976723449351 88.24309109429166
511.0255433496094 92.3374284078869
519.1547539189894 105.55239158983275
522.6285621205391 113.07554280817854
519.7174757383191 111.82234726644577
519.5784397765766 129.67871153548265
522.1070849337585 149.43669122221684
