1437.391867000646 2209.6027593195467
1415.6583583506483 2233.2213763453537
1386.6652415960446 2252.801300192806
1366.7816097698144 2270.5228505743908
1337.581506827165 2285.563159337252
1317.1415693947113 2317.3415839320255
1298.9475378058783 2335.262376512355
1277.267222641581 2342.1958256542484
1257.4276798123192 2367.1296235498585
1262.0718819643362 2390.486374506049
1282.558626950741 2426.125729829014
1297.9862320385032 2447.3781414686264
1317.8448986740925 2468.85046636795
1340.8073002516182 2489.1640494672465
1346.797906620097 2523.6907609727896
1365.9712814395493 2545.6480505021277
1378.5200361534191 2567.089901791129
1412.0716395852771 2574.0316445934927
1443.4026624191472 2570.124705471783
1468.8081105799724 2551.9191330368126
1493.361999524095 2534.983500281141
1526.4341601676954 2523.977963204934
1522.2706189014955 2506.4077436422926
1505.2452882787911 2471.2591238295627
1478.0152200216683 2449.3979906024674
1464.9509406447248 2423.5303627373182
1444.436723412225 2393.117742374741
1426.230714015765 2375.4090733305825
1417.2832775334025 2346.0175864869557
1424.8341930852164 2326.492103409454
1444.8205102472486 2302.353632867534
1470.1279728326372 2304.638755737385
1502.8956656963846 2304.6202707931734
1528.9067762856193 2284.300660731942
1553.2556418332956 2268.286340250371
1550.8438079228215 2236.6629760046276
1523.2676098763545 2209.2640845317596
1516.8232002924544 2186.096311849494
1485.202332297011 2175.5514191871835
1469.8338801168022 2189.8588806432567
1439.927123320879 2210.0056520468697
1416.0467403336834 2228.663628276438
1383.098379788228 2250.653076331508
1375.3635187740751 2263.2553823473804
1350.2551438907556 2291.891722041454
1313.9566751528394 2283.3305087509357
1307.2231579383504 2261.6655904638137
1287.6396814022435 2232.2847044824566
1301.7692635372723 2220.014844549818
1331.6768854991406 2191.585869831182
1357.35801712453 2179.503326042562
1380.5555055712064 2161.4286694314937
1399.866037203305 2135.6243268034177
1428.928736877749 2123.6792764564925
1445.6051629735045 2096.904826221549
1434.4400228612633 2078.3907495597828
1404.8198449004026 2078.1507704369606
1363.413952068972 2070.3272680620757
1350.8106084821316 2098.3711369161133
1326.7927391537244 2079.4965833521674
1293.715435852826 2060.1031163807884
1259.4238510698067 2060.625184387967
1235.3482799115977 2055.683698039426
1205.1235921475986 2051.4508008766106
1173.1883544422267 2047.9558420834053
1152.7439904398054 2047.3758779419863
1142.9585276398013 2017.4788300269238
1146.8271526931792 1981.8083423122293
1153.8907043752747 1956.2180168850862
1154.6387750218362 1924.4495834593658
1164.853110884676 1905.9116991396554
1144.9086137313095 1876.767174707192
1146.0323801938332 1850.4917500207684
1163.7167133258831 1827.0099656507311
1187.8664655989849 1805.3631625851724
1214.899672472096 1786.5888030977408
1240.9139246493783 1770.9644978216772
1275.082235255177 1761.4109417621662
1296.5384162941198 1757.2625564141451
1313.9359530235047 1735.4640379724576
1339.6666993504177 1720.859881887266
1357.4318504309451 1697.3265661508126
1392.3139691347512 1681.677032090911
1405.7692383557792 1702.365336527319
1435.9914606399218 1715.5662882515896
1460.8280523529515 1691.3842993214657
1491.7593656587667 1679.3746420124562
1509.1091653186224 1649.815671992773
1525.699400721407 1629.013234549569
1561.915439169816 1644.651606866642
1579.2536440903077 1672.8141637905528
1588.5243129055889 1685.1418078278498
1609.8432835198337 1716.8264477967637
1623.8909231124915 1742.3860740946511
1645.9331377465878 1774.8367471156378
1654.1153872206412 1791.6461949451611
1680.1238257824127 1808.4008466302978
1658.1391841691536 1828.224399875224
1630.3986697748512 1854.7774639876302
1609.7691510770749 1874.4125688579788
1581.8061427839502 1895.111711812437
1569.4251510473348 1909.628799715263
1540.3771365517905 1938.0066749475577
1517.3165821546672 1949.0773669550695
1493.6422025931588 1969.9246302667007
1473.5038586460498 1984.068906850697
1445.592947586532 1981.986172633367
1421.426814492929 1958.5406767893198
1406.1277214308357 1937.0572202496755
1390.3817206679728 1909.0683763700838
1371.081066707488 1887.3513242834895
1344.0141659831895 1867.322960901453
1331.109527260789 1840.9712477549413
1316.8252059478032 1823.5029709916869
1293.744914027566 1797.417403372828
1277.5516382128478 1772.583676702595
1296.523517725483 1750.8877827566823
1323.5440299112427 1723.285819239079
1345.9832510071901 1713.3881530089786
1364.6949614249486 1698.1267481581503
1387.310321903943 1672.084884501335
1398.5560807843358 1648.1044941949494
1428.2780066963292 1625.6805761023056
1448.5443159673855 1609.6121602089454
1471.395764042711 1586.7503778668436
1496.5254141849314 1563.7124885230205
1487.4824581368077 1542.1536867741422
1483.0869680955022 1513.186886279675
1479.2685272170709 1482.1221658487148
1456.0233864940321 1466.8865081892384
1454.9050870160459 1427.1043199439061
1478.7738871556235 1412.3535854882653
1474.115493399849 1381.8417620887162
1450.951418058794 1355.0742933665485
1461.9821389468332 1333.6813401696916
1476.2275949590712 1300.103554774818
1449.9840540081955 1282.0440338631226
1428.7255006601729 1258.1749460333212
1412.6740095019952 1232.473462011196
1391.199385750346 1208.877104451209
1360.3087176922402 1224.6421308526974
1344.3710026956196 1244.391995199746
1317.1783172469777 1258.2442298493331
1295.4219002337577 1280.921850763217
1280.4305135547386 1297.9734579679764
1246.744074538195 1314.7417254517773
1218.4613608021032 1335.1961724788664
1192.990990368579 1354.886819509043
1173.0670555586933 1372.2318939307756
1165.3828413597514 1405.6155537637128
1188.6969031050178 1421.7609291893666
1207.0821711279934 1449.6294250047529
1227.3818846926424 1428.3309134095969
1255.8103913400312 1413.0783950023447
1265.8311441829908 1393.2311905031956
1298.6445544251726 1376.3732550048123
1325.014368361009 1363.3850447609013
1345.8935566849432 1333.059322300872
1367.144906463744 1316.7726635499955
1390.8081731326652 1297.70563009076
1412.5534892839169 1278.9551963201984
1426.2752214679847 1255.3558650873613
1407.5420020105705 1226.4698828870803
1391.5834113690605 1205.9648598386443
1361.9646833924712 1177.7234252221363
1350.0189213773738 1151.972467039867
1337.3285185356433 1139.3753569225555
1316.97978895411 1112.9631721590722
1295.8687545360365 1085.9721080821018
1282.167408417529 1061.4700141068563
1250.3903356278713 1047.5750417392196
1216.5921763295835 1081.9871607154382
1202.1400937431656 1096.7445940515536
1169.4375626908582 1102.0482446485273
1147.0651329104724 1126.0488807572658
1132.5526392522765 1138.754367432262
1103.3027264982793 1166.9442466478752
1110.6285350527187 1196.4937567928828
1124.197175897713 1221.1004022767709
1150.9024303600424 1242.3095544125877
1147.644528643913 1264.551517748169
1117.1237195745973 1296.5440816978926
1101.8072523682802 1311.0484296706295
1078.4717811309251 1282.329561590877
1052.4237793839661 1260.8602088383175
1037.8421878094457 1234.6984627102222
1009.352371256339 1240.8984818479712
986.0622615062881 1260.2760735357308
960.573320239624 1277.9252364608426
936.7401850355461 1293.4723184340442
919.8619793840688 1319.95742995066
886.3263761924965 1301.9455429134216
861.8890518002875 1281.3563395298886
848.3493878211717 1256.3426789812208
826.2472786126845 1230.4211563424028
814.8233139267394 1210.1340790967577
796.3046744905872 1183.3466951108608
777.7245912889697 1170.8503763335314
758.0889806478416 1185.7135994825092
732.2616724885661 1204.193735386508
727.3597849337553 1240.8345058085201
697.5802425394528 1230.951190158066
684.2786756306639 1259.3677942800416
677.1968817909155 1223.6816482157344
651.6492261187024 1211.8985390894436
627.8976035627944 1235.6159613686912
643.7146176883276 1257.6015395971506
668.2398649165834 1236.968299852909
681.676703264136 1275.4516655819489
701.3345550540147 1248.4243755753726
683.6261744846935 1268.9109150406798
673.4002782180097 1295.188724552461
676.0978752854696 1319.3490291081637
711.3770456152545 1334.6006230512924
727.6776251826308 1353.2377815624425
754.1140419574413 1341.4514159533642
777.909639609798 1319.494510569098
795.8735523788376 1299.8110742220272
797.0684034996582 1270.8071413065966
771.8982013379826 1253.8618688633267
769.6235589852924 1221.3569582708292
786.3908459660653 1193.199765780521
778.7851643064192 1162.7276591980212
781.8973076965102 1139.3529156898217
807.4996056658587 1123.0609526906203
845.7154851038648 1101.5172113702406
864.0114132124655 1082.9884071144397
890.7923018350044 1061.9495030339663
905.9617984492302 1044.0905852758424
931.473369953469 1028.2400723624842
949.718567782907 1006.1754817629237
973.2791267527747 986.0643665794794
1003.5351086276366 972.3337184175307
1030.5202659490449 959.1927321295667
1051.4630316592336 980.0412088748678
1071.2949012816675 1007.0892851765364
1088.0763219770854 1030.1972234085492
1113.550301364111 1022.5317602172383
1135.2827608715345 1002.5237038736454
1163.5642649381518 987.2748207572927
1185.6572537166655 976.3987933099503
1210.5117906694743 959.7213374928589
1244.1932967505709 958.7013064059137
1282.4742345955094 949.3205333220011
1309.5755933282867 954.2510344903015
1290.368563605157 928.5914820857719
1259.1180501062008 916.4210253513725
1227.178883659724 922.3482640581983
1203.8012346833782 921.1492820077073
1187.0708859966899 890.5993634580149
1179.7092520148608 863.6865747305876
1153.5910093704072 864.1181103109143
1113.1849392816398 869.919511010578
1096.8059799284702 898.0857087684054
1082.826998001964 915.626567769807
1105.686349632721 945.8061721145629
1139.5562729429278 935.4894478926351
1166.1116908720549 926.3579067700636
1190.2374844665233 942.0902835239089
1204.3567353187645 966.7934345730248
1240.981326613679 959.174468592619
1260.672865683359 960.4319632854546
1297.7923561374078 947.8465010322454
1313.0416247084406 942.6677283146272
1351.1694419085622 949.8012767378992
1370.374845685758 974.0000766912783
1391.4717855712638 995.0248357274392
1408.8501638378757 1028.4880383858367
1417.9601199349615 1050.9774256075211
1442.802190013128 1066.884832288748
1428.4212703067878 1102.2160381901297
1411.688366764261 1108.022013878837
1424.7500191063193 1144.2454436433063
1433.5764798350442 1176.2599823928197
1421.2830141317713 1190.2907894260036
1390.2044379548222 1210.1881314110149
1367.9805612264827 1222.0142998885187
1339.0889870914204 1246.8158266068406
1312.168072740437 1226.144558728411
1296.883848034477 1202.2624384604746
1283.217683675478 1174.9722517857062
1250.8134580010878 1179.5922967127376
1228.631400444674 1202.829695720693
1212.29282235179 1226.6548969617813
1181.9983470470634 1238.6929401862717
1154.7039070618991 1265.6029454008424
1170.3660857038383 1281.9610049400612
1188.6896201201725 1253.5835783874236
1160.15402100926 1274.497041404248
1121.3113622168805 1286.9926723382116
1107.566025021005 1298.176235474884
1110.9315434784448 1333.1557359851213
1125.9732484033846 1354.4856732774388
1148.5796354455886 1373.6743193154161
1173.34460988781 1400.9996226310545
1191.3446215348786 1425.0986941229505
1202.4460829417897 1452.335140075877
1231.355361324973 1427.230759779374
1249.615090739567 1412.6206650376212
1275.545735311819 1394.925512925731
1295.8814465836303 1370.8636463371904
1326.0416254338863 1352.4600826853439
1349.4313461708211 1338.9928841069695
1367.0119538535857 1312.528145424199
1393.1243086845693 1297.9361841104649
1409.991860566381 1282.382777368218
1423.8726527855372 1249.175814023193
1403.230889162812 1231.5096710116145
1380.8084907024877 1216.8541809612134
1360.2410612434096 1234.3540344133885
1330.4184881895183 1250.6862979280706
1301.2622610641606 1285.2361116378033
1281.6310419817864 1280.2776609199852
1260.9079950255314 1260.2353408299052
1240.0811535393334 1236.227069839735
1208.9204080856139 1225.228523974413
1193.28960773036 1232.6867605217658
1171.1664080681728 1252.7178591566446
1169.4518057710548 1286.1290507561782
1175.6563644890045 1253.0696950988333
1152.2284619011195 1255.3641229633563
1128.8309917369836 1290.4605649972204
1104.3075783874995 1295.547989128627
1112.6280331912608 1325.2688879573539
1129.3108056224023 1350.5862130826597
1155.6144249095703 1379.9439173028052
1168.1544935677864 1400.9291107955241
1179.8833059766175 1423.097473158856
1207.427988948645 1449.1991404994544
1219.8208335046859 1476.789544349379
1244.35250826713 1495.408254507653
1235.051609703595 1521.3946780716337
1211.690700215178 1537.8197960684533
1175.9272148446028 1556.8449095692981
1155.2155967069307 1581.043567129266
1132.5611700185332 1603.1144322286025
1156.2410726775151 1622.97206537753
1173.7537847834926 1647.6831643405249
1205.2648315973468 1644.9359823336576
1225.9494032122611 1628.626227076349
1250.8263240964618 1598.4559450145425
1278.479700763188 1586.517483637504
1295.572457070667 1573.4750607802655
1281.7668264927872 1534.6938447681362
1265.5188836054906 1529.2774801696862
1278.5055751320706 1494.263346775327
1291.9731069791274 1472.7529833418487
1319.3896254632193 1444.6455294343725
1344.6502227642566 1429.9628283584132
1367.5564776676 1417.861229948513
1391.2244069909048 1428.189629452781
1407.9866317137853 1445.941301335587
1421.1602451635315 1470.9524147639931
1442.879261583167 1500.402595585816
1462.971154258401 1520.119578751155
1489.9804804400922 1504.9667935012794
1478.8550282760089 1476.7378084463353
1454.2873679105426 1458.7719411531298
1462.813174474648 1424.7975215229867
1487.0116633167738 1409.280803131096
1470.3916423848802 1389.7886856362768
1450.101645721042 1363.5819772670025
1419.3666769354131 1376.0824415825646
1419.4778910489013 1398.706422118141
1429.3409223795577 1419.9791034201078
1462.2645862497623 1432.661498398252
1480.7516233325948 1412.5935894926902
1461.2006358959457 1388.2202065594427
1447.8109546076423 1358.07984026773
1447.0828483796404 1328.0703707005498
1482.7351516895924 1317.2286516919985
1508.9311158317626 1296.3108643377248
1533.7352718578295 1275.7442961901625
1552.5482375151594 1249.4661940203318
1537.7869703117888 1225.8073515454403
1556.4958479417835 1219.1281497391942
