2437.264558412586 2329.919400117503
2429.073220381706 2322.42541339501
2420.566718192913 2312.965609713014
2407.294323810652 2314.219429860662
2409.0155080222607 2308.1937940981047
2390.9582448679535 2303.356225987626
2393.445939516658 2312.361001248048
2380.259984812986 2312.025394154401
2369.6254359363343 2321.1709373002286
2367.530804749951 2329.8171308816877
2355.918665608565 2340.265842068831
2361.214579533858 2337.9266251916956
2354.0773322900427 2352.3078311874033
2359.0714207650904 2354.955671665553
2366.153388191653 2372.316289396197
2371.2357225311143 2375.3191569602463
2383.380050810976 2378.774602931439
2394.826277874597 2377.3971772601976
2397.0413522161107 2372.951707690498
2411.6152323294923 2364.7126509733534
2415.9997517438696 2351.0657367540007
2425.227009839829 2347.257800426677
2424.032396534088 2336.8852917303534
2439.096260133444 2338.294615621045
2443.311546834794 2348.0584529186276
2454.50788295858 2351.8546447260273
2459.033615264084 2345.6707558135868
2476.1854833131365 2350.340993324277
2486.5001096180113 2358.104727541691
2486.230728288649 2343.263200199756
2492.5192069199197 2335.378039350869
2485.8270139776673 2323.4267618025824
2495.285028324845 2314.6172297519656
2502.6312833196703 2311.2355376537716
2517.800844525099 2315.292533177301
2517.6648710567056 2315.940192800141
2528.623995255176 2320.5075988570597
2546.128157959049 2317.4343090939356
2548.0133617476617 2321.666798779847
2563.690974429903 2325.6020944574416
2570.9544447250155 2325.787460895459
2574.9549519283596 2317.761200330146
2591.5713466269594 2310.0366998717336
2590.6072749083346 2314.591468311088
2600.4403799706606 2297.5494538255202
2600.0570144698813 2292.518077289327
2589.660714304907 2278.151204258929
2587.6265550470985 2265.7798074185084
2569.720671498479 2261.789625960071
2577.8801238537344 2253.373540882151
2563.625554920011 2243.984505342405
2572.7431079673743 2233.6750385075106
2566.0189259881686 2224.480084506886
2560.56871364157 2213.427394525277
2566.158280732726 2205.4982956894364
2547.7300820423566 2213.5946595854584
2544.5624676206403 2209.356447288815
2541.316286398796 2222.035661254788
2531.8687061740848 2224.8985853532376
2517.4507992751273 2240.9068500390786
2519.0032647293665 2238.6511432072207
2505.4344775808872 2252.4880740266126
2505.5387094820103 2262.618432041577
2503.030796213797 2268.82340893499
2503.80421628393 2278.9060144947175
2502.1451029855934 2297.462694838675
2491.4773186139564 2291.9609410765597
2496.3202277769615 2317.3812928123207
2502.8133587203542 2322.381462227501
2506.604616452821 2312.8035717631365
2522.7800275462005 2322.8276519349747
2538.8451942565434 2323.9952160624234
2536.8862584864264 2322.146305200501
2548.991066470742 2321.3113171760033
2559.753047311949 2325.193453521715
2572.0534181074563 2317.840558546525
2574.8944137817816 2312.938534168083
2588.194217862355 2318.4730006439722
2597.3709870185758 2304.317057342825
2595.2916722585755 2297.7222050698906
2593.758697077163 2287.637584227449
2592.8743070991222 2279.5475821094483
2584.2402890663698 2267.287503151742
2586.489693292428 2266.487655159947
2578.070721978867 2252.211685196437
2579.072278874183 2245.3855056288066
2569.2047176344036 2224.5780421642185
2576.362695757731 2234.224660505461
2551.2972809129005 2216.293504667325
2557.884626793663 2207.5287867130332
2548.0789230890887 2205.1416044391117
2544.4874744021963 2216.4184427635387
2536.0369572987147 2219.2050085998303
2526.9313164559853 2226.6785806486055
2522.211757762928 2241.994476370492
2513.8378730949653 2242.937721196343
2505.316621615708 2244.7101349151417
2508.4822966161983 2261.7563377530473
2498.6932142966607 2273.3671493349984
2498.866173906202 2267.74805169694
2497.312627527268 2288.514377294376
2489.7838713909164 2296.2857006177355
2494.7575403669753 2312.6276821564848
2503.192549168011 2312.565122322029
2507.6110853720834 2320.5950970926174
2523.27471648284 2321.0688958428705
2527.2689143692546 2322.824665899482
2543.5464981673254 2331.1619386167763
2545.2784197432557 2326.6179608412563
2560.715928888537 2333.317070478962
2566.091788434474 2314.6164405529385
2580.993493071603 2313.4463558518673
2585.089236590757 2316.110234019069
2595.9954193571925 2310.7041596181257
2591.274601859227 2300.0800319300542
2595.0956358489752 2288.612490639361
2595.727435285804 2281.456692241531
2581.645215142501 2265.0914430615135
2579.4133588680447 2265.2747128021224
2579.314811156124 2256.6914799010865
2574.5979171629274 2243.694548435936
2562.8471314823855 2227.3864547195735
2563.8978680793925 2225.6282884539305
2560.1962522953095 2224.1066505511326
2561.3116874846587 2207.445795337381
2552.1160126895516 2199.137242936383
2541.28462347226 2211.9408479664744
2534.202540658418 2222.0007455180967
2526.7570517465833 2229.9061778996415
2523.910346952401 2235.611227856448
2516.269447911691 2238.9985106556155
2506.129068574293 2256.5502537255484
2501.104685568401 2255.4562680730096
2492.05107542035 2262.91607969466
2494.274480274153 2267.0817521188296
2480.760311348734 2279.4069423331903
2474.584651220033 2287.783048802747
2469.4166548824883 2298.515781014859
2461.643098529695 2302.898063841242
2455.493513896761 2312.555885484127
2450.6927352733687 2313.3042814778396
2443.162121072138 2329.8994724192885
2429.811537717008 2332.0696899673726
2441.5961601387426 2328.4312238350367
2457.430923174714 2347.7232091874876
2463.2422563665014 2348.2301920850955
2463.7795300280923 2361.5067570966326
2483.4660170254697 2354.941730736279
2476.2214716294375 2367.651859649174
2473.8493656766027 2374.692116624332
2470.759318295278 2376.327039572284
2473.9533249719957 2391.4665641018723
2470.7469305830195 2402.5612858961867
2470.1732816157396 2410.588733631168
2465.4824873534308 2426.757669757201
2469.3877284800915 2432.4038414164725
2459.832128446901 2442.5981200880847
2457.2463131434956 2459.2553917241858
2456.6977403031915 2464.1807510164354
2447.1887265242785 2470.8912720435414
2447.364709214026 2478.593066666528
2454.2900257576925 2492.530754707253
2443.836898627811 2504.273769144719
2446.806305072915 2508.2857884428126
2433.1549599707923 2506.3446298882213
2423.349583738527 2505.0696641275376
2418.739711981034 2502.637789788937
2403.259014766325 2497.147118945276
2391.2843023039304 2498.8598177025165
2382.999728972809 2494.6350896239965
2374.900758025683 2497.131164643857
2366.9737318495354 2491.680717467399
2350.3142921313924 2486.8271518103347
2337.440548426326 2487.387715243611
2332.909851022812 2488.7559891611995
2326.316491613336 2482.012287869456
2313.084707563264 2481.8944888100277
2304.0453954658515 2469.2954540285846
2301.809877066969 2469.0709853671055
2305.6807623141253 2454.3030950637435
2299.1483949891613 2443.369507337218
2303.8338023045676 2433.7739507130605
2298.014350652844 2418.2166788290433
2295.858768090464 2409.8892317260897
2290.1974808339714 2400.803032404405
2282.239195476485 2388.8625984292803
2282.8749818784604 2385.8654095328866
2285.9805781797213 2376.3912476210753
2278.6218983946637 2359.437521089578
2270.82533183909 2361.6320634715144
2266.5347129683596 2364.508535611341
2262.359805759287 2366.706128971521
2261.9740359808816 2380.6949406767535
2243.750720618763 2384.988938580713
2235.1376894099717 2384.7405636380563
2230.695976205919 2397.7326756608636
2221.8364839857522 2398.413996401341
2219.0255891783618 2401.0157169916647
2207.327969841398 2410.562425466887
2209.8076319926686 2424.102622113918
2201.0927461022834 2436.159285396923
2210.4579074075837 2443.9486879963147
2213.1950880675877 2443.0521978667985
2218.935929988697 2462.3395869960523
2215.6015947349592 2475.2308976112863
2221.8989127577197 2481.530842100924
2216.265726959555 2487.0264590426227
2232.8526384454694 2498.3915425007
2238.5920392911976 2508.551080564492
2247.103984781398 2514.4835631583082
2236.1509041864383 2517.1677675122714
2241.6645272434603 2538.9119564746265
2253.5407199062774 2547.4917162162424
2257.033908082668 2553.5327127028845
2255.777767537007 2569.4960713079986
2266.8657287769165 2571.8227079896287
2266.759804954593 2580.4437720712876
2269.34985385959 2586.446549085038
2279.1558841775595 2599.272861602961
2282.931206300621 2607.871990004905
2277.3302269307956 2618.457096165773
2288.278552464686 2622.7719252892384
2286.9410167283954 2635.07526649738
2294.917213752193 2639.9647747743657
2296.548054692992 2657.9460859574424
2293.8341356627548 2658.5832170188214
2305.056349671598 2669.3823025663655
2302.6586871372438 2690.649056154118
2311.628275703965 2699.159173428898
2316.8691905914143 2703.0107538693105
2315.9923561607698 2713.14804239987
2320.093341120403 2716.498856725122
2332.7786011787994 2731.6004240894595
2338.1208030797725 2731.51221719955
2339.079592994835 2729.1313890613756
2355.3702634434067 2731.2816685941752
2358.645559628259 2731.549101580556
2367.689619130043 2722.792172801896
2378.662165357758 2726.1293010337718
2378.521981466759 2735.2062092084593
2384.8943906240625 2742.7668636346507
2382.838101633477 2755.401058351079
2391.2641622107903 2764.2016797223205
2385.965871891039 2768.633825053223
2384.69239598295 2783.511551710228
2398.518243317804 2783.709750025631
2401.2005370351326 2798.7070266526175
2390.3984588184408 2815.222143422122
2403.6151129616546 2824.4655661382917
2402.859429836693 2831.7175890590834
2417.0442110277977 2835.775055853558
2413.1318319605825 2838.7909788307243
2434.0910308989787 2828.309224406184
2441.230167148385 2828.6786455876922
2448.3632927329 2825.934910600983
2456.2138843339753 2820.6945520883387
2467.8440346915736 2815.9483089882874
2475.534130231795 2816.953216878241
2485.428886801036 2812.753863395467
2488.8516864647368 2804.6630161572025
2498.5460036978607 2802.8796440629662
2509.5079096534505 2791.6252966168445
2500.179338466151 2777.2882656954384
2498.321286398485 2778.3124151163306
2500.358143488495 2768.5533646337913
2486.957988970336 2762.518003854644
2489.901008074682 2743.076696287659
2484.637573710943 2736.8269810638067
2482.661114519597 2730.0890319776604
2478.9193674306252 2715.533562980474
2471.2894405736233 2706.9310007468216
2471.4726225648674 2707.3937579045337
2464.007786437093 2690.7840445996403
2467.1722314751187 2683.1755100188107
2447.496372299127 2686.690292589512
2441.769892751448 2683.119765919781
2436.2936075803486 2689.703439770308
2419.0474915432756 2701.685876199331
2415.9453480903853 2700.5694132279973
2397.999857215911 2702.8431405306396
2399.4658640161156 2715.8345162479573
2393.2745727428824 2726.274129382635
2390.2264579660355 2726.1928207189226
2388.542386842005 2742.527526190489
2388.1035710157093 2746.2738266129945
2383.620757807945 2761.2275752263013
2385.832600627603 2771.4808799202924
2394.431124492194 2776.418335485506
2395.3455476324075 2798.7674517914566
2398.4671872234744 2797.654439004561
2402.4491787940196 2811.0937400403573
2400.1865864163333 2823.375749587928
2411.444301359613 2824.9531201168707
2409.5227351805174 2837.9845338407076
2407.583463742677 2848.6377723076544
2410.0013992426357 2858.1289108534875
2418.171539593378 2864.1730646430924
2420.111002640038 2876.8132186399594
2430.5576815763025 2885.0959598045056
2425.356854393396 2887.8611214646758
2428.876906808067 2906.0967117469972
2429.18513565424 2916.970285477985
2426.0709392960052 2915.7708844658623
2411.134053510876 2916.497613769755
2403.4621226487393 2917.9007607157223
2395.9172012254053 2925.4509832196945
2387.667113855951 2926.463215730536
2374.8916868093324 2927.7480793613686
2360.69192039389 2932.0957952371928
2354.5841086309274 2934.57786683324
2339.081982286995 2930.521505705316
2333.4211482075516 2931.144603709332
2319.4693579741293 2934.4871744752213
2314.724613818886 2940.04865575812
2302.137794046416 2938.648594669325
2291.2148454761664 2941.4550875398695
2283.3167589502173 2946.279891527882
2275.0359674440397 2941.118205923307
2270.8425827304436 2944.362833612186
2254.6268514996527 2935.4118636105595
2259.3881218861256 2928.8361672395654
2251.457055614751 2916.81823765819
2244.835350304466 2907.4400401564844
2247.3847599192964 2898.7103347368134
2239.5065225973435 2895.997615079245
2238.9198985682524 2881.995996840872
2228.9581715487097 2872.2507321754924
2226.2388315663115 2862.902938299667
2227.591724171425 2849.0000544776417
2217.5572057082863 2854.26552889347
2214.684347494142 2836.781557237427
2207.798303996901 2817.810933232347
2205.9674094326742 2821.175219994146
2201.053858125528 2815.61935527753
2197.127567878029 2803.1350655211513
2188.3240575420873 2791.592943990768
2192.159000892764 2779.7295037368513
2183.5117807160345 2768.3657625123974
2182.4107234655826 2766.794781058922
2176.437721305183 2760.176973645839
2170.074206032508 2750.184679764924
2172.411254956128 2744.2056509864888
2170.840767742984 2732.471444652183
2159.7124018735826 2712.104031001953
2155.5537139848325 2709.5069664158855
2157.0491605374177 2707.1034118902517
2146.7814928735183 2692.5518303521717
2147.766703761157 2687.3084488613763
2140.311645832117 2676.7673371826595
2130.991419391025 2667.0810572216405
2130.7781759564923 2656.8482451928285
2134.5451447733903 2647.5210799538727
2118.982612910273 2638.3951770114822
2122.4561547110397 2622.4137926049398
2118.88323409835 2613.0191284844354
2115.177650487946 2610.170125581139
2116.68562466344 2603.0880349192344
2102.2525102520212 2583.2613574186553
2100.9848925680776 2586.7893169209497
2100.6119928680223 2574.1930559337275
2091.04471884906 2562.050381484095
2079.6262529216037 2558.8650665055125
2085.5489834041127 2549.4191481134026
2083.079757393054 2537.398298649576
2082.059668550257 2526.089501569097
2077.7395536508297 2519.2277941138727
2074.6470500206306 2509.261683108942
2070.7861899564195 2497.2310800757896
2062.613198121381 2499.072605260737
2062.5181455382976 2480.5103097897395
2048.6506301990657 2473.386559107034
2055.5847694822774 2467.539643482919
2048.218223188253 2460.7302180383385
2047.8424055256578 2446.409102535123
2037.6046243084943 2434.2001401767684
2038.4044583071816 2431.9727888736675
2033.6965522390997 2426.8614239168987
2024.8969192401785 2412.383012758654
2029.058223009613 2408.0284935534664
2022.1089445092052 2388.441612041397
2016.4997774482426 2381.6532168557233
2010.5233575405457 2370.0549303525318
2012.278533534173 2366.833802721638
2004.4462357725818 2351.7609203114985
2001.0543150717742 2344.7921455725364
1992.4271264768784 2352.3777501379836
1982.4820580533844 2357.5229116543314
1978.4684877344603 2357.14471900442
1960.6427667509083 2353.540509168933
1948.889860014683 2361.4163800132155
1944.877014563609 2361.3589767882936
1925.2888846017668 2366.052739146202
1924.5761646883711 2365.165160285811
1924.740531489185 2381.2975239335233
1938.143240562096 2388.9777270538784
1938.7760831431112 2396.120497327353
1947.3736807328878 2401.798690766965
1945.583531275527 2420.947432766385
1952.6205501536213 2423.9188575447374
1956.4375970171764 2434.1376044044237
1958.6086439373921 2446.303080015011
1976.9169084591963 2453.65868370193
1970.9540376275363 2460.7165481666366
1971.8008157111885 2464.6895651742675
1979.5699309403374 2472.443355857365
1978.9793678013323 2491.401336324487
1991.0168059068883 2494.3508496976087
1986.2291178877979 2502.0776409640375
1995.0205917859535 2513.5045550928176
1997.6371808540634 2527.6522904548633
1993.2607100032303 2538.5047818955304
2004.272027241468 2541.6895026478173
2013.904293276644 2551.4416142927353
2011.2771180444363 2556.220600401704
2016.2861394563163 2571.433687011629
2019.2107877620936 2574.429066934344
2020.6475205859906 2586.2002662362675
2030.0681813977544 2597.718716239084
2030.704608679645 2605.568440988985
2025.026620317905 2610.323957821438
2034.9837284351192 2623.8080883620573
2047.7934819913132 2625.1450237146737
2041.155643844858 2642.8170194538084
2048.9665475596266 2653.771235632463
2057.053429908665 2657.9685975606794
2053.4675005299923 2672.9103758367014
2058.816283498213 2688.451301616953
2064.5297371389897 2683.682078319094
2076.8208906118844 2697.7188234593536
2082.2371781483503 2707.4682627170296
2081.4677017954536 2715.7713169817325
2077.665352756427 2726.316995843794
2074.374984758055 2737.0421082742814
2064.924739836984 2746.5449039662644
2064.9990962530164 2751.5960209902173
2056.6219808929363 2753.5850179298395
2048.357628706715 2763.4095805386864
2046.0147882134104 2771.8752354812345
2036.832219864651 2780.3193556918804
2023.8466714382753 2784.885651008189
2021.1050820237494 2789.662688776187
2024.7899911721647 2800.2751099007005
2006.491116524657 2803.2934901374574
2002.4370739449994 2818.931926424629
2002.2458902674964 2823.235743933322
1984.8095527375401 2826.815508739668
1975.7938374374112 2839.9107518612927
1978.5713824735221 2843.583558976824
1970.8060751984822 2843.060982846043
1956.5784452669945 2849.3148408022766
1954.5974754628965 2836.933092296148
1955.8636401902156 2833.5495232238245
1944.454383590244 2814.893129665826
1936.3476983601693 2812.0194111368796
1938.4400258924688 2806.4535185793466
1935.4986800606382 2795.507111927038
1927.5953723440211 2783.286952663498
1920.5223565721647 2773.4116054142182
1919.2202136954622 2763.7745233214446
1917.526976900309 2757.9040738664926
1913.8891350523845 2750.8242772534654
1895.539465856604 2744.643785612188
1896.8483672443087 2727.515310488476
1893.0837775024718 2724.7824805115506
1887.8083683734785 2713.99817453498
1891.8524111104625 2704.769641793803
1900.8820124139836 2705.010680098727
1912.4484511346348 2702.0977904545325
1915.1273378644207 2694.7014370506217
1927.8585980097143 2685.4513659671993
1933.2161756697644 2677.617230594597
1950.1707408476107 2680.1389758904247
1959.5479099303052 2668.695590728011
1960.1247630544217 2666.317745646579
1985.7851756535338 2668.431034652868
1980.3863419698325 2673.4477207800596
1985.3950012914697 2685.9130626093593
1985.3967725069253 2693.125459066415
1993.6851049309673 2699.5897059528374
2002.3433628255448 2712.6514239924645
2007.1761760024526 2721.7413176100376
2010.8921224490323 2725.612440016715
2019.2528324185603 2737.5016657546726
2017.2288506327336 2742.5170956577745
2027.6358855397773 2751.440574818446
2024.7778745952146 2762.708172858842
2028.8118243312915 2762.6500351253126
2041.7780108666825 2781.236079981913
2034.3365527910846 2791.648061837794
2043.4315340594828 2794.0467948999876
2048.6618766036345 2800.8908885686824
2052.1234232072834 2814.353372860986
2054.4749430903285 2826.664247114887
2060.8791854420297 2836.7101730986633
2060.4120079860777 2838.504038092256
2068.356427379923 2851.9843148897776
2070.9233535388416 2857.7129365635224
2070.4273049380167 2870.0438703725004
2074.351663886621 2881.039637930081
2085.0175448507002 2888.0171873009367
2092.5391631375232 2903.2518797261782
2094.4199469508944 2910.5878026692903
2096.149843557382 2918.736124702217
2095.7570628490366 2927.376380125284
2106.6089218852567 2933.452086964866
2114.7012057115335 2942.0226975494656
2116.2581364323455 2950.4377331228666
2125.0321229357774 2958.5261824239046
2122.9255218563712 2965.1304484526
2129.1056242652153 2970.3303417492803
2146.351897965367 2969.4494377909386
2145.851085811202 2962.6199241359104
2162.8919024979714 2972.2241533470738
2165.9520709375474 2964.6555275764854
2184.602597772839 2962.811434992407
2182.783885800507 2960.16773477869
2194.4488566279338 2958.835864064627
2202.5731095972887 2953.971150850311
2217.942071281044 2947.258488413755
2226.134939529887 2949.12787161067
2244.8229088284456 2950.191565333745
2250.167314540684 2950.826207470623
2254.2569223460605 2954.6051814378784
2259.733791995888 2934.540689753921
2254.801910072371 2929.2258376356076
2252.238163098789 2923.669318764002
2245.4560756561773 2912.5866759614796
2240.6830822325223 2900.0620194315766
2237.3172800349903 2896.0728058119057
2232.148217733711 2889.1583108901254
2232.305539069508 2877.943241345033
2228.8500120022964 2868.6680035515137
2227.146705525261 2855.028500682598
2212.8215171724178 2850.7422065944897
2211.2987978808237 2834.337942046878
2205.529036033009 2829.230261833155
2212.752471278689 2815.8100802532304
2204.0254577796877 2811.6805528145087
2190.605400144394 2801.266211667782
2201.7898219512726 2786.7221691605937
2207.9603915257944 2788.757225629865
2226.009115757671 2783.9469162262617
2223.3588597377598 2777.411066950987
2240.244790162363 2774.87924860719
2243.416144957128 2776.1173754497154
2259.3687102715385 2767.805928390508
2255.473837406444 2775.3921580695132
2272.4043376746718 2780.681269575304
2273.8650728499015 2786.108595804264
2275.554715787886 2805.6231329021284
2282.2815379739236 2809.6990841592246
2278.3470327741306 2811.3347139504363
2291.9565511246524 2828.0047296543494
2288.3320920667124 2830.826545939996
2287.994999539808 2845.1708074862645
2297.18710450164 2856.8808378310614
2302.8703981108365 2866.0929021565585
2305.8125077661966 2880.445506489383
2308.980698024995 2881.806111375311
2319.5632892636 2891.8864432581913
2316.012157279634 2898.4030353192857
2326.788381638663 2912.642573918911
2330.575215110658 2918.254985374671
2323.560904564716 2933.239194562222
2323.5125973285653 2930.3712493948665
2320.418327321299 2934.3308581894757
2303.1956409085356 2937.240828177803
2291.8737329600026 2944.2269531466786
2279.7398506826826 2939.9915728400165
2269.9597603435905 2939.123176796898
2262.006416905129 2941.8618774165125
2255.600173363976 2932.815473734672
2260.8374664725775 2935.9074157525492
2254.476534850337 2920.459548642107
2248.060105062518 2910.280842284522
2247.525268503973 2898.381732879361
2241.0100630293114 2888.660243558843
2228.2503526007536 2892.4341177291362
2226.6760407873903 2875.5599188759224
2231.0718590560546 2865.0242074358102
2216.156667231315 2849.97112225179
2218.6923382268815 2844.3613796005616
2219.6178485074593 2838.88892815182
2214.579447625831 2825.704962969685
2209.6287813288936 2820.4879535224773
2206.385408590839 2807.7504985472706
2194.0497112599433 2808.4645004455615
2189.4716577837353 2794.153298080464
2197.0255566326714 2787.180318334059
2192.35221108482 2775.9041593588627
2181.2560254294012 2766.088478664281
2176.424426744018 2751.1499806757834
2177.336759338637 2743.035056518884
2166.861177796304 2733.409267871851
2169.569457178288 2723.4403783894386
2161.5705604488135 2721.2069522243964
2159.8469090348535 2709.019378726035
2158.826078415521 2697.82650366059
2147.5288920892312 2695.1486071916142
2144.9955964086466 2685.0917818713374
2140.9052231319347 2677.0600292338104
2143.0734229044324 2663.011287617004
2135.4309639315657 2657.0869737735284
2134.541046883578 2647.708841887221
2119.776475502001 2632.4261572430214
2127.36635803891 2628.4359042614237
2112.8068705814826 2618.126338184335
2113.359346849461 2608.2084507690047
2105.5434139904696 2602.823886185203
2103.884132856302 2596.208864382654
2102.9961210503984 2577.462927391776
2097.7619737742293 2573.2575545569716
2089.5220480043686 2565.0992980530873
2089.5534844859208 2552.2806453582
2085.8685176106064 2538.963346807135
2083.6882310943865 2535.3191556040124
2072.143982048381 2525.4221431136284
2072.6447779975615 2521.841172977739
2076.1178169385216 2511.8951075081022
2068.833256565483 2505.890405803378
2057.71494949334 2489.0366316148925
2059.3174749162154 2481.6106140453976
2056.1417441258295 2467.1608656298067
2058.824956365582 2455.651361265822
2048.4681125187935 2462.2364465812393
2047.0969848910752 2444.5532607154905
2043.1155239421369 2437.582124029834
2040.6403432519194 2423.3443467880984
2036.595618577572 2420.028691755186
2038.819044383721 2404.873389408607
2019.41560608719 2394.589745108572
2017.8415806606788 2382.5194676406227
2020.4731505395266 2378.921582268648
2006.4493857285927 2367.048343368618
2015.818837267736 2361.217421639693
2001.3865559845683 2341.911354488275
1997.331733532776 2345.982149517951
1992.0600626470534 2342.996405231955
1978.1322256972167 2347.5662716472175
1961.7684542403792 2353.628906300154
1958.0229261807087 2362.8018933051085
1952.1147099452135 2367.255948485944
1940.2949147113716 2358.7299429372574
1935.507634204559 2373.2023059602047
1920.533344712285 2371.3572346060655
1930.3795623488843 2383.8517213771015
1932.8868846930188 2387.811089959557
1931.523625708713 2398.82533707623
1949.6496520331152 2401.4088277674546
1945.6131149437076 2413.7887060961825
1951.2050287758123 2426.8730049718924
1955.6543795021191 2435.492649827174
1957.6866427593284 2443.062035264294
1967.9139953774438 2452.2832374436625
1969.4276556280147 2463.3004166270025
1965.429754007733 2467.8794812479973
1977.1485719269267 2477.175108367043
1975.1198074792774 2490.913873676612
1982.3116730371787 2502.3190094499455
1977.364076810932 2507.682695795307
1989.9808107802687 2517.4837459211567
1996.1375909499527 2528.5406384880494
1995.072904425876 2534.3261804123536
2003.9599213897031 2540.4260353858285
2002.0109728236328 2550.4407700242036
2006.6035856701374 2560.7255844258975
2008.8692397219381 2568.5133069257754
2023.9588051046492 2584.216140293549
2029.5739173897239 2584.3087431806503
2025.5425432774455 2597.827836619793
2029.1667167024168 2606.214958856845
2038.9718741907423 2616.9928308651142
2042.7820686720231 2630.996590146613
2036.7307070526635 2643.06968327234
2051.3095745654546 2640.035476127244
2047.8804264634305 2645.9502062162
2054.4005436609523 2668.8757222737113
2062.0998148676654 2666.977105668631
2068.4986839637268 2684.2528503788635
2069.858917985453 2688.807249738216
2069.337704493179 2693.674778425569
2075.774231065543 2707.658672143385
2075.7802227993357 2718.1915029205975
2086.2918607735164 2714.539701407376
2093.442005809635 2708.098475030968
2106.848759400709 2699.989328032323
2109.940362062522 2690.1054551921816
2117.91878103629 2690.8985190676703
2124.2764444414775 2676.674946823415
2130.6298540326065 2668.2316331190214
2139.538438268301 2651.7130467988613
2145.15764525494 2660.2106212360677
2150.365151934674 2648.6146278130477
2154.008142199049 2635.9352601647297
2167.0115225703576 2642.1915158884494
2166.959103727458 2620.742768673828
2175.672823815958 2624.3835561003807
2184.9146263434263 2612.8631493824605
2191.218245840866 2605.1529102477734
2199.4206867211187 2595.3344388804403
2203.809616529655 2591.964026434787
2213.8918327133642 2584.8220137246403
2219.0264418433862 2578.25473134204
2229.4679531310144 2571.6756548547355
2230.7161772597196 2561.2101658977044
2235.4124811628067 2556.213359608196
2237.72217533755 2549.49583347674
2247.994025025073 2540.497812729075
2251.4919944302083 2559.563880288534
2261.4872650308143 2567.980493068648
2268.30725360215 2574.5687145799825
2270.115072341931 2582.8506182239066
2268.522618736551 2594.273015771777
2276.8555703473776 2598.393425162591
2281.377956379762 2618.5178843584276
2282.499512071023 2618.6181801900866
2292.0947595189064 2631.171428446337
2294.463832357656 2644.0215328876457
2295.472500480861 2648.09466535979
2300.3502271390075 2660.6446353977726
2297.394282473556 2671.060081731039
2313.076518320015 2677.3549820962617
2311.910959842859 2680.6915115756888
2314.7123719771557 2690.1169300014053
2317.9931984972254 2717.7898043128334
2321.852943009471 2720.2776216935463
2319.4927536328587 2724.6370106806103
2332.0478961083363 2726.163446491591
2314.5018505784374 2739.505934838264
2306.5907397910582 2743.5697412994814
2305.2623561711675 2746.2665676288207
2287.5564900595914 2750.3723215708796
2287.3457260902624 2752.7017728768437
2276.7569401669575 2763.2444894970968
2263.714828275292 2761.040647375341
2265.4280521895193 2770.4204714569564
2276.6104231918744 2782.7454814968078
2270.165778272773 2789.7970195819066
2277.4831594386224 2802.223127370357
2281.281601399594 2812.4640936039245
2284.197188711954 2820.4040445718015
2288.410075525938 2833.76404539908
2288.130956530139 2842.817127676999
2297.4328398259313 2856.6602619427536
2298.4641632620737 2857.566658311024
2298.689891006252 2868.5491799489073
2311.42852162183 2881.3897981607474
2311.0921107335366 2877.143619745349
2313.19540058488 2888.970384617091
2315.8533608480257 2906.122502478785
2328.256930695757 2915.811959651365
2329.0596666328856 2918.131052503577
2328.3276207488134 2934.4653042514274
2323.097591664783 2934.695078071514
2309.4209018210995 2937.0707277833562
2307.290093403035 2927.850947031467
2298.525952018875 2942.9984037545864
2286.5231304974714 2935.5445333592916
2275.946591494688 2943.4839039485473
2266.117191975082 2940.280396983809
2257.7189187996373 2931.8956904577976
2261.787110145926 2928.587757501666
2254.2454148657375 2918.3617214124006
2243.8267758949873 2905.333073788404
2245.4672368381225 2897.5941437570195
2240.18017066822 2887.2511706521213
2235.12960812487 2883.262662930689
2235.693321331867 2876.519333956651
2223.0760134708394 2867.7753174318905
2227.0689958714433 2854.649619328776
2220.1246416753393 2845.9259777781717
2213.5465610214364 2841.0260551380393
2211.551330409221 2817.6736596884084
2202.446951954095 2820.4311597499773
2196.3284931574 2806.379859665553
2202.2130354906512 2794.078197534534
2203.165004697029 2791.4317168451325
2204.1513499918774 2791.9214876003534
2229.994498359347 2787.1999796326995
2228.7461458873104 2780.0354811293605
2247.7901330704854 2775.9726664024374
2249.079167857701 2771.188328853311
2250.2573230816024 2765.8491132318695
2254.397350622358 2759.351219590232
2265.0053384348985 2749.0726341488858
2253.8955820415595 2742.0036463627266
2254.06391931312 2730.6351001704606
2236.282384927545 2719.204314868987
2239.4193864568897 2707.495645980343
2237.9227687260422 2706.227226043855
2239.0490974455283 2694.611730624927
2230.759629346913 2687.6251625036225
2224.262083544413 2670.053936946897
2222.2725215944442 2668.8739909149062
2218.411477086803 2658.345043382496
2209.240104759654 2641.466881070601
2208.452000574927 2638.257084342855
2202.976123406246 2629.9272143026483
2198.0837151600635 2619.164184411209
2197.2859801548952 2602.3345459292364
2187.528009807618 2600.46067719894
2204.640461697342 2596.4553357698037
2203.3146860727056 2591.71077931099
2219.6887729702844 2581.361681554892
2215.2609209906796 2571.527975672317
2228.0426384137927 2565.805581236251
2222.896076294766 2556.9787823670385
2235.00928440068 2554.142735994673
2248.8203957138767 2537.022305856723
2251.2123410153795 2546.5760524678153
2257.179589926925 2562.1922287909974
2254.9639136518404 2557.8993307934616
2270.961464451486 2577.892592095213
2279.4135318465246 2585.9097515590456
2272.103742254577 2592.267438382945
2275.5443480082913 2602.223491991568
2278.52605241273 2618.294306272954
2289.8915068822225 2619.589145277491
2290.177447090851 2627.036868742146
2294.9149689885094 2643.8202775346545
2295.329587543869 2644.2151794139913
2306.548633744474 2659.832670517821
2308.124496754987 2663.9712690684128
2297.6119772499983 2680.570772451258
2309.0422753117773 2695.2756705774473
2317.237547069193 2698.617370497504
2330.1004119448417 2710.165172443476
2318.3070215206035 2711.1743955262027
2322.996208199748 2714.567739302531
2325.7922286771236 2731.3620769466665
2322.0252373137555 2743.510276713985
2317.755265871423 2755.2717539741207
2311.4073226673263 2754.3339444458074
2302.1317195547076 2755.193120198758
2279.9457238978366 2760.3178460559243
2278.968961994152 2753.7109604237853
2273.1653417619336 2763.6470405673927
2258.578216345356 2765.0949367664084
2246.4848373231644 2752.3358619024166
2254.626618360748 2730.4270647591475
2245.058216566646 2727.2990350365626
2242.1870619577217 2720.6345503185926
2236.645578719945 2707.310053091003
2233.7779162791744 2700.2295945583414
2237.2478116761927 2698.2722913441753
2223.193502880828 2686.159295879665
2222.943081790854 2671.9118373078313
2221.4951684372927 2676.37061978792
2220.7551706162385 2660.375030717062
2214.3761128012907 2648.514841429758
2213.4015496487523 2643.3388022959975
2199.831265541855 2628.314066879028
2197.655142925724 2625.4821961474026
2203.3920841032627 2606.3416410321447
2189.6736385725385 2608.2492034465877
2192.643789997597 2598.7770112891158
2183.705545323692 2581.877417389967
2175.9497665989115 2572.5091024920193
2178.469348093744 2565.3240193225197
2170.552865689195 2556.5402603830385
2175.3501658205246 2551.874952498443
2169.491505588708 2532.4205544128276
2163.171312410922 2527.7016863385397
2152.7786440796813 2520.765577764954
2160.855599005495 2511.1608688171314
2147.6928175008793 2502.763650419757
2144.687758451981 2491.038590172926
2149.0543719043512 2491.1061892653743
2144.626507443665 2475.8134377549213
2148.553443261258 2475.3009256482255
2162.735901420218 2463.2247368843196
2169.2060859923145 2452.541428681506
2169.299948147446 2452.0000263244947
2181.936930318613 2440.5300161592168
2192.2928074878255 2436.3523828787615
2194.024190972172 2422.2354712213573
2197.5594558613952 2436.485057891031
2213.7856145674114 2443.0808070551107
2209.18850464654 2455.57670255545
2214.6111231723216 2464.7980571989788
2215.0784006017966 2470.824651722733
2221.26663255009 2468.898404186232
2235.9017609608427 2484.3912522614246
2231.2566728620836 2496.8414232353102
2235.6650373860034 2509.3023442845024
2241.4870196934544 2511.662544203448
2236.1054623557447 2526.4428425600872
2238.7654582745663 2536.1936730314164
2252.11006182266 2535.997189741037
2258.3130555424996 2521.148370292617
2273.8082933516166 2518.3460844071906
2269.4702991211575 2515.011361045853
2288.092552627966 2499.897765371896
2297.738398867779 2491.395773661502
2288.5989313807545 2489.0860832050635
2297.3505533250204 2478.1578386732494
2307.906597098583 2462.803877606089
2306.585903931469 2459.5043701404475
2309.505038902908 2448.400832621225
2294.8385491911777 2437.1838940861276
2298.2012616295356 2429.905533320925
2301.196495423862 2417.5217405846006
2294.0787580223223 2407.5703365964077
2281.1534390531065 2399.073223489664
2287.7376643541834 2390.5445682058157
2287.8100130035436 2387.4748668228162
2279.168696949131 2369.2069050013693
2283.1922064931664 2364.71685935666
2268.742101085143 2353.7372421343066
2277.165959854933 2346.624812254788
2294.230192786339 2347.3277968989714
2297.381179853806 2339.3946781282007
2309.838872677142 2328.375721627408
2310.4155885128603 2326.4110217836565
2322.407696724179 2327.4714684323103
2333.803203764247 2333.2302905934966
2340.8935279839743 2338.370521653205
2341.6732504075385 2338.6379673511824
2347.465624353056 2344.5425669977426
2359.943686571335 2350.723597895416
2363.5262257847926 2359.750105865275
2369.6566714648857 2363.7166886811788
2376.5276706968457 2377.3206176730623
2383.958656194942 2384.8489469474694
2394.1401300091316 2389.6591080822677
2403.8857491082813 2392.0591976497158
2412.131345111173 2400.1929831067782
2418.969230108946 2406.6930206739735
2423.6426866491493 2409.1733106648417
2441.7175302758906 2408.2202747159395
2455.0345728029133 2415.095857900312
2452.093232762911 2415.250727659866
2465.403836007541 2426.636270513965
2466.122115498879 2437.23218502169
2457.242274837282 2450.5177154432863
2459.149131833423 2457.0919540244186
2456.42381878809 2460.1926565130866
2456.593026732676 2473.4616957674466
2452.671993439775 2485.6064358188
2453.0820774926938 2494.8185069820793
2444.8467949746487 2504.8475295500316
2437.9655379354867 2506.1082691225033
2423.167626409226 2504.213019146856
2422.383473974207 2504.91076357913
2409.9879360777527 2505.1926733832115
2406.439429933662 2502.4581086684584
2390.0211595633364 2495.485097295039
2390.343864619275 2491.9506175804304
2371.6064238032827 2491.9690075693848
2370.1213643838455 2500.317861723786
2354.880752812461 2498.269205755684
2345.65643500845 2492.0174337124104
2339.2576811152817 2484.1269794596496
2326.324297427718 2483.3295561617256
2317.0595649229913 2474.5780469981514
2317.1794752567166 2464.8598293683885
2303.6558093717704 2464.1007822328734
2301.334482947899 2454.8599907611933
2294.9947155852055 2444.816053734549
2292.3714976156207 2426.381555501925
2295.973699822804 2424.8724117203606
2291.8323660175206 2408.914049753349
2284.019691708141 2395.2989386087115
2287.1274368163827 2398.685981910216
2289.7249897141473 2378.327845159037
2283.030995689368 2371.2423274211
2277.6391654516256 2366.3950816484994
2273.0067017027 2356.5184098296713
2272.117682642576 2342.220609144557
2270.862575935431 2329.1534869251855
2269.765592622084 2326.021663735573
2266.6692620950066 2313.7551648656654
2259.4661819426656 2302.461349313519
2260.045456344121 2299.678980395544
2258.6036085150276 2292.4335734033925
2258.2221209730033 2282.720426041255
2247.972138133651 2272.050122961762
2245.514162487964 2259.8185502608817
2250.5547562542215 2251.705550598374
2245.2640703232155 2241.2477240562775
2238.343999913708 2232.726905939649
2234.612494450295 2214.9381626524914
2229.4504917405866 2205.7853793715913
2226.95280222647 2205.9880835102977
2229.5973403214975 2189.6814451253217
2228.83131920699 2188.2944126235247
2238.122661854079 2184.5429087549232
2251.855590807805 2179.1394027162905
2259.774580874649 2175.952190533657
2270.8368032695676 2168.716189218404
2275.7778237220855 2157.2058448982175
2282.3549403603433 2158.481457158984
2296.6088597106545 2147.0547989469146
2301.9032968456504 2147.2387377212626
2316.323818607666 2140.0687490025925
2325.9326390142733 2129.5273500691037
2329.8364622795475 2130.834437170487
2340.8771467328493 2122.00322679453
2349.5218889848175 2115.172758529449
2351.264507375266 2117.3784237251953
2361.2028100511807 2116.9219581557945
2369.5683372654557 2127.654013239515
2374.8696242736723 2137.964721362906
2374.343516911328 2141.2824137274406
2381.1818169240323 2156.144798114716
2392.2981847768406 2166.0177357083526
2401.502129268285 2169.943906332885
2399.270195026454 2186.3673382758484
2402.68275703707 2188.464026331422
2404.9530367843154 2199.4011554767712
2412.7251785491617 2213.566760977067
2415.3105538544664 2221.5537308215935
2413.1877169334975 2225.337278095487
2407.92703650556 2237.406264528314
2394.6133437316557 2243.5740138197116
2389.6873653434536 2246.329774280188
2378.6152207511436 2256.509302187779
2370.0451011526106 2256.8270297324416
2360.602525624606 2270.343914922236
2363.4408154961093 2256.5005085094117
2349.5039555714325 2245.392364025176
2346.5141824610023 2234.7299485266494
2342.2777043463125 2228.6778167143416
2336.5733748687467 2220.959882718213
2331.482634317106 2207.591145819367
2333.7918761737137 2203.518044709758
2315.540561525421 2204.7020271896754
2317.8012699868095 2210.475543359943
2303.288428438446 2217.3034148418224
2296.5141292783524 2226.6165015297775
2281.9769379261134 2227.338643519091
2275.339177598823 2234.2292345936953
2299.386508204955 2243.043363770687
2296.0010518093877 2258.151530875149
2303.6459986813784 2263.4348258862906
2291.7919373454624 2276.5127708007312
2282.875677861855 2274.4022551931275
2273.635149887981 2279.0372526086394
2266.490659506589 2285.664427280403
2264.9606241900015 2287.47541480598
2251.6699873244943 2281.6421111151813
2250.6616718411533 2271.760132242177
2248.85519565148 2262.542573884949
2248.5503955387567 2249.7133970987
2241.494489102131 2243.1009988344185
2242.6865489757756 2233.722628698633
2242.4769562769015 2221.12543053648
2233.577000106219 2212.7030058841874
2231.9020853126312 2204.303352115864
2231.3863419803056 2199.940503509153
2227.924845078086 2179.3318292830327
2221.4478783667064 2176.852982496967
2216.718313217578 2161.9792378129996
2221.0576099594873 2158.3467902582024
2211.1416934509393 2143.1310105503144
2215.3846365337263 2137.8962632512025
2211.9929051672525 2131.5846436663337
2201.8593181780675 2121.706434739837
2208.983860971396 2107.886014495742
2204.2577679004894 2092.8247204631266
2199.684917436566 2087.8050600243864
2194.477152544899 2081.5393668412235
2198.142578423664 2067.2821063429415
2199.4085781451313 2060.6013966204623
2188.699284804588 2047.9843192585356
2187.6706333445604 2040.1820936880083
2195.498757899226 2034.8519498297665
2205.268365791484 2040.6752244954118
2214.71023340467 2027.6987842001447
2221.5217108993993 2026.2748847129894
2233.326137790459 2029.344494922394
2243.3646757349093 2012.23198223186
2241.7740243265425 2005.2698238612847
2256.3409482785346 2002.7933708415642
2269.045540790301 2002.588002134736
2269.2656623628322 1996.4743188260554
2280.7726373333935 2014.7378076322925
2281.5793535172406 2006.4186241417767
2300.9530746522823 1999.2618445454113
2302.6903552534354 1987.7352610209275
2306.964860054548 1984.4061516892373
2313.5528968387466 1979.2619968688307
2326.3836342943964 1981.5701593622769
2333.4179845246636 1979.952661460366
2341.045321064151 1995.6749457629185
2346.931383499795 1989.5850821424483
2356.0583106237555 1989.4189303405642
2368.67572685955 1974.195885102042
2373.783261265054 1971.6763691941883
2385.113985459935 1962.939246013412
2399.0073123892003 1961.346686430496
2409.0217464695197 1947.9523472206065
2407.282919730168 1949.3281596630225
2415.3496670461855 1948.6931639809598
2432.3360177254094 1938.072987112606
2436.1590978901854 1932.406087088733
2445.0636859507567 1929.3602459153665
2440.1695320172776 1914.351569282652
2430.3204161217927 1906.605037088717
2429.9838380313504 1898.339027770149
2418.3131232245632 1888.0855873105247
2426.0474096176495 1877.9691459400867
2415.1046994373737 1863.6668414259232
2411.3105134039006 1863.617652150499
2404.671649325365 1848.073740043433
2407.8417815389503 1846.5554159736375
2399.5919199772966 1834.0642824233173
2398.2903024671928 1816.280870882461
2399.001829210182 1813.2617707537352
2401.497611693201 1803.5758192407673
2405.264602683129 1792.677861198823
2401.489797657293 1779.9946458983316
2399.938798657218 1776.9732626141274
2404.71898519026 1762.258533900593
2403.3682467474973 1751.4665836310667
2395.417971010713 1748.4479229994263
2395.475057345218 1735.319313594051
2387.810639846872 1719.1800384164258
2385.1111238519006 1712.3087135830435
2392.827524761523 1702.5001981260896
2409.5528373626635 1710.8960427520385
2412.830725377465 1711.3453815020296
2423.9242201840193 1716.6342064438534
2437.942780864681 1730.3831652730025
2437.859859253512 1733.090129041208
2449.413521755414 1731.928406158167
2455.703754244159 1743.3074720538036
2460.809738060521 1754.7283262909737
2466.5931898344593 1756.6784425525589
2480.8575187862 1754.7487869975516
2486.232129472416 1772.6735821313737
2499.1273987010354 1775.1440703244805
2501.483126916587 1782.6188617399516
2507.5422848532703 1783.4475896902559
2523.8395579527833 1788.907320494598
2520.0378369519863 1798.726445712966
2527.7914209517758 1803.2234335411608
2540.7922159408195 1805.867784397421
2544.0339329312214 1819.2245422082624
2557.5365265245127 1815.264953737524
2564.777125792284 1817.2287616402396
2573.682144980577 1816.2839274155644
2586.7000268342367 1806.0518603142748
2591.48013637435 1819.2398136985325
2593.30244080345 1833.0806927386368
2590.951157666511 1845.061978047736
2593.5893316947304 1848.3180869786127
2596.6046015860193 1861.0417626578562
2598.096470970725 1868.4375835886785
2598.3573574996517 1881.5289044630597
2604.8014031447783 1888.8133874849352
2602.4357712544843 1898.0497337330723
2601.9245847738466 1908.6032462404337
2599.4585488397506 1920.2845499230054
