1827.6835163874393 2170.44512262063
1822.3355462918234 2178.860017082753
1828.867924923865 2189.135502696881
1833.1905468087266 2197.0105993456255
1836.1579178303878 2202.087231134739
1843.4760376020295 2211.621095880735
1849.329608314797 2223.7147772727026
1850.6984150506514 2229.936220180954
1859.9762049153067 2246.094994535214
1859.8904959850886 2248.8016960542004
1869.0668491846081 2260.7058774614984
1877.6825890658786 2266.2551853042005
1877.6243276144812 2276.6998354302414
1887.8975328805166 2268.1820084460596
1892.6860907650673 2264.512518260705
1905.264768452822 2248.762970894865
1917.030598616874 2254.642174259937
1926.4628641983804 2252.7302063112493
1931.8474589050625 2255.2787698765833
1939.861278342601 2238.5966775982997
1956.6354239666114 2240.080961849717
1962.303315011872 2237.4323416188013
1977.9831407970448 2234.130755235092
1983.1609120587173 2227.9379643521524
1995.2392886024534 2223.3231801874845
2002.2731544920616 2217.1265649005177
2014.341586296604 2215.297790289579
2020.0122363377855 2214.296448560312
2021.1585865165334 2211.8280835630944
2027.4163913892985 2193.8718106659594
2019.3961387949582 2188.897928760393
2021.0088506080408 2184.5041005861212
2013.6858032119762 2175.256164168315
2011.7810302799032 2161.3631525603446
2002.6610765212697 2157.0673580824546
1990.095180504495 2165.6317477350412
1987.3603962250181 2162.0073469684144
1967.2979669911294 2165.534760452321
1958.0458025190742 2174.4412244683826
1951.5573890196217 2176.884488718277
1944.2492965175245 2184.618483997401
1935.4041060007107 2185.047422492151
1924.0683333477311 2186.298061883422
1919.5135640932729 2189.4699583627025
1909.3609400363184 2197.577932766475
1895.389679770545 2200.534365056778
1878.4801409638337 2202.7126604137184
1873.14498109806 2205.0106737340916
1861.819671991157 2217.69979072559
1857.1447990798285 2213.4449859115753
1854.3746979137322 2218.6616860787867
1858.3399261031586 2232.6099638270616
1856.6753481542878 2246.261190743606
1863.2319711341086 2242.147337121418
1856.8415073621388 2253.4959225610546
1877.9449103707125 2269.40857828307
1871.1805706400282 2270.432183380612
1878.2981543217877 2290.614801731241
1885.004709921052 2290.145306056652
1889.9443125040145 2296.4316122889713
1891.8159940179482 2308.590599956116
1897.9765365434894 2324.6811610775076
1902.1919261522046 2327.979083132834
1909.052924715254 2332.1419506773586
1903.5962521374174 2345.2529179313665
1911.137717381759 2349.403461783689
1910.687769287149 2367.460505647198
1927.9309415767827 2373.5711019910495
1932.7981489085118 2385.9507769989664
1937.0258296892812 2399.5155844516985
1934.1969072331297 2401.634872315617
1947.5407145325555 2400.3083117023766
1955.8848631639453 2405.9421765306083
1964.0889699844422 2397.7851354025424
1967.488604628601 2395.9594566468922
1977.8046208883538 2393.597247886691
1989.5922355837868 2389.103260807735
1999.4355661507116 2379.6024116416825
2009.0872502855025 2378.023571124451
2004.2725258568898 2379.8449483944723
2008.7890978489754 2368.3429952874394
1999.9713236742136 2355.4853797711203
1999.1727836363568 2337.5301845664962
1983.3536875987068 2356.4675457774824
1975.0954471712212 2348.8567130187366
1976.5041459766437 2358.25726554706
1964.9537771429314 2358.5365407126283
1946.08107334777 2360.8458614487877
1940.424923179644 2366.062726070951
1927.974385533476 2370.075771062511
1922.71458545184 2367.8863440565656
1926.9582252450634 2381.5565491108573
1928.587339387653 2383.7871542858984
1942.8533898755927 2401.410060227861
1939.0273990537066 2404.3996856538756
1945.1889391893671 2415.3304095897174
1948.4105994233778 2425.546328008185
1961.579780181066 2436.2789319414082
1962.8109429348035 2439.071971728991
1954.710548796595 2449.7212340272386
1947.8644740584302 2457.3244005870183
1932.6566867446843 2459.3910301482892
1928.6026754546729 2471.823956251433
1909.6698836697822 2464.790772821612
1910.0669942141687 2479.0022758124483
1901.4647780593273 2479.163590868712
1898.1871467183505 2486.2095415639637
1881.088047742204 2497.150746184155
1885.6449230342025 2495.9328449101145
1896.9840779798049 2515.2684603637654
1897.6901047809658 2513.7450425374045
1906.6234442403793 2526.4777960076126
1906.1294755117522 2531.798754066186
1920.37799634084 2541.204840497122
1925.22424689423 2557.6318323053697
1919.9519254098038 2556.5001129175203
1918.934549053247 2574.260296372983
1928.0848013303698 2580.048953719324
1932.274031733129 2584.629063972384
1935.0409975931473 2596.5964784353378
1946.060817651455 2610.471848778539
1946.5006198694841 2616.7418448060444
1955.201301469638 2635.4668072492477
1949.0366156217467 2626.548518182798
1960.87993727801 2635.8997238280017
1958.2128839685827 2640.5740215818814
1971.8161675350632 2647.765578791095
1980.2650599051258 2668.8171098854773
1982.317315457061 2681.4536136337456
1986.4261802598207 2680.2617281722587
1992.1935219587876 2695.4483474667527
1994.1265493372584 2703.576491031447
2000.2679108232142 2707.408361193978
2003.4685097493887 2724.7633160128416
2005.4117484627252 2733.7447989564494
2010.2162178510964 2739.415090319249
2022.401839772905 2740.5137911278775
2022.3530404472049 2752.449852796071
2028.6445806102156 2765.6356799077926
2036.9546264672354 2774.6404873810316
2033.9075854882046 2780.877234089478
2031.146836291027 2790.562066323489
2016.9262528386805 2798.4775754209786
2008.4570640217755 2802.352391317474
2008.5809046685567 2811.492695423787
1997.9506471880818 2803.5870849409357
1992.069330377131 2799.575151098942
1991.8596409968454 2781.5168310593235
1978.0053708102664 2781.261485952826
1975.1926697563676 2776.0397614719
1971.695683301478 2759.1147970760435
1959.0143281283406 2754.571764377471
1952.1211065480252 2748.4723666741056
1958.0106075794502 2731.225612692726
1959.3049995503607 2730.244327704
1955.042908206728 2715.6200821475436
1939.2397535971527 2715.910075126652
1939.6666201676817 2700.254035264229
1931.1199728893776 2685.04832973723
1942.392659595632 2675.2120483592917
1950.371742107817 2678.0703391537245
1955.6426887745424 2678.2170519310926
1972.8929231367924 2659.8488563912024
1978.8213400176378 2667.052625930946
1983.4147709975903 2679.465581186237
1984.6781070298202 2686.2548689200653
1993.2952217451293 2696.748052187287
1999.1936997470254 2705.7044253960053
2001.6720938472345 2713.935067422898
2005.674525864446 2721.6931339552675
2005.8933751882112 2733.5048980674624
2018.6137040578697 2737.639643719712
2019.3770508202465 2747.7265683612463
2029.3724167158666 2759.9354195071423
2028.087596424092 2759.0025626162223
2044.3451577254364 2773.8690566088308
2035.859327623784 2784.6940221922428
2022.855179027016 2790.518645156382
2012.1130129982696 2791.632437882363
2008.0596226814598 2805.5892269672363
2001.674680012558 2817.383922539956
1997.0812930542384 2824.452123498719
1993.0651069584933 2831.2576648845325
1989.8334828511315 2836.7469780102806
1971.2162274439702 2842.494246425761
1974.8671074593149 2847.2320950189014
1961.3865522412505 2849.754950051107
1959.2454601377244 2838.854506759742
1951.9084332707785 2829.8048239785617
1944.7623720959464 2815.7610087359362
1938.802053110428 2809.9370522823224
1941.75864684231 2793.5604771658464
1930.7985842217058 2792.743637549961
1926.5713470754138 2796.4657963329273
1925.0314079440436 2780.9875182732853
1912.041506852742 2762.4108117089354
1908.9224095664117 2761.1676940650154
1908.6857633812815 2756.488175567289
1913.8736013723221 2743.915493287949
1902.3339253818217 2734.3209289609936
1894.6096050630517 2727.9211693474304
1892.413649523763 2716.684890430787
1892.566284827801 2707.459727533851
1901.2333800027623 2708.414829066316
1907.956492042259 2693.0499171475685
1921.6287686407986 2693.7909854547993
1937.1197816673555 2687.6396652024214
1935.7162425621216 2686.0821352339776
1948.9833147590655 2676.6115944345943
1959.0028487517493 2678.69364753976
1968.2751665005612 2666.972135238476
1976.0353299699736 2663.721968885563
1980.9345775548538 2671.7855379054686
1985.2574536523339 2681.534160648513
1985.9006415038175 2680.5317783249234
1993.8024949100886 2707.8552259653243
2003.9100646532224 2708.554447552099
2007.8439368036813 2714.2000463226527
2016.6694912950081 2729.7599188370623
2014.0913611368567 2734.183370586021
2014.2062263057617 2738.333956462957
2028.602322500994 2747.8280719817135
2028.417303656291 2760.5137428135995
2031.5563635488277 2762.532496084001
2039.7567991306157 2776.743748929307
2038.0904789802821 2781.3609429469916
2045.6668426536576 2803.090007302324
2051.741551273616 2805.625976260782
2051.004458931686 2820.9354216205834
2059.5499181078712 2822.560398062575
2054.209451014239 2829.5850048964594
2062.413912453835 2838.576279844981
2063.9340310147595 2850.843012507689
2070.936053063415 2863.9942175442116
2077.685806251338 2867.3085246702176
2075.612951087727 2875.38795985512
2083.8935938910645 2885.3223579231167
2087.6250611876917 2893.1233651643392
2090.3993141660744 2905.14223523335
2096.3660687194197 2920.7194753014774
2096.09746805692 2923.248513896711
2097.4737912152764 2935.500048801305
2112.2253378184414 2941.9782359064598
2108.8093223677856 2946.6359814528064
2116.2777377301995 2967.491711935323
2117.385490433892 2976.9450331703138
2136.0846027395132 2965.272631189813
2138.7855998403534 2968.6911721505962
2151.6919362279364 2963.445997617264
2160.4887823442673 2967.687747278694
2171.7119281758514 2966.031546238724
2178.1279369783597 2957.614737628491
2191.22122990821 2956.358783372608
2198.0318916023275 2960.581151156049
2206.067767575971 2953.119916583202
2221.1294824535375 2954.001449578872
2230.565453926697 2956.459216700465
2228.8889716866297 2942.120414662269
2244.2715082476593 2950.0126652213235
2254.5117765377095 2947.4574326317015
2264.761407764159 2938.5668014633216
2254.8259361208375 2926.455905498124
2258.261699357219 2917.374851533356
2250.203801827175 2910.074576759971
2238.4004824357694 2901.7194540861888
2241.4023814801685 2891.3883704541563
2239.710986357023 2887.8301859515095
2228.243254258896 2879.224331246906
2228.0377137722257 2866.8200255633747
2226.9509711905143 2860.902479839536
2216.14159443518 2846.227780122848
2213.6554120711253 2835.936363399393
2213.766479023382 2824.8408925745707
2214.5285056992648 2823.4647881301726
2201.931730474526 2815.070625717205
2200.8863921093266 2800.962165892453
2198.1603537713554 2783.1792679171617
2211.8883044807985 2790.490118990958
2221.318994072207 2779.422182319364
2229.6160073949222 2777.0284685994593
2241.1152582143695 2780.6785102177187
2244.294192798654 2767.9812482711427
2258.1283359029935 2767.666224481784
2263.234657243049 2757.3786315544485
2258.079446888555 2751.1215676523343
2252.6467759921925 2740.734852397706
2246.6402539221885 2734.0112547517515
2248.0147611432553 2721.5881611291525
2242.817163555485 2715.901745192222
2234.7627958865783 2706.798115452798
2229.4989078229733 2692.818184851813
2235.4206679495173 2683.5781683343716
2218.5346492424133 2682.0784402120316
2217.057158743043 2668.2992755276905
2215.081155299651 2667.1612107287606
2208.505298569118 2642.404765335303
2206.1558522307887 2638.782545759795
2203.392875959337 2628.599328583006
2199.554546464932 2627.390048009824
2200.074576603617 2616.6074659668943
2187.9813513572212 2615.8187516507282
2193.1921747931046 2599.765746929937
2206.7479128813707 2585.5824523769734
2211.4864849544 2582.257436139199
2227.960515297769 2572.2274116896224
2232.3660645669565 2565.8264528998093
2234.8260098440387 2559.6378799782833
2240.3472941881346 2546.74420095437
2246.255784161351 2541.180143231088
2251.344510648012 2549.2312246541146
2253.164736125678 2567.252059520234
2256.3768261976543 2561.4832345299997
2274.20455791323 2572.940721013127
2272.618399656938 2586.414379594063
2276.262857171372 2591.143578947819
2276.0343720102264 2611.0627465361636
2276.8879545917443 2612.001965394583
2287.8936456979404 2617.102065606772
2284.3810960506858 2634.9227742564435
2297.7671264329488 2645.6979703571296
2302.205807248791 2648.041563680498
2300.5300324765803 2657.0907309713334
2302.478788578419 2671.852944276024
2301.694799131506 2679.4858561776564
2311.6432403505637 2685.2799287739867
2318.8599231396456 2693.3476271601885
2314.6385655059416 2699.6898972345534
2329.53447341524 2713.147984011474
2321.9210099954475 2718.7494464156866
2339.8410790537423 2735.7022370922828
2337.2607649035135 2732.5556495522965
2353.3224856204533 2727.144266627934
2355.443821605863 2723.370832389736
2372.7945896681226 2718.7182288639165
2370.742999761042 2720.6557864231036
2380.5797388639025 2712.1333472522133
2389.093156393537 2709.682816201393
2396.0213133431535 2718.366067080576
2399.3432291433573 2731.6519142878606
2391.964842981291 2741.461642817687
2393.070274709095 2749.841298049914
2384.407166446765 2754.282303788554
2392.9728372299464 2771.7029053127526
2385.760307337296 2773.039327252176
2398.6861828658957 2781.0588611003463
2402.6113445330243 2799.040033468775
2407.285904119604 2802.010387860567
2410.378914551741 2818.08228637303
2408.72169695175 2822.617410097795
2406.084578764694 2830.613681370862
2419.3924743019543 2835.6363196841244
2427.3107024066367 2832.963704092957
2437.3411797627577 2829.4295103738823
2445.1748692460674 2835.448892488703
2454.7774691142217 2823.0157540629702
2470.0320378842625 2813.9048135732282
2471.415307569243 2812.5784053191455
2482.754442852036 2818.705151375316
2497.005578833599 2804.0926128916394
2504.5009741051545 2804.685562354362
2510.2576577865702 2803.8071251295055
2514.2790002238735 2813.173207928366
2522.814294304129 2827.927382743228
2520.1292006664685 2833.5618404745683
2531.8562723220857 2841.866591429152
2532.8002725135807 2849.867451495515
2533.7846956121457 2856.067395085278
2540.657108216037 2865.806109260569
2543.646699185532 2877.310053010298
2548.7276553941747 2889.498995750774
2558.2117439125723 2895.0595980758185
2564.8212581048497 2895.685670325066
2572.101231173294 2891.6803696013035
2578.6737202675768 2887.197601116433
2589.593758009167 2886.328868272447
2594.5782599946615 2878.4266968319457
2617.753654253094 2881.841739312749
2624.662435877204 2870.721931739074
2636.0263620647893 2886.305807754179
2646.3756176239526 2879.6401145802806
2648.3116477627977 2884.887951847747
2664.492792361699 2875.5212581240635
2672.2459120139 2878.0453440984834
2677.8425546787134 2872.7726819042664
2695.9924183555986 2872.2213926873496
2702.7638071526667 2865.05475578568
2714.024382564987 2865.008150419226
2722.5227416012576 2871.4691975043775
2718.4846951995532 2852.340246552519
2714.058421651414 2848.807911136109
2715.968486121009 2841.001588375786
2707.6597296174978 2829.4056242192028
2705.1264163922115 2818.530716904257
2699.865561637581 2803.1683504746825
2701.1463919148337 2795.6821004313983
2698.4747351961905 2799.3897381748966
2684.5836935454026 2783.8963244206184
2679.8779931826293 2770.386592978987
2677.7483768391567 2759.417412303692
2680.861214492482 2754.8303324007497
2672.230130039084 2748.244170369422
2668.8648842854027 2737.2588714990843
2672.732432625794 2724.2279658206903
2654.1361197432147 2721.986031284378
2653.5302596282413 2711.224820179203
2654.0840969923156 2693.302942451198
2659.826422940299 2690.1987184380932
2652.387341735296 2684.1122290435396
2667.0812596294763 2680.44054422598
2671.6797421740857 2677.276523865833
2682.571947074267 2667.2231494326415
2685.784241272322 2664.7445259501974
2696.214053911934 2666.6020556118838
2708.078330425652 2661.5497454615515
2722.281669200928 2656.3655720663714
2727.0326909294913 2653.1198084908
2738.0684679183228 2649.112131547133
2746.5876583829604 2635.542241429396
2742.0396029281737 2629.3121884847324
2726.3705392722622 2615.1223909595733
2729.7989407955397 2609.3034449080506
2722.135234238047 2608.148393121712
2725.3640393714427 2601.2739151886176
2719.138372645755 2588.269442884641
2722.3908066596414 2577.4919439827795
2730.159397396276 2574.1635637564195
2740.4060687788333 2574.493964742596
2748.0383672957682 2573.7205394086654
2766.7554681894417 2573.317194571347
2774.0566452818443 2576.8628173920556
2791.3168053156496 2570.147352959866
2791.3488448429257 2563.1217775821992
2802.9935669258657 2559.3319107633233
2802.7734103421208 2559.01141842306
2810.0538369528854 2537.3580879947663
2803.3654072254035 2535.0889103353443
2799.5331227640863 2529.4527654598605
2798.875486465805 2519.842220205108
2794.25221481592 2504.349077822619
2792.10955861871 2499.425225399737
2779.1965037436103 2491.2600668627288
2768.7464491759674 2497.1191762003823
2759.17183427021 2494.3385992212357
2744.3878644646647 2499.0010849008036
2734.4152243455364 2501.5340856117937
2730.8445314699784 2496.397553405706
2726.5489176913497 2506.292163431921
2713.9414138069546 2509.4390164280394
2697.93157275952 2507.7027929838478
2686.249352955789 2513.6721392574223
2682.883203670986 2499.847219110418
2672.6595098816847 2492.376152070447
2674.6679388894686 2491.9420969823113
2668.4653813329624 2478.1289150156163
2656.4683557481626 2478.193058033233
2650.7910125340622 2485.3858323440927
2639.04336614841 2503.1471763223185
2630.684955308501 2491.443924439492
2623.2174247176577 2497.9595740068544
2613.937260407437 2505.982060991632
2605.685655669874 2504.8111587156427
2600.307811515244 2513.6915982647483
2577.784119876127 2509.650339758887
2580.499394931839 2523.1857376490325
2568.333291888399 2510.151660008404
2568.41573118249 2498.8780640419786
2564.0500080099387 2488.9382769500985
2563.295735910068 2478.876951778229
2555.4953142558556 2474.295152777569
2547.8325402119685 2458.8124804465633
2547.768795761271 2452.4105016263034
2550.329210717825 2443.442194437947
2553.3533872665744 2428.9184302064605
2556.9857084490563 2434.2782664103834
2568.216971466211 2428.3238517029845
2580.5791963145907 2427.352953780749
2585.2533272860032 2414.3482307020176
2596.3501076885977 2415.4374068850657
2605.079292106925 2404.388413488869
2603.9403908909867 2409.8531054476343
2618.607566505552 2402.2235123670102
2629.374384316166 2401.6689043101383
2645.412552634397 2401.32154783646
2643.41605388943 2398.1352243603174
2644.770433406245 2415.5233071755574
2652.331818843288 2421.578837488266
2645.77518812508 2427.6749423756723
2641.244135062668 2437.061726630118
2625.0232418852106 2446.349354909948
2624.601008037809 2441.934094783677
2616.763666056669 2451.855522057797
2603.298426372232 2456.5236384552754
2591.9520354567762 2462.9078372237504
2577.6922636228 2462.956904060152
2565.64950959289 2459.108136859306
2566.047431072659 2464.6601343467373
2556.1710778414918 2477.2055064554324
2546.940617825838 2473.702941205634
2538.081405213411 2484.4910374312667
2527.324949832856 2486.1821796279637
2523.854939634393 2503.2676141145607
2503.621908499392 2495.6823791067573
2501.101954834924 2494.808716715626
2491.98498317957 2497.8488569845294
2484.281583653479 2506.616265460675
2475.200616652448 2510.8894041631934
2472.5671920696855 2514.6588951884214
2481.078814156912 2535.861165284188
2484.216227713663 2542.849804141275
2480.292084730368 2544.645350784153
2488.4970746874674 2560.6906742835404
2480.19917371302 2567.0781063742907
2497.941836343162 2576.751005406312
2498.3692924968846 2584.36294776959
2505.6718113318298 2586.8355326601054
2517.581389204263 2581.4255728219428
2531.0922993373338 2579.121155847359
2536.6762665854926 2564.94594863241
2544.3449466340703 2566.622444805297
2556.47527597163 2562.6081083625527
2560.024431158811 2558.4788883114165
2568.222114304394 2552.20091461569
2593.834034636923 2546.465221933244
2590.2643865650275 2544.5556542128866
2590.5521536842607 2557.481105927159
2602.939996750515 2564.1839405182723
2602.6526206526605 2574.9476220501715
2599.9558971955685 2584.3646519059507
2607.2824861974746 2596.1824155500003
2620.1642002653107 2609.540652092746
2625.53827908823 2612.5203103368162
2634.301368785752 2605.096602758393
2644.476662558777 2602.6453353744514
2650.3563040829677 2598.1605381870963
2663.6847228551524 2591.5069413809006
2665.2163379989393 2592.39217067145
2677.478869750205 2590.403070055062
2689.2583256576286 2582.4176499184828
2696.6401143913045 2586.2510167343667
2701.9034457146404 2579.7370997108355
2712.8080014976777 2577.2693107721434
2709.372434515949 2566.83820142574
2697.594308705559 2558.582228361696
2699.1609946200033 2536.52770181859
2703.979092287641 2536.495700461596
2691.8401917122105 2531.7204549813814
2683.4351832502616 2515.690116304084
2681.422454227995 2512.5053036810814
2677.878753145155 2494.0798367912903
2669.709981486522 2486.4937902955458
2669.0872070271075 2474.468336595977
2662.0751000240207 2479.9306228465543
2651.1804883604996 2489.78449885402
2648.2128836922884 2485.0147164566947
2638.059911591122 2505.3734283553263
2626.706200940775 2495.1549913282797
2614.534657389729 2496.5612127082723
2605.2127897628297 2501.045707728947
2597.2856546867642 2506.2247224587577
2585.9273868287937 2509.897598680027
2581.9461132291194 2522.2608841392703
2583.5631692860443 2522.8400746464795
2586.496671724875 2538.850056976086
2588.787698249695 2544.0679691337778
2598.4304030029894 2536.9738160270263
2609.188423250951 2533.1963544887353
2615.793898673715 2532.8406772955673
2624.481707717974 2534.113558130155
2638.2894081201684 2520.7244960314115
2642.841733369933 2527.039464767169
2653.1268743241753 2515.1847262024808
2663.481430756873 2513.0830085893926
2671.530857250135 2511.497184709607
2690.6876957648 2511.8541649594795
2681.61829906612 2498.556898930525
2683.8763828196247 2492.674498765038
2679.9708275314756 2480.3690678496423
2668.9640973620976 2475.8594427283642
2669.1911461357076 2464.005198568291
2666.5247942280625 2449.502825403426
2661.666884501651 2449.8270545015685
2657.4561511171414 2439.1263821287966
2650.6519713709936 2433.5247215425707
2633.2216687142095 2437.996101010641
2627.6332870597403 2435.2635643462527
2619.695355340342 2439.614155877234
2610.9593554846756 2452.902713935768
2604.0768388948914 2462.3722627269035
2590.1730134200056 2456.3659888342618
2581.4898917005435 2466.8469549353204
2574.3844364174597 2465.464308116803
2562.244343207277 2472.543402463251
2547.653727266851 2466.834029963509
2549.732345468125 2460.150201799189
2544.030868696706 2448.393822915721
2543.55071883037 2438.489674499937
2558.6383539598196 2435.689106522755
2571.358978449646 2425.050278838891
2566.4999062881484 2421.5574475269323
2582.9562258003407 2419.4199243369535
2592.8270853798176 2412.0966506998216
2598.539115601947 2415.509789888808
2606.4344837996455 2412.312362676909
2621.860768869766 2402.76908416173
2621.129073143346 2405.221410385924
2637.5146273157097 2398.4603611040534
2645.8654840214617 2401.542686541948
2649.521116116186 2413.7968812935073
2649.872098649298 2423.5148148935696
2652.767979452778 2416.516786185724
2644.1429773158343 2436.1398686297416
2633.6798616071783 2439.4029801464917
2628.446362479009 2443.698058003275
2624.1585613382217 2447.400538183534
2608.980612303222 2449.597416554486
2592.4973342531885 2466.898021973576
2589.688875727276 2455.4832261437728
2575.6759783114785 2463.949684260921
2574.4299851968444 2468.010701169675
2568.4414273770753 2464.540071524101
2553.9932327929046 2460.7349923802103
2549.6337978985785 2456.3918935796232
2544.653092152831 2442.8144764462604
2535.4130783166665 2438.918630844292
2540.5299669352335 2424.131040173531
2529.5710615588923 2427.4289301392005
2521.105797727681 2405.588719478105
2532.3104161665915 2398.3494111257887
2546.969602790708 2391.445345421431
2545.7051459970176 2389.7849219120535
2554.449003017469 2391.5956044927307
2572.547124664514 2374.574954030554
2570.390882312126 2379.0573822550073
2585.3732233718065 2380.5811854304143
2594.8570803745993 2372.3762705165345
2609.4340687149543 2372.101526072452
2604.307293860149 2369.4897027350817
2622.221029569451 2360.274660185318
2616.2033264819765 2358.2813908559747
2617.9984594036177 2347.1003784538543
2611.281882145753 2333.135720214738
2601.067561177354 2321.1521023517
2601.313184420481 2318.6304425151297
2605.3702447576497 2302.8821970541267
2595.4524708132367 2295.818649277978
2595.1743735716527 2286.280637945304
2583.301234362591 2286.3118176638695
2586.6821022153754 2271.0063264791224
2589.767571207998 2263.215231059936
2572.4790854578428 2244.051216196531
2575.2822230097854 2236.552105506015
2571.8410311563766 2229.6071229201807
2562.918103683744 2223.4084147845742
2565.817885858641 2215.7404653325048
2555.0305876572306 2209.122148775007
2553.041704372353 2188.364644199964
2546.244226499121 2190.8255707269345
2546.1418487335827 2175.1091252371566
2541.9304325189532 2170.68284019003
2541.098709174421 2161.700989926985
2534.324772445335 2153.8157351081263
2531.394481367241 2138.247740872574
2527.621830836351 2139.432868907292
2524.93969364194 2122.018123030188
2515.7439144071946 2114.1726450162837
2524.068160999759 2098.244524872891
2514.531696437077 2094.8573043898377
2507.900332327488 2086.429583819141
2501.445730931491 2073.8018263505605
2498.9681671003796 2066.0132614202157
2483.7642197527625 2057.5718125049452
2499.8247491233196 2048.4331375183347
2486.6802135200974 2042.7152975824383
2482.620502471915 2028.8024036404142
2481.7933734106464 2021.0693904630039
2474.3884979305576 2012.760331968974
2469.129217038581 1998.222419376523
2464.425986919365 1986.6860478822152
2473.882228474468 1986.4109749450804
2465.8019202443497 1977.319576428709
2459.3110790222095 1963.5084050962041
2444.803507531537 1954.2055912740568
2454.1449237626694 1946.9530355383272
2438.3633121466605 1936.1884269006675
2442.3652795513744 1926.1396966759448
2437.138243472752 1925.0966764052037
2435.479778386601 1910.8391658734988
2430.1667748390673 1900.57031933905
2428.526863196566 1890.105135321392
2422.740579538123 1879.4483737565527
2420.1037105747537 1877.1458056612673
2420.3207211090044 1865.7304104726866
2419.232404176832 1865.839071475344
2403.7525217287716 1847.684447386532
2409.4835720493006 1831.3317990866872
2412.970853301403 1834.0215572526506
2424.685886500322 1830.1952884658028
2431.5701155446995 1829.2027411657093
2436.980813103999 1824.8034541939062
2446.3413477324066 1831.671091552604
2462.6413491683757 1823.6607064145978
2475.580748218012 1819.6988864471543
2480.354321892349 1826.9851779729618
2489.627392072421 1818.175249424105
2501.375189310531 1826.962129390221
2507.117256906541 1816.3107975001635
2525.7216868229807 1826.7269977200979
2537.1777401424606 1812.9844561394073
2540.80421866393 1815.7331946841093
2547.3743120953914 1817.919241609272
2570.542265090891 1816.4980979909412
2572.1258712629733 1813.0395831421617
2580.8795953785034 1808.0158290158088
2589.6708361039114 1812.9078643662972
2594.3728830842665 1828.599146562106
2593.5267094700803 1842.8695706053693
2594.213710933004 1836.2207397219122
2594.70853620927 1854.852904320283
2601.2776427681933 1863.2829156666264
2590.841441846491 1874.4931862645658
2598.9450426482545 1884.0081726652845
2601.2134350283786 1887.5949203075936
2599.0936491408033 1900.3483977559897
2605.5771063822826 1912.8654173265206
2595.580963452676 1926.2857293548557
2604.949041275768 1938.3021794961535
2594.0828142295 1942.0094251609837
2583.282514509186 1939.2601807948354
2581.794646777509 1960.5312035732916
2587.330989576458 1968.985841547528
2581.332151364505 1975.6718794335977
2584.5496085817012 1980.951140802664
2595.279090086513 2004.967703571158
2593.3814794759915 2001.3041760057893
2591.7112691481198 2001.7192677930852
2601.24410481091 2023.717851988042
2594.6095888319896 2033.3534365211267
2588.212755842067 2042.865195545228
2587.7461837926826 2027.9545589792992
2589.885782354771 2016.4418364457429
2597.4858817499644 2013.0557083207882
2590.0668891990067 1998.2718527610284
2595.171806148375 2000.2898668340345
2606.1856760694936 2011.3573273943125
2594.9744617517517 2017.329127368452
2602.1064425217373 2026.1263767440892
2597.048409210154 2036.1076222278393
2596.066538667267 2049.080024846732
2590.1314107292037 2061.0321281388015
2598.885261117804 2064.2809752914955
2595.444547545982 2075.733344879651
2603.2701408975963 2087.8547092849803
2603.240030290866 2095.5674821564753
2607.5375837276215 2108.28312468285
2609.6972151435757 2109.9997017900473
2621.666673480184 2112.1257960583966
2614.7007296512957 2125.573407687669
2625.847524856065 2141.753462147939
2631.9139399180053 2141.083019769551
2649.722767108014 2151.16725157997
2642.130731092617 2155.318238749726
2653.5236855233247 2161.5723912106287
2661.532370308029 2162.099744020965
2672.0028471567916 2161.753249122914
2687.9550169498657 2157.4810667973297
2685.5559755774902 2158.1980486733473
2696.510044279675 2154.9066818711094
2710.730872945891 2168.992646148506
2716.4213999867125 2166.7522427734148
2723.2922903070844 2176.0175600857597
2729.9188731634213 2176.35305613432
2742.990203193871 2187.163530037071
2750.4919835067535 2203.0981743583916
2745.7438022541605 2206.749644176385
2748.2409718550766 2216.9439615409574
2748.050513422365 2223.7790022300255
2754.39399386194 2237.4460849921284
2748.521963616473 2244.7822382519116
2754.960781317493 2252.7587827404163
2753.9230997662503 2265.6479999212083
2760.4498252104863 2276.9649433367954
2758.200847482655 2281.534514783168
2763.9359295275085 2290.5978451471365
2749.6869785007993 2289.529136056071
2742.8747264554627 2303.9196796579613
2734.1450822455213 2304.395074106388
2725.7174611292103 2316.3300259024118
2714.1906437722755 2310.3871830784883
2716.609963313915 2324.068784716853
2701.004318319209 2331.946155370874
2693.4872909768574 2337.9712142988355
2682.3435487438724 2334.4368056186922
2673.9536437550287 2344.032564734695
2666.8391580294624 2341.759612973673
2657.9903082053634 2349.573733598768
2646.4537942044317 2352.837007764114
2633.757893159705 2352.582414295814
2627.1689883620775 2356.7820289414676
2617.691243969932 2355.288491407048
2623.6873124402136 2346.1973593052508
2613.6973840530054 2331.230120890539
2607.0731801573634 2322.180025664977
2601.189742733023 2312.7486146501906
2603.0365788291874 2301.6144379304064
2603.295155486246 2295.9253030341515
2599.7350708112763 2281.300407520431
2590.532740416032 2280.1577799806228
2589.451047988073 2262.8365030134505
2581.480100775657 2258.159888047813
2576.789336193699 2248.6495351374315
2570.830525514522 2239.741545166843
2566.2938410440547 2233.2851360492327
2562.5711036146536 2215.36188607273
2558.49167141639 2207.4400165448806
2551.9819435716536 2196.085625969792
2553.188832269253 2195.1442899550907
2555.999839586097 2190.1016973030246
2548.1963801311217 2182.3515502825903
2544.5052684254138 2163.0594613607445
2541.3626069501574 2153.441945565564
2534.7262358985504 2152.4651397137623
2527.7402250459913 2150.0838410933443
2514.5324509292614 2153.881134575627
2507.491184223827 2156.284281710412
2500.4684621908586 2171.2082275471753
2489.5858403247385 2162.6395440970246
2480.1712557213423 2171.9889214062796
2471.55023875353 2180.705516693992
2465.1165770778102 2175.495702169279
2451.8077609210245 2185.6797941804098
2445.9808371111685 2194.025087945305
2426.4648843836612 2192.655904957881
2422.5721195096676 2199.076215418173
2416.9575623088867 2205.24884649724
2409.3567320953025 2209.7433504497285
2399.416138438941 2209.9455289941834
2393.7499637612295 2220.605224054669
2388.5918364618215 2226.9606650028613
2366.8289483455765 2226.158477101438
2359.7337719585803 2231.1958581645968
2363.8557876914538 2238.6064500348857
2350.0030349651765 2226.804984179323
2347.262363286515 2220.4238486317313
2334.1449296012806 2213.0925098547077
2337.7112808272414 2203.347543476449
2329.5261620522792 2200.2495388084803
2345.9670475708494 2192.4143984405005
2348.440546580305 2187.055987995205
2361.423380939153 2180.988246900159
2369.007980850931 2180.4506775471027
2378.839551733324 2171.003060806391
2383.3694112402186 2167.879533081236
2394.2189652569627 2171.48887800315
2399.0093110450916 2185.2972493145385
2400.262864509333 2196.600823595336
2406.3341658920103 2199.6372032842546
2409.5743674783675 2213.9194458969732
2408.8684272302116 2217.781081122056
2409.15616031151 2231.1115101328974
2396.0646032848153 2244.4808559481007
2394.6793877682694 2250.0156165236504
2378.3867751140065 2250.2516923722796
2378.092086371962 2253.9219008879895
2373.4604736484234 2260.5201053489855
2364.5275401993567 2274.807812218566
2355.253318343953 2286.2646634289645
2345.170348812888 2285.384505739491
2341.58547631401 2290.4537747460836
2335.661881218715 2295.0823359874553
2325.5336637215896 2302.1844213840563
2318.422488694267 2318.9500193551526
2326.5516236687868 2317.638455419001
2336.487800449463 2331.181049105607
2345.15306802062 2340.333581530435
2351.805728257432 2349.0568246532835
2353.2193858555547 2350.6916153322586
2362.5974359158986 2356.429961042045
2369.3851029516964 2369.145104587914
2382.1637343477064 2371.2629111525034
2384.3201620829605 2372.607521923763
2384.55546382394 2385.9075061004446
2396.53212296631 2394.769938998019
2401.7371835034037 2394.5428470003826
2416.1316542265045 2402.5003108057153
2428.0272863870773 2404.761929220115
2429.0095720791005 2417.295982781988
2442.739997018578 2415.104933896763
2448.3089569779004 2423.6648559595233
2458.1614993766952 2418.5860211380186
2468.578034458355 2420.3856203944433
2465.4185239452327 2436.956781165397
2462.002279861465 2450.6985340618085
2461.4844499933624 2459.2850684395207
2457.6949247960847 2473.9077668641403
2449.411502412086 2475.410979847738
2448.21709520699 2488.4650980814454
2456.4164440174054 2501.678393900738
2456.869231459495 2509.20515388387
2452.434947968561 2512.855921987139
2466.33078537843 2515.5624734554394
2477.021806120085 2520.271630072648
2481.29318819773 2534.8995378179666
2478.880540321171 2542.912652529216
2478.6091651159554 2558.4484551988317
2478.44646358436 2554.104194328868
2487.4420908617917 2566.952342133233
2489.886207558684 2578.4988375447924
2496.9366378929885 2580.530245219708
2509.2008768228334 2579.1855829199403
2518.932662467504 2571.153832409302
2528.483471861249 2570.629348166072
2532.2873367594507 2561.996306707236
2540.1290692548787 2564.039533066873
2553.383566270099 2556.0253186923637
2559.572293169429 2545.055813012778
2570.004783260728 2550.0012178900593
2578.7051351350933 2544.9793695384724
2594.325645859012 2549.814354365258
2599.282187439324 2564.413250190992
2602.7893019985277 2577.5294691368995
2600.174448005002 2582.42072310827
2595.9643682277256 2591.0946066458764
2606.4072160378983 2595.1348559665307
2615.5707999098136 2608.931602372219
2621.261634741462 2608.98754423641
2633.7513939552828 2607.0958994254697
2640.1832478743936 2605.6903165985423
2650.211735830113 2600.2974132387985
2662.121697041554 2600.3887526898084
2672.187709695639 2590.873374101471
2678.000291610608 2586.649030624349
2682.05806622042 2584.5281884110655
2691.9109927214417 2579.6602377983318
2703.849482988752 2576.693511234379
2717.971243481356 2579.2710051301256
2723.812940385008 2574.520289646457
2729.9542190815387 2579.7005055404566
2754.8901149837434 2570.2883544470155
2762.0930945697246 2571.3477554943943
2763.4104777539665 2576.5832963805256
2786.4548802146055 2565.1699264104045
2787.9392836519605 2562.4637196070926
2795.4613405154764 2568.0654127045636
2805.8456057831077 2567.0021468770015
2807.669602405319 2553.041619382633
2807.1276487978816 2546.366114887342
2798.7087914817016 2537.5399867800647
2797.9764523359713 2530.3287275068355
2796.2153866885124 2520.4883675276706
2793.1047184770896 2509.406910125567
2791.710475806671 2496.5889612912415
2783.9834743636607 2498.941772353142
2771.89793760131 2498.6421176470008
2764.2728816197787 2496.751678285606
2754.557440779607 2501.258085204943
2741.775912536784 2497.900125296446
2731.4139704067647 2501.41811314275
2718.286066728937 2507.2611359921143
2711.8200833951446 2506.146360783885
2696.159882594457 2504.752678088743
2692.809018042609 2511.4887887239797
2683.4418500477786 2504.451953426314
2687.8594290573296 2501.4699671813
2672.85572937866 2484.2300769648295
2671.1443668762718 2480.4741198854035
2662.80842342237 2472.3108468458713
2667.528955917548 2454.383682957573
2654.9045197250566 2440.8263800704967
2657.536536090534 2439.833403182221
2654.0545495291917 2429.9000823393562
2645.8603567662503 2440.0498398916475
2627.91903079782 2440.5342507646824
2621.976325139331 2440.321302895549
2613.494450735353 2444.3503531928136
2607.2086385684493 2457.002924490268
2593.89059238974 2455.1190443270493
2587.0243334691163 2459.3815557146077
2576.155857118361 2464.7505523036893
2573.9093247151022 2460.7956644931937
2558.609389230757 2472.2084391862063
2559.800403392812 2456.5340188079335
2541.752155877573 2449.876867374727
2542.3076842339146 2445.537864651543
2540.5642833117345 2433.361112355323
2539.195735441334 2425.869315868359
2529.5031772460043 2421.061474162209
2523.335981656221 2409.798967498852
2534.852881264374 2392.0475888591086
2542.761646617846 2397.3848833857082
2547.969988333879 2385.9760109223917
2557.0022368567443 2384.765813721576
2563.321966677727 2381.351426345519
2573.62411616744 2378.1999905759744
2589.8572788644046 2377.882501743432
2595.236992166928 2368.6003418763453
2602.0318825409536 2376.201278408663
2617.4295580577714 2361.723151412753
2619.9106950679516 2360.3622865110765
2627.5069650467103 2368.4065882507894
2634.636054334588 2381.030847269391
2634.417234166023 2390.506732708255
2639.768011085952 2397.1413483079514
2650.297890126639 2409.6373758064724
2645.011730140452 2415.9005901390406
2646.2497903250583 2424.8097416421515
2642.9227305231702 2439.984131770217
2640.2280670420673 2441.912005062399
2633.1590943809697 2442.2464575434137
2622.423693810386 2445.0150617370637
2608.793252067106 2452.374448532887
2598.8077910984216 2447.2078121012223
2596.359238811807 2460.6612037719706
2586.4288182033233 2459.7181133484805
2571.2200079216814 2473.511504602358
2558.3417890457 2469.036145150768
2553.887577026172 2464.3398835718144
2549.9985053620258 2464.5353206088
2544.251964831076 2444.0707314193187
2543.5893830789214 2431.975679384679
2552.6929825009875 2430.91964208667
2558.222495023005 2428.8963816476717
2566.0681447727416 2424.229215941212
2578.8360854529833 2420.31320909297
2587.7253316687097 2413.3249962192485
2598.115493568842 2406.131987908742
2612.093144373687 2401.020212592637
2614.817189763571 2411.4217159652694
2622.424095254256 2400.9620756414934
2632.6186007263314 2384.296658526093
2644.392015971088 2394.021651191435
2644.6749007852372 2406.3915550922693
2651.0463171544716 2414.3707040630934
2665.519654413883 2430.623827171739
2643.5853175980187 2434.000707266175
2636.2432949677623 2439.0579425346077
2625.8722846964424 2441.945051421445
2613.3790667525627 2449.6896455741103
2607.647166731194 2450.680129631482
2597.2167098973828 2450.0773323436647
2591.6838585780574 2456.399049870737
2577.758395151855 2460.7587945354016
2566.918401287772 2465.267774272147
2563.842063257312 2473.8274161973977
2551.849448656007 2472.738829489488
2539.1386216612864 2471.464048075775
2539.4868813393487 2478.7246986496843
2523.0496716084594 2482.454963425551
2523.252160970709 2484.722286759765
2499.056761089528 2493.4114446108615
2497.017383047409 2495.6010044834293
2488.2110457902213 2502.244194331905
2476.587958941818 2501.277625724071
2471.058511861747 2512.893163349195
2476.956562773747 2520.0850459290236
2480.157964577158 2530.7430192885495
2479.3789424455576 2541.1765984782432
2485.8546827561613 2555.458154119984
2481.4812665342542 2563.0954753296282
2484.221450424934 2563.3574264274407
2494.142163572483 2581.0365768652855
2502.1209038976363 2584.2765379667803
2507.716038690233 2581.7219001071494
2516.2811655036435 2580.553688326961
2526.657784680895 2562.3494529828686
2536.1153674043753 2564.249008533708
2540.6708603305074 2565.7574993666262
2554.0206796438783 2564.271421847667
2568.8121389713724 2551.1189899403353
2569.6142256728554 2549.1563884290285
2577.396194048329 2549.7200935720284
2593.896350704548 2550.7089804604043
2599.3229388141553 2557.430534369595
2602.9106720843274 2570.185921709954
2606.1270713655927 2576.5319423346086
2601.7893441497595 2588.1799797927474
2612.989945820637 2597.0264442641164
2613.380335759399 2607.7192242013416
2613.83444733281 2621.5838236803565
2618.006496626241 2620.175755862172
2619.90973804498 2636.1557746424696
2630.818223788638 2646.4985906038933
2625.863437741615 2655.5691451567923
2644.0980960158304 2660.0452744996146
2640.526586302196 2672.264441219631
2644.9558440728897 2680.4119049359497
2660.2893501065378 2680.1544303926357
2657.7177426667226 2673.5243633806094
2676.4821516109755 2672.0113526138125
2678.6270953553144 2667.045031532251
2693.43501414171 2668.9657818214237
2698.089512789365 2660.549084294173
2715.9909208928243 2659.5443182378817
2725.770513097299 2658.0916777821326
2724.9584388008243 2650.5185018385755
2734.573776737279 2634.1897120699055
2740.4433293952484 2651.3222676296214
2753.982318384161 2642.930119134338
2762.3764462743584 2638.8011791520253
2770.8779539707057 2642.413323941105
2782.6106793661206 2638.452201244341
2794.6623614142873 2638.941095465446
2803.1678916786655 2642.333232071927
2815.4231810334004 2636.944839049797
2829.0572852290347 2623.761013881547
2818.2429749127405 2615.377817144442
2813.673956908792 2605.914514345347
2810.7646647494635 2603.569690957678
2808.695842462008 2582.8950727038596
2813.8490357406577 2576.9701781209656
2808.306075766266 2567.4996610813178
2802.545317989033 2557.9990760158416
2811.363407540132 2547.6492760168494
2800.5443161538055 2533.505017722994
2798.8335026836407 2524.510453976234
2806.2561022240366 2516.486916833239
2790.756457666473 2504.0458850245695
2789.9317270723304 2498.993268195615
2780.584268414025 2489.532561218122
2772.9677563450227 2500.1667041342
2765.697742187839 2504.4184780783103
2749.0090984656354 2503.388003533891
2737.9921293081225 2495.360494710454
2733.173570006176 2499.8377424937935
2721.3669270585033 2501.0090014113516
2718.52867109073 2501.6648359465103
2704.260210206574 2499.0444367490095
2698.4062138871695 2506.029826220835
2682.0871854336483 2508.762779813125
2684.9176153734056 2501.1708895939705
2682.040397583352 2487.201416282345
2675.185984887428 2485.480390297839
2674.7555632298554 2462.8275831567757
2659.7358419092584 2461.2747507679805
2658.3935014513145 2451.4769562904257
2660.177304846367 2427.274134838135
2653.4924624781893 2431.331590388677
2647.1694830911724 2439.4396297288854
2636.9036670199616 2438.2560636100156
2625.431349155348 2443.726248892339
2617.565652112436 2436.0546645291156
2609.5770282141416 2454.445345222711
2601.3517067102944 2451.2639503660616
2590.9965444520744 2465.0905550368884
2574.2995249670957 2462.9464457412964
2566.749705492325 2460.749932320519
2563.3295144342205 2473.1587719048166
2555.9871282736412 2476.8822330686826
2545.67278224053 2477.749752066095
2534.1402721659456 2482.6613726177516
2526.503250015294 2477.1434860976406
2517.5043442056826 2490.9780132157307
2506.4605597504337 2495.325097362851
2504.369003801057 2493.8561510318573
2486.839634562451 2509.380092389757
2478.120321427571 2511.2004497540715
2470.225232939141 2504.824729572524
2474.910553100536 2521.555913842765
2480.9480731874323 2538.07636381755
2480.7914630305568 2538.6830282287606
2487.7211238204 2551.2980081227356
2491.753074586662 2560.494889989667
2485.2401500422293 2577.050851670636
2496.2837095264176 2584.2287919435284
2503.0536715181993 2580.805410663099
2505.27287710243 2584.037235867348
2516.9978102218474 2580.0212236396583
