92.10888993320738 823.2545487305742
79.55060128570025 834.0997402527418
64.6226778823559 833.6194354054874
55.08065798611591 833.5879877320504
52.9072246037193 834.6682207355307
38.37158630532957 830.5460338227855
38.631913582600355 826.7767465399567
22.887583696398824 836.343376406149
10.670880461794487 842.5610009839277
2.3528574407198177 836.4009668596839
15.683921238285878 828.2045717702222
8.018315746352595 805.9816535646582
6.7229990947514 796.3706295419521
6.102504397397903 791.3266922325255
0.3482403793575982 783.5892313083584
-1.0572026480816594 769.2384352063011
-4.338791879528344 756.249078892841
-3.580452746533484 755.551181176125
-1.7388715778853643 743.3503326755813
5.839434226493818 735.42673618955
18.36912317252463 733.0353424588328
23.15694054556936 729.4826885437257
32.659435813186306 727.4439852980378
39.69583908161775 728.4115552924851
51.99765421660949 722.172624029688
55.03393645651812 728.6619066598911
74.32625177421387 717.902395086765
77.73027774372622 721.7720465648691
87.09829171782897 719.3646078573072
99.37821789930692 715.855848632671
109.0886092824264 722.5562370928606
120.13317033637045 713.8309068270254
127.74074695681696 715.4597225770582
143.13101954320172 717.0576648963502
148.48433782376287 715.357887742163
151.3975058391863 720.6341722385714
155.26569540259058 725.0666940525347
157.82864316565525 741.9129370710921
155.60596027503544 752.8421056651782
154.44632541145657 757.5257855564882
166.46360650701786 772.084851750047
168.1625213797864 769.1329454261247
169.62887503736275 793.9842760758286
162.1415984241336 794.0185617875381
163.34238267659597 806.8155453546566
164.13469995052796 821.3138205994468
146.63493607816255 817.7192240754483
148.57344664965544 818.8150640847746
134.0453099330086 820.7644827488311
116.80102797543128 825.0557175609114
107.76591073282422 824.8986453666113
104.24919467642754 828.7560768055944
93.49522037737299 828.4949348146177
85.21241778090257 826.7777603902667
68.97299415205997 828.9078501516892
59.79381562541765 837.5530957066622
54.442494979621465 829.4131306561324
53.20431363808006 834.7951255457525
25.437496634335403 833.6822460952263
27.713056829087098 843.454578499838
12.863235330958767 838.8129105852687
9.424696510896018 830.6396039075862
4.683630881119557 820.2604217618767
1.4272399967228384 809.4197434881772
8.149134690208815 806.2251346285891
7.198201785886988 794.3735302308257
-3.4182452988931447 776.3587523320414
-5.232479244657727 767.905082933956
-8.84937165118171 764.8336993221855
-8.04916139485252 745.7990578483173
-10.3963581859585 744.3484467866466
1.8435395361444913 740.4821250047904
8.273846945950694 732.7528088604338
9.561847277307162 736.1270791332224
17.367676372135872 723.5837342546106
26.8612701882867 717.8138570605868
19.429392602686463 700.9482414374031
25.06084169129749 689.9738328678397
11.12505378359275 677.2453946843543
14.551732205721658 675.5536807879121
14.043064578924424 665.2709134514765
8.222976702455409 652.0583323127219
9.20307886570052 639.7421501140986
12.291200952353293 637.1550015659496
4.588852420868111 620.9397954714041
0.38060965576253153 624.9915468134628
1.3568279876239762 623.7606889003313
-11.931954025759646 618.0535764847682
-21.017421843731857 635.4962771986122
-31.770229772570975 645.8503564906366
-16.967351533170458 647.0972696629457
-20.49176821159567 664.7553790755929
-10.411913835992392 665.6192556980019
-14.3995968509886 680.8629996083631
-18.298103473035727 687.0743292503876
-14.38137263131697 694.0403179422267
-7.760460071028695 714.1670373201391
-18.843592356497634 722.7191850283837
-3.3612432907539262 732.6333627424852
1.8097408497057623 738.9140469689281
19.769415519530188 734.3767493139942
27.29766451434674 733.2189417709388
24.77839884631434 728.8130904826888
21.804556702956628 719.1611381861491
22.27374656791361 703.9023137673718
23.506451084760425 698.9090023609212
20.33216250174754 680.6640789709379
17.269385034120678 673.2086863711988
8.02422635953228 659.7588665312629
16.24439968733137 657.4694881565374
10.366229552555065 647.7418106726258
11.085051775475232 633.9052323744492
4.289402943793375 618.303968487283
-3.9504117041786526 612.488889530732
-9.466151452297842 613.4996627114145
-20.61237251096965 624.2607885965473
-23.918367149248102 633.5943594026506
-9.441348633586713 641.0313827762631
-19.66736933064511 652.9720689282786
-15.334019448983705 658.1047936593974
-12.603962129177992 662.8410559935198
-10.401566741500726 679.76077812558
-14.178093564944293 688.3287807912052
-9.60075607103624 691.9206165681135
-9.182676840226566 711.7821078426038
-8.118656849092593 722.9358206658923
-16.19714048627033 722.2513392457981
4.731522088215213 738.5030004402796
10.28998907668356 736.0479903946434
22.266454628665542 735.3915236412962
29.59616446116185 728.6825698141027
36.987744633204855 726.4863686157543
50.897293673092776 732.0467670539227
56.327308939530965 723.5007099990211
73.34166019913388 722.1989494696138
71.86247191087963 719.7136538072855
83.20227709925007 714.7630660012037
100.34378527747765 726.6463388551801
106.57922051345281 724.2389220417864
122.23758078812797 708.6116488466837
124.06560102633726 711.6075497348642
143.7208319197591 708.875816255339
145.80316147191968 717.7044138490563
146.64330740166352 721.6720586529129
156.06934509144014 736.3584019333454
150.48363301956607 732.4528585703889
154.90142016151216 747.3565104600508
161.4947348981682 757.5698266146691
164.21332381819917 770.5496311401058
167.85108820172664 778.7725573019345
170.09338878540575 793.5288933416842
163.16785567775773 799.073368840969
175.24803195730055 804.3869360032417
161.9964770615523 811.4418412972605
153.28259087605392 813.9068865916088
140.08653000652984 818.2940776686145
129.64230492445225 823.0578848401489
117.18117568996301 816.8632945600583
110.66818735022285 823.7799655057381
103.21290768038287 826.542667770744
91.80461644044253 823.5491729783917
85.50345804310257 827.1972317114954
79.74683146073943 830.1386747838218
60.91854756350556 831.7194820055884
50.3115109354284 839.6284724042189
41.991486171743254 835.4766884421102
33.800922241008045 841.1855329104411
23.731251007846808 839.512593501717
20.056789640484133 842.7158406204469
10.078342192482602 832.2807366280938
9.415318087218957 821.8036254591061
-1.3811765054635365 816.2187837286771
-2.4952111342246504 807.4116543869713
-2.3036765358505202 789.7461854302957
4.184315646862514 774.4403082649097
0.18548323546990197 773.7920882746803
-3.7144584974136574 765.7303983518464
-0.8550729043655833 757.2877251781932
-6.274766655819372 740.827989890491
4.064379632100746 728.9637364622797
8.029943431337701 738.5941952407229
28.447240445294938 727.9696178892889
28.220155314918358 722.7704334103854
29.457096050940887 716.3758174863336
20.266541537043622 703.3155845245407
26.12071492792959 693.23789612879
18.483553462965094 689.6818370365553
24.33488648641219 674.5254916758637
15.353878136034819 661.6766025685301
15.491093699040762 648.8195344514189
7.146290594502278 648.5457448684473
8.02065824641754 634.9856562121486
8.01382293854316 624.7635247502635
0.44823184726223586 624.0218169694211
-1.5924658098824915 626.9155633837973
-20.801355102156187 611.6030819797663
-29.808119821220036 629.7114195325945
-11.62111400425247 633.8213848730268
-14.430749899370308 655.9175568960865
-28.85510912663086 661.9919353126143
-14.87486607405031 668.281747442972
-16.054330010848606 681.8431245669681
-10.05060508021178 688.0982733048976
-9.638220082986932 704.7829389366545
-6.188453153439336 705.8218528121333
-13.808004354753642 708.0419634772559
-13.95322886626914 727.3933254445742
-5.020599506300844 735.0053909092582
12.149858944173683 732.2766064949341
15.856436618179421 742.0266718293468
23.488725464172703 732.3245471577526
48.95672631152566 726.3129535009168
47.26244361456125 726.1217078802844
58.31686651324394 720.2367835987283
70.61928244281349 724.9969720563089
80.80138332662118 711.2032483192912
92.12434868243346 718.2780104768005
94.71127804754317 725.1136597695875
108.16927945496514 719.0066609221152
120.0817325415039 714.4502995430684
125.86027558360766 711.8117380892801
134.22486215844552 714.2029086790111
145.58558579032066 710.4275072681099
143.86901952059785 704.4221796611265
158.39604607682654 688.1763954015786
151.01064053222788 679.9877450607146
139.2296374503087 669.4943352347997
155.22457971321123 665.3044652593287
165.1564187479095 669.432796264493
178.56930468246009 667.9552618702039
191.56953366874353 671.1370030308253
197.66041653242158 657.4687627941845
195.2144465343509 659.2300406709905
209.6745831598848 667.2540240801683
226.54273074814756 658.1262833168823
233.9527264814385 657.6484800362509
243.62347137996574 658.4605675502295
259.55832191173215 649.4288958827847
255.86030576497717 646.5218279201971
269.47599874411014 643.9614156947424
281.58685266243884 645.5076922943846
295.95309082625613 648.2199249156586
303.6640303074355 642.8482392573869
312.0113149170961 643.2858210545479
322.22426847358616 635.7909680644814
330.98454920418027 644.5141610964854
348.40754015154295 638.7176065176492
351.4361939146267 638.7938571713754
364.21452227884157 638.6508921976572
366.8941335835603 627.8509490606266
368.29396288301757 613.5655733475852
371.1756198536577 603.0732614962086
361.27929034135997 598.6676653446522
361.584353025934 583.4337877784793
364.3444257286434 585.8463167285819
359.36872976306205 570.0738954407047
360.33403152467497 557.7681095582503
361.21169413198305 545.7454815722081
351.554702295531 546.462883160663
345.6469792243935 544.0811152580271
333.9037861773905 541.3206099913318
323.5535975654674 554.28977208779
310.0307100413889 549.5790147165061
292.2282492556926 546.579283542589
286.82231432196573 561.4029940511365
276.39132608582383 547.7284350755838
269.03616457124417 553.3838864887066
255.62424407141285 555.0038867688376
251.042415730258 563.4267205930717
237.8273610187023 550.3293104256408
232.0485966885951 563.6966285331185
227.80855951088765 564.426499730686
205.09526765901109 563.8772985425655
198.17546768110998 567.30460076521
180.4818265504263 568.9312257799655
178.9040156754311 570.5595739286075
175.59010451516693 573.492718832469
162.15115295418158 571.9631977588024
154.09220671218657 578.1197737705379
142.32673431580383 578.1611692620697
131.2137219577614 572.8890098347575
122.65998943952621 570.4849638445738
110.2933247488699 579.4334139831202
104.71283129909357 579.5314496982309
89.25842318928474 585.400048132785
74.08311288836116 582.5707537404886
68.4960058224964 582.7472939983675
55.30085153813673 591.4860777821739
57.2090846905289 586.4494733801341
49.82235137939861 581.4154600303802
37.66599681583158 580.1529050459293
40.27195442034396 562.2302112501447
35.791339282197335 560.7568543424264
34.234622763355546 549.6224941180586
36.444992320561774 534.9302030663897
45.57677016004053 531.2790655231111
55.19356250136849 528.4408973569922
63.52452685090698 540.760761102011
76.65043151107288 527.7762424689287
79.4546484869467 522.1371025956494
87.1492774057869 524.7410247151728
100.7948773778854 526.8675466398189
112.02743919309175 518.5908278518428
119.42271454021271 515.578786569708
127.47690374307133 496.536922837215
111.28522223103968 493.5576351652848
109.3742157134364 487.0610219882733
108.87535239003172 478.28031585233924
111.71651599004716 463.325867371717
114.78583343713078 452.64861059243157
117.35343053092254 438.74045757548816
123.42999074707038 435.6533916159427
113.62003183737215 432.7495816148594
118.85402959029902 415.3745494378936
120.27346453935945 403.92024517406924
118.25890221715386 392.3031647119397
116.23550160043973 387.4693330253858
131.08954285018473 371.1440886608906
122.2542163615695 363.67556866696964
127.33800007846106 359.02498408394524
130.67326375312945 341.56027957467023
129.54679491876783 335.0153891795045
134.73680810269428 320.353450731272
129.29197305656294 319.04124809915754
139.4437562107019 301.9719427381082
132.07877562432492 292.8576982397912
134.29506973687853 280.9747278232909
133.98675518377638 273.5924637066709
138.10565257293953 264.4877690265968
135.48564474224088 251.91950165118214
137.92507669457638 244.48821403096093
140.85868426157603 240.3950588966605
147.48302888243578 220.76731546906652
149.56284034981022 221.18026800064453
146.13768541788014 204.6400322323616
145.79884970806475 191.11817422341247
145.29659133787717 183.626678333621
148.84043561180903 177.73257416252704
148.81186074295897 164.195635050675
154.1534118176631 155.4188747709276
162.81938652408166 162.53605959531035
181.84135316964827 169.08983955570034
191.65301956251278 163.80823929229155
197.3787963161764 167.15111912580335
200.65485502685254 159.2173104305685
202.46942379703566 144.8288136373521
202.91969849337144 137.0472455595956
206.30765120914552 130.88320248698085
201.90998895547614 116.90253261517788
197.99085371709654 112.70453793665612
187.3480816386172 113.78373485301896
182.01657081051468 101.91342809702681
172.8458922074446 111.84837467425614
155.41695429597056 100.3228436211995
145.1008607410362 102.58464416962579
131.88876542991184 96.84369825498263
140.04035188187396 110.32775785982287
147.8329117207996 108.56995613855565
148.79125718798505 124.85853467845604
145.74626742542907 131.2024394605418
148.0131561298737 149.5265517415815
150.58872866872713 156.22768635458362
157.10056758311455 158.91092015314138
168.7979742107034 144.68802370224824
174.3192875582888 140.5138443523667
184.58171808094272 134.8221236926274
188.8518202204483 126.64481865522909
201.77500800674161 121.97014083636762
191.80702355399202 103.05852806018197
184.1439061595727 112.26398197084433
167.07369704350324 112.3424674489805
160.544213051475 103.86220922251437
150.28724305517184 100.0868664858051
138.48144014556652 105.24398037772465
146.09133659240462 115.2607667590933
149.8299046862608 118.1959605211479
150.16853026460768 128.8600197836484
151.1228546365186 140.00072477724052
161.55545963429228 151.6951395367915
152.2404016435668 161.85767475605866
162.1679656014383 150.79647889639267
164.36999571879326 156.77642221031076
171.4220837041305 141.45514980981358
182.12757838573216 136.4461490962238
195.24354133857446 122.60905170209674
198.43622324095247 110.4742223888078
189.83037086445106 112.1998095565252
180.74854444729175 112.32200335785413
166.60879175709977 108.01589818726717
162.49739731157035 103.5686617671881
153.509377022964 107.23263710745655
139.80909171704664 95.55081481131332
137.38415336513336 105.90563908059796
153.12597061177803 120.27968884440386
147.51986246497097 125.08486957224832
149.28443304524697 139.69146134023788
144.60263794044357 138.81444555312362
152.12221979670187 159.4949205624826
162.4813188425021 166.79840739319906
171.50985923073702 167.58243461415884
185.2398852050561 165.619564706655
185.08024064455893 164.53709260209135
200.97108334781674 165.10636709585617
200.4115790614952 158.75051372775613
207.94919458590888 140.00843880752745
204.3286522874686 133.01455596950092
205.3179463560319 131.24537198237178
204.69197932110484 122.64152980910504
199.64449630582664 121.4314756056611
180.7752997821534 108.87060925334991
176.06777302925764 109.57746754686022
164.23837736719616 108.32091743990847
161.68048617755917 100.43440644827687
146.9756095143537 104.81824300427508
137.19687266717563 106.70486430046623
141.70828016502978 120.61234767102536
146.7120156830071 128.13776050674184
152.09811541442235 138.09080307037252
147.6037876484707 138.32980141940527
152.3027355616475 160.5154532407807
154.48645340206087 152.6985541958365
158.99878501927796 152.06237116015404
168.5688057993171 132.90951265366917
178.5945032279003 136.19703597935234
181.83796983372605 120.72282130033739
198.21722192807076 121.38115519154428
189.1628478491268 112.85444217037397
180.98518131041357 108.0413815441017
171.59027390782015 104.46982551529675
163.53248169966704 102.04184068926851
153.00359644600218 107.53076815570077
135.513001350151 94.59201082593754
141.76907210293888 110.68329752205537
138.54400221011883 114.68406686747556
143.31084429034468 123.4560267347745
150.18153709220124 143.21374610733233
147.84400726357484 149.61743787388468
148.5191948382453 154.53010581027732
160.91086182902495 157.77351897993623
166.77614612742877 145.75571931959115
166.77949681998328 136.37122054172792
174.5411066314551 131.99615069429038
192.61952256901586 131.61273949137018
196.17694337036244 120.40972462490117
185.63288726675714 106.69093441459458
175.01024525570747 107.74882625176387
167.4421040559505 117.62824796060016
161.11286705600824 97.96273052496305
155.9002202000214 94.89348089826764
143.07939089923352 103.48325534050983
141.0362891255083 109.87123424071785
140.35649038456285 111.50416493146507
151.5089290781876 126.78921553692129
150.44195179656114 139.40600296928014
147.43070604992167 155.3261862666704
156.4206371682157 158.60648487209536
163.87313526298857 162.87889601194894
167.3871836331677 165.35809828140017
175.7588830381877 168.7703276947461
192.02083541164612 167.66800902639324
201.62206807678479 166.90590404090327
202.87989216574204 154.43078083639915
204.725712644953 155.778204784856
198.69033401759583 140.8409368519745
207.54542653683905 128.8723503625819
208.01788651872758 114.94462967117323
196.70623328017467 107.86943511252491
189.10207142650347 111.92709892451344
178.7669045789041 109.75582671811148
166.44466175724105 101.44419629721881
165.90426913809694 102.17523941622272
142.93381348294426 104.95215591417636
131.9582278720117 108.16788488228946
141.95537215431196 115.65837225636255
140.0719638956325 129.70157142431472
153.69187658203606 141.92983783420104
148.02014504899685 152.48717546402693
157.11796666849585 163.25712055414425
156.613929158912 152.3605296811109
168.04613488780447 144.79245413768768
162.87310783175215 137.87038083440888
181.21122603205544 136.04619842499966
188.29576600153237 126.58061845082187
198.47116234349187 121.0656245109787
192.10569645454447 113.14228859412937
175.7127202864434 109.84991739257993
167.99651957010425 108.46282482866556
160.03791226022634 103.66789648249178
148.59788298319563 102.03199063701928
144.55140235193787 104.35741050043092
143.18544464267399 111.94645957071734
136.4210931941272 122.08667136906584
144.31095417140855 128.47840039323827
150.95935733822742 146.21830966414166
151.4057381856381 146.98639212626176
150.58426993152833 156.1174258665629
151.84001185046137 153.04003157216482
165.16965683203384 143.99849589821486
173.25887366967146 140.7398080353203
180.080953870746 134.29588841410407
193.73790087445664 125.53380136324189
196.52491033992578 112.36882144243242
211.93789214188314 108.3888652284871
209.89919995125086 114.41688655852361
228.1187719154531 114.5582276634449
235.9389082090453 114.18610408060988
244.76097729265828 116.88291492250144
262.76394203601586 119.00963728394746
263.9984939490134 117.46274744311555
270.6196216168648 110.64610000675792
282.5304064898399 111.35448850699441
296.36367590678884 111.4695834345317
306.4006020178547 116.52408363486256
321.3740880657294 115.28134640251126
321.2659661504485 110.901597650838
332.14479448193083 112.41174986127695
338.71211677948816 99.89720210618506
358.1266891765259 110.2213339813629
362.43205634810346 101.60898959406744
374.8129312993714 113.59206289927646
386.09092837972054 117.5865537745697
387.3240135292982 124.19274147048843
377.1580861645021 141.75031850335233
379.5370176095609 152.97972260536824
380.8860011270427 146.69731193312361
374.9602322649375 165.56171167152522
378.0409293193149 179.1957000932584
378.5829863300926 190.874328086147
380.59383829336286 190.5544291747933
373.65003408642343 210.46455219474976
364.45878530462414 204.97727743169935
361.8919923530986 214.95417612724071
336.63355173513537 209.91730866754293
328.14704454384423 215.6962447489557
315.78771538811344 209.3995056643968
311.54890062353746 215.62517970198368
305.12554539564525 220.95211885305656
289.1821360534077 225.87006731988103
288.3666894153323 218.94348202974112
275.4264987360204 219.98547781888453
262.45900597811345 226.65770743624495
264.6958167028575 242.71941973902656
256.4012114108455 245.53402834558105
249.59939931714752 252.24179208041008
245.1335715382236 267.24733203798615
258.1086719979936 271.8945749126548
247.80036330742965 275.9756310020881
245.35627852452936 292.8615558071837
244.23214989123963 301.5696980266913
241.50405175116336 320.4604106078982
246.58486161080825 311.21178498327544
258.67587872219815 314.73257252068856
271.3316153495337 312.72302807783285
276.05447364731816 310.3776683754119
288.6486448306035 312.674940432291
305.45857054632694 309.9361295547122
303.3254669162679 317.8060644069659
317.59741119622686 298.66713101387876
331.4262354855493 298.2429942026582
335.3593644018874 304.96311638624746
344.35005136725493 295.1234360010551
354.6709922697417 300.7670024224645
363.8895705920168 293.3341631071472
371.8242255133998 306.3575618687807
364.99044076978424 311.6356003089671
377.97413138101933 326.6684108086803
368.11388726671555 333.9790581795517
379.2911667299423 339.5969113222011
385.80905321797985 336.13042470269954
398.74449932640005 332.88992969519006
413.01917010362035 338.61351571023243
414.9048430046885 326.38995611940953
419.62796103734286 326.906405418416
439.78870656324125 332.681326517377
448.0653207744859 333.17634214803115
458.93781399480287 333.69922346213826
470.51449447288354 320.18647165241356
481.5648870896554 325.95747749349607
488.2174060912697 321.650385961891
497.2340761760615 317.21491663723475
511.1873524459341 321.11248330383376
513.11495879989 317.7482597779063
528.0206926336189 310.7159526445646
535.5384899904427 313.1609059894353
548.5718890285979 312.2481949970804
547.955258709879 320.48407636428414
556.1187033436389 330.4506498025962
556.3624309175952 336.9774464140409
557.0400904979952 347.5615547070572
554.4740345021218 356.7671964960839
564.6108821625276 365.1021768919072
564.1961627268846 373.99820019792367
562.6510017524923 389.40594770162124
562.7580205397065 394.9009876634583
553.394628355094 405.9831687905102
541.68256023757 406.9016780750074
535.5337050097879 401.4064853726881
524.8406951326406 406.3848038584485
506.4488503684917 399.895444999718
489.2036900753568 405.48061207076114
490.7719283866288 413.1472464042808
478.081092304904 412.530105732239
475.76200176150036 413.4022972255873
452.3741900162257 420.85888375224926
452.1665095882861 413.5130785606498
447.80423277557605 413.4946847584535
432.941752957366 415.8226990152774
421.92179509601266 420.74268340921964
412.1971815780406 425.55580708741223
404.39303051709373 427.26901740175197
390.3124171540581 423.73403867347946
387.00157170223264 430.7125891206789
373.4089950541696 434.1220776000042
367.54038492384564 442.5049224948568
367.87967171010723 447.12336236587555
354.3068936298428 447.34918854868386
338.851599419248 455.6975248829525
335.99434316175933 448.79024056138127
323.7691578143606 451.11056866800834
315.68598714880426 455.87479909363736
308.2018683239382 458.02114737583645
289.86698514532844 455.0156382912803
279.55852861667245 454.6106210456705
268.25594404573866 462.60126328560045
263.1958134281211 466.2922548918578
258.1707374777067 467.54296201594235
239.2907657193443 465.17213795579113
229.4141618734245 461.32502403939264
227.3856853262278 466.5537864596055
217.4790053152948 465.7329891167449
201.00127129874264 470.76624818824354
201.4732927996328 491.7287177835581
203.31717263576712 483.522429757478
207.55372792660435 499.24282992995313
213.00790903079138 507.0557874585435
214.6656725774538 523.8528089730695
211.70944790864894 529.2069930046594
214.4295461153027 535.9355051524271
213.65235071225555 540.3203643426139
212.9259325461801 560.0312465249078
211.0425544976701 568.7709372485026
195.20295700601287 560.3064124719938
183.72049595825783 563.5681803593006
178.74312536060415 570.6802023308533
166.8769806279267 571.147024927396
147.81391970979342 574.0327114393647
145.18340801544812 576.5442628792894
136.87577564953247 566.0012455726516
130.21713001574707 581.9377589645062
113.0087737181567 573.7075756698605
111.75326972166738 581.0562717664278
98.64583320550587 575.9254566367391
87.1146920669344 582.2258975181413
73.70964335778032 590.1953282935791
64.19786735035217 580.3333148240965
54.46050845514879 592.4157041361434
41.929856453914894 585.3631915473935
43.58526804663271 579.410383393672
39.41394101280336 561.8074642812313
32.74071928442226 561.2585901145515
30.11196173580075 548.4206362710918
42.70168435347291 544.5646677734003
39.22063220678156 531.9424198532099
46.963072782888865 530.0033515000944
56.8105172928997 534.5341225675736
69.87037909629052 532.179251735923
79.44606415531837 531.4649133872988
82.28378595263327 527.7024820447327
104.93814001852351 516.9885982948693
106.35471249130045 522.8093589665115
114.6471363936483 528.8838116907348
109.6565393772179 504.6510973817512
112.2098432599269 496.90181219037106
113.00490977131267 488.55166802718566
110.35511928699707 480.39447501839305
108.72669084885209 466.7354216930243
114.93935870823073 459.00132148421227
116.29116095227437 449.5983199764813
111.72654930349249 437.9637712152491
117.63383117335101 438.23404596156354
117.34386782252761 419.0563735306763
117.71000380441964 407.8950794474047
121.74572547715903 400.7783679513816
123.43317338789875 387.9480288833828
127.54702917509731 377.8305218593843
124.81286552455687 371.83711868788123
122.33343776905117 365.02894902053816
127.65619958409978 352.86025903783167
125.32659322695343 342.14006718587035
127.93409681795377 332.1403994363999
132.85478354026338 321.9663918632265
126.54580462198726 316.1558651015308
132.80718388400126 297.21428264090105
135.70117035569467 289.8329621501437
130.4862331214337 279.6262459843398
134.96977316227844 270.8373451909137
142.20891738099172 264.5633452204114
144.12325501586525 253.09606028064883
145.08811674086672 240.34206752112274
143.72705027942 239.53764772114397
141.39680153926113 225.33627530296943
148.74713752688365 214.53957911956803
148.33307413517346 199.43241779128994
145.9168492447785 191.49553190117902
149.12261590011246 185.79380258831554
147.08581329390444 173.7235307225953
154.27262296340788 161.29646908989866
167.8892940578991 161.06377307257307
172.4569295991197 163.270383438427
179.7250170052134 161.44387005800846
192.77603330202606 163.6461938880384
196.5772258518391 169.194375684266
200.2131707212172 153.58882318096673
202.78896228409104 149.88407274393538
206.93261250928833 138.93947279788685
208.92183379516283 127.32111645886465
203.07510959348457 118.62615127832082
193.40783608464852 113.3780588133701
178.88759030931317 112.17370800286501
180.64252766162377 108.07120872697422
163.3658991223209 102.28834055020539
162.292643374618 104.89908840169215
146.55289555317347 103.26647818039862
142.95676058945153 106.62961913002289
147.957610211758 121.12973704871084
147.56754878276917 132.94697585326168
143.91076029335855 136.82739710289667
152.76412580549933 155.13154377593628
146.26768351734378 155.63206336459365
159.1001730601264 158.03031065288923
170.812317840317 139.7561732635903
173.1720260376779 134.5735311030538
187.07102140279144 127.02746890395687
188.60895178487388 126.65613764416568
195.82496555179827 119.4131302937526
189.66790711292538 110.11667574693969
174.89941891933375 108.22266150098147
163.6635735725129 115.13202830438392
155.51988898616386 103.5093238579133
150.26860927280057 99.63570535736505
145.54402344042896 99.71214232310524
139.8368472982842 111.1676963703507
145.83123022386175 117.24845480609274
147.1769349921014 124.29898605708968
144.43654006319272 138.7899695625084
151.9051551964355 149.72042161181264
152.7131987348629 156.17060265567363
157.81613546112928 148.11582366984476
166.76381970375866 147.83921968122814
171.9503682024179 141.78969981903685
185.75277164169972 136.99765349842409
187.4678573960563 127.59300166920606
199.73856039657414 118.8649348510261
189.19345694757683 116.77665328683904
176.4526640706574 104.15225591781046
165.77684340182915 99.7701971876973
163.64730253885068 99.41060315924757
150.51331383012362 102.75799971577786
145.4916033920166 102.3487763574379
149.44456663074723 109.74165795274791
145.26706183840832 115.40889952390876
153.40532330314068 123.75296170078497
148.97211282346396 140.5065808925678
147.3111570362183 155.06319914095215
147.97961995343462 164.11335465995262
164.5741462972654 153.2924383426454
166.50513448637952 152.63338137387296
173.1779853148228 141.23925124044297
180.2013069123494 131.28553217290806
197.4936427383683 123.89146984544054
198.83283713514783 126.91082716274728
193.2841831629057 118.28279028903175
178.26022841810158 110.37124815951113
169.3970969397366 105.03840848745688
163.42305493193015 110.4498849886251
153.02024648792909 107.76494290256181
140.6895054908621 98.02985700354117
143.18800654486785 109.69386815615965
139.01247949575227 123.45054955394225
143.04074264793945 131.64692653247727
147.38676665205074 141.82410015222803
152.05609881033914 150.28819337945885
139.61664903157705 152.17926635565146
156.28204794284065 158.32864723409864
172.59296359288186 145.5051663950974
174.88304101867038 140.15810123984664
182.50556806580207 131.40530099141233
182.33565637842835 123.55610640454883
199.2241571881597 124.24589699939229
209.96214037521503 116.3359751156938
215.85788039188643 112.78472833906554
226.95264740986292 121.76313616258021
229.66230763127527 119.16273187899071
241.05895264957766 116.71012392172568
260.5574205532654 119.599158838514
262.70860216836417 114.39744029042669
273.4765952825909 112.86611244970885
285.5056946461626 113.63588217913289
288.7609344889094 109.75890698252908
300.50120990596804 108.09659490692341
307.19310362668557 117.83920494624323
325.74714522926354 110.35253480682881
334.1936557526363 114.52585631221791
340.16295364118065 111.13940043317471
358.3604546708123 115.30106521400228
370.5177890710649 109.43083292279886
372.3181086121201 113.70849937673732
383.5158560690852 108.19975193736693
394.1487563284635 100.64683111452689
407.4650160588455 105.30285915605901
411.67853393125847 105.01340437463904
424.05548541976964 101.68831380153661
438.3639472909165 99.55203733412128
450.6985994120327 101.56781616349775
447.80621200906035 93.76530264502534
467.53447202811986 98.65225742976604
471.71690146085865 90.14567404285387
483.54554302168094 90.10317754355867
481.96951122889897 91.57545424423668
508.0767805401482 86.7924759462148
515.5013368259081 86.43701033272473
511.71819477824795 98.69058105469756
516.8529782863113 104.21007393111334
523.5496117243611 116.96932785643264
525.3290843894495 137.22798677561696
524.1552182697338 130.46551451491717
541.8311479343918 132.21949542986778
551.1872553871578 124.14959266440292
557.1954184095689 125.18532126130029
572.7791231493726 124.00531823278638
583.4769910614727 120.37698781112047
580.62890342412 118.5926300664083
605.7449853199687 124.72669999739722
612.1233263613893 121.331064112761
624.763685762727 122.9430588611602
627.8765172332777 114.1995252326023
639.1930109048988 119.82858657015976
653.3324439521956 120.23357877468965
650.2644213365254 113.81016384418163
674.9853356172201 110.54587576062926
677.5400669657383 102.95840296782444
685.7319683619552 105.45944724307698
683.2033489990089 95.27679076447369
687.2360776301629 88.70222747589929
684.5515627715955 80.2547051971421
676.6378215638598 63.649738913779885
682.3624587451649 66.41539914707843
662.6835850232499 60.87993024955284
660.6501809951715 59.0471594571045
646.504985946509 69.31866403532037
638.0061240317599 68.82630155516702
623.8598059354811 67.52379795827869
619.8908218542194 64.70035805568293
604.3028725488448 78.00928916833081
591.2956973323553 69.81812124601586
585.7099651763843 78.81942939767774
581.1077943478413 78.53271335075604
563.5878676841554 80.37946066826507
556.4545411489734 79.23601992179366
544.3495595323301 77.95328197927412
541.3695445108633 79.51866958802198
524.070710737283 89.47082282699049
521.7844363385229 87.08867304670122
512.0920727908849 99.80493194933501
522.1111374365461 113.43617925625415
525.754547242651 119.85298294769903
518.2081777629318 124.50002309762243
517.0794191618048 132.24598597449662
525.4347362303886 146.5295429454852
531.2606468518215 155.2008188941241
525.6414650234024 164.8860907736449
532.0747646812329 174.11925314770525
526.6299219959094 184.45958330311737
539.1978405967754 195.23479364701302
537.371041462322 206.51864826603745
536.6495524879525 212.29147767691106
548.9228905663302 224.58119322485473
553.284924593701 220.2786136122146
560.0965665014457 215.27979192630528
571.6548299350194 215.29038990851163
568.2008844291713 230.83837375375788
575.7838180879479 240.20562243286892
576.6462223295343 245.79468443318325
577.1987262846244 261.4910945192071
583.7286490365644 271.82257788718283
578.3487059024194 272.7291285038639
577.6403928238279 285.38675870263955
581.4260366030813 295.7175613745131
596.171661596411 305.6778835659317
602.5735312378779 310.5463004323951
608.7079779851648 295.80159054968897
621.0967601049009 295.7160179209151
626.6027237525543 296.15689245271744
636.7695652646851 293.593087782259
645.9319486712672 298.74157502845134
664.7316434692339 290.0244383921908
671.6517253877107 286.8509196467804
673.6515188546704 280.19767417756304
675.5903093384902 279.61160926705134
669.012674119748 256.6127691378861
666.0967410493315 259.96820877355725
673.4100889177379 240.48722410408493
660.8490746283816 233.70433418539062
658.6959004549745 221.45114549186408
659.7445474329863 210.8626269663416
669.4494094354958 194.01349208279504
673.8972303394532 211.195598091973
691.8256759680881 199.14116221610874
699.2493086257928 197.2728804327557
705.0781006009265 188.03224306500908
706.4485916444631 172.9638567524318
699.8491347020001 169.8666481433786
694.2417295064766 161.3683595285404
686.7688898999288 151.08114331953382
688.5704756015032 143.64109274162433
698.6578204559966 124.15614104023409
691.6662649887888 113.86976117392882
699.4980804251331 110.5516662652309
694.1793446231036 102.44498881776443
683.740471197801 85.01177976035106
684.2928585437609 86.45981157420752
686.130909429984 74.44620418128645
687.1023420051345 60.31955404883684
676.0837968983686 60.46541955457792
659.2277330242919 61.53053562331041
649.1012190296907 62.14385589562357
643.6599661041939 68.19634644717827
630.710717981484 65.67051554181097
621.0845007418087 66.14496688228135
612.090812010352 71.4804961469579
604.4082981116817 69.03685795616403
590.5751848780529 74.75468508414588
582.9420878169581 74.93668901150565
575.3056317822656 80.37174306710972
566.9841479375318 83.83635208167813
552.778527276252 76.16897610255083
549.2073604568517 82.18279111507772
531.9952058130762 85.04730686950684
522.0405712840458 84.5783426803523
514.3418263425228 99.75106649499851
516.3839759853466 103.1237579055115
527.4971551370875 121.4089529219159
522.3108129654715 121.16114632998314
525.826921897474 134.12882418941575
524.6684421775556 147.04143277368595
527.6043337533348 153.95834874741465
520.4855020789366 153.74158378178356
534.324339937205 169.99989221375563
531.1177064774558 180.86112633324169
534.1212735078531 194.8879728904422
532.1049108161587 201.69545322780795
538.9309107584221 207.35355433109203
539.3523072483584 224.21664102388965
538.3783675022204 235.00797757853144
543.729405563256 242.17308183947392
542.4636776679621 257.74724135344
549.2882039148162 262.1402225797763
541.93831304493 272.29256855771615
545.9772032191069 274.12056303614355
546.4285918627808 293.86092496599696
547.6969388363432 298.58727511097004
557.0320065929752 314.74952422889623
552.8096392380097 323.5182654237175
557.8929747574479 334.15386700599237
559.8171690590741 347.6407885248964
555.7399412590773 348.07941472804293
560.3058747168479 356.10768412119023
559.7958572415155 367.99563411488964
563.1653056187316 379.4188656133029
571.4028217264206 386.4298872073568
562.9057134882606 403.90644868614686
550.8338339561509 391.61369101883946
533.4756147896336 400.0055017121808
530.2075998799687 406.38020347305405
523.6621495572194 400.7009084532973
512.3062769267785 406.95552226518953
502.8801871338831 409.80763137242445
500.017943855093 403.85714601058396
481.4319496855273 405.4097551115476
479.03401178315005 420.14656393588444
457.5036039470382 408.23465545274814
451.7973275724347 411.8710574368162
443.39022743523395 423.84835178846845
441.14039569332436 419.8983986686533
426.7196943787818 427.95710122254445
411.5822310437059 427.160224611707
400.47783863417953 422.7019130733463
397.73011221050484 416.65426172036075
379.97615289786665 429.2848842657064
376.2090889003212 426.0231040070734
371.86403842525203 440.3080702955365
364.2042825368237 450.2838050024484
358.3775078896063 446.11518873871944
347.51334524109564 446.8510139010815
334.0878285218652 451.8991862257194
322.06543905551194 454.41160211580893
310.6844971063819 452.8992106163877
304.98884730680646 457.15305251490304
290.48541731096003 457.54855541173833
282.4029782305147 458.23996648214586
277.6502429398739 453.968108671368
267.6169341963908 463.1297108446142
254.98697684014735 465.19904115243804
248.8076306763245 461.2584025864538
232.73216672929746 468.8826031378544
229.41764588423757 464.8380216756309
208.03501319676897 463.62232315765954
198.89283062925935 477.3712624129547
202.5713112690401 459.8266642867793
204.5541390726651 448.7857884045271
204.29680061126703 437.280528930709
201.67785467846988 435.61764281293813
208.6725105292337 424.47002954213673
214.47346685631965 408.07383414897976
210.44563796408622 404.1194576595259
223.39673659767408 392.12247887003736
219.42882555451084 378.26179170488854
224.4387113679499 371.0197166598247
227.63883204404672 365.2636849503328
229.00083384440939 345.0618434449606
227.30177646324495 349.2656450368678
230.99590316417172 329.73548914605465
235.57396461683558 323.52022625996455
244.17040012162644 314.87482543576914
248.54351431535994 313.7259958177863
260.1792579959179 313.9632516114507
276.2054470559387 310.27801872251325
282.67725487352766 319.22052042901896
284.3241543685129 308.72087223991645
309.1772816417833 298.8708137300102
315.1760211324057 314.94670127198276
320.61989180112124 308.23069866578936
328.03818228510556 305.16612123897096
342.58638673496057 304.635464229003
348.1525424665485 305.86850821783514
362.51020403362384 292.17231007728145
371.0773360754786 292.13013356190294
363.490933306165 305.1127856934555
375.37548790278873 313.27659305506427
374.3370381505939 318.1479483080716
359.1129625012207 338.8644992342463
381.31990804528664 336.09616700766196
388.32327640762946 340.3418747568651
403.1764944194617 339.0224740261336
403.87134328170185 334.374472027313
414.9273198690828 331.5132161639044
433.2579225268035 334.5648986203638
435.4611046369146 331.0717219384012
448.97782624988344 330.9507777744374
458.53784664576034 323.71534431331816
464.4985966773103 316.7888820258977
481.849019660709 323.75195816097437
483.9782583309667 321.6971809278003
494.3108141724474 320.6052423365729
509.1758101884021 316.5009721262652
524.7651729030522 315.6629009099163
531.1542045307035 312.5221850255364
537.4232491479588 308.0634424084343
546.9877139339173 305.862908335869
552.9634196973415 321.0462799172433
557.6620872827388 330.5429750004
552.6991236356413 342.10482929337206
552.585619985287 351.2736488990838
557.5626970353675 358.3448803527431
557.5955890876278 362.78702846769283
560.0837076683224 374.1754796516191
567.445851258728 388.252450694131
562.2515903618275 400.1257402108061
548.3208808353086 404.6607915700239
543.0515742445721 393.05230078964644
531.2874073074861 406.3457234012578
517.1710528655997 408.10602062032973
519.5352750658524 404.0304483363488
502.94255998547 406.2770297567153
487.9111788103226 413.4029022458059
480.7600977164151 405.15529775309886
469.82215255173156 414.44876152905175
459.09181268692805 409.2753993402658
448.37696891073256 419.65614053202336
445.6449921522686 417.8425271241797
442.2090670691082 416.03401316908025
415.5720170912133 411.8405367254525
414.7290562440007 427.34161570209653
405.18774481573774 423.2765264543595
386.4369409554278 421.53343532069823
379.5136189236297 424.3458905949077
374.50831827216973 433.2475536482453
379.03694679780773 441.6349351431348
358.9084279500592 450.494019214301
352.29670626812776 451.7614332767079
344.3096476363543 449.4106410423366
334.913083815082 453.61397469179275
325.8800616016894 452.3951347996317
313.02637286283397 446.26196177241985
303.0517649701768 457.6108068401652
295.7081322640408 455.76602488742435
289.72096136144427 453.7125120606261
277.55631256883356 462.4492381486756
265.89784920469896 461.3814885396127
256.7621894722261 460.3602524626052
240.15034420551845 467.81161916596693
229.5257527860434 465.91201664593086
227.76720727495942 466.4326452583907
216.1579977988049 470.9413465021371
199.07473727801616 472.1304242094416
194.29235055141416 462.85797824527845
204.47048852081028 453.4313997665456
207.69954137946277 436.06265150798515
209.44741322700563 428.3280979891508
219.46305825699994 423.09133204646116
217.36531343342352 406.3404974041369
218.8539619404944 405.88927834757396
213.5498615785911 389.31498009146407
221.72366399424308 381.718406613241
221.6197872210318 372.80906538277753
230.17036510997715 365.4312691007267
224.62808869741522 349.8608002525683
232.10245206607317 343.6387457879016
230.62729404572576 333.37453491804814
228.81654478063317 321.52967176959066
247.47512732385306 314.0848170046756
237.07388370991418 313.7452582765562
258.0303948044748 310.0577579090659
272.5873133460289 317.89014670068457
281.3127814467111 310.2777664027242
285.0705896199287 309.4643446842476
302.32874149844974 304.96231869861134
316.8232462079901 297.40572056894314
326.5472773863471 301.39073909481147
329.97886623246285 306.8573012807154
340.58363812362427 304.11089950188773
350.24309216999455 299.3310323137022
359.22252635896524 293.79169226795756
364.5556787451488 290.52746517417467
371.5720805065438 311.47402999127036
374.6207761782581 313.00585345794605
373.9396853798618 320.9994502153029
372.81251413776226 337.0884767751354
374.45653641139927 339.93370843400044
390.2707329762052 338.00781176709876
392.4663156211503 346.5529331621033
406.17943485170963 339.692330590254
420.2998310272932 324.68313345629485
433.47146955795984 341.2540707444127
439.56684979825843 329.72589154465004
449.76257674169517 328.24080111540917
457.6188770016616 324.4610135285863
475.4787530937688 320.6731233594649
473.9515209616164 328.6327470270239
487.4057553976902 317.5649071146746
501.62908243103396 323.7453431702494
501.59682693728143 323.0469921237738
520.6575277838073 319.68115796171037
532.3788407850193 316.250187366909
536.1916917376326 307.3955217168511
552.3670793742805 312.9747291237631
555.328898069747 316.0162704473272
553.7554705109735 329.6350669531812
556.877045579691 342.211148840578
556.7129739590854 348.20547206768583
559.1719306084597 356.9991753096581
564.5321462860463 365.7357285220433
566.4554009121788 384.9840242077666
560.2329591719714 386.6341639816223
560.7336793745815 397.8575380324246
548.967813783863 397.50742330565873
546.6028516976172 400.13380913788683
531.5944852415466 401.74815720857896
518.0741430867508 395.61344204306135
519.837867212785 404.24412346103475
504.2777018351158 407.9466718880659
486.87721061020716 414.7771324121866
480.9263355404934 416.0190409196366
464.369566340734 410.3840648731525
459.0326745757873 409.143663291914
447.2187713577881 417.33549669367886
442.212103725043 414.617332687057
434.78488941817255 423.2388880414195
424.135344129139 418.9249903430206
415.952429772283 420.4171072205045
404.58437630978597 422.72093414993736
392.2307251593162 427.31372766262297
382.12328061794494 430.739867807996
372.7302745841576 423.881566230967
362.62568768534936 438.09847689030926
370.0854188289704 441.7139625437787
348.39334526034185 444.3676630372771
344.3083022994471 442.75444482551245
333.3195812841898 450.2320766153605
325.91493633008855 449.1694692076185
312.409890266674 457.1339835098839
307.30413821682225 454.56057178386436
303.01068564456614 460.85553759395464
287.97972975279646 461.1926387016856
275.69019618426876 460.44794053841287
267.4541213025044 455.7169900759415
254.79580356879725 462.21320058878734
242.52013903079109 466.8910477053507
236.78830533245477 462.0347643734643
229.95936877429867 470.0728888226557
216.65511980299996 465.655798126176
203.43529503557244 467.6640433484651
206.2480045525666 474.27380326915187
206.1704970339228 493.2753449117396
213.50577596826133 500.92055277153975
204.90305309083809 519.0037511833016
203.94044188167132 520.3888500886643
208.04945638389063 530.8873883890177
217.87038445126183 543.0042135581989
220.3386040553434 550.3856272618066
210.54537791281192 557.7462910469158
208.44418531965596 570.1294695954506
201.87499463275677 570.4008899778835
196.51152504438923 564.6709930888399
169.34584539015054 563.1274839967006
171.31447321561464 571.8335008863244
151.93054502626896 571.2018807715239
154.6895824783906 576.1756754556882
136.71381180179844 576.6472007904147
129.83129388279932 563.9136958801718
128.59688221421465 559.1820841628175
131.27114524879696 542.4239452368971
128.25814436214836 547.8728319225384
121.81536578080014 529.4545160674288
122.09193046691708 527.8154389268419
124.14100820941051 514.8658045100174
115.7406414588356 504.1458987799083
115.47276143847338 494.0466799960354
113.934537722379 476.2597322398914
114.25323493434544 474.12074794260843
106.06470195043484 456.19942541161487
117.69178874921128 457.09158648410374
111.09941671991908 441.72798805913305
113.82461381781117 434.79758405324907
120.98990386528857 419.9021157050441
121.3753751562036 413.03114008175095
122.3150082259575 400.8844532226184
122.86024888001789 387.7871459898317
117.20383809243489 388.8408708453992
118.30480983784936 375.8811804415092
125.50430921977656 363.37651300696734
125.24733894853873 353.6861144988384
130.46751566738436 343.40404576021655
126.884082955518 330.3300399076018
121.28816975070579 317.8086492577988
127.33100538968218 314.06053355436984
129.9324434597153 305.2711604605016
137.70042955066666 287.3633469810755
135.94646196148412 278.79251114517996
136.78457061341987 268.28396837284754
141.42912460590517 257.4283680881835
131.1882844769201 257.97696474241195
142.5670592971451 242.76933489155186
144.89450534767758 236.4689856519126
143.70103355501877 223.60185031011903
148.41990395172115 204.67135970893054
147.2265548587737 201.21351037749668
148.6095045075795 194.49818747580463
148.43722889515914 184.6106162138945
147.5004124560323 177.99870097845042
137.01539713680432 166.8390126538386
167.5781626652766 158.79055427169976
171.24719795384067 160.5528968846777
174.24391701789764 162.97729774383615
190.59883222474033 166.71347770232413
203.72425423873372 164.0855002535911
206.76544891570688 158.21708950318657
207.31595381929213 143.34597188335368
207.47491800153986 132.33917045761422
200.55201909183253 128.05240757756215
199.1927664752416 112.01090950064577
198.25273560032883 107.99706581800613
192.4776360950899 107.58592813392116
174.00461439527786 103.38333034231306
156.2266423263209 107.40442073964454
164.04563815013037 101.45129008352956
140.91310369875671 105.80264066208227
140.31773005793963 105.19087610179605
144.58279111946433 114.72361291048627
143.17733210176968 135.46648592124953
144.0506310439953 139.3609218307357
147.4596525935986 147.24215530937056
154.0475145119492 156.15435769598628
163.64795309320814 155.22778580191647
170.53861920034134 145.46837642854732
176.4920415520533 136.59155218279383
178.44093742333507 131.15628799780717
192.19447525006095 123.43771335409309
189.47493160021602 115.85259439832944
190.10896443880182 110.9912392782579
172.9929720145444 113.83137660264981
169.17133027955722 104.5664517913513
158.2734993243565 101.8446090370799
150.32267220384068 110.58626272854781
141.26523161706194 96.53652082409965
146.72660204488258 114.0930581626611
140.97504779046818 111.34267048702469
151.78832957576932 134.85602898171572
149.21455149554168 140.88874709480427
148.76521594488096 146.01075985224912
157.74853565388656 157.74291211693094
156.8359133511295 168.59713828910935
167.7610664176741 162.47527336059335
177.0046288908643 165.26800931724796
185.26037658900677 156.5705256678652
205.42441604216958 167.70906483146757
203.70283740387134 162.96171200924994
208.8820188573959 144.86363065844006
207.90437774523656 131.59594250289902
210.6351270374522 128.4550310473531
206.1067050360809 117.69619568917747
192.08326731351207 106.56210481550166
182.17388718305406 113.12687365647723
178.3062097349458 113.36170998901795
166.71461857125126 105.59048721288126
159.45172880806817 101.16801541664094
151.2621085824831 112.23901008505479
131.94189282597975 106.54455331192781
143.70445245998164 119.42252592279706
144.63282335897605 127.62431287120467
145.16360431400966 136.52997721248076
148.51643885318848 146.2399451169552
151.15576306181077 156.62219779581454
164.8030930822178 160.23854403883715
168.9619172090646 159.91303129757742
175.29247359646726 169.41874671806022
179.20428363372025 165.8164943358504
191.39759712279238 164.7887335606405
201.6787785749355 153.91729174152428
211.97880322204543 147.91343609182127
201.8180732679266 136.26732954189913
204.26470884083184 129.9716336632993
210.15290886040287 120.0352492103325
209.11883746467316 114.473464228351
230.87186961086502 117.41564495461776
236.66099355622364 120.35434868216919
243.7612869183144 117.30630614460608
254.27572434252536 117.79713985885456
261.06280524595286 115.29772748073441
274.3625816755913 116.23644107745656
281.9018818239447 111.43100814587822
284.2906495132288 113.54417713609277
309.1123383945652 119.5753919822613
321.25241368543897 117.58376527923443
327.0153606455727 119.96708895153002
330.2648277598755 114.44899642791685
346.48618451470026 113.19582644438074
354.92651768334605 104.88681832699108
366.1456627266497 109.6187473605714
366.334603353627 98.01156454516445
