414.87800589452627 1526.6133203902057
414.0028378300818 1498.1773215704839
413.1304104116256 1468.9779704987488
406.85082847745684 1448.247570811654
388.15206204775876 1421.1120676523215
368.39367558809175 1440.4519628561202
342.7128814467172 1453.370815646602
308.3770356577012 1451.6026107184875
277.73016556358493 1459.0952457650435
254.0597232774637 1443.701018263945
228.7186735246697 1428.0116974980804
217.59246628956882 1391.7122726618513
218.71191507620756 1428.5694916009193
230.03008544432663 1451.4516612103437
243.84272516429968 1474.7146528170226
255.2818442547991 1514.148960520511
274.7171840958423 1530.5752604124086
295.02652534286517 1548.1087990593323
334.07258523497075 1563.7584275660588
357.668840335457 1575.1317280187004
377.95206206974797 1579.220199988671
408.4687680479252 1595.0166820658785
430.82675501813077 1574.7217156302843
426.7739129516534 1541.522081118872
434.4154208555903 1501.7711890752066
433.2367508941406 1483.1224766343992
429.2911446830032 1455.1204631694295
404.63406580677355 1419.1430866468122
392.97682080627504 1413.5458701283144
360.6674674412349 1427.7045648629246
336.66413256413955 1450.005287029452
309.5332486719723 1454.031759361036
276.48860274632176 1456.8060708721853
255.25893405121525 1444.1182358753463
231.307843617972 1419.5473112654242
211.74216719916475 1394.3822704338254
206.27394893454093 1371.2692184750686
210.3158236848738 1331.2272518778557
216.02541386778034 1309.8338375423825
222.98105340195906 1278.6222573079087
238.66418551495485 1244.3546940811052
253.4663236069539 1219.7954099567014
274.96718278026424 1192.598990515303
285.22504171666816 1173.4167065387746
304.27974226244316 1148.8211274635019
322.54962316689574 1124.198454148148
335.5366913385624 1097.0227674127623
343.7205783737164 1064.9478058541986
354.1846579334705 1035.0163385073645
370.25202464015064 1008.0291511492628
369.84864621439175 981.509322794037
385.0477196184907 951.5403899659811
387.3478352544631 926.2358336029807
414.5152763411834 896.0512465088503
423.01410520061324 874.9624831670872
441.5933520927334 849.9025778638852
459.25335102255207 827.3462044506714
485.5622800466317 800.9218705838457
508.77144552845505 795.1642345407256
535.1016889211588 777.6249062592194
553.2864247555386 752.1914897343452
581.843671639253 735.9825803305927
607.61078109186 722.2923563823861
628.8914422715416 701.5895107239589
665.0472545268942 686.1566778988059
678.3338978418649 662.1000093680844
710.2630299526028 653.841325777271
730.2934153261385 632.5230244190553
748.0375282544748 615.7461782787461
783.3722735735512 601.968674576391
812.4251952103069 580.4896727515522
838.2082905455792 585.8269577482043
871.3206265355403 575.0758376077102
891.4974374589224 564.8150726645694
911.5300998357274 539.6672935490849
913.9648914175738 514.5416608190261
942.2919820977667 492.26667107089264
965.9839229403686 478.57176737764223
993.7415028011466 450.24077156391354
1019.1549487819544 437.33866473866965
1045.1039352998287 414.52197606512595
1060.5463617975852 397.77050552874266
1097.4482740014646 384.85199590005845
1120.1883361736698 369.3225696669459
1147.5234759685343 356.90391713648256
1166.557489813975 338.5940498082804
1193.3018226913769 331.26582568117146
1229.7749154514743 316.43448613895305
1252.9157268520994 305.9116337260371
1288.0037861595645 306.4166842998704
1308.073804842245 288.8103498771835
1343.0858104489378 285.4755532937007
1375.664356163775 274.11624817653546
1401.4622673494462 268.65253673260617
1434.2887558735604 257.3400756711197
1453.9306126571557 247.9432606301658
1491.7108450013698 242.27472458880646
1521.5243723075525 229.91249022095974
1545.8227333850334 224.13929441988031
1576.9935771215094 220.24632240697008
1606.2239903016775 209.41039116348617
1641.2193422125615 203.71515508681372
1654.8088320294576 204.06398740601622
1690.0118520937588 186.0640793596748
1722.8994022113322 179.06211579167498
1746.621521162369 171.73817362765737
1779.2872806886164 167.55995135523267
1814.436569742796 160.7516270321019
1837.6507742755186 161.09535168469438
1861.8887944658625 163.53718951673665
1898.9448089484267 165.30696692724896
1932.0336058049854 156.08346482045238
1955.4653034247713 152.46078964855565
1983.9628958995154 159.01630809369772
2021.760313285853 152.88150042587182
2055.4993523001162 152.64428429861078
2079.874275843204 155.8204106969371
2107.266054571015 157.64729876274484
2137.8892496845783 167.4519217323238
2169.597716555267 156.2329540352577
2195.553058287076 153.4529503395753
2232.8896636193194 158.55166311582644
2260.256167207877 159.52182900450867
2283.8409673326073 162.82438905737683
2323.7773405152443 157.14067109193815
2345.1074005653454 159.66795621866746
2374.6051695931196 155.7677781024896
2403.524059270474 155.6794513472982
2437.0304075522104 158.781806638824
2470.4019152498263 154.83794829191658
2495.0886510562605 156.75704208972894
2530.320487862156 155.94626249335144
2558.0835857532866 152.12062024351377
2589.3487522312353 163.47419710034828
2623.7219299101203 156.75919902215355
2650.3339813421358 158.35319724898207
2683.3826760139955 165.31782142223182
2704.546071998532 157.96039659557505
2738.2918914599263 150.64773276406888
2765.888249957876 152.36794592244559
2792.8425544957363 143.14031485594046
2819.8645354568266 143.65438947060272
2856.5877408217043 131.52868731121202
2882.90540024633 132.33505903566183
2914.859297268067 129.58946871556424
2943.625727055723 132.13252499755816
2975.1575503321706 135.09276375386077
3007.6187261018026 134.72556140325068
3035.214677632464 134.77614353841707
3069.726089803258 138.62515945107748
3093.8344359109556 132.32391865883207
3123.6379391825226 138.1850159738591
3158.689055582746 134.8373072533219
3179.8053798135134 142.18185759612518
3220.602157106756 139.15598296630563
3245.4757405380346 138.1599241406808
3276.6112878769377 137.56390909254912
3303.3829211057723 140.64058882957002
3329.995087129172 132.62346394702803
3367.6952379624126 147.86843443450778
3397.2645196369713 145.62187522489552
3430.9758514165374 148.31281978603639
3457.417552738531 148.66325074189905
3484.089629774706 147.45130366002638
3513.6865477209303 153.5381087128746
3546.0777520759016 156.45126408083854
3580.044146345226 156.4859416430537
3606.073551669035 149.0856706743715
3630.9925115380747 168.89121963544997
3662.6887249261927 187.3796229130224
3669.516185924071 205.8939340362881
3691.2897757632422 232.78048110774714
3720.47378317176 258.69531585028096
3735.3122034112143 277.3965644847202
3763.403217545414 293.67099676291247
3791.445549208114 275.002469382173
3762.1120314153227 285.3646714153627
3735.6472726223174 264.5875353465485
3712.516604023224 242.96088205279847
3695.55069207284 212.48138634403733
3677.256788547404 190.87085623333488
3677.7582283581883 162.01552440412647
3649.4750322420005 142.34842065736484
3628.558288536895 129.74169378322512
3612.330575925118 115.05039940490751
3588.0817792712323 75.5740352226417
3562.6825932839747 59.63424864236728
3542.17370276826 64.33080563074645
3528.155939567452 101.80116665792482
3520.8365099439197 133.48317518023882
3507.8234522133143 163.66408695153223
3497.9170723038355 193.79397696504486
3490.887728007297 212.46220532048892
3483.357613011991 244.8501138748638
3466.5877217668676 277.2281590827481
3445.9218556605742 291.1698601906193
3419.43703998164 284.89341749742647
3385.0448617177885 280.9585481363625
3357.8310982720213 253.9575807520181
3333.6690141813683 249.85058163795583
3308.821296106219 235.83471000787446
3276.583191891847 226.15484992352978
3252.307870787357 219.36082783397663
3217.3810374628792 206.5422617991635
3194.0914340713057 195.6171755832297
3158.238042016875 185.22303877951808
3140.315562390815 182.23881337262964
3100.964525647101 171.208560403135
3086.495436551126 181.76811415432573
3095.63357019971 221.0066050163795
3121.5708233232635 219.8062869092443
3152.7454161234486 233.1609186378169
3182.206510559814 248.44383418212152
3207.77840101156 252.03470069049493
3234.5866171708335 261.6311475377553
3261.9236505237623 273.9132150213441
3291.496634252873 283.31812386861304
3315.5388862117425 292.1048519066331
3342.3181751750576 304.01995311798925
3368.8734199351566 285.36731119819956
3353.86771551935 263.8281415944225
3334.2448146677407 250.36496681001054
3305.6315270525797 244.95738118170803
3278.8856732465474 229.94643499328942
3253.7540106089646 216.65410627770518
3221.869212525845 202.99719364413886
3206.6199766682 232.3789833370549
3191.512062957535 265.74801709899134
3184.989017840616 295.4510795923207
3160.064053727527 285.36556532696835
3127.3259714605215 278.03177628129794
3099.8076064661795 268.7347632721379
3073.0298246865505 256.8591609932772
3053.379510454739 270.6386825868249
3058.0272432241104 299.8009150671127
3096.2706246002326 310.3900392870792
3116.857212104297 317.97391883649334
3151.189579718675 333.09135521036427
3180.2446556321474 337.60006450849926
3201.3845615802043 354.3110549817478
3233.4749984255295 371.0730712620773
3255.122617656847 368.5216243456268
3281.0746200253525 386.8610674029842
3320.6470144611635 402.78124668028556
3313.052050780776 427.93354622465995
3332.1349625973917 453.15395594962433
3362.2065374969734 467.2346291024075
3387.2416155234905 472.0517348704825
3417.027195419053 481.871069221106
3441.0228302844616 490.66705698595536
3469.116480794227 502.4090786904203
3501.5738786133597 508.72725403128345
3519.2323052408055 476.1032162555201
3546.743925450417 479.8505133971672
3568.7812367208858 481.61758175331113
3602.785003286341 501.75435065235655
3628.3681953990126 510.2599119885142
3659.140838385244 518.1428563655018
3688.8853227128675 529.7481572914072
3703.567484418853 506.52310947205154
3709.584289118182 474.3947908756551
3712.720596877934 444.1206566554047
3732.422835719314 420.72945072218346
3757.4555757959056 409.89629566586797
3788.1354987224213 419.48442703980714
3810.455446710676 425.47480631024405
3845.5124002123166 435.2782182248898
3870.2971440146216 448.7132004315162
3901.071191533914 457.76021270681196
3909.05149385565 481.2704467153182
3895.292049678801 507.926239064214
3891.0920938524805 544.9129226122037
3858.1217146401204 540.1063361188054
3827.42715223682 527.6055015453203
3797.045251728853 513.8957935652871
3770.469612051487 506.0046506196683
3743.923968928621 501.04849753580663
3725.565441281881 490.0535300082826
3713.9916240771454 459.19211566512695
3754.2235574975884 445.85488025696037
3767.529703733349 460.6760447142171
3805.1624942992544 472.2004275724145
3829.8178731471235 477.9984496794859
3851.082034262084 492.2408807906934
3883.2690821650644 503.1033756193683
3890.9657216140367 534.6817168489048
3863.6751103859515 548.5693903456964
3837.669203051738 535.8977548235918
3811.552122813195 523.8706234782475
3774.2870028584107 514.2184982736743
3741.9112275956545 505.81928997335774
3723.358319631232 493.8827756851572
3715.695854870767 466.65299314876324
3725.053875526902 436.3727957715673
3734.745687280024 403.0863315877995
3711.939846697099 386.2009619007665
3687.4927232366663 382.7989239022171
3655.226575661972 365.6482572278706
3629.9595675428773 366.2672598571312
3601.6472749058066 348.94906211856454
3570.9451940424196 331.5879882294141
3554.4023296359446 367.15457540248997
3544.9236473748238 388.27822926854515
3536.594813655049 418.39880543876893
3502.6921954691666 415.16504943130514
3479.870463097745 408.0863311242237
3453.7727294262895 397.8280698540683
3416.0058841421182 384.6488554238101
3397.103747815982 376.4320305095059
3359.1884014265047 361.52209512460604
3345.11022588889 339.4575210127785
3366.5755875237387 305.05752876572325
3370.1733490379015 278.2260542221301
3350.6615375216393 250.6301680257329
3324.1538689832437 248.13928464591785
3293.6992030429788 235.32868993813284
3271.108390116274 220.47781758932527
3235.9684890003355 210.3293510776832
3206.6282630981723 226.87174631107834
3204.321687366334 247.5789133479418
3223.546832738312 258.64425011626474
3258.97331943925 276.46699891762097
3291.071491257295 276.22825055937847
3318.869507047714 286.5254428368414
3345.3656195736917 306.76364759669787
3372.177550509001 290.6430378978019
3360.145684840578 263.71801348432854
3339.2366856530975 260.5184133141241
3302.0169682769088 245.8256544810603
3280.43923340777 227.05325579434853
3257.134972665616 229.7048090859006
3222.516475807029 210.79972821912943
3194.191506031976 199.1105887359468
3169.674354518796 191.91833177863066
3142.0416320117324 182.9126473923195
3114.4104064689222 170.34856597787365
3081.6534874476315 157.83087931496235
3058.4412310933144 154.29605726989078
