1158.1813196142962 1910.8173087015728
1158.2747354916912 1934.6288146335546
1150.8578010600224 1972.2664977979655
1145.0363099645358 2002.4442944338073
1143.7149976249034 2034.8881112453148
1116.3589597495445 2050.548271273304
1086.0985002997445 2030.7018683650354
1068.0711810168193 2008.6016742296295
1075.5305752459221 1980.2597228628943
1079.2525295134108 1957.7397545898275
1079.4864319518297 1933.3562681334636
1076.4286842212625 1889.9537085090114
1051.2015817451309 1886.0766585310175
1025.190179895646 1865.5259221290066
993.9560023996629 1854.686655984949
973.8753623934615 1844.238402731878
944.9661374916258 1824.1872945522382
948.3055355925915 1801.994714933485
965.5680707955033 1783.6891975388244
985.3605527707907 1746.2526002149723
1005.0158662435771 1735.609265501462
1033.0079785030546 1746.7471174130278
1060.1021680044644 1736.172098597024
1081.2805990443053 1704.9451891312665
1109.4612186534218 1681.9154655006114
1130.3436986919855 1669.557223127603
1153.4851564224225 1645.3450075147214
1172.7857085153412 1659.9244186967733
1196.0601873811013 1679.7420336980417
1216.841097446774 1703.711527558254
1243.341379931913 1724.885567376454
1261.246274758297 1752.6934024451607
1236.0378046559658 1773.6742019586277
1213.4390080136598 1797.5086050355283
1184.4287070805135 1802.252122053466
1164.5561634449489 1830.0837931394285
1133.594362933997 1856.1060770480904
1114.1921835240646 1835.3738931552325
1090.204826779577 1817.1953366680864
1078.2124469474777 1794.6458665046025
1053.7250023425113 1772.893791331838
1024.3784066073854 1781.3972848596466
1003.5448303726706 1818.8770577904397
986.3446184237791 1838.1766476770727
964.8865803784278 1839.9581105764667
934.5406381924877 1825.7409973518563
944.4193546695066 1798.5381754262735
968.6587730490915 1773.9948269097176
986.3570039000624 1755.1442403017115
1013.9638149731068 1730.8535914915863
1034.8325982095737 1734.41999565412
1065.775977442137 1724.29779392501
1083.390876459883 1700.9918791353919
1106.5081370127443 1681.5995562527287
1128.4715728270357 1667.6194437498277
1152.5269680044726 1646.7614059178766
1180.8925881830473 1658.2263868856478
1204.3279134937118 1690.4516776854837
1188.240368256361 1708.10114730185
1168.0351379449141 1736.4172899648208
1150.02378585279 1746.9097405092637
1123.6888672289265 1768.0687485606513
1096.683816015531 1790.3394597594533
1071.5910298877457 1793.8757899307627
1055.4363122247987 1759.5379347740802
1045.6002003082567 1734.9447745804446
1071.2203123522434 1710.0324916739323
1094.3390157706663 1693.4158865077188
1118.709906633655 1680.12484067734
1144.1572010816872 1662.8197515099075
1164.8805597253877 1639.9549991747733
1179.6733989668783 1665.9899532217182
1195.9489461651688 1685.578764088286
1191.090892729517 1716.035961455104
1159.8709045453004 1735.3291153057578
1142.1491189896253 1750.9672209208816
1119.6753768099315 1769.4729064121268
1097.7656406741037 1789.5196587023038
1067.9226632152222 1782.8779334893677
1046.8017978359394 1769.7378950652549
1041.79481941434 1734.1623426329127
1078.9492345981369 1712.183153252547
1096.4780387232377 1696.3989836236092
1122.022893382806 1674.180301170641
1147.1927590419145 1656.009078081156
1175.16614279117 1648.1156836126002
1188.9735318035043 1666.7198440034028
1202.3882480201278 1690.8569521473066
1229.9568872632642 1710.7944830808585
1245.8030919501673 1742.0408314053384
1244.4286544737822 1768.388795606596
1216.503151171868 1789.6563317427026
1191.537724690718 1804.1230906441167
1166.5971027566084 1822.1940390160942
1143.8442472212344 1848.6062725511822
1139.7428998107548 1877.9250449342646
1160.9268740788464 1899.1974147756612
1153.3666846421884 1933.4520304559433
1160.518848439301 1958.5524877236064
1151.064640908406 1980.273055849253
1139.2971163841203 2010.3468022535876
1142.833076761929 2048.058398787155
1137.8918347424942 2078.0195327627853
1133.174393231842 2104.0201767240605
1134.7056034295872 2132.0385447987737
1123.16000790418 2155.6532903076695
1116.075728456132 2190.349144146741
1088.5088411484185 2212.078502414624
1065.209331727093 2231.7074835590565
1049.5633655855186 2209.96836703069
1056.4550130347695 2175.480491686147
1056.776797848124 2141.6468336073226
1058.18945269782 2114.254218622169
1065.1292955541298 2080.4858016373437
1064.150498400886 2050.1914874551435
1066.0766087276909 2019.5976606231006
1077.3168947862043 1994.0392037226466
1071.6542682425409 1964.229825147188
1082.6720778022254 1929.6938271597503
1084.7876875712052 1903.712669158239
1063.967554760375 1883.7133515854837
1035.5492144471048 1876.3705407766663
1016.4060732678564 1853.3074786586649
977.1523187605732 1850.7798237627076
945.6037857197266 1829.5389351686483
942.8454113847342 1798.8034391673255
957.9059460666178 1774.7927562896202
987.6891430360139 1758.6536390583817
1008.5643575189009 1735.9142685869037
1034.279382234154 1751.9763541626749
1058.649200071881 1730.1474931006662
1083.688413593669 1713.2702705816544
1099.1081588302086 1693.3473722703006
1126.6502681506704 1671.8318460582045
1147.4375598325205 1652.7516943605158
1172.685240504682 1656.7617670110972
1194.8955128224384 1678.4211709868293
1195.7862752300207 1700.7740867315188
1178.7516256762117 1723.2934846122378
1153.132238395045 1744.5048492448655
1129.9756743090088 1767.08229500239
1106.1537410117298 1787.9377744109347
1074.2597383624923 1788.3715353859893
1051.875559687671 1764.9191958545819
1040.2932389498278 1744.4797951588373
1057.8756496803496 1718.969076181456
1091.5600384898748 1709.8297209653329
1102.1740947467213 1683.719873122029
1138.8634885613021 1669.366948943448
1157.6230171026834 1645.4036217401015
1185.9505538377148 1657.6625578383293
1198.9337106939438 1681.0275714066722
1218.7724653910338 1710.3784930105444
1242.703180740201 1727.3514082662869
1254.7130639199354 1754.5606191962827
1237.3403077498738 1768.5493071914116
1209.9726919703155 1786.7750185166337
1185.595878506707 1812.1934395170763
1157.888456430302 1830.9964263526954
1143.8968400255562 1850.8797916658004
1146.5168674805532 1876.4619918956712
1167.49605774273 1901.2045376794526
1160.2084072499142 1925.3416900995985
1147.602131488789 1956.0313964406594
1152.5913700173714 1987.2104879628905
1143.9010260566627 2011.4800543808508
1130.619133546706 2048.2570636397145
1102.041749797778 2042.7207582139572
1072.6436865979376 2042.288045417077
1070.8315207026455 2007.5243161912908
1077.7067190898115 1983.5592372152669
1082.2249085997457 1947.66734054753
1085.217145860818 1908.8719444147862
1073.564404318185 1893.9452760659885
1044.574662878702 1867.8432434523145
1016.3021213630844 1866.1750254982405
1037.5180728510718 1841.7403852874932
1058.8735415080612 1819.0648259465572
1070.719319560241 1798.0916876408935
1059.371800258137 1776.6550147024336
1033.9303693616125 1793.659803491818
1012.783800469478 1814.5521287202528
992.6291933542974 1840.3451551115586
960.5015220567323 1836.605003619474
933.2342814096794 1829.1967061225432
947.124116453205 1800.3435113345301
965.6763918012509 1775.203666600257
987.6243670726349 1751.5491613117829
1004.9450062330811 1731.1593270290114
1038.7422007828466 1751.6749292966074
1063.1075573521487 1729.0228149253337
1087.424108177242 1705.6204779044356
1115.8183116982652 1688.21233902209
1123.5891547817596 1661.4131470111813
1151.8539446820482 1640.8790686077266
1174.4214545212556 1661.1749984096198
1197.024702828731 1682.7138012442354
1223.1152571625853 1708.563800905957
1249.7379615555342 1708.7496303757907
1273.0303448603647 1678.165984271992
1295.7677840156714 1659.2557586341063
1318.0972532265823 1648.8955525118865
1344.5108172924752 1618.2054055716108
1365.8986460100582 1642.9222449159938
1391.4868109031113 1656.2692105063911
1413.601225081112 1640.0474289012038
1431.7381454292924 1613.6524899313774
1458.7148789179644 1595.4579145229627
1480.0064349149854 1585.7212419496516
1507.4898025395664 1576.0374236622683
1536.3923285139986 1567.3810959996486
1559.5592412092944 1537.3552899154934
1587.6907715500054 1519.4418696365797
1607.703045847005 1504.3876984546016
1626.431767472668 1493.389156224097
1649.8846392458404 1509.2557080596926
1671.6383773124448 1529.3604511993622
1689.831232479678 1552.5906327551147
1710.207865676597 1573.8891312999822
1742.5221503409482 1578.6517266113024
1768.2530797715735 1561.1438630033458
1785.3208604635868 1573.7823372086002
1802.1485958951978 1601.283465256035
1821.885972887572 1628.7712197151602
1844.853068749892 1646.0030890403486
1859.0688301517791 1665.4179239486266
1843.0977210238157 1695.2509015045212
1808.6263497946447 1690.441887018758
1790.8399186098263 1679.0189424577413
1772.5264183133354 1653.3738549353852
1753.876101416957 1629.4016628597285
1735.5864634059374 1607.2486446340624
1698.5994622869334 1608.7220148849703
1686.812384712139 1631.4407956114912
1656.9211227806393 1649.4920848211912
1638.758058451205 1670.3551744743072
1614.093476117861 1685.9693096384137
1610.322008802854 1722.39839400419
1625.8190684297815 1736.9802169561428
1619.2397703446768 1766.7876913318698
1591.0467234841221 1793.8659487500256
1577.3471388377743 1810.8565324842966
1559.9955747112328 1832.3449597351544
1523.6412551737087 1850.8733254759968
1542.7248896011938 1869.4887368481798
1564.1316802083056 1891.9652925209075
1555.7320905652387 1922.3628773334312
1530.258486702978 1947.0473819368706
1507.5960695070296 1964.503348492431
1481.261531604589 1986.6864379800504
1454.7802883928523 1997.588077477599
1437.758844255293 2015.8555778651598
1410.6439114808143 2039.1314425014496
1385.6177133372403 2037.8312647865105
1352.239957771162 2023.16415698162
1328.1548151053662 2006.6414282654018
1301.1597646752475 1987.6461418503218
1273.3143705457453 1970.5065648895797
1288.7157536533703 1953.0841929149221
1318.5469960689577 1937.2304288991588
1337.9631787285955 1922.4998212742933
1360.2210979323343 1897.40599196001
1353.6523637029256 1878.7698510579373
1333.4670073755863 1855.3212789024544
1352.9858944841778 1822.4144832054378
1378.1111562127137 1808.5240889753354
1397.1277685407417 1795.2087650466115
1424.2107091892137 1774.4812515101687
1436.1671430064848 1736.022634780938
1427.1322414351025 1714.7188197940552
1411.8447742386388 1697.333418237569
1374.6326216641687 1695.628590737776
1346.5853951732909 1706.9133454580167
1325.954488375002 1730.8882596809628
1299.7327774043831 1748.412451874666
1274.3178588018077 1769.7574647876602
1245.7126308343722 1762.9949680322081
1230.7609368053604 1769.4589931553069
1204.6610259162715 1798.8092729557789
1180.0679062855456 1812.7799656214688
1143.2782361006346 1835.8550776393033
1133.0438733076294 1862.5017885403115
1151.8499660131156 1881.0233683671763
1170.189664107137 1906.6222537643619
1195.876382605469 1927.0694833653013
1156.7557529787807 1928.2644252580471
1133.7617472600891 1916.6677351738351
1100.712353037311 1905.2034657160054
1073.2455741847407 1893.7482943280097
1054.19823457368 1873.8274125657135
1028.7909145481824 1868.1494337634783
994.9727277794074 1853.6741348945693
971.1893855550137 1841.0974420231378
937.3214392283122 1836.1769778380615
942.9747774536562 1797.976691365011
968.8689069822847 1775.1965805525385
980.425443474108 1749.7765898060748
1011.8724373614077 1733.2919546886496
999.9385190957998 1704.392122502948
999.7607404513308 1679.5110266280574
1026.9031229616112 1661.628354929756
1054.029045987316 1642.555780021162
1070.0245683806997 1615.3624791147643
1100.5601758385699 1602.346975899273
1113.9530190254159 1580.6080732819519
1101.575425792242 1553.4208031467838
1083.5581633961938 1533.2413268587804
1052.9320266941443 1550.00940645948
1027.7212414626028 1569.0363094951533
1007.8503075341455 1591.7405110432894
985.5956927478483 1608.8680011086435
949.5242849320284 1625.8034630381699
949.8267186129857 1656.2251762496765
971.3293135354071 1673.0553577610235
1005.3638055236944 1680.675983602338
1022.5194691461362 1654.8058168244768
1050.53636860751 1648.1646571879924
1077.0815479872947 1628.1819364037558
1101.3856903029948 1608.1377685933508
1117.6723185499013 1591.878343549323
1099.8143776101285 1564.0884038162656
1080.490860078275 1540.5574444226982
1051.2806879578884 1546.832433124271
1030.6651312819863 1565.3659019850438
1009.7882856600082 1589.4058518527102
986.2929955249597 1606.1853959447737
957.947980585342 1627.0585428505094
950.4919341359579 1648.7466124750126
972.4909913099107 1674.2459186103295
969.8787092804662 1703.2622784589291
952.0335083753915 1720.9977051183578
924.2464281201638 1710.4577082074454
899.9791698504804 1686.873371717444
886.2553890103391 1663.2705624011305
868.0530289514694 1636.7880415807397
866.5367597697087 1610.9069677538391
895.0192856007499 1588.7827915942653
913.648909736555 1612.2802455823223
943.7781965605019 1633.717411259571
950.8581832726554 1659.352986597148
973.9486112456545 1679.8994044407846
966.3913725759503 1710.8941764549868
944.1370918298464 1720.238652229031
920.2777035485408 1745.1518299819065
883.2508329262779 1738.7553291769714
874.6346366645391 1714.1017170689051
851.525860241051 1687.0514082457723
835.4315427991014 1669.7784357144617
826.9984075280497 1653.8364925680864
849.7959102314047 1624.0222078120514
873.2376224050857 1599.126355765126
898.1040999556767 1580.3934520287164
918.9216079174158 1568.371070544703
947.0742530134675 1546.5131683148313
944.7578850018538 1518.7907879359752
929.7164726056949 1495.4985266408548
900.4955929717196 1472.7581323635834
935.0553290971295 1445.2001837609514
946.1616630973377 1424.5499939719602
966.1628254831983 1408.725755429504
998.1512433284406 1394.2745814802906
1026.3474144995846 1376.5835129292104
1043.610475758793 1352.1724200843369
1075.848043346168 1336.507972236021
1089.1772352603896 1314.0802905593787
1116.813374357085 1336.5804091912196
1123.3004661677498 1350.627165374393
1153.4070668419101 1373.6234182116186
1139.3516524526042 1406.8229283181752
1115.2220761999527 1428.5395649847956
1092.2787892958004 1438.863565138114
1068.4219866476653 1460.9754113242939
1034.0463901188054 1483.7914218123171
1008.955380647037 1499.6794209870936
987.5851208345688 1516.7643399683454
962.5536077982701 1523.3576590952784
942.033773531673 1504.8928453858284
916.1948809446593 1481.3781954304793
904.9193029278467 1467.4360814108472
926.3424613749014 1438.6645493662168
952.4206675811906 1420.504541240737
976.9727951173386 1405.079170417404
991.7114244941232 1386.2055810447753
1021.3270562405148 1367.928585414915
1031.529746126787 1336.8722952216553
1010.3763205087985 1325.269438583212
991.9739031247718 1288.594225366017
976.0022892324553 1269.9376896064541
956.4534735133611 1283.0902260439916
928.463438353286 1311.0613839530893
897.0864717321748 1309.1206969181335
874.9853991606732 1290.2768150486263
854.4389442276938 1258.0655221769557
834.9736543138224 1271.1886438673184
806.9762415799245 1305.584482843075
781.5437519856354 1308.8898701134503
760.7605019581262 1331.776638676922
745.1837228147737 1348.9478293268767
716.5778798993656 1333.3226033572994
689.093163099609 1322.0478008991995
658.2315607617137 1312.788824379412
625.3959886416964 1324.757845461571
629.859139941046 1353.632964791947
637.2136621103182 1384.272512262989
672.7724166295658 1385.7022509316114
696.9537068468369 1401.0577563373897
696.3941326874638 1428.9214789327707
692.9469659132543 1463.2939529901084
673.4827361456149 1480.9255570370099
