2531.3238405651514 519.0184594332243
2562.3799272554174 512.8489146913411
2596.3953705899435 531.4255621820168
2625.932845599551 536.1728516546759
2649.5248538786523 548.9441937519904
2681.3398995081134 548.9865567735977
2704.256989155056 562.7836224913456
2734.1408615941464 569.0154856491893
2761.0054019051995 582.555907116454
2790.4845587938134 591.1346546664807
2818.4982938662633 597.6629477804854
2846.7597069203252 605.8735928636855
2875.295082307702 619.5259899837338
2902.4682384204743 619.1617404436709
2934.3762734151 637.3815759218783
2960.3279363413617 642.2316442950419
2997.7904227981126 661.4221766397236
3015.308700986899 657.2198973619998
3048.5122483614614 666.2775306347474
3079.410125333656 677.1077733948326
3100.5771447401794 694.5881708358007
3142.164707531444 703.8437519270972
3156.7727577236765 713.2195730438948
3186.9449269291604 724.0967916920472
3214.365064142726 740.4775309274302
3240.9288464902056 744.266224198518
3271.1580158179545 762.396822645356
3304.466774304812 766.1475608354499
3324.8716749216856 778.3449595826175
3350.127105875293 788.2956692599334
3387.9911801689545 796.9380028628943
3410.0060035678703 802.8303345482212
3442.0770313018265 820.6906319413212
3461.1967527062584 822.1924936445173
3498.027701244229 834.5640691783623
3531.920975040868 843.4712877655802
3551.4031857923774 864.5305828895126
3585.027745061008 859.8516614247228
3607.783070348631 875.7219924225564
3637.7672589341328 892.340290982525
3673.318853451828 899.6500656475228
3693.0040495494204 902.8993156862294
3724.476008468648 915.3620559409053
3748.0401203794436 913.8415850828569
3788.677857140528 922.27580009135
3816.6665325628965 943.7616429548063
3838.963091568838 945.6772001449539
3870.1850311745575 954.870429883509
3895.000995313387 970.1025558277972
3920.895662453962 978.0553871675526
3890.0591149055863 997.1918945112125
3864.935386945032 984.6372729911793
3826.6365432734583 969.7318901958803
3808.255321719872 963.5226027858498
3780.6763363240143 963.385009485368
3748.3697901088804 948.2599787514876
3716.47413854245 941.2871924019901
3694.5115247909007 925.5262513281931
3664.381859696234 911.7071811676315
3644.9821398529616 907.3707712999304
3614.8934329899885 901.8714412392958
3584.9211908956268 881.948230689723
3557.1949574822306 878.3114356780181
3528.967141148649 862.7875241818314
3495.681987238307 851.3840729552154
3477.3879087723353 839.7223834907694
3442.690177525708 833.2578730911522
3408.751285838684 817.3628635003294
3388.6029651333597 807.0065263947025
3360.6403415399664 804.2136421597696
3333.479682971805 791.2607063515333
3294.0376454242532 778.0309448632
3271.1055395235676 771.4289497607651
3246.741781577192 760.8107162177448
3220.829778603888 750.5997240518761
3197.9640904662315 739.2357592032674
3166.8926257319 738.7735775672268
3133.483747270426 716.8411115325026
3105.052376706674 713.8618238968891
3083.175635405602 697.294688781518
3053.3472310526254 682.7230939043826
3018.6889200171568 678.2273051024341
2993.9928812722073 664.2712935210664
2973.917381058315 656.9066516835323
2944.752524035753 645.463582396524
2910.663974588496 641.429707146268
2880.2606695435293 637.5163716226131
2847.054386920361 634.0759541078963
2814.3141481173234 618.5663006077302
2793.249861713948 613.2456459450752
2773.7301108771576 588.1360429325765
2738.171403220025 579.8135135241383
2711.9062759308104 584.188805207533
2720.5499259031585 552.3503344241409
2703.5020153453147 526.271922405591
2682.360741422854 520.6799798379058
2638.923045862206 507.90874337608466
2621.5803546387715 501.73662704839876
2591.5547172981437 488.40149776811256
2566.6701899806108 477.2586370176481
2568.057042031296 450.37459798585
2552.379643645552 407.756574165444
2528.952547417236 425.0298675633225
2520.842832789976 447.56390459059406
2524.9624554391016 481.4569552785871
2522.360435977059 509.28382505365994
2514.3170079290153 543.2170856677626
2483.5952751315763 543.0894339776069
2455.737478379037 552.4311511298711
2479.446346147524 546.0658516352943
2509.439392731188 524.7384793815294
2512.2683529328383 497.9982998540163
2512.4971285758443 469.5684128823165
2514.3755773101134 435.32977305656163
2514.3025503002495 416.6550822842921
2511.570343297045 373.461864286611
2514.6974088758843 348.53416558742754
2509.80839312892 318.9257708613256
2509.698532667225 278.95492382702696
2512.639861525018 256.13826237908523
2513.393659316943 225.75556353251858
2513.644030040296 196.31589897583223
2510.448361424982 171.3420818564868
2521.1106518286715 132.57251876041386
2524.453854135337 163.71518798053933
2537.5611508878906 194.8529257587404
2549.772083726887 216.75534965110265
2558.6841372073236 245.51069412810412
2540.6945822607004 260.1301172042557
2510.9969697573047 257.6025411997796
2477.082097175088 256.08869681165737
2467.8121613254807 282.80509873952235
2434.988421037533 298.47774097453464
2406.0340938044305 292.9741460203967
2385.403184062964 290.6292308085925
2352.191709766098 292.9223194127162
2323.4571986428678 296.3181132326863
2293.374427288719 291.96624378397763
2261.6300639377496 288.8391499715586
2237.2805648470976 297.773792712994
2196.3457858507495 280.1458322142799
2165.5913561808943 284.6653171514438
2145.1729843223206 273.0317985387767
2107.802183702825 276.8475468982906
2095.590583308592 306.34505423540634
2091.2865262689857 336.7824102293394
2086.7480767343277 359.87091850651086
2076.3978233853272 396.18082844429273
2098.035109591524 398.61740863956715
2136.0092212491463 405.19130068540625
2161.3300260420397 394.38970392918407
2192.0560711389876 385.13328634123553
2226.2724629560744 389.1423890940576
2256.3500385636903 387.44336766605255
2287.0299286776235 386.2395396250002
2314.644581045399 375.8219339679402
2338.7066961632695 374.7737953148258
2372.4015590370564 384.2040948074058
2402.83011354841 378.5648413010879
2434.691872211697 391.24794316433434
2460.745697879958 378.7318459428799
2462.5627335245645 416.21346314707984
2461.1180625308025 440.5001813610926
