1459.044477410125 2085.60566189062
1448.7616938947347 2081.9178309308204
1429.8353651232137 2083.9580178064152
1429.8490740317848 2088.214656973091
1416.5864692638675 2075.7645133290202
1407.3689520482667 2075.6033575731203
1401.202416016258 2078.3628210415195
1394.3536711178322 2070.313626409945
1385.0377304841463 2073.4490003209557
1366.4537954468271 2073.4269265387143
1365.0445060989352 2068.895830524577
1348.638060347443 2062.3324899812324
1345.957332191886 2072.2418807752892
1331.100719340997 2068.569980759024
1318.2271299193724 2068.7186171133944
1307.6428022909724 2067.4029735062554
1298.4208863593974 2064.5745886077516
1295.2205251864514 2064.00047545464
1282.6792293840795 2057.4718728561616
1289.0690533135992 2031.6292102908667
1277.3396217812638 2035.4854840729392
1280.8586795056533 2032.7043143556878
1269.0015792346485 2020.7739739031956
1263.6370243488311 2010.8060471633842
1257.591544805962 2002.9079985719302
1252.9291563816632 2002.4281185806478
1239.676236021732 1994.8871753007782
1238.0891601952897 1980.848325993734
1230.613694539973 1967.805635432682
1231.6703514117655 1968.6159458328966
1218.060722638389 1959.0871048756032
1209.9118473667927 1951.9600982130162
1203.9318171752127 1949.94932837491
1191.1576144299345 1944.9997447612932
1180.089802975113 1939.8992550465452
1180.9314031463498 1941.065094030063
1162.7290114302286 1927.6659111309789
1149.6702730537297 1930.0166989047252
1145.8249871797066 1920.4598208149253
1140.5374368920423 1924.2881183721533
1131.1548076704414 1920.6287910717542
1123.2611524034724 1913.9813494621706
1114.7797174397679 1901.0072358470281
1102.4520818361948 1908.0097184825568
1095.1327380806374 1903.5714900537414
1086.1352351632834 1894.6553805339004
1087.7796122042287 1901.7817544880252
1081.5431541917455 1922.4573442359547
1082.5949716737694 1925.193331880588
1081.2788374507775 1935.6552993692367
1084.4172042494156 1941.8628921594322
1077.2057227547925 1958.2986272007217
1074.5272823004084 1956.309120893259
1070.8695819509862 1971.5966343668513
1068.4267785264663 1989.561668742168
1067.9131252029144 1997.9829322093144
1072.3676058556991 2009.8421673452601
1069.846064957073 2018.45699958177
1070.0210467177483 2022.4592638973481
1070.4174992459693 2041.1168820611053
1064.1966215551001 2046.823325297663
1065.2287628189363 2060.607897176815
1066.8869039104434 2061.2891317695985
1063.3477266193045 2074.177173859937
1065.7705193711574 2088.6692672241043
1065.050015063693 2094.185422807788
1066.1986224416937 2100.3463941922273
1060.663813430566 2109.074183999283
1054.553861773014 2120.896769493623
1061.2009022531133 2139.0006987837255
1050.9458047609996 2150.5115672644483
1053.4142942271908 2157.496908199937
1049.4469312534745 2158.0117075943076
1049.7582479741143 2177.1618997973696
1056.726723022391 2183.0717969042094
1055.1548825075547 2192.478840073666
1048.5826281883126 2206.1803283069685
1050.743620821731 2213.7072761447803
1049.6258151231123 2228.2601161372627
1046.8032737684905 2234.5438280614344
1061.1280182137782 2230.608226858664
1074.92719690098 2234.817882815532
1078.216973988111 2217.725588594378
1080.4316616354877 2220.548833472136
1086.3485631949266 2212.6956752481665
1098.8498087383343 2206.810926944185
1109.52867171722 2199.7289912017586
1120.6471560872426 2202.896187506333
1118.2405681265418 2180.6510291995874
1119.018990873302 2181.6425579613724
1127.6798881578102 2167.310142061737
1134.0040497407506 2159.602088206944
1129.4021207067624 2146.2349526913977
1128.3004397418217 2133.007033000627
1129.2119303914928 2127.5570843886126
1132.90381485296 2121.3788735832886
1134.5217896283646 2105.1440116794347
1137.566436362481 2097.4673881829585
1136.0489084388303 2081.7654737568178
1138.4713155153386 2077.431305219723
1140.182411111632 2064.1054100764895
1133.4273072285432 2056.531259094797
1140.3973668537155 2054.2498289734312
1146.2470121396627 2029.2177935971972
1139.7935008771703 2029.7453113851284
1147.504961586761 2021.311662793895
1150.329891192577 2005.4956651439006
1147.1133512386093 1995.148818030457
1149.6357839108161 1989.3616511612797
1144.2640720669865 1976.1445728986241
1143.1382476683932 1967.3893897046103
1153.4505653851015 1957.6853744796388
1164.632935096753 1952.1360540911328
1152.9093203074924 1935.5340365082268
1157.488819313527 1925.9544519529866
1158.6053504328772 1926.2165795739127
1165.1188814213424 1909.1873736670568
1168.8220389510295 1906.5400609439967
1174.2916199222118 1922.6273099211073
1192.772498030592 1919.6850675884784
1187.2530216053183 1930.1730483893627
1200.6318636057176 1945.1209348596417
1202.9150182031826 1948.1998909127794
1221.8153141900268 1952.3210129030329
1222.963376126668 1959.5878134384386
1232.3390544547246 1960.3072722773775
1239.1956283558538 1965.0159563501911
1251.8623402431135 1962.6018312637468
1256.9858406829205 1977.8328568579177
1259.853353698477 1974.2372754539865
1271.9988342850183 1977.144520197851
1285.9468772099017 1986.1871240177852
1290.9881490635846 1989.057507877479
1307.7025176045875 1998.3592536823294
1318.088500927252 1985.6484680438623
1325.55129340539 2000.9181664091052
1325.6303630921655 2007.1284030851232
1319.4198719521107 2013.7718539764755
1317.271551794503 2023.5595716646628
1307.6909786852423 2034.3003520560283
1306.3278346330853 2033.6554910766424
1291.2790247949022 2042.3000269280296
1289.6453872643942 2035.0316268891024
1278.347192457366 2027.7295482760994
1267.0734508412152 2017.2710384325803
1268.5972189311183 2012.6419053777768
1260.4404644874212 2010.7586589975178
1247.6777610627912 2002.3054946203347
1243.815200263017 1981.1051019447607
1241.2878715384475 1989.8695826395967
1231.099990603261 1968.3344371771582
1223.9796210331967 1968.8264152738132
1219.3704716391685 1959.0431551939164
1206.6048818765737 1953.9477971186766
1201.9325202849232 1950.0103396059174
1209.15749317303 1959.3479541524766
1224.7938169618537 1953.0145861165065
1221.675341124862 1954.6241269306515
1244.221461712456 1971.624430803247
1245.4182090077584 1968.3627694877698
1250.0738370480171 1980.734890109982
1264.4930480887265 1977.5920242943848
1275.8482898322873 1977.7476665023325
1282.244592067565 1982.7605306239702
1288.4350128790002 1992.7233473776466
1303.5564897444092 1988.180256345942
1311.894711896066 1993.8526263481194
1330.4305140659399 1995.4800320709253
1326.457799603497 2006.002901919753
1332.0247738618125 2002.5372774466812
1344.1872625823767 2013.321969147306
1356.0365337934948 2018.687726849779
1361.5312390899849 2025.0638660655911
1374.0263899035435 2036.1280029060688
1382.775905623549 2029.6014026118594
1393.3660541367124 2039.0101543498804
1407.122743448826 2042.3113666600566
1405.9053478382045 2044.1000918136965
1418.773866017192 2054.454784382438
1431.3201744320427 2066.8666361762275
1433.1600397722964 2068.1912652117626
1445.6239766935128 2062.0816064912724
1457.2495776028807 2067.368414484556
1459.4442091520548 2064.064530991112
1470.058260674376 2078.6427136460024
1490.5550467161142 2071.6407106895
1491.6808197012867 2084.9904566947907
1496.7353384686278 2082.5094412018298
1508.2324133308032 2082.7848862569285
1515.084559333917 2087.3521993828454
1516.408019979886 2082.037922152242
1505.7051427964327 2072.3428269968535
1501.6886660344412 2063.4363225856887
1494.1340062409686 2071.181355516213
1486.4824575267683 2073.5712393751273
1474.0102580290916 2076.806720010984
1464.0114057186354 2084.568601921919
1482.990896897438 2082.9044010574485
1487.1756724747877 2084.139334404368
1502.582894256948 2085.58528890835
1514.2406221031763 2091.7034704359558
1525.7886975022375 2094.444628211738
1530.9891758683768 2098.635456696559
1535.562659126061 2105.776931519287
1540.3817238015356 2116.332885467205
1551.9958635045264 2113.884175511121
1556.9790561352731 2114.798347576042
1566.4222495369231 2112.6820391174692
1574.0708223481229 2099.275328943806
1580.3427796589058 2101.8063473009684
1588.58268836487 2086.4059365763223
1601.2509488865442 2090.561234374803
1604.737607578323 2078.3914948899455
1608.8833730440347 2081.2268345406337
1620.9227449598732 2056.3684233009635
1622.91972191524 2060.270911821117
1640.8867435706093 2051.256614350168
1655.575072029112 2052.2270590760677
1649.1328673231167 2041.1302748987875
1662.7635499413543 2029.0236904970727
1666.8968914419045 2029.8950931869288
1675.1885578318675 2021.4210997747614
1681.7277319373522 2009.9511140513396
1695.0969355259654 2011.0169395915473
1701.8413628303433 2003.5241539045553
1712.5989950234439 1990.200085339864
1719.9241627493168 2001.105846635647
1720.5313456652302 2012.6256542024257
1728.1939387036741 2010.8255353968827
1734.8863221671006 2024.3916977916765
1743.3739414105194 2032.182034684356
1752.5806113605934 2046.545503552123
1732.5953353518428 2051.721833648895
1737.5647652647435 2054.6850422592793
1723.0945149928775 2062.96374385583
1728.480237963673 2071.7059331207183
1738.6522436549446 2080.621130724608
1736.1540048156871 2090.140674294766
1749.4127234135497 2089.4893153075045
1748.7976039487367 2078.33125890371
1741.5813685145333 2057.986602217142
1742.2962716019385 2049.3125191924937
1735.149602390117 2056.295523352634
1718.666893080629 2063.4825938165973
1720.3095026953729 2058.5098559160606
1712.271643304544 2073.765399474933
1719.382752941268 2088.554611866285
1715.3057320319763 2097.073011377599
1719.8465935067932 2095.6341386446625
1736.7681790582478 2110.9081554466975
1741.704794462641 2115.091061035824
1753.1093656295252 2097.9692885916184
1762.6135620131479 2091.253761848051
1766.673962164083 2087.384457718416
1777.665775790666 2079.2374964626797
1784.9505297295857 2077.0289665201753
1789.096403036745 2070.7405167838865
1800.4687009714528 2060.6181633066844
1813.1978464702356 2058.0915189704383
1812.0930417011846 2056.923525190859
1817.867995183019 2047.124285379244
1820.9104501166503 2037.6381996967039
1846.7696487514283 2034.8699951403107
1847.3624433631367 2025.2050778913383
1848.962252398485 2016.3796226041998
1842.054731831596 2004.8436441801614
1836.6827305970526 2002.3447187467546
1831.8039735021998 1997.819821397822
1834.601275825763 1980.0948386782466
1816.1890426678854 1976.5995898583656
1813.3565836321684 1972.0581538116726
1806.352892310312 1955.0832196376093
1804.0216198833837 1952.626560980524
1793.6145800119152 1948.6535665483918
1790.3307160668564 1939.5039171746741
1792.7818386499075 1932.949048183891
1786.1209334700293 1923.1158590185291
1809.1783594382148 1922.2624826337972
1815.861665822275 1907.9182382652768
1821.7238487440043 1904.7186039014216
1833.991969376622 1892.3648193940776
1839.0168766241231 1898.9583806121525
1850.7939507793844 1880.233043258555
1861.0422293121487 1876.4904113368937
1865.451449727852 1874.616911772654
1872.760890927821 1861.2266704552073
1880.5509836262468 1865.0699306348242
1887.436076322968 1853.598461823876
1892.5202834642037 1850.5296454130744
1901.7235175912933 1841.914238160167
1904.3178018483834 1838.4901012696105
1907.0473559279399 1821.7461013373427
1904.0482639237493 1825.2174066625919
1899.647564946459 1803.2930567073067
1895.8270778568226 1796.31608449079
1882.0688687562392 1790.4474242146055
1882.6614574761957 1783.9622182608498
1883.629968171182 1778.0870033055369
1862.2749039012404 1771.9765451028973
1865.753901161237 1759.8828219768493
1854.0885036990448 1751.1417561641683
1848.526474133717 1738.0856468732825
1833.9612352059462 1745.1785692186127
1832.5083226872653 1738.3580041053758
1830.6855449410036 1725.3855875361746
1817.221937528816 1710.2032384231957
1817.6269142857511 1709.2008802525086
1804.5092724587857 1712.0945296486873
1798.3972660347401 1723.9684378429881
1785.6649339214887 1729.3604912515718
1784.7447764635206 1734.3872756328158
1785.7372640283609 1746.2856016740777
1794.8611338124501 1757.5768830946704
1790.0142459443355 1762.0880875227072
1807.2756587239767 1769.232485478221
1816.3743993677099 1785.0750059275047
1816.717870085642 1781.6251712795838
1828.5584347975732 1787.1824466076505
1836.077804203531 1794.1152445519886
1841.902818968045 1783.759739032379
1851.5297555393147 1768.9543950838465
1855.041047810071 1779.8005495215136
1853.807301031291 1758.7179822041073
1857.5332507293558 1755.0349501535652
1853.9912054688568 1748.0446113183668
1838.2795356198337 1734.4218574321242
1834.9650026788026 1738.659189501412
1827.7847938222135 1725.965841832956
1828.9730775635476 1712.1974816751247
1820.986812387807 1708.2786576864405
1812.6648086520458 1714.344350631467
1805.7153503715465 1721.2934377683125
1790.427168273426 1731.5838457739394
1786.056624595525 1738.4444904004026
1783.137631291074 1744.4703025226481
1795.2854727824622 1753.225396735484
1795.6319740144002 1756.1296686780963
1800.484710866342 1768.1685178980383
1816.4111918297779 1777.9521094923698
1820.8786879296297 1783.7544639375935
1822.7856035232528 1793.1745879717826
1815.3426850408925 1800.4830338687184
1806.4858682966785 1812.4194327104192
1799.009052937535 1815.5193760804616
1802.0295409491112 1816.1740988881465
1785.1785166977643 1829.6530040537639
1778.5326249766597 1827.2440094328547
1780.3242525465305 1837.6440671493142
1762.3965278692883 1839.3042720880699
1759.2704570309115 1853.4540636347865
1745.369558149709 1862.264493471042
1749.1841114051688 1866.197596572266
1723.9158177649988 1873.3610876620164
1725.750249132855 1876.7398658021013
1718.9816540535057 1871.095021212696
1718.4857641007081 1866.6427319790619
1699.4384078645433 1855.9077466713468
1693.418765476044 1852.9948466248172
1699.1120676430814 1838.7456091699698
1687.009031985207 1835.028099400315
1683.1382839891044 1817.3401507358444
1682.0482153922535 1814.8595136799345
1675.2325311801478 1806.242292695085
1672.246782820041 1795.8218607039585
1666.388953843438 1791.1786817601924
1651.0452435866318 1787.421793576233
1653.7093633213724 1775.5991712055513
1647.2627944286448 1772.3325872612395
1632.4815082190494 1764.3663624190503
1624.7446765021937 1766.8199182717462
1615.3499868725949 1780.4524685232616
1607.3996549936994 1781.9042224578318
1601.428089853351 1789.0257200023018
1595.1078568749763 1795.2740757642553
1588.5932430864448 1802.5840244678377
1577.5359653214957 1806.1866389193683
1560.019742228297 1820.9217184770516
1559.4314663318328 1823.8795719279858
1552.672126796731 1825.1505001646667
1551.2421825901426 1809.1048907826428
1549.484036725746 1815.9619064917688
1532.7358533960169 1796.6444002295477
1529.6764705888952 1792.1557837967
1530.690173499943 1785.328575736857
1512.8306308365204 1777.691327812517
1510.8209920950774 1770.8710190691588
1507.3703300169807 1759.0771521826553
1502.191854737108 1758.4083119731108
1487.174610374995 1759.8557659670869
1481.1470740238171 1759.7331998472632
1481.8803514306348 1772.9747590214324
1466.0177513963952 1771.400743507719
1458.4413315879103 1759.0229043935499
1446.9675485901782 1758.976518170888
1453.223671454254 1749.0960448851183
1439.7666334474675 1744.9992539135906
1429.3278528454691 1760.3157385642878
1424.0634384594912 1768.535184559173
1416.108183690698 1772.7375314947087
1404.4036617670529 1777.1924061934
1399.6375382773756 1784.2119726190037
1394.071523167142 1793.5068048878443
1377.2534485689187 1791.0838472532257
1367.21863001833 1802.3987261455368
1363.0224025939558 1806.4169788132865
1354.9308949964345 1818.3380054974914
1354.0180179757472 1827.6267330734681
1349.7482279263027 1827.7416484162457
1335.8591711432828 1845.0759724539814
1332.3297680037167 1839.507087646082
1318.7020186357395 1821.5664295999666
1312.3432068636696 1819.7087078550862
1314.5221944289606 1810.604928977628
1304.094948036289 1813.0945400577348
1294.6538224925562 1797.2645747391912
1289.5027761035035 1790.2176861087291
1278.3156030414257 1788.7905957194473
1266.9679060890076 1768.5084609441283
1288.514041015852 1767.9586071444737
1282.4445813121847 1761.7690142359231
1291.5762543981023 1753.2268393750112
1301.6652432263697 1746.8304416191963
1313.1553743662255 1737.4029461954538
1311.4655889665255 1736.901879053638
1326.0888744411889 1724.344090991227
1336.3921149875046 1720.7844449873205
1342.2663711344098 1707.1967568331909
1352.6841498616277 1715.0800281053007
1354.1771994945311 1699.4763156737363
1364.646379714698 1698.0673828716913
1375.2912715266477 1689.8961392393576
1384.8124620624474 1680.580779551938
1390.6011764987884 1678.488917002789
1380.1748862129928 1673.7320695959181
1378.6063739539388 1660.3298231135748
1369.5828071256424 1652.1629875473836
1360.9856506356157 1649.5366076552868
1354.7315810746136 1636.1500859463931
1350.0704269598602 1637.583999950223
1334.9116482280317 1616.3889918331702
1331.670686126595 1620.1741937660152
1325.1639467954778 1605.67965899366
1326.7367516282131 1597.9777521650349
1324.2312186090644 1593.3896423061638
1313.8660633549696 1583.05281780089
1312.6461931817182 1567.413877833372
1296.5013205820273 1564.7754045562701
1296.2048564233216 1560.4947177792392
1278.1430310654573 1546.0990507785489
1275.876107444326 1539.7181552931065
1281.882877636367 1531.2848296471711
1271.5938957742258 1523.8668318186697
1254.0699553510372 1522.7156770513852
1257.6763349861915 1513.8815127990679
1247.1859845921138 1512.4792646011292
1233.5441234082757 1520.0821036673524
1230.2512226314004 1520.129760542844
1222.9530216929033 1522.9845236619144
1214.1925546971897 1530.7442572048242
1203.6824369409353 1542.6910521163725
1202.9259998839493 1549.1204015388762
1191.4004654701835 1548.7278313631964
1181.8599388049588 1565.0555155908453
1176.4940707272924 1566.1303393278895
1169.5805111338727 1575.2003966095313
1158.6775514542057 1583.7986203288424
1152.618298387056 1583.3029480847235
1147.4676829214995 1588.3431372068076
1141.6717407438334 1596.4564123583011
1122.062226264903 1588.1164908816563
1119.146026842718 1584.4531607964432
1115.401001149212 1586.262323047718
1107.3233822893678 1596.1589667138949
1098.2541494260377 1600.4374559304974
1087.8914032319417 1606.5211776288597
1081.64069404844 1617.871407762491
1068.6602331630454 1620.191358840519
1057.1890818261925 1627.04975621914
1060.0354363191814 1639.8457863975482
1053.7301070652563 1638.1471634896698
1041.2565049005536 1647.238640553304
1032.7887557796344 1654.2651244836895
1035.9312083662787 1658.7210403782954
1015.1932757122473 1662.1795745948714
1013.2936258773591 1670.0851500416848
999.8136272175113 1677.2446418716995
995.2519950976038 1686.6667229588938
991.4486244549059 1687.2612893215753
976.9089149338565 1684.0153008365576
967.3483394875291 1686.6975292110442
963.934835315706 1673.5496363330135
964.5439430489879 1652.378278660166
949.826571786684 1655.4548248318654
949.5710133702754 1647.7198822462713
943.6452149725277 1635.9099148035361
952.4318567595033 1637.5171113390093
959.3796942008676 1624.734747007477
954.7085502294731 1626.0307624438128
969.6356052237752 1622.187842554614
981.8168605081485 1597.443166157674
985.5898544222465 1590.4176141836829
992.0428861509595 1597.1979228997827
996.8255347457102 1585.735034623542
1002.2109934081567 1577.356473779985
1020.1788702924526 1579.1168805141097
1027.4927387065743 1571.6689983980523
1029.3429756086744 1559.5810983320623
1046.0148195311415 1559.767276919615
1059.4077533963427 1551.0966415356645
1053.7386695926275 1549.0663913344972
1057.1857249018497 1538.4195307535595
1069.8660163612312 1536.3686816232848
1082.383163980254 1533.4667348939229
1081.871478319366 1549.1576703539079
1098.1382617770428 1537.5735734831203
1103.8287398738184 1532.9065457812906
1117.1822487373202 1535.1039657668484
1116.7396221829526 1526.0544689882015
1128.9402983794146 1512.6126908544813
1131.624312225539 1509.117015430695
1149.7698355155217 1500.637529797889
1151.4710597630158 1494.630706811002
1159.6615089868333 1483.3933511879222
1174.8584453671665 1482.5424061153653
1182.5874307665167 1481.166715673015
1186.4387897645222 1471.6558874708091
1184.8504930397166 1456.2228108705297
1194.2971439554092 1462.3596397927804
1204.5815676681564 1449.7243848450166
1208.4168204329596 1466.299164097024
1219.2215555504408 1473.065907145568
1220.1452148918509 1476.624603888224
1227.136366291769 1486.323763545317
1242.7351605088284 1491.2424621810956
1240.7812869896018 1496.8227780327775
1251.9219317623697 1506.62259977989
1256.6441339578712 1500.0979886472905
1266.4312424471418 1489.2478009804524
1271.1704791427321 1489.721140698451
1284.0905649793533 1481.8864093784623
1288.3246356865181 1474.7932740284227
1291.795579028767 1467.9530660977434
1309.1305749540343 1461.7800170360144
1314.0670996123858 1459.1651868079543
1321.550966912238 1448.9897730863238
1333.4700243488726 1438.6725457769576
1346.5576370001427 1440.1828199685144
1345.0263192760403 1423.4354635454588
1349.1656410107494 1423.2433435633898
1362.264725562799 1411.410554942152
1368.5422095327442 1407.9247427464325
1378.8344664680728 1417.6869665728161
1385.9514134991314 1414.0153551368785
1392.2261277635826 1414.9392764486622
1394.8114661029458 1435.066803550222
1396.930412215029 1447.9460624016342
1406.6949209698114 1449.1349439022324
1410.6293395932594 1454.7472233661265
1415.8576649436995 1459.6500282852464
1424.0869074666025 1467.67580841599
1432.543347762374 1482.954306155779
1435.2350633543492 1483.2120900138261
1437.2446206437512 1498.203723852372
1453.1476482950795 1495.4813564078158
1462.2426043072298 1509.5491158240357
1458.337997333887 1515.4143696638544
1467.6617129287679 1523.2827764228496
1473.8239237063838 1535.9144301217825
1486.7924900987268 1540.4552161764734
1480.4298557371815 1541.5770041108
1490.2950261887054 1553.1435025380285
1505.275886937245 1574.8303157931757
1497.1580984201728 1579.0185183175704
1480.8087951522987 1581.5407639707762
1481.471744366404 1588.6840829476978
1467.7707952816675 1592.3538530881892
1465.8690247633695 1599.7175232105553
1448.9353300710986 1607.9445734048784
1443.6622965418355 1608.3782282233753
1442.8279974486359 1611.0939272657622
1434.4127463353343 1619.4178733410479
1423.3387525695302 1627.4494664145209
1413.2122178104703 1638.57051977916
1415.4451019694004 1639.6454753967516
1397.776059419317 1642.700895264789
1394.900755187401 1658.7858700116187
1382.32327311142 1664.7280621116818
1380.1922596033337 1657.717265037855
1366.5084603861267 1655.168326645813
1372.3599656450003 1643.6651606332794
1356.2567468332747 1640.4761518009238
1347.041231661371 1627.720240242396
1345.4269895147925 1618.8977834647096
1331.5555467963468 1633.3638061774789
1334.949204468116 1632.8420632488035
1319.2727274569472 1641.090634464726
1309.9506554005488 1645.5818716497265
1298.7356841091612 1655.4902285443457
1293.9558380780006 1657.8260205102329
1283.186023525239 1668.4219322563179
1277.5386076764503 1675.796960926653
1269.2689518660711 1685.3087491398207
1270.1831832702617 1689.850694277243
1250.691805670125 1692.4544937390547
1242.4184919283555 1700.0616842664847
1242.1663894447024 1710.8722766521182
1238.2667294948492 1708.8683157298142
1235.8780484460951 1718.6836576742746
1236.6232246638704 1728.8963630517048
1241.7758802628878 1733.209036474352
1249.7481372735124 1739.5033705367907
1256.7464576947382 1751.8976275328914
1244.6924520647688 1760.2581593515276
1242.2336488994401 1766.524752564063
1233.7004183265196 1767.1600902015807
1221.7787881940937 1785.2965476461138
1223.0289339589212 1788.724526503718
1210.913788702766 1787.2740665522301
1199.6109790510736 1802.751669768268
1190.0675592127564 1801.664212605068
1178.8414229373325 1807.8849334936717
1180.1131319560407 1821.5204996510768
1166.6694984734754 1818.6785248476388
1158.7160546752134 1833.9311987546446
1156.2694826712175 1837.4005471168903
1151.4397541291796 1843.4686235467186
1135.9595694977345 1844.6477461276086
1135.1692427071819 1860.3272094113229
1118.1125042808212 1848.4570415205062
1121.636311339803 1842.637447444393
1111.757294125314 1833.759040452857
1102.84041614955 1825.662391687905
1100.042559181653 1821.7094280338981
1092.7185043201407 1812.9237675189538
1082.6065176383029 1814.095423886878
1074.6391183440396 1811.8440248992101
1070.0642860185444 1815.0935598565845
1054.326412740041 1823.133983101074
1051.6470948545252 1829.281951904354
1044.2080541118005 1837.3826810618882
1035.4010390484343 1840.4633033802866
1024.7065784016236 1845.2702052011828
1017.9089258632677 1851.860656876561
1020.9628987137171 1869.7877983433111
1028.367649567375 1867.4665384776627
1041.7112170363098 1871.6695935701707
1051.8244915977327 1879.8315794786142
1056.3382367035813 1891.3806221201744
1073.0617411466644 1888.4518750388079
1068.5485719864294 1893.708101717809
1086.4101108071927 1898.4791599746584
1081.3323696866898 1909.686030357422
1083.6977684450815 1924.313409136572
1078.9090528285997 1931.3580786471819
1080.6102555297439 1937.9566829467544
1075.2030512005695 1946.1976732911235
1077.025151124315 1957.1150378913394
1073.5982868303463 1964.3831173952854
1077.757784981119 1981.0427497448952
1076.882394816438 1984.1919292727143
1074.249444626813 1996.647169455518
1069.4960904157263 2011.5967783823
1077.5590598209226 2013.3450189284943
1071.7251331089303 2026.0198705264404
1067.0642429185825 2040.8542865845725
1052.5159507498881 2037.8528302067232
1050.7649925613189 2022.8206518723025
1033.2011235729221 2033.7543557053427
1022.961345656929 2038.4309052569022
1011.2770345607225 2033.2597565075796
998.0023986578747 2034.3094602045062
997.9444327589592 2025.8385785598214
1001.4146129230307 2010.0768685856035
999.8718337848251 2000.0093213709072
1005.3756138185095 2000.9470446836299
1002.7668411914981 1976.4391515841182
1004.6163768878719 1972.2089717448018
1004.7853802874259 1958.294889620982
1001.4407419911715 1954.5227687826111
999.6053910575922 1941.2739672067403
1013.353933905233 1928.5277410591898
1014.3951444551991 1929.1915582805755
1014.7891173746757 1913.1040208920883
1007.7511511795616 1895.0111108629799
1006.3473571323333 1894.2625015369192
1012.8804616941965 1878.8554826245932
1016.6291297816333 1867.8040203364433
1021.3516465610783 1867.9657450659752
1023.8673310222384 1873.829132455581
1042.389003007647 1880.039675801537
1054.9252866001557 1880.7134700877168
1060.8139892216261 1882.6691002777886
1061.1363998955849 1892.913764607065
1076.1431222074991 1890.8696797997643
1081.2523573380636 1902.7070591311826
1087.2469979609264 1907.2924772500155
1073.779571671495 1918.0232299986264
1073.0164357151134 1933.5146772496903
1076.6756474330891 1942.8966512759441
1079.2557056925516 1942.300803061501
1082.51935911826 1960.391712065316
1071.4803544481751 1964.6799231208067
1072.5331392332878 1975.1273631601089
1069.5804027940067 1991.0387890451966
1070.2192288756182 2000.2355137481275
1075.8549114887985 2005.1987744596586
1068.9655872093986 2012.3558542323976
1062.7868329511027 2028.4884788093
1062.556911704674 2041.1377205873523
1056.5962034039328 2030.165194520725
1044.4720858814896 2028.419442713502
1037.6262596784807 2028.5949087684205
1024.1687741382648 2034.3766983392372
1009.2221748132897 2032.9691280986328
1001.8465568279452 2039.4105846946045
1002.1964261664349 2020.7882996778199
998.6701194741289 2010.8184289818716
1005.8993152962655 2001.340879877541
1000.9132565948705 1992.7506241480792
1006.8189153756149 1970.0146447478903
1006.1869095183823 1973.4334508221664
1005.4162489518161 1960.4633131878243
1006.4107670958754 1956.4496970681105
1005.8824264706478 1942.7417903239536
1008.8987723023682 1932.9716082982006
1006.3897069772139 1924.2415194392624
1005.835267527858 1911.1044669195862
1008.8362368559546 1902.7538365593357
1010.5251380127349 1886.0229434897433
1012.3241424188835 1886.7284586030307
1017.3913644790456 1874.8039945541445
1023.9760977747362 1874.7901280036206
1026.8063752294008 1870.1980866833549
1041.869080388317 1869.1907591293782
1055.7710090982177 1880.1887874137833
1058.2460486886102 1884.7628519521254
1059.8890072706645 1891.450293453175
1081.8025209952207 1891.5615150321812
1083.3252428542182 1898.5096906083468
1088.0640195563035 1911.274022198823
1078.7117704230998 1924.3397120104728
1083.208704527164 1936.297929935889
1080.6803726900628 1943.7996021675121
1072.685130688559 1955.4011872894225
1075.020558057672 1961.77958310381
1073.0608254297126 1973.942276184457
1075.1903980409686 1981.1975923420064
1076.5910771766385 2000.7605951608768
1071.0026351648482 2008.4756054257857
1063.237782201183 2012.761758311825
1063.906740532736 2017.356088373219
1068.0723859587704 2034.6560663213315
1059.9622786798307 2027.497748622539
1052.435526429871 2036.4958355642987
1036.938902429456 2033.550464115909
1026.0230920203246 2027.9121426907247
1024.0655610645165 2026.9910609259314
1002.4558992755834 2032.679056438048
1001.1724747083425 2028.35798332706
998.8969741648757 2021.119628650829
998.1168670415801 2010.2910301276227
1001.3050925921106 2001.196340347432
995.8629475394317 1989.1793128781067
1004.2625825415154 1983.779031400766
1008.2350927051634 1971.7847175078273
997.5210610196818 1954.3963377341795
1001.6172230104253 1943.988600909784
1002.2848367262781 1939.9198431098862
1006.127965771352 1924.420584127428
1009.8869983462718 1919.8891211854414
1010.0632496447689 1908.773730740478
1001.6414035757339 1907.5967721326945
1008.1429826465015 1888.6881505908
1012.3690896229665 1886.4689518676819
1021.2477433097686 1872.001640937484
1026.4167345534895 1872.1300591280074
1035.7322646687014 1874.4250979963022
1043.3722696543432 1876.8206364204968
1054.1950410774032 1879.0648007924246
1061.1689577442714 1891.9743730300902
1069.2981204385794 1882.6749293198213
1075.8621781111146 1890.2101459917653
1079.4779224051626 1901.5882093370788
1078.7084153904666 1915.1720321323278
1079.1928822511582 1925.9631032379427
1083.5586930608592 1930.753896665329
1076.8064298346255 1943.6479359269433
1075.6455677977158 1956.3755491016623
1075.9605130354712 1959.2226449606903
1073.4796315566211 1977.325465712863
1075.6470545787133 1977.5714582317935
1078.15707123654 1989.5497428516555
1068.0520161612117 2002.1864965228178
1073.1263431171121 2009.6529990408185
1073.2824361160779 2019.166819776818
1070.3206602752427 2039.51755054531
1079.8121325350667 2033.9953253632225
1086.5180436658866 2036.9868192716
1094.1480586058328 2043.2379430842266
1103.8106081938697 2043.9303392398344
1114.962623368623 2042.3436889175666
1126.2276455633785 2043.06945968053
1144.7119561501167 2046.4356147210035
1147.9484789285927 2044.97702445792
1152.8567316413582 2038.8893803259941
1166.3499623402622 2044.139971014073
1179.7521148537896 2049.1761859435546
1184.643101503014 2048.2927418282634
1195.6748197981142 2050.0191759423374
1207.8892224618528 2049.707559783055
1204.207289923641 2063.2740470289787
1206.267638876488 2064.140069701466
1217.6949382764021 2076.9679720958557
1205.0340419570468 2086.5140865626818
1209.7882430996792 2107.438016629344
1206.1875059252523 2104.8794235146347
1204.140698483938 2121.0617769407327
1203.8648658649038 2127.8175798321367
1206.7618126624607 2147.8660082577926
1209.0386001460765 2141.8192202149467
1200.4674614669295 2157.6521514440637
1197.526763770262 2172.0037669952912
1201.9113495426825 2180.2839226916226
1202.0675524160124 2190.454413391252
1198.2631517298878 2205.3270661892366
1196.137254418506 2209.168226472427
1199.724529863462 2206.9880898034608
1208.645013193695 2193.865462035334
1225.365171702089 2182.6556087845165
1231.1852979378991 2184.2338782785973
1228.3186460224545 2185.3592872337713
1253.1145437129446 2166.5802801714804
1256.4691883707433 2165.2791443987808
1261.354337559114 2160.434937598632
1265.9369048176504 2160.1820581471748
1274.8143418796487 2144.5227365382484
1280.549419026597 2143.0850654779324
1292.846239447413 2138.9096211263986
1300.9909260621494 2124.7587270592535
1305.306464665308 2124.0021097374593
1311.738847792787 2113.3673198689203
1319.9079485832049 2108.732830083579
1329.4553787383702 2104.7140839893937
1345.0798273223443 2101.453770531085
1349.847420330732 2117.647353733621
1359.6261461089002 2123.8346438236267
1369.0648944179336 2126.7828160060435
1372.1048712855966 2129.568672559548
1372.5265337363562 2142.310670444405
1356.9260165500198 2153.274351248103
1356.3469021328092 2157.6013383456334
1356.530794447563 2169.617231193031
1358.061713347714 2171.2624543895017
1352.4895051527394 2182.9058728839404
1346.6082950874218 2187.5613674015717
1340.0043253195715 2191.156356428985
1335.428434831747 2201.2777167950194
1323.1292609130433 2201.9436352518087
1319.3990377287748 2213.7715811509784
1305.5770931704083 2213.3653113263595
1292.2865148148583 2225.814275202242
1283.9508529175891 2233.8743308476273
1286.5791707073454 2231.863287945853
1275.441994570145 2248.4991626857304
1266.0051426059758 2250.684454124716
1254.0682065770216 2253.477870655102
1247.2943524576422 2261.9225031302312
1243.361777295216 2265.5826049593334
1227.7248423500075 2271.622993975966
1226.111647599002 2277.6086615601266
1218.708613715066 2282.6045420102187
1208.3723502115906 2292.377062157402
1198.8532182968906 2295.5419323794963
1196.7123883007487 2307.502306090996
1183.4018392201624 2301.6734660362526
1174.9955183727625 2311.1328489944726
1160.2365919189547 2316.954552159058
1163.5402122435385 2317.2802102764267
1145.4514974343247 2339.275539128621
1137.3333037016334 2337.2374363596305
1135.6241988839708 2343.7474553946117
1127.2866533644883 2347.3846530507453
1117.5467288968712 2351.119245132548
1107.0701349305011 2355.3552226853094
1102.9251420688383 2359.5315600847457
1091.2386373702964 2368.4690915182055
1089.835660054947 2383.7272121435276
1077.5070959429183 2386.3145831663323
1067.0372045158217 2380.217378285659
1056.6041472687652 2389.757645631895
1051.5648260967064 2396.2526149738783
1041.494217811471 2399.934686925825
1023.2185462265893 2406.6966540093035
1028.0854957361641 2404.163085159173
1009.5512899917527 2411.1591806866463
1001.1372222927245 2420.1383337487428
1002.9896648709582 2432.219594516365
1006.3100385019363 2440.401918719206
998.80297777539 2437.8340624031166
1014.8377525382659 2456.988510986599
1018.8748359559545 2457.9358945381637
1023.8515280320582 2467.016464401176
1024.7766977173944 2480.0488886870926
1034.9649495595206 2486.8318961586488
1040.3338890592656 2498.3821683434458
1047.1392967349611 2499.042725697496
1059.146888751029 2487.6990570997236
1066.8119164558204 2483.887369783943
1071.0591728102286 2483.6031524180544
1080.8996852119194 2478.975125447442
1089.619795188304 2475.1445285627988
1100.543177179433 2462.7850407067276
1105.944145635754 2465.8558894879893
1119.255785213949 2455.309471801172
1131.9489113518553 2449.31771412026
1133.1477276078915 2451.4006792566424
1149.573958066705 2442.565772926866
1148.8842148374713 2445.920356646772
1160.7053030320233 2426.289004077804
1165.709517276215 2437.94831866448
1176.9749878049627 2442.9901475067645
1181.9806205675627 2451.3452065633505
1186.3275657221848 2461.0624315903783
1185.1588239553475 2464.406320641466
1203.6020593021478 2481.4927850926765
1206.658300558566 2485.7356168022407
1212.0648726074603 2499.936800918094
1219.870568696787 2500.218248002208
1222.4698096226348 2503.753715622079
1236.7112541743631 2506.0931091289085
1238.9364113650374 2521.9803811318184
1243.7746011807226 2530.1634171122387
1250.0285871085578 2534.3226979179904
1258.559441402553 2545.3921161770772
1266.040470440237 2548.8326679866054
1274.0082668989755 2569.6922882374897
1277.7559543094856 2564.7768335063256
1280.4451398537417 2580.2517521651152
1281.0976773296377 2585.1780141804816
1296.7102224918312 2601.6654881256704
1300.5461052775993 2597.006470514884
1300.8990909467216 2603.73706718137
1318.3120827352736 2620.8651331876154
1324.7864121596594 2611.754360193945
1327.4450762636209 2612.9687985751084
1340.1739066206337 2604.4144603076434
1347.8385219864288 2606.4219034400935
1362.532278596325 2601.0902183025123
1370.5769504813145 2594.1828411517836
1380.810954979166 2589.357426403952
1384.5972804518794 2588.903052528165
1395.579916810845 2582.116848473304
1393.2466485545033 2575.2209030887416
1383.520223036705 2566.3169607073787
1378.1636883586282 2557.508698634577
1376.6891662140924 2541.7050396115883
1363.3393252528422 2544.780847430648
1371.6963422202489 2536.911757986822
1358.9644903398105 2522.2779296579733
1348.3241154482564 2516.9058485704327
1349.1641577867724 2510.1128350550202
1341.9277058161588 2506.036774231554
1334.760545512137 2497.231094277946
1336.1895492309984 2490.049312478541
1318.4755518983243 2475.3689077938798
1321.544645402476 2464.766179097341
1309.794040386613 2459.5052543871025
1308.8882692221066 2453.1412934273826
1306.3232173132112 2449.536674184686
1293.5236945107888 2433.7023318877923
1291.427727622263 2431.074495662445
1282.9030205171714 2428.959528935379
1281.103559393291 2410.6058300467853
1271.1974700893745 2407.197878388543
1259.108043318701 2396.3850157437687
1260.1821499319117 2383.6081875830573
1260.18066990902 2377.3240716107416
1245.591452226688 2377.1355984493002
1248.3074662441277 2375.0676163436524
1227.9485685873094 2381.1267927782887
1225.4113336859461 2388.6034603776093
1215.6257247890164 2392.5225600865997
1211.0693544025783 2403.845435598866
1198.8623628627904 2409.411489584442
1197.6222185721044 2405.142094303898
1180.4062572427506 2420.2568367176814
1176.4265851963437 2420.9937186068278
1166.0992170654233 2421.7800521011454
1155.5567342619775 2429.3236164537016
1148.5705746190529 2415.3600940033807
1145.0647950979676 2416.2614364551773
1148.649821625881 2407.3155208421404
1130.1082197114767 2393.0597788992745
1121.879985085812 2386.8722269366367
1125.504443892847 2372.5464633390775
1113.4274064950746 2374.674437411882
1113.3743608509674 2355.4864586699737
1092.6110271708894 2353.5079501509254
1091.432356642277 2344.272768903545
1087.6566929121836 2342.967072019477
1083.0162517553 2330.5525614721682
1074.8689500989535 2324.249425769344
1069.8405091672175 2312.8948169402197
1063.222646805917 2306.299431218386
1062.5554248676601 2301.6672213413462
1084.7981201800706 2293.0335289573295
1088.0224617402127 2289.306251922256
1099.656436354932 2290.1400533747305
1095.6868508068997 2272.701711460413
1104.3592492897612 2277.5898552993376
1107.4562097187697 2264.7957943999945
1126.678041764416 2260.2215364410604
1129.0293139420432 2258.829481038738
1136.3386409158993 2253.268492501734
1154.9898662751477 2236.947591962487
1158.869919354714 2234.833263838224
1168.1644429784874 2230.059907936365
1174.2833884766853 2223.0048134115837
1181.170194665464 2226.010335100366
1188.7571700859455 2214.443442284418
1194.7047739020682 2207.078460780164
1208.8500128276553 2199.432717484315
1206.548975406323 2187.354548086093
1220.4326387410754 2193.248621635194
1229.447427585504 2180.7514142776927
1240.6166655618836 2182.1706527860088
1248.3356847433763 2173.5278686757188
1253.5628036721075 2167.7587244089523
1261.5131090343934 2159.878236331534
1273.3636537348004 2157.4261083635656
1272.5330514469802 2145.837422712114
1291.5317189506818 2146.081400572818
1292.0764183879282 2124.874370659448
1311.885966010576 2126.97593415597
1309.5810387443012 2124.388608312586
1315.0076501600968 2114.65438396235
1326.6231331869171 2108.2784664688083
1334.5464086130385 2104.939625728018
1338.3851647328727 2108.1364995168924
1357.5918542727125 2118.394024314186
1346.4357550919642 2112.6092916238263
1365.4680465854717 2128.635352087326
1374.510934383843 2129.2530826939897
1368.3350082943186 2151.2996844703075
1364.3438416116078 2153.1904965402055
1351.7249004338644 2158.6564046437534
1359.0387814119247 2162.5501060138417
1366.1442083742143 2165.628284395312
1375.7205448430118 2160.989367205243
1380.1654851086403 2155.738061482145
1393.5120830413994 2154.000810216808
1396.547448381017 2166.543380992253
1407.700419635805 2164.534720787368
1410.553946593923 2152.2012183168617
1419.5552319057178 2143.3722287400046
1408.5617824510314 2142.074159435365
1396.5845052109512 2146.7834445359404
1397.3908252024357 2153.023138132171
1391.0360749132306 2160.113675306346
1401.6424131095441 2155.2558050451635
1414.2810575939156 2157.728954153417
1423.1913022849471 2146.725237969047
1416.4272696005432 2132.4294679727764
1398.4925772482745 2138.635061982202
1396.6235882438486 2142.8203436862304
1389.0826409684828 2155.8063577560597
1391.3417706763137 2158.6307898366445
1404.4279357508367 2161.670342506241
1408.2990641637746 2152.5124451251677
1417.8635866136144 2144.8872967107054
1413.724196745853 2134.4615338661924
1402.7033059461062 2130.8383169462654
1400.2970025925797 2151.7441056157854
1384.436980292077 2149.9156704955108
1386.91463462416 2153.863099340569
1371.6957511759692 2144.300398940727
1366.5219594164685 2153.513829797226
1352.773999044982 2160.1655505885237
1353.1978677892191 2166.2665157681236
1355.5987476616924 2182.995226624206
1345.177648839534 2184.0845753158046
1337.6343681352064 2189.6377858405813
1336.3965970682357 2192.0587217068164
1330.6910828868602 2205.414752834486
1319.7033334307464 2209.1344847801133
1312.5721808502615 2210.1777396552516
1298.5992088791102 2215.8113517973707
1292.3329814818176 2225.546351483959
1278.312956952906 2237.2600581179304
1282.980020872107 2239.7582299923083
1288.5698983460009 2248.639537691134
1298.3980606047148 2259.904845807744
1303.2697946503167 2268.9858951705683
1311.876190367575 2276.4000218461138
1311.2686832189493 2278.0146666659984
1319.175867902647 2290.4904720105837
1321.2118741960023 2294.8374239629397
1326.0891670108147 2304.5781295206793
1316.971345201824 2315.222160178524
1309.114313552803 2318.1877867594726
1305.972368195219 2331.4741701954545
1312.1077596407745 2332.2179644197945
1319.127784750635 2344.6207535619014
1329.6872210525914 2349.1851388370337
1329.6939336759253 2363.7425434264874
1332.7314324531126 2368.1638470876906
1349.1844740913136 2373.0071835243857
1350.9826652992638 2377.92998231292
1351.4707439165948 2386.4700083202706
1358.410307173334 2394.45464723563
1356.644584595634 2405.5235730567247
1373.4235088588127 2421.8888105941164
1376.471944052277 2425.4763777503335
1386.8037261950615 2438.019613225211
1383.7357857024583 2441.7491628697403
1392.232481514097 2450.625870630813
1400.4685468497883 2452.9858128866936
1401.5239030038115 2462.110672531544
1415.2022891134422 2466.85858753777
1410.849950317997 2476.9866214052963
1424.9678049473948 2492.8066277841835
1435.3474319533088 2496.824744430505
1434.6401947159536 2511.6458685566067
1445.0868515597117 2511.9047841928345
1449.1481797009537 2518.8406527287448
1451.3520656378766 2524.620005806745
1459.418521949217 2542.3972142691414
1468.8094716935739 2548.725747987966
1471.5118773758043 2547.581190263905
1475.4360469293906 2540.7636626759822
1487.4417379232523 2538.6140743000424
1500.9684607501213 2530.6763858961363
1507.8125673144757 2529.6000772281036
1525.187796356182 2523.871271068438
1532.5435148561007 2522.7997056308
1534.0966876498264 2513.3567518773934
1533.8364786575 2506.5234431210906
1523.9225051108608 2485.8288090673723
1508.2958152000224 2491.704505092795
1504.7234990614666 2477.9739905261686
1501.7431859878006 2473.724695107382
1494.5104622440829 2466.6156224536676
1492.94938235541 2449.6678834695495
1490.5424756375685 2447.103487573651
1477.4513489158592 2442.927600598647
1472.8855117018745 2436.597475946227
1460.8162126342854 2427.9345132563867
1461.7743518747895 2420.5329882347155
1453.9111674539295 2406.7929980943823
1446.583455957566 2398.013102859008
1442.8080348996127 2395.478665179405
1436.4835904063184 2392.706367224353
1425.6085614584856 2372.3334063504262
1428.9924880830515 2362.834963885742
1419.764225796251 2355.3519437517625
1421.6343314659616 2357.543724983969
1407.0515593795008 2345.2698735593976
1396.9060594703099 2341.8790134906135
1400.1971968389698 2322.6060477178785
1389.6593750911159 2319.7326550561365
1387.7773702125003 2311.714919131927
1381.0347888770302 2301.890334841285
1371.4156709478239 2300.891273899023
1359.8070977290906 2288.2586467954106
1366.1871558896096 2285.466067151686
1355.4220725490727 2282.1367133027475
1348.0739136670516 2287.909560788231
1335.1470703067112 2293.2831134012004
1323.5070484544383 2307.969856958377
1323.0937287706515 2308.7236068459856
1314.3775951291964 2317.3547190371673
1310.7856969786542 2320.2389936421305
1310.3938477464494 2332.7060245411426
1321.2240680167858 2346.3050385433075
1323.5964057162917 2351.790282450142
1326.340135088425 2352.320892305383
1341.3072518634979 2368.0568561501145
1337.792970836386 2365.4259080364923
1352.8397728577156 2386.3794455785383
1352.5793302025013 2387.7665651991033
1361.8343343838064 2395.311201289828
1361.014961036376 2402.9785731422853
1368.3425114351755 2412.1349103728126
1378.8370871229604 2423.2835499149883
1382.7881270182454 2430.144960825499
1380.9653297118707 2428.014518288645
1393.04002252648 2444.7657209080526
1399.5895429959135 2452.081142719482
1405.4718953036893 2466.3658548367994
1412.6476404038058 2462.3055535157087
1416.4932674705751 2478.3231909724573
1418.8397980169875 2483.3249798937063
1426.8073808852648 2500.529156077151
1441.1224593658592 2506.155930003873
1433.1695416612379 2511.994902804747
1442.6284202255881 2518.7487892293066
1451.6705041220955 2522.5069334265613
1453.7716063414834 2536.8093094749383
1463.1163383846604 2545.613362678107
1472.3035907474332 2552.1984173636365
1451.596616658639 2550.0006125800974
1450.0360018761053 2558.4420119626934
1447.4217888651901 2563.5861444807647
1437.9916762451899 2573.3653483415087
1413.706643082946 2572.6835228596083
1409.9177826319315 2571.3991145804225
1404.57432321442 2582.2782212050533
1405.9487059666008 2588.8936048598125
1413.3797389453225 2601.5381959042516
1415.3080727053568 2607.274904521265
1417.138794260435 2611.0218763554567
1422.1542567565582 2620.5166474116013
1432.4623213722464 2620.029891323558
1442.6403242121974 2613.908765855338
1451.1737330306025 2616.3018029252826
1464.145190079983 2605.7765959703097
1473.480787106834 2608.655807975975
1482.2147171475215 2602.581907920813
1495.2247456583261 2594.0264343769322
1499.2346085078107 2613.5672028089575
1496.125924660011 2610.372940811512
1498.3797851807335 2626.8984387642186
1510.6389774554968 2620.3835763361017
1520.1848609309754 2630.1582197344387
1534.126664899787 2623.4300300559057
1539.7238325927688 2614.878269780964
1547.0829008726469 2614.280997308716
1561.759529405267 2610.440803511104
1563.843429845395 2602.0173117162703
1562.262075594217 2597.701826745936
1583.1931137731008 2589.9524513180872
1597.2701882319038 2589.1994270281
1610.498607957676 2589.8943459758
1622.8916961474665 2572.912899378543
1614.794877109211 2577.3213700586525
1618.9198603345046 2589.255713472015
1619.1999362809213 2590.2379602717424
1633.2787758984418 2595.7557051350377
1628.7173617767603 2612.8488683798782
1631.3670566859819 2617.1593661560028
1629.9490574861077 2625.2554913754325
1619.9098417343127 2633.6255242241277
1611.4581707300272 2637.1215524154504
1592.935405433369 2645.4950076948126
1600.4959327811648 2644.0521843300576
1580.2734452077025 2651.843359352846
1572.1002516482752 2653.608954205097
1581.6164279623008 2667.9423603326777
1585.14508847342 2678.17705326018
1592.036747369789 2686.1179809438618
1585.939278000636 2693.2828024193414
1603.3296998109058 2704.757098370427
1604.0955332295498 2705.3550366513427
1596.1602592686866 2721.30055539835
1603.216183769329 2722.4719477975436
1581.1151143545667 2723.283476238109
1577.2966103215117 2725.946698110011
1571.4876281640716 2734.543442707409
1561.7507187080114 2739.8563909575773
1552.7218559309265 2743.757068609273
1542.6453228371045 2749.259322619817
1535.9226967942418 2755.7574111102354
1529.5358501039393 2751.1104455506456
1520.150172760613 2745.405046883498
1514.7365484442498 2734.2795307907186
1506.5741407392259 2728.649404287506
1512.0663578915219 2716.553339504686
1499.9875689387695 2706.1741420925864
1487.7829078054094 2703.34878656948
1476.9132060901757 2708.5563066900454
1475.0964590287176 2710.387940113137
1464.4505256305285 2710.4062348697225
1454.3080433691507 2720.019798438312
1452.2380879453501 2722.293611921807
1428.6828576855057 2729.3589501035926
1427.5829300925668 2728.7605453857855
1422.1538230731032 2742.0969089162545
1412.2345816639024 2741.5415521730934
1403.142468974039 2748.762125673304
1388.9078241553093 2754.1073537584653
1376.0836133414557 2762.158806254959
1375.582717298551 2753.9840634834204
1373.492147513342 2739.701408258158
1369.7390985463826 2729.748035691968
1363.6525839212663 2724.7341404783238
1358.5963557417053 2718.2674654076895
1348.6441315318687 2702.4051215598656
1352.6351211360961 2694.449378380206
1342.4617521489306 2689.1993645804077
1339.980887455064 2691.6402167280257
1332.9527520636138 2707.324437701665
1318.4543452357755 2699.9685842039594
1303.4110568752676 2703.5607464283485
1299.2060844243167 2709.120409327623
1294.904219018314 2712.981819777473
1284.2652341306518 2710.0187778405107
1266.8654762401895 2725.8483354895147
1262.821786823432 2723.5382188870753
1251.5279987776867 2730.785217765738
1247.038823495186 2734.0423792627803
1234.001577588088 2741.591975540802
1241.6493053839588 2741.0113667111823
1237.5680737323025 2753.405441516413
1247.8838556756464 2767.2690881996255
1249.5786904180322 2772.698866513061
1255.5609375916572 2780.861220247795
1260.3131088634404 2796.8402907647587
1267.350254217663 2798.3445830427454
1267.0072434523909 2807.2558702125475
1274.3879000521758 2819.4052119685352
1258.759609984971 2825.843877089632
1251.1178520719552 2831.6210438748217
1236.9678814183285 2829.6479524152764
1224.9343877348772 2834.8832209656493
1228.5209554587373 2845.8671227043087
1212.6358698320985 2848.4926816764137
1204.177684283155 2852.2666720582233
1198.4225325223576 2850.26523782494
1192.2261605549415 2858.148353865723
1179.007424276713 2867.0461166544083
1172.7250623510984 2861.383168111057
1165.7167565906943 2849.994369337867
1157.6501892309864 2844.9523310404256
1159.4553965503633 2831.693456065262
1148.3367315775126 2815.1376060001826
1147.1441151958327 2817.7324585299752
1144.6795457334058 2803.6883673136167
1139.800865629147 2795.5194630959
1121.82838720984 2789.1405418704226
1137.420681305214 2781.809366939653
1120.9670804562018 2778.2481813411814
1120.8576429730565 2767.064137912048
1111.0012802522701 2751.2226403922223
1113.868683286098 2744.531078817977
1111.2974007896996 2733.2634223007612
1108.7524945475438 2728.851501962804
1101.9545066211076 2720.0379741727925
1089.8805471782887 2704.0944930250453
