2795.0050958324223 346.15636837442213
2782.367852758216 353.9202327512925
2773.314850480274 348.8762635180021
2757.036516179997 355.4661754996061
2751.017874049543 353.9892981545805
2746.570959551032 346.4574907777498
2732.9736509637023 362.0859791165603
2736.5003047292753 358.7293340116058
2733.3665001925447 368.60574537178076
2711.439427589138 374.06682560201006
2705.570874713078 370.4872977022175
2699.073107301649 369.65077417745505
2695.3514800525054 369.553823403963
2683.3812042954874 368.25354963953214
2667.0793814151484 365.35953968432926
2653.4592682612165 369.73606271494793
2645.214510733777 357.43710303736196
2640.8057823632766 368.15251758764884
2629.2579847362617 358.91338526159836
2620.2257169135246 361.68267436486474
2618.9307521058927 360.7369490139086
2596.958120513005 356.5830975229309
2587.264519335702 352.9025749031332
2580.548300884138 352.05322637034794
2571.224210679421 355.98007345141514
2567.3609933000603 346.5431218833429
2568.2654375569487 330.61240812418646
2568.826122106639 322.4165617697515
2571.9240459001057 317.09925067786196
2569.9986748851293 314.57924777476745
2579.3046454440178 302.2310456368972
2597.4428888230373 301.34548558192967
2601.1900110255156 298.8156158341094
2605.692145812529 301.0850241283675
2622.607717606538 303.523347619553
2625.2880311311073 298.97901946549695
2641.1004944826964 299.7142953015034
2650.976033786289 299.2494302695564
2661.2069043026095 301.8780839071867
2667.657286688035 301.6589221111955
2685.589681734709 298.5049984711201
2691.5909122555204 302.0004818038175
2698.0300115668547 305.5588235794149
2705.2472198112273 299.1806220216906
2719.6614612773083 303.22864992774345
2727.4659236756 309.58788413769605
2741.2145819245247 304.91751148033353
2743.896755961175 310.7725239353036
2758.317140949441 305.26760287763625
2769.0631626066443 301.82422615354676
2772.004203177707 304.6210739434787
2786.347216930939 304.8318673426102
2788.9713068374117 311.897585422795
2804.279378718507 315.1902357047252
2801.6538909192113 320.7344016642716
2800.6649990087226 333.45897050352517
2794.8016689104525 348.8058597511766
2797.9627696125813 347.3745603888382
2786.281480380565 364.4477598620353
2784.3008641475985 368.5501942670182
2778.3097338397642 372.5613688435411
2783.315130608974 391.3908357338202
2767.866218823289 392.63878108210764
2757.622368046166 385.0102626418215
2753.183649897943 388.61927746012145
2740.0107453526325 387.2834085521359
2724.6182876526814 381.3998553016815
2728.765865380795 378.6329824044668
2711.184578584811 370.48205426523737
2706.555453010014 365.9505374562704
2692.32661919738 369.0350969748745
2684.136388732673 367.2816906365746
2673.9421200020356 362.46160712108536
2665.4555955939704 364.8733393301516
2648.480879754618 362.43770305048315
2646.846478406416 365.68729748811995
2637.3274095903234 367.28127700085054
2622.151128809733 360.1257580244614
2610.5289210472693 357.67573380484674
2605.7933224848875 366.6215094892634
2599.2468309119954 368.3058744595435
2582.7366138130456 354.98177106566095
2577.642884291488 355.43158892229724
2566.6234317383105 350.468088773104
2569.3442870488984 341.9947671397363
2569.9960040001606 322.79198700531987
2566.6562807527202 316.92915767699964
2573.0894989421718 310.1971054470165
2574.259094823449 294.65360968678715
2580.6034389422093 296.62096436502407
2597.548076699165 300.6935957424053
2605.6875687203656 303.282461874318
2617.8766685133924 296.61566617920187
2622.034788731737 302.0066266407268
2638.8770505845223 296.9374575371326
2651.4273764699406 304.4810234994611
2657.43039799622 292.95601321291815
2671.1121414293084 305.02675923754265
2675.6756258934533 298.37845420886964
2681.0939570667188 296.43381172540995
2694.432933433636 295.024089819866
2702.5035690914983 293.50271304363065
2719.8440289484265 293.0147925161585
2728.1928172932835 284.96689173897937
2740.1173826131926 295.2291251206387
2755.044090575073 289.49430346797624
2753.4758564673402 288.11157452816917
2760.0288426244956 286.00370801860856
2784.0748817520093 287.4932288881708
2786.1067343670425 282.0745195120904
2791.4094654498344 283.05709048161646
2804.223460337838 287.4485496100901
2813.8408420989795 298.8723977350311
2828.095938024935 297.6158504749844
2841.8763918604645 293.59564944178965
2847.3341307101246 295.5477128695827
2850.4280833069697 306.55872493104704
2862.9725571895283 310.7193315837435
2870.301823497245 300.1987542940232
2879.5487318666137 312.88198686463323
2892.0064081535374 319.6039740434031
2898.743723375781 324.6085890295022
2902.238853401928 333.94707209921114
2909.656594262019 332.1649583772702
2924.715907351173 341.5870860097042
2927.678734900819 344.1163437589937
2943.864013012255 350.9246248669585
2949.282547278802 355.678664729652
2955.6944987378006 363.22356142587546
2966.621090995019 371.5188304450327
2980.4954495637317 368.8756737130681
2985.3625169871443 369.2275737635164
2998.2028758665388 369.639887045698
3006.091246745037 381.6885492773334
3014.900982209248 389.60976184513214
3006.1012675260527 400.41854513392616
3000.5633528915314 401.2517154482365
3005.344493927989 419.6824404927017
2996.056937143669 419.66077427973437
3003.638230977362 430.5835515901467
3009.889675763961 431.88838160425945
3024.2060885778046 440.6366408101902
3029.9616047955246 439.5472975100265
3047.420983002173 446.0692503462219
3050.5963675607004 447.86102059402816
3065.293183656583 451.77515388821587
3070.8583193681206 448.40950440470914
3076.2355726640244 450.1661149654304
3082.1282433977312 463.60326471366335
3095.398882946905 463.1585516901534
3106.0834579958273 475.5715924449666
3110.8209910558558 469.65201570069763
3119.9417326934217 460.9822334937682
3124.181712528173 456.5542794213198
3129.9493694190915 449.8017843304166
3135.3947173098945 438.3126260570548
3126.7487980983387 430.73714893551585
3139.0622757661495 416.3553878635885
3140.0313191214946 407.5504116260649
3140.378045505378 405.30745594454436
3154.7325922565888 387.4874494027643
3159.171187686428 377.49654287410164
3157.8694157866853 371.74487577794935
3164.7348969042687 356.1600388913374
3162.6102728172664 347.8228813379055
3168.638228438263 341.9808320850662
3159.6792023501766 336.9168820089652
3153.8933225582987 329.37388229810335
3140.7532006996967 328.4727843256595
3129.5298813139743 316.6070008115141
3117.498339591181 322.4822833101625
3111.4721837398342 311.3730040887336
3105.4439031882584 316.9665713320757
3092.8093217341957 316.51788639285564
3084.0249407280007 307.2761946841669
3070.6159272594055 304.62180434752196
3070.57966760007 299.0168395206108
3053.6073936636417 305.6332844867294
3049.4926795759684 294.22763901160056
3040.0859934305404 296.81106590878306
3018.038501681894 284.1864480064577
3020.9117837393364 293.79085930585734
3009.825781495937 284.6959726376293
2997.394397196407 284.0798691248339
2986.196830404121 277.345664744374
2981.769532751426 270.73241346333856
2967.136915006831 266.5710735683781
2962.0956422160457 263.37497087313113
2955.8650773887407 263.08535768031413
2948.5974445344236 253.09053045338948
2933.397375514611 248.68096727228357
2929.141337918067 247.18953050194148
2915.524226442699 251.14354188963907
2901.070457814434 247.8751924220827
2898.17187432636 234.50673814606424
2886.6959653563667 239.28933556829688
2877.932662804762 237.4080839463506
2864.9779321647234 232.0773056648718
2853.94160678552 221.56904401691264
2851.584248475344 221.39946516504926
2831.6097894157533 214.71071663299722
2835.980635908387 227.22884091084694
2841.913014391934 239.4531704963253
2827.7221609042513 245.7856425664338
2825.837265819061 262.31069852568413
2819.80675302106 265.27925348321867
2817.467206785281 280.0027101507727
2819.2295690671713 291.4187784476563
2817.786845483928 289.4951199494489
2813.6262313412303 304.6227117428468
2807.3268562669873 313.7551653055915
2801.5969264091664 330.24131537598436
2795.763110512142 328.17928190922373
2798.245124808745 338.163949568635
2793.0937596905596 354.9692073649944
2801.103459293988 350.29598464146164
2810.019177924886 352.5748896922632
2824.1921389854465 359.2641065559854
2833.193680106318 358.8565482060362
2834.9317690836187 368.0828591004588
2845.739244740891 368.4266450523013
2860.8265191396545 378.63938866557703
2863.0522443041546 378.39205041005135
2875.2632692592524 387.65140354395476
2881.8413357037443 389.11689715624385
2895.4314513905806 394.4387826434796
2899.140333383861 390.1732773855192
2912.4334881707746 398.60815576078403
2923.6441289737672 394.78937584213986
2930.408390371805 400.97418246618594
2943.5468611857705 413.2525876274885
2949.984468757518 410.66740398699227
2962.167596255497 424.11768577240457
2972.59832865222 417.7305786985771
2980.642288655753 414.8483303202539
2991.7177820570773 426.83104317380946
2994.3882721814402 427.21168506050265
2987.519267417003 448.9193657538516
2988.18771421326 456.859318419924
2983.135313515245 459.2239636382036
2971.620767456328 473.5617433548491
2964.7524613768937 464.89992585743306
2950.9228623339054 453.6175987916551
2938.2357261104357 458.90964275964876
2936.258841489837 456.41521465856846
2934.601641096117 449.8704407212407
2914.39770719387 447.85593132256173
2902.0305089360945 445.4080574328573
2898.652093845184 437.4941751750196
2890.811769208772 430.786705475902
2873.0588073545428 431.71854466300573
2868.7426464688065 439.97427261136744
2865.4322831251657 431.16379476536633
2853.8604490983803 424.611231163711
2839.1744386737546 416.42029792474256
2839.1023521037705 410.9084227275361
2822.34067176728 410.8349330237993
2805.840399328168 414.7727453015074
2799.4931281827667 402.5351500606324
2791.5975011814653 405.3491828755093
2785.440915521767 394.6325473669124
2776.6134316734356 400.5887335234764
2763.207675142823 396.4005297201061
2763.1101708213264 386.1502338439529
2744.956411757408 382.9701471299097
2735.1656952272315 380.19874429991086
2730.349637821425 373.50490058863016
2723.6528179443726 375.1193783940327
2712.3983828181413 373.51192409522923
2695.287317375289 371.73459686069197
2696.5306846885583 359.30864273406024
2680.572887331532 365.2020940212458
2673.730160615822 361.50336431232716
2661.256584863866 365.9807514021676
2649.61276187394 362.616792915521
2639.2685015330976 361.7135292038788
2628.6787295611575 358.2549362436356
2623.2302825611637 358.20041931305343
2620.9205119419826 366.5589989387918
2606.719708576798 361.1379369328022
2586.48051948497 356.42001550102225
2575.2765899982696 354.43824455352865
2570.6571576166466 363.0243451784935
2566.9633638402597 348.12848596980484
2573.327417136833 338.61329542167783
2570.5005932424096 326.42890657188383
2562.642604436211 322.82889058280284
2578.6336421499514 301.87988021979623
2578.709775942041 299.28912430110216
2573.8672262633645 290.5441217113827
2567.2438817184984 276.86830741649703
2571.0785738744225 267.7062428998709
2564.128358589184 267.97841301072174
2550.6087222987844 269.4113484529166
2544.2232673348685 256.35214786605366
2531.2015903419438 252.77285238218917
2524.0807121820953 259.7563525748755
2515.514814560651 267.5137599816198
2509.2953354698075 265.7014957114991
2488.5497964559645 266.355622544955
2490.1629004387555 259.0248348635367
2471.2810635411506 256.6719405490061
2464.188498821963 258.9622948374134
2455.1344100188853 255.8915870790064
2443.1643109377346 258.5018393755895
2430.9308533592716 258.8251128760259
2427.2809585418177 259.63455437650356
2408.2177371586354 259.12228715890643
2408.610329244518 262.0073465141145
2386.2458645053753 260.24944253242853
2381.7074197986026 264.5350387711609
2371.4846233973262 259.73134243271386
2363.843182200366 257.78350834369076
2351.755450568316 257.075973652068
2343.4896362283307 253.490327081471
2334.2446412898967 257.4928808418693
2324.1130316634926 258.95692471157963
2321.679756240741 255.50553073813097
2302.4343096815605 251.91620102952425
2303.1621706630167 256.9317438259113
2289.494330682328 256.6682206672893
2270.3680020394713 253.89557607430984
2259.9312605428054 253.13951594220285
2256.321246857781 259.19628137195537
2246.2827578176984 247.26160143957387
2230.1155802097646 257.95365337359806
2224.7246221096343 252.9274053252646
2217.160531523289 252.17806387959632
2212.2514789441516 254.4166461157398
2191.695032715618 250.0784125156124
2183.405187190025 255.83352172523504
2175.5375527307956 254.57601230128424
2181.371652880226 262.6698182499632
2193.71944107786 269.61318996834086
2198.9579205497475 265.0288745199395
2213.3420665171006 266.88166937431185
2218.1033335717843 268.3251592243287
2228.007902424374 269.599714012242
2245.601180073896 269.1934063915242
2248.829547819774 270.861745444065
2254.507011759019 267.1671601973029
2266.9178895070786 274.5188872103547
2269.0079057986172 286.14827421772844
2274.2391556258 291.8244087220828
2286.122457939887 297.0105653884797
2291.762499978433 299.6756931251502
2295.3679905556196 313.84258597206593
2287.039191962592 322.31222179894377
2286.6927647512293 329.44673570593017
2288.495533773717 343.3457697717883
2280.4801354332444 356.7929554232216
2276.7675903959403 361.98440298449003
2267.975557772446 366.65548803918193
2265.929863621448 376.33772494581285
2284.261981232751 383.3796378202128
2282.0636284750285 386.36061478764964
2293.560244462853 385.1227332139683
2307.628229998391 384.2267739335572
2316.0408051444315 385.9469351197322
2329.509538745191 381.3576247811616
2348.066179106206 380.67273073905005
2353.7953940763746 370.2585315791467
2355.0647888014455 385.6676812443711
2367.177392580268 383.4705099706279
2381.717427672581 385.2727609248898
2386.5404737372687 376.2897718556143
2399.3901584727546 382.0365577775325
2413.2580239533004 379.2843882930283
2418.8541019760773 382.06669070190156
2428.3093827679686 375.5088742485842
2439.4308911751377 377.20200202339123
2449.7719295892116 376.60520753355314
2456.189212134248 383.9003187285657
2463.899881892191 389.0064180407579
2464.8605802480893 395.7697206921853
2462.460603967422 406.76396327104976
2463.0704080657074 420.20679238563775
2457.3863093911464 429.3470546812895
2457.719771195302 440.33510178844097
2462.9697631691206 442.94451590280846
2450.4330512800357 451.22736031779544
2433.896808653992 456.255967334073
2424.0403845582596 458.9706146613654
2412.2748508032687 462.3230732029694
2404.7989202250324 463.4720382913157
2397.6057777363544 457.0421825886713
2391.836089096882 459.1658217945832
2382.218604583587 450.47588567338516
2366.518973118908 447.6297146274353
2363.4848320432866 441.1536388489604
2351.4082126141266 447.53425772749773
2333.357530501393 439.73411433721617
2326.506977252355 442.8865258309647
2319.0471788987797 439.27788967708926
2305.4775153951446 447.91034301950145
2303.437105391048 439.8221655647369
2289.3774120096255 445.3541146565481
2279.1771916842144 444.7888652436162
2269.8890652852647 448.29385445700615
2258.400097789509 446.2256330621204
2254.126248984482 447.78613107276374
2242.2977957041912 452.6428872790523
2254.786948598849 453.7961987790201
2259.334454057469 445.40824165982514
2278.7949568130607 451.9840024975078
2280.721866872033 444.74746145690096
2294.5796214125235 455.77640194316723
2300.325482260757 459.7175004903738
2305.4301725854234 453.4737534832103
2318.928502260757 454.46665697881053
2335.585822238427 459.6598039465987
2338.0317926029365 459.38315947524495
2352.0726167010725 465.17842016494814
2353.56009649809 463.26570786032994
2372.019247360862 469.4663425280037
2375.5414044441804 468.84809978080654
2392.016326726844 475.8909251853817
2401.753569792474 464.2452764353179
2408.218678512277 479.5063446455456
2422.6087900702537 480.7502495747662
2431.808503581192 473.6312770811229
2426.1505894645293 471.60588149570776
2447.8943759147996 468.40221891437136
2452.420217458652 468.7238457091901
2464.237544581049 458.50213574557137
2469.5750566423367 442.91820615086095
2472.3811920800886 442.82905099603863
2472.9285338784516 436.4197456316906
2481.051659519628 417.3482747182945
2490.2384061027565 408.5855309189648
2490.976285251145 402.9874836694686
2495.2185613937054 392.7358025805844
2501.716629747996 386.5941727974542
2496.5851845517677 372.82935534136976
2498.0567204525023 366.0485366305732
2497.6535392325027 351.9230338119107
2504.1430092558144 340.8891662432901
2502.538565716494 334.74618889036634
2503.864143669737 347.8657504430703
2506.898595706929 355.47431195344296
2508.1592527738712 363.14432973176747
2509.125052168291 373.07735150433587
2515.109798133832 387.10479562580065
2504.489281940999 394.91015563878534
2508.1008681011126 404.4840101462868
2495.5296760001775 413.89514236588553
2489.453926966816 428.5548508640264
2493.0531877442254 430.82631536979807
2492.015877501371 441.36163800210323
2483.1943389249986 440.47273900989387
2478.615589268173 456.44021281309665
2470.8286259918036 465.25514591233616
2467.128051317823 472.53350327246324
2460.6582475511736 479.2913339229097
2452.9905405403306 496.2269305862042
2453.8562479261595 504.7303723755007
2456.008105315687 505.83476524471223
2451.9048478725813 516.0340295868158
2462.9649749955493 529.4915958017011
2470.087712655689 537.7470912117637
2475.351284451367 548.2071389658636
2482.3484421364205 552.751986346136
2483.11804397116 555.1438755109647
2501.20203623547 560.1102783490705
2500.54437205402 558.8800634054176
2516.7557584271262 560.5988020414571
2526.8703204118365 568.6246894419407
2533.094158065632 569.4975977056099
2544.968311834344 576.3258900912688
2550.013479118239 579.2291466914327
2570.9092861314366 585.1134850963514
2573.125860217001 586.0636637678715
2583.6479956164812 592.5199039770109
2592.1536092514507 588.1680459996085
2605.599481743215 594.8772695256595
2609.45275898837 601.3909917785685
2625.273925842286 602.0612970949788
2628.7254903813637 598.432374023631
2642.245831986502 605.7897413879647
2653.241316963826 601.3096525489175
2645.2271143331554 600.7429458829776
2636.6082107024777 600.4636024619525
2619.1725562722186 593.8454211711296
2619.7729277944536 599.6058442442895
2605.245118133496 598.5818364802132
2592.8549562876506 599.8444193968605
2582.068977751447 593.1236214499097
2564.1424943822585 589.8710943574347
2560.1705607068798 592.4987356029451
2559.3807120380347 595.4556676932456
2534.950717220874 584.2473748321903
2530.956953358679 592.7432924132913
2523.8477191203087 579.5717925864906
2510.0456463497526 580.7303247387243
2508.8785871167556 575.4249471906744
2500.299272437493 577.0455209942749
2486.466476969054 568.351311507544
2474.1922918155897 567.2133870635593
2463.8064081933694 551.7385253120802
2456.487339852515 556.3527707564167
2453.734237300043 548.5564305391671
2437.8202657437882 541.4108038780669
2442.8571394743335 541.1214443021729
2429.8563919845874 530.2416290231903
2414.36355523334 522.2289400781965
2408.4163112143024 519.7437026795246
2407.7491292446816 502.86217495006537
2397.1188804420303 505.63357422735413
2387.181264877964 502.81818251269635
2381.184121747452 493.7400782407748
2369.0512857943977 492.02627631651296
2366.434009533916 485.7143772533599
2346.6815855583145 489.93802051579024
2340.5899885188546 481.21905310089494
2330.870196150417 468.1434058440955
2326.9949347570964 471.1558270451564
2313.0446610036947 469.443911438652
2297.838622522315 467.7087700757528
2289.2769247177666 468.8577864770757
2289.7252243071352 473.4195066314423
2268.996234869222 463.0297008458539
2263.058559420428 459.25548115713207
2252.4841865779385 454.70885301406753
2251.8880005663273 457.6346244480663
2237.5317818508097 462.80014548664957
2219.06562826562 463.9243279941812
2211.5741955432045 456.1293831480451
2209.3874068653804 455.30085081153936
2199.029467785291 467.8586856173522
2182.1773560973807 464.6165797550177
2171.0484196902507 462.5902595815292
2162.4164949315427 471.4189608780656
2153.8291023619863 471.1535992006377
2146.0578303739085 474.1100355402408
2132.2886826152376 469.0769187997837
2124.608096575142 471.5844206428071
2108.893152343797 472.54417744609094
2105.4961083404123 477.9932995666743
2105.761137071368 474.0884255161473
2080.8928902518796 470.794587740068
2072.380634221396 474.05247315627383
2058.143342396884 480.4777055072265
2058.3056412639257 475.06376852218557
2041.9568410344093 480.7083736423491
2032.6435193482878 479.09168628651645
2018.5306827299178 476.2459144246554
2017.7672231021515 480.98460108237737
2004.7571617169128 487.0342305133069
2000.1955091383008 490.4545020497199
1981.8501551700358 484.3993228513533
1968.740761696116 492.6371860876374
1965.1782699158744 488.66262471533554
1949.8152983332761 476.44958533552585
1942.3024661269776 495.550234882982
1941.781916898995 481.7633007279178
1932.0797967561555 481.24079915825916
1919.6372574201107 493.1700355697631
1913.1822852922244 493.36926946148253
1894.9307849296367 491.15653468680256
1885.5210467857046 505.9263767970011
1877.896046610188 497.8788836822561
1862.0390289897773 497.7177993942523
1857.963959701546 488.5828615168449
1844.836940362332 497.31607651042515
1835.2402819675467 500.5347950541087
1830.055333491049 500.3639035950669
1817.2980330082444 493.9290116305491
1807.1214821201293 503.20058426750916
1793.5622690968212 498.9815113369141
1784.401740747755 507.77789187044715
1777.4613661226758 502.07887148721244
1765.4088297966887 500.6457124074416
1758.4431641949773 506.86935802281346
1742.6350731431153 504.6079969454193
1730.4619706810392 514.293593064214
1730.4959305000518 504.59204624960626
1713.5186840924973 508.9124838944394
1706.5899353085408 515.2527450107038
1696.3361594760395 507.116824946447
1681.9946302281523 510.4836713364162
1682.9701989042476 517.7536801964393
1660.0362224809414 515.8174121060244
1655.6763748333335 515.0346789763074
1643.7482815568335 524.6614662041023
1633.8854724956288 515.8537076924338
1620.635563998684 514.3075413586505
1618.61911950018 516.2148696929182
1605.4418804799973 518.8291020598655
1588.7105818738753 515.375072134191
1585.9845495284574 518.5050525962206
1571.7365280535037 517.9320687936043
1566.0183478113252 519.2839862066706
1555.7891528420066 526.3763385015028
1544.9886012547474 526.6954897371155
1535.5128954346148 528.4570044154729
1533.0443736098043 524.0724139901756
1522.6105656749883 528.5240827516708
1497.37459935635 528.7376351381167
1499.6141066424314 527.4882133553447
1492.2646675456913 533.654440227557
1479.6590714042643 542.1098900639536
1463.1574621076786 537.2439372348625
1454.5178329400217 535.1450684121272
1454.6936242601846 539.6970515677967
1434.079417590363 542.9852906137775
1435.3063462908797 540.689408713423
1412.1211678551638 546.4707821292492
1402.6084540627844 550.1010943813105
1390.8047139323053 539.0466843148301
1394.4412374057265 549.2622170376652
1378.0099002554362 549.1432254376602
1370.1760032640775 545.5091000657682
1349.0867391271288 552.8153528968488
1348.7835014101024 556.7781123350629
1342.9481769313238 552.8557959920608
1325.8785581721702 552.6476919052823
1312.0396245952668 562.8727006802558
1296.2081478135249 557.2312571705188
1296.728116061449 557.9282132311525
1288.5913765908194 568.6102072746481
1281.5012698570044 556.6977944898359
1265.8739922698528 567.9494849690567
1261.0755455676563 570.6992591374448
1245.094729656786 567.5308030947556
1233.9541761808844 568.1755517832378
1233.8287897530074 573.7172157940474
1219.5854503723497 572.4782923383835
1211.6346253711088 570.1951622633811
1199.2775861256844 571.3718081039865
1185.7557777652955 570.7075551016504
1180.1033354610556 581.3222249219328
1168.2191652595757 575.9485894100254
1168.3990677441939 577.8541407276366
1146.0453138609316 582.2626544776458
1146.3895872740484 586.8735701744173
1135.6745117523485 583.3386207307396
1121.532450484493 589.5271738399855
1115.7607806124622 586.7140872633975
1099.849216632948 595.8167928623895
1094.3125748108548 595.3952706587124
1077.9475153098851 591.4565830192824
1071.6934378681215 604.0030175209398
1067.1264062945559 596.9499175160448
1046.8864725366961 597.3240428015566
1034.3469815909339 600.4230045751602
1029.7370660031963 601.2280525495537
1025.4597584155965 604.8874378830782
1005.224933191909 598.1607866646117
1001.9790127377312 600.8499131942418
982.8077911563641 598.8706203078516
976.3737005515541 602.5360923030519
974.9939453244574 597.1886180453351
966.4535025756788 602.7957574829564
959.2796831600127 607.033985105202
942.5461422630831 605.2970746726639
925.7999553030893 609.4481115219388
917.776285151673 607.3132542201105
909.4032569963391 615.514913310428
903.6822475876027 613.5967762077147
893.4720438964133 613.3142853357867
881.2770707817419 612.266933318222
874.066823330588 610.3291394627581
860.9615422243018 612.8102577214122
852.1347208944278 617.3004899947215
840.8449061587442 619.7307799106604
836.5046941480115 623.3252474057537
819.4803575784055 621.2373825136735
806.1279669381356 627.5048690599068
805.1543230829099 629.5080153228837
799.1113047101607 627.1614255593198
778.896505789959 633.3853665533276
771.4737087672248 641.5113905814238
766.1880202578385 640.5992826726657
756.2091461937434 646.9730414353216
739.2396981796087 646.2142667824097
736.5628002387157 654.2983510690465
732.32355492175 661.2633182122474
723.7880013680328 662.812823074316
717.3874346919804 670.9662065120405
700.4662037934678 683.1550657204068
700.7570540106302 675.6465154182948
691.9711407967345 686.8021000998104
685.9418167450369 690.0765386148847
666.324098575378 703.7147982476295
665.82209063439 700.6001804052531
661.4695070767046 710.9713006827221
648.1042247662215 729.1564191912643
640.8704017198683 723.8850572723737
632.3754770571663 734.4481109475234
630.5233769157023 740.6263948155154
611.1494709976332 727.7451751073295
602.1487406125868 755.1420055567353
603.7732565963007 748.6776899901099
591.5031596325317 761.3529398026495
580.7840302076423 765.4048738424318
573.9117337705876 776.4747993527338
572.1473785079351 775.1080950153738
561.7092026496479 783.488378992028
550.4955813094916 792.2560149497818
538.1767371698213 791.4424784621889
534.9411289144543 807.8242397404315
521.3237588607149 816.4391621668302
517.0127973018722 813.1801955606676
509.01306271312234 816.5156612844709
505.32301527899705 824.5506773491493
497.34018377895814 830.1386765349131
484.1065917178713 843.0099802407075
473.2899448835625 843.242302635299
473.75224239644166 853.4642632899865
458.6327313591701 861.7544661160822
451.6840651541407 868.9394431321824
445.5365875028509 880.561289040198
442.2410542108512 879.662994785268
436.79465274986956 890.94712305929
427.9611153341679 899.145339516652
427.2892298802799 903.2710126288423
420.9059584007956 911.199872981516
421.3684088363927 919.4242333092634
414.51359441885234 937.7499068690321
407.67117411574077 941.5474964602303
402.4391020997796 945.989570856445
396.97128692799873 964.5162208617224
396.50003044214634 964.7054080255285
396.5795308516938 979.5005550336161
387.0296900365701 990.5309907537301
389.2347814440959 1004.7051725420607
393.6117467231492 1011.1331015073699
382.4669689676648 1022.328866145122
383.7378451101942 1034.2896917060855
375.4525102230276 1039.9601271170698
378.3946882063289 1051.8712255522967
383.59308292618704 1054.1486190970486
370.4386019570911 1067.3823085390675
372.22361852379 1084.230238444394
373.3673927566474 1089.0606583986755
379.96470453900974 1097.0932297685144
376.62476271334367 1105.2223292064473
376.74632545943155 1114.9904030200635
375.00690045206085 1129.366246505369
386.4592851714225 1142.5238852512402
386.42998762751836 1149.4176971717914
374.6717671585681 1157.6571417122473
392.3904248933133 1163.755398699603
388.6118495351646 1173.9253384220503
388.83437476797883 1181.7170588024228
396.9149332020649 1191.9551201586085
391.4579717201544 1203.1564432071466
393.3935774987201 1219.169860522697
405.29547821752624 1221.7024816376631
404.4198150258275 1238.1940921414127
405.02075965202727 1241.3619184457054
411.46430908575513 1256.630242381087
400.7180115832252 1265.1821578589343
402.78526179820693 1277.5731163989512
407.9651026414578 1285.3080078073613
418.6567335160369 1291.874200702453
421.0411446904572 1301.175771284482
421.7996871816435 1312.6114724054291
425.20068592692763 1323.195748811899
429.8958857415056 1337.2054787180346
436.9680428394468 1335.0873172661256
437.5907900528757 1357.6796509909675
437.43594114993067 1356.1593234839831
438.9679887938328 1367.2037984084384
447.30433335317343 1377.4103546043898
453.4403629408577 1388.9771246584132
450.6150248774927 1397.7113448850077
458.20377243186033 1412.3717865496214
