2032.451432757007 266.18042702970183
2056.0413978987854 258.9201911249603
2098.3402398279836 253.28945166003783
2128.6998673280573 267.30841593138933
2105.39635405974 298.7746124851948
2095.658639967772 326.6047352392933
2079.232168018991 349.7763816869413
2080.986264456816 373.8341023235554
2056.3638675961824 408.8670324021763
2032.0508068211354 407.0013979578798
2001.4761629264062 410.9486216970877
1970.2556162817607 411.04891446236286
1942.1607139399214 411.12449161540917
1910.750818634371 416.26110325456915
1879.5903882022203 416.41311870127976
1850.058107437215 426.37140347581084
1818.8305362612268 426.5298501141828
1798.3351368577478 437.53630240878226
1764.2399165506417 438.86320073869985
1727.8735702731149 440.35209903133955
1703.1949588561517 444.1110207905225
1668.5872985628541 450.05752372378885
1634.7281413870583 454.94904874167844
1615.1638909006201 458.0460917257541
1596.6191947014102 488.15869441205984
1626.7077703432265 493.88417492635625
1658.5057759200051 492.93603861314864
1690.6764112390356 487.78995402612946
1719.019531307712 482.0695593434866
1745.3161250249057 485.49207557294875
1781.557529462473 483.02403034490624
1809.0531267429546 472.3258867304111
1845.1419556526384 476.2968682364602
1874.7094912921339 472.51500498032516
1900.736225844173 466.9601572040873
1926.3549259177973 463.1799569581409
1961.9436398493867 464.6800993446403
1985.5796052811208 460.42500988038455
2019.1260788915308 460.88628656457547
2051.526458998185 454.74388332171316
2068.321583288816 429.5069335426424
2074.337749200664 401.50272843605967
2099.986183769252 394.8286688548194
2135.764497751388 394.2673115732021
2156.648272664544 392.0870947006208
2195.614219139853 394.56173848613025
2222.3694923978364 390.32372521704497
2250.312109746167 386.9780648004781
2275.742156730329 376.62295667991776
2311.1838264985477 374.0598051160041
2347.553617938572 380.41187286461815
2373.0313839690916 384.53769052158316
2406.635090352864 380.1051608316563
2433.1111841305246 382.04229726679574
2461.0204812992347 379.9426315269677
2469.902210047993 349.732894996017
2463.9615503089585 311.29204299375857
2448.280971027053 299.04537561309644
2418.4141246144536 292.6218773352193
2387.433748038694 295.7155658693417
2356.4151004939094 297.71965048043296
2329.7691290563066 290.026296305636
2297.972994634664 295.77026509974377
2299.528826177709 322.38063374988985
2332.9897072838116 327.2456192683841
2355.6060964933563 345.1883827373643
2387.235077614372 346.33757170881836
2413.522592004554 367.4243339518655
2452.783482740401 377.2650687782653
2467.6532446086876 356.85857135892934
2463.6829949597436 327.55780554211316
2451.5245992672635 296.5445918793937
2428.585511987452 294.1199307763236
2408.6643314658027 293.4547589918319
2360.6566311173606 300.18720355785763
2332.788817724327 287.01771786032435
2302.9546781643407 290.7546539555298
2272.6428593281753 294.739319574122
2245.9046877405567 293.07838199548416
2206.613811167952 292.38008635233876
2182.288229753334 280.0154894022575
2170.2820841948583 306.3358684238955
2187.5030507145607 333.9865910666232
2208.239983462981 341.2259357102678
2241.41029338783 346.2030945211783
2261.9121014585826 329.3084211318701
2246.4259297695203 305.8301801543844
2223.2983244643397 288.87805338930883
2200.3802142768636 281.2120446304095
2164.3320177346927 278.412590583382
2132.894122803371 279.56645109706693
2103.078949450819 276.6496793915175
2075.774401944914 283.2096657920209
2041.835772823906 280.42170345485397
2019.3668169844236 272.32655405515675
1994.541697078813 275.2423705964304
1966.24200527416 279.02303626477214
1929.3308037938532 280.57528775546103
1902.8435536726358 286.3381786831829
1869.4448288483036 299.06756460262187
1841.8968533400775 298.44563581445607
1806.38377765437 301.29446018064726
1785.1081094266917 301.6925056005375
1754.1061654565299 309.569654612816
1724.2076268326575 313.83666551959124
1698.6317337335972 322.7914946596977
1665.317368616461 331.2979300572853
1634.8895781737074 327.24621370863184
1608.4835019714542 343.28635157758055
1584.2764809323278 361.25549923489086
1610.3882078511183 361.18738624134386
1631.2536859057577 375.54137230129663
1658.7725255908222 394.24221274118486
1686.4525256407103 369.6425924755126
1661.8772991653168 370.95048721922575
1688.6063232601955 383.89147903154924
1656.0724609417357 379.40368530689085
1688.865688979526 387.3659557150721
1655.4702937717002 375.56439421344777
1682.6151498678303 386.580761107513
1657.5609030844191 380.82139636459397
1683.9011512515451 383.88969437577634
1661.629541722568 375.8275186695707
1683.551269022356 388.55240492768417
1651.4288863774855 379.81908371991346
1680.7505816287064 389.6902876091666
1654.1942587073722 375.21144839277326
1686.7847338214447 385.4389302440031
1662.1039699809633 375.0343254343798
1677.6315144031694 384.6297420004405
1654.560218341324 384.26944274876735
1676.9123004715066 383.3760160990872
1645.175959474394 370.7686228841627
1691.7533645763428 391.7561724047608
1649.1253453912004 368.61649443337996
1683.3092217626026 383.6069158930158
1656.470272891406 368.6476226297535
1686.658587569353 379.8219997891219
1663.290251208299 372.77417199342216
1682.010263287734 380.7648378320318
1651.7130976557926 379.23078418710156
1682.0820669987122 389.09205866603514
1664.411278426403 367.12772047612077
1680.6736288454226 384.0267701292894
1659.1454093461352 381.8750366790818
1688.1039617842528 389.60966057552474
1657.9597452560674 377.2333751278111
1675.7598387347466 390.2291436496181
1652.7275056761869 376.4877372348144
1692.112957476888 392.00777842911657
1657.4279209607912 376.6208775068439
1688.8549818837243 390.6646188728362
1656.9568826423802 370.67973829584867
1683.3999447547155 386.81094759856586
1658.1985382771127 370.56543951407133
1681.6935606179784 389.735295202664
1657.3126309566371 373.2913538541512
1689.87536687184 386.8710093022641
1659.8776574447375 381.9362650643638
1682.638494320865 390.71043173150565
1651.843611351718 372.88306843023236
1686.1530646675033 389.50468262955934
1665.239317601849 369.22286761236245
1684.56138895619 390.39600478165835
1656.1938083702003 378.8369524693197
1688.723951674074 384.97038725073975
