3077.0605763178614 120.87534158084097
3053.8221853124683 116.77304153935505
3052.919901781148 125.6623574210239
3037.2639952077825 115.07181341729891
3019.028367215952 115.73572716976614
3018.9799561271648 121.57824199263563
3004.2783148707636 117.82983609279074
2988.0670996127633 115.96244762103011
2988.9790189172795 124.10005763133435
2981.273545308485 114.2414278363986
2968.4428498567227 117.89583195926681
2954.7925047290646 114.68879265643208
2935.9629662211264 108.41001163496199
2944.0049074835038 115.9825793987567
2925.081926848804 116.96414359260282
2925.1516517787304 105.47987390442844
2901.7382031902366 109.0401527936431
2896.9184404132598 119.56861357792334
2885.803924497405 113.36005859224394
2871.597675745381 119.20220679042876
2873.5418872980617 122.23569464356964
2854.5403596742526 115.11751467507993
2845.2700594237394 120.08238752751714
2834.4829212917643 120.05259623017486
2819.164197306315 121.29795853161666
2813.9546180738166 125.97452702938456
2812.0329688543907 132.0383128946156
2799.078343042602 126.1299035475106
2792.70803966143 140.1652527892766
2781.5655333146096 132.1331555017612
2766.575456752391 129.0120943821931
2755.1824030576972 135.38614919849985
2750.7413742533813 138.66963880631704
2733.1610777912615 142.37961253093573
2730.8617565134145 138.4864020972279
2718.093197552243 139.2447177605184
2711.946890040584 147.32323010528046
2699.7594610670358 137.13054326728363
2689.9213238146126 142.40590038871494
2682.800638303382 136.06849738985127
2671.7164912832127 130.8747187115177
2656.095299839113 137.78159784097258
2652.949766842144 143.34398329333519
2638.2717793362035 139.27902815014204
2628.7106509038513 144.3078419894133
2620.967181327617 139.93671179276203
2606.95562579907 141.68128220702357
2600.2080922644577 142.3037444006667
2597.0277835253296 145.51493766797333
2582.2329726276957 139.25466863236508
2563.6611741662323 143.1735283092066
2557.253789659321 138.91614517502938
2551.8917170033337 146.1962557407603
2538.610300555327 144.77932223472186
2526.9775967679657 143.77962842530982
2520.694968222172 138.813020298981
2504.713226238378 140.95588277174366
2494.0963123156284 139.9215356043358
2492.329927958183 143.33483685137895
2483.146705135108 143.32948495015862
2465.8571617174316 142.35663948907563
2461.9514249827125 143.95626096680797
2448.5026503214403 135.8127312272029
2439.338786952651 141.9332618170074
2425.142745433482 142.4512768427359
2422.438831314206 138.6455601626447
2409.044838505951 151.58133544226703
2392.911968806755 146.6579465027903
2387.4435934030366 141.94255014315317
2382.3100074696436 136.46133962891454
2367.220160305069 142.15879633889367
2365.384309063915 138.48115491016483
2347.2050576724164 145.66295465707117
2339.4856954986612 139.4419221665783
2326.046565741205 142.30739930489432
2314.0024293290903 135.33368820626734
2311.046617119483 140.4538487898676
2297.025528958505 141.14689654172378
2285.3832748866485 144.20257017510863
2276.5570262161114 138.67944794950392
2263.9423390146394 149.46485799390553
2265.811332237776 134.30886433651605
2248.591196343106 140.08433098411757
2243.2349924609584 139.8126626477816
2222.6075037740716 140.60484589801104
2217.190175889555 146.47708464936494
2206.147249761622 135.5373684820817
2195.1971129257718 142.16188414216214
2189.592776244159 148.58492215223154
2175.1825521821265 139.2078644475678
2167.6920776496845 135.77270587859522
2164.223189906001 133.63855840588158
2145.656377672278 139.32028343436355
2139.242412855503 131.70813840002563
2126.6624769626787 138.09951404243773
2114.076324648583 137.0063017667346
2108.4358399406706 138.1987044064977
2104.8102447716983 139.29272520165543
2089.0391239127416 138.45282677832967
2077.1776609826097 134.52441093099952
2064.7450997853434 135.91219935161445
2054.601816650471 135.28900701524958
2049.187398372763 141.69988740178832
2035.3770682760867 134.14285309642403
2027.0867890880447 138.6197703040337
2015.41425024381 145.19682932410217
2005.8327859257977 140.332528883386
2006.8206513137031 133.36490264481597
1985.645932740402 135.34082343770493
1972.032451532652 145.06969359798555
1964.0868218088094 137.3526646713406
1958.0405195310052 137.91916885727753
1951.1840200402296 137.11343447244502
1942.4971544723883 134.74232864053778
1929.2750334309949 130.7529318541859
1920.3481766232533 129.49309639670338
1913.3583875272777 136.58179278307517
1896.215605626361 140.86420926255863
1886.8143162003064 126.56173958526969
1878.3682527318924 140.53182647914545
1868.0011817186953 137.95119321293805
1858.5204796906248 141.65857286151987
1849.864763177686 135.89918791710153
1832.3360383246672 145.90502227133098
1827.5149774346685 144.82303036212082
1820.6095489223069 144.00644922642402
1810.83727320029 150.4323059172329
1805.820438269483 138.59277755698582
1792.1876601984095 148.1999846781985
1776.1655335023395 155.82363606272065
1762.1637777853962 153.78594718524903
1762.224721777774 148.76321165720572
1748.0019816108443 147.9488332649464
1735.8141028060404 156.4434308381791
1722.9289456553029 164.33687647365556
1722.926548045923 166.90837378945452
1710.9852503182838 162.5160363165615
1700.6673328869483 171.28149567487702
1691.2488646703976 170.71046664600527
1683.2861605070045 170.55390267794158
1669.2495831905753 173.43617412282737
1666.3843790374308 172.54212677758213
1648.9860109011222 179.52008728700173
1651.0007275441135 181.21926711298246
1634.5982265496552 188.64141599115453
1625.4462944788124 195.69530130604358
1613.1069499517744 186.22948678668024
1600.4031274766535 188.5937519991898
1600.7221747237368 188.26276080838556
1589.0358757325605 192.04410302642202
1574.8123246197456 195.92262891388913
1568.835988509763 203.8963589809592
1550.0411603872285 214.6918598510912
1551.4748780350217 204.99185104969806
1535.344504265087 211.1202172585303
1528.323601813954 209.80080782681694
1514.2153776770697 213.11390630110094
1508.7118104087765 214.11948574563894
1497.6801922237382 223.6605667232847
1478.2415369370888 219.22286759301366
1473.6111914768858 231.41330376650836
1469.704967674225 239.101323063093
1460.1810718490835 238.15548367882624
1449.572452381776 231.41717843033152
1442.6261468808689 233.4214720094639
1427.8712611349638 239.04309734156556
1422.0701181646498 238.60844155172748
1409.148467205049 242.58971944331492
1391.1248583102342 253.05621455943358
1390.3893931127486 243.5492394521529
1382.2685064667671 251.5475073791008
1374.8392473712665 259.54048257245233
1361.1065301909803 255.98353849144087
1357.3570166144118 258.77154029684885
1344.0916875280252 264.42726255280195
1332.7305956464727 266.4896441606807
1317.6327909036302 263.4706634472266
1312.451620259764 273.3626780007949
1306.6734060401898 269.3468569333845
1291.944380384903 277.21299450852604
1279.8390365193045 279.7847514074325
1269.4470308500624 274.63065902047356
1265.675398224616 281.1794877874499
1253.5296400702537 278.2529082011099
1245.6067701771753 283.16797549897126
1232.199121802824 296.9954926431299
1225.5818859101357 292.47368815731454
1212.879843842942 307.90581211890054
1207.9936258036744 293.3850937379133
1206.3939836577188 306.2107955189123
1189.4900876466645 315.746074173274
1171.5953767189396 317.98540547387336
1173.9523345153461 318.8768512444949
1162.6306798820076 325.978045468235
1155.479640354362 328.4639856490236
1151.112404713941 334.5842945599796
1135.2082922809775 335.72383050380364
1126.6950631905866 342.8987283889057
1107.6691757651997 347.60868152372444
1115.3507577174275 356.10410061064636
1095.8309550284234 366.1972414275095
1084.6042494499588 363.0713470992415
1081.367427488459 368.66330550648746
1076.1760626856562 364.51526448160536
1064.036380636965 372.46064794116865
1059.28662895737 386.5208321599078
1055.0818464067488 397.74386335918257
1037.390139387434 402.0515940209708
1033.4857479767848 402.2118496653909
1021.706657081776 415.3777283713348
1016.4124425371574 418.2064604525147
1011.2273284584697 420.11094725027453
1004.0833138542793 432.81891159004954
995.514094183167 433.0893552937837
987.7795261575935 449.30989112932275
981.680154444021 448.2669403472232
975.3093815454445 454.87902272583636
959.6835585335483 457.17655126233336
948.7507954813186 468.2309912915815
945.3262102562117 477.2566994706002
939.5024559852573 487.17040718088936
927.213089180086 476.79886191560314
923.1393382745267 488.2122258066422
918.7092905441367 500.39374527062824
911.8997915955276 500.59314381151427
904.4618702068593 507.3410789484432
893.1202451168949 509.57477919638734
872.8367331551502 521.1882790043519
861.324760238986 524.5306966847512
860.416381855281 534.6029719447698
859.5819520404012 541.0417967215016
844.6021997064454 540.0050813048917
829.3959993736185 551.1512610974214
829.8995838076823 545.6549316928654
823.9576916624819 553.2711868638642
807.0804233034812 557.4149809569558
803.8814997854352 559.816777027659
786.0540109497259 563.4121075242007
782.2855108423907 574.8911242967644
772.3622223896356 580.1949390731576
767.8961939833039 580.1863885714823
754.9747344423017 589.384576556765
753.8464892915206 592.8658250705331
737.0714658232602 595.7453133112532
738.1992879021316 610.1533307828959
730.1201834282912 610.5833563303635
714.3302769332186 610.2569529554653
712.0917910442495 619.1727062963788
697.692702607995 626.1585960490014
691.8781365721388 635.5944761410159
679.7527016449709 633.0830578014024
670.7875228865744 639.8344807649177
669.3982052848452 645.0600056406568
666.4206356194602 663.33440565892
648.6069047880779 664.10229224592
637.903629354838 665.2390777565661
632.9431124840631 677.142622228466
624.9053556680038 681.4376328277096
620.5173150376363 683.3616438510795
615.7855239158828 689.0755532824446
598.6176128769437 697.1651403973228
596.3997740405978 704.1068386068586
585.1996184292268 702.2547194226878
575.3705659887224 707.8084927614866
571.6735629510347 719.093513250498
559.7412325019187 721.1932423390949
553.9599387461042 732.893155634424
542.3263916297317 739.8709619862249
541.727464907947 741.7107221729391
525.2079131408769 747.679707883542
517.7441503067743 750.9465402949261
517.677852042371 757.3424543492572
501.56396288955773 769.9890119205959
488.5409374835099 769.1932123240965
489.90534827268453 780.3117740547004
473.63060119984067 793.9034029135871
465.3415660226283 788.1049758654575
459.48734503324954 800.9679879034571
464.61246603211134 808.7904744677256
445.52652802639756 809.1936180290153
440.0094751354433 817.7177201516716
435.11570737795256 829.8052177319207
416.7247067725536 835.7508914579066
424.2738745189633 839.8497961127448
414.73587458600633 847.3980657432776
410.5412128424385 851.2769452919848
398.86191149838993 859.3400858368906
399.82687006818315 865.773781821019
387.203691230017 875.8082040425629
382.67079042718905 891.2851655570448
379.1317040244657 898.9520755342902
376.7088193292274 907.6373238505295
369.48544267986296 913.7507841682274
370.8458182378731 933.2552034334485
357.47993726259 930.1719294582666
357.35903086735635 932.9331607820671
352.33282363029457 950.1378556848751
350.14587943784227 957.2693278735594
341.9676699913297 967.9103944698186
341.62498647080093 979.5661028828185
328.95334884032485 988.1714239072023
323.6961890227037 984.6202825600103
322.20271558968153 992.7410433933211
315.14630162991136 1006.9768234435323
305.7015346340175 1013.2399296466047
302.17060230578414 1019.6995233330441
297.95131091019914 1030.8725912682037
285.8887478771625 1035.6780299330667
282.14882414644336 1044.9899070495426
285.1190009689571 1059.102560837546
270.85408221812736 1068.4563768617786
263.96963727495984 1067.3588576150628
253.43649372244965 1080.0564174911206
252.07636235018055 1086.4673735014364
238.95467780806982 1091.1402383075824
236.57371936181872 1099.2236179978518
234.1815811374525 1109.8035278519917
219.63109928404677 1115.5661354400281
220.46828309424566 1125.381133508991
216.33170545168056 1132.2804900716026
206.2538538059711 1134.097559060846
201.16579274710273 1141.7048727859997
196.31496049656113 1159.9889942831433
200.37599487316766 1166.0604409109046
194.51501798453592 1174.4668127624952
184.76230275499665 1190.1144318113734
188.92084906311732 1203.4490767672673
191.8254447320185 1210.584489447546
197.69864935216512 1223.2543239121994
198.63596985661118 1227.6671037391593
218.06981319436673 1221.5807863691984
218.0484287122887 1218.4944588143994
225.87890701107875 1198.1369157992424
234.20206402913277 1197.055639742175
244.1741241834941 1181.084458329895
242.22292715201075 1188.3863195573024
257.07132122050695 1185.427860202709
262.6203226149495 1170.1849089832945
271.6889048188922 1161.3151376826856
269.2268987664251 1160.6769783233085
279.30124648293884 1148.2993048325382
275.4245497780576 1145.5063823333383
264.4420525921975 1165.1575705261164
261.8616236580286 1173.4447022664185
260.9732277160555 1179.2761249322084
248.03782565377526 1184.4720686478827
245.35436956087716 1197.2734925942264
237.4522797130874 1203.5526962681988
234.7206443749348 1215.752436533188
229.2348524951779 1222.674136863484
219.56872495853696 1228.4773573339073
209.18921828682227 1240.066916820205
212.77207555488576 1252.9427298735916
214.62541955546902 1253.9270447690426
203.92624888568082 1268.8221509216082
203.1854741415047 1274.07750358497
199.55663186187002 1291.6240862447585
200.66103710560188 1294.7347081227351
196.70450090369803 1306.0968539506007
192.9535617075169 1321.4170326666542
192.959576378725 1319.542621668053
195.3826307163125 1335.1768662451814
195.73363559517034 1341.854880870706
202.88672728106116 1354.8043769473668
197.9455415752867 1366.5559973308918
197.7170341745919 1369.9776123917457
203.16141700878447 1379.7828013483118
200.0567293174359 1385.9039951390948
204.82537106578252 1401.3792031448081
211.64454567920183 1413.5515310189978
204.30941647116387 1419.5438391741857
211.90640254892259 1430.6050224998903
212.0271638485179 1445.497439828798
217.07706568342928 1449.015303470777
221.11510739612152 1464.5757136847062
227.6226884201142 1468.4568471145606
242.99591824170497 1478.8658239950569
239.48119831697522 1487.6160940136026
242.94498501863632 1491.9059070437222
245.90888980875323 1506.5233280753473
251.36932439351324 1510.356025870124
262.4581391853683 1521.9865911472325
275.36863483887663 1524.7528001921385
251.50409765798156 1518.6493149860337
258.6472259664967 1513.6779998330053
256.69449460337006 1505.655032372605
248.1907690182177 1489.4869921319057
253.0520423768969 1480.7370838187253
244.2644519460205 1474.5632424576372
244.45342810819542 1464.2389929285423
234.31906576783987 1457.2437777950074
223.90305623366402 1444.5826445372034
227.30619036307667 1438.1475096312618
221.21955850565115 1428.387352550572
222.64184846101807 1417.6999851585397
221.07973646449267 1404.396236410206
210.01352292306058 1396.4365414792292
222.6311311621215 1402.6429803854926
223.64415457250493 1406.907668111957
229.39947600599373 1431.954964129274
240.0524579640879 1434.4909793155957
247.81772190602572 1433.5101240247914
255.61425164970228 1444.5787186930381
266.63602786287146 1446.6336985822718
273.6781441267718 1458.6396072491916
288.540100736169 1455.013540088617
293.4644166337832 1457.4620410363955
296.3967644062572 1463.2633180914834
309.75310555687906 1454.5280446971306
323.68422790436597 1450.6363829726633
330.01805875928204 1451.7039346784034
332.0391259353643 1452.1768714409143
349.5296920510657 1443.1804286941904
355.7240026280875 1439.65380112187
366.29769693035524 1438.132388012463
366.1294921648201 1429.2382348956894
378.82354644007586 1419.3262512753604
383.38979181869223 1413.1176989415817
393.80269516698013 1423.3000232970526
407.6694073547301 1429.9185286289871
404.40098553729405 1436.2667073071436
411.72956834386565 1439.624870922513
409.95450590372104 1450.2173690707582
415.046464883183 1460.6595922591944
417.4070788604772 1474.4019320901614
413.8015308901539 1494.1496898174764
402.7571554419735 1488.147079047665
399.9080050186312 1494.949063715895
411.55753462286134 1487.7577169968613
419.3359485519755 1508.1923917868044
419.3829578664928 1512.7912391167554
415.0118816787763 1522.5128624770791
415.32872672038866 1536.5172602342732
417.0257180699935 1543.98127528991
419.74377472878047 1551.789815294254
415.7623814472608 1567.3136121436955
407.1170741354697 1567.1976506825263
399.84194257373485 1563.8917059508785
377.7087839407697 1566.8983497844704
372.52214975735467 1563.6667662284585
368.1965766620788 1579.4384544003904
364.3084506169652 1566.5287808615376
348.72620885132716 1573.3863574709592
346.6193726036011 1567.1290786527777
335.7206490229087 1551.932627096428
323.2934071144619 1553.6067491320882
319.14689710875473 1551.3019013211372
312.3513398143415 1548.9891239235546
299.5905063673423 1538.8695373230523
287.45506774989667 1534.79012751528
282.95274215929436 1528.0592880005297
274.08136497464363 1532.075496617298
269.48528875341475 1523.1494138230098
255.59417071887347 1516.985297584304
245.85808213404675 1507.0909309763654
238.16949468660553 1507.8482954654685
232.34066926170595 1500.5940120949635
234.51521612347315 1501.8543519283342
226.01240753547316 1490.3998159551763
211.33374420725727 1476.7464883392925
210.62964813082684 1460.8779055361624
214.53872737625272 1467.1400833466034
200.34876705905108 1447.8075903043546
199.71151078359628 1438.4977018300035
198.30704899091043 1424.3769923420539
201.22376895414297 1418.7279066773035
195.05741912073458 1409.9702824548472
203.98390241445477 1403.5229389826695
192.0897818173247 1397.147919080552
194.77020005694436 1399.584884309076
192.59877074766032 1406.77202215295
193.73997063225224 1420.4627956264642
190.5206353372671 1434.5633369474615
184.49121185470224 1446.935700946107
188.54482831774297 1452.032732678613
199.02002401434888 1460.6707123271542
188.26308164054038 1466.7004716903537
190.84501174016822 1482.7808326509662
198.38653235990103 1487.4718901317037
191.4689272295261 1502.590014726317
190.23559855356316 1509.8063426384513
196.80879603063173 1522.8310027006025
203.60654521538916 1536.8119639388474
199.5665234499775 1547.1994804401374
196.7979794759182 1543.4804039000535
201.36246918587372 1562.172434777802
206.1352233975483 1568.5070765108796
198.93270846607652 1578.4725321963215
195.12209960704766 1591.1526180763085
203.74609128051696 1601.8147400696619
207.02875948193102 1616.7672478602722
