1251.6402755032811 768.991071642058
1250.190882646144 774.8272894520221
1277.4701758554431 772.0730893292014
1277.031944379506 771.4982343844263
1288.88926961807 773.8813325156827
1298.840103777335 771.7398491291999
1313.0889972381906 767.8712198329057
1316.3541940713135 775.4317762366667
1328.7261687836299 772.9181250953195
1341.1033676006175 775.8335719605253
1347.7839126255785 769.8845833033545
1361.4267028920374 779.3610884422355
1371.3767128272727 771.0636438207672
1381.474903710271 773.3383321086031
1385.7476046759 773.7550280274177
1402.6314830671272 769.0683836766189
1411.0836107564687 771.972305917289
1417.348826628315 781.0169368883573
1432.7788802347334 777.6067298086707
1436.4535060221133 779.3217736482849
1446.5666816334735 778.7203781422488
1457.1474441456187 783.1497759966179
1473.9564506002068 777.2171444360874
1469.7888980380446 782.5966215989904
1486.965583796748 780.798254638758
1498.0338950830073 790.7825363664787
1512.1158773213717 784.1325935976494
1517.7993688948782 784.9484281849986
1531.3585051131454 791.0410073399805
1537.2978809404 789.7477538981309
1550.7551907966997 793.6377303890234
1557.6464912928848 796.6008377005893
1568.7943180126695 798.5547185038259
1573.6405523470717 804.3985434414503
1580.6917906455728 821.2883416345514
1578.412026823665 822.221579871008
1571.41910949014 836.0617650905092
1569.113463252874 841.6039354469874
1570.578684148713 850.9041435938941
1556.5196635355223 861.9159696104596
1553.3146027025728 869.9156663553131
1556.5962031349004 882.0854770870088
1551.7263706378226 890.5062056604872
1555.7013135329296 903.0836891993996
1539.9966741202772 903.1332759741384
1544.5908972060417 913.6087161803932
1546.7699928916934 930.2919224314636
1535.7656813552285 936.5799969857735
1537.7565537744317 944.6863567388476
1532.9270773210696 955.4026352348145
1533.8847633600178 957.5887405120568
1527.409291851886 970.6162235774115
1524.8832811552204 988.304463305949
1512.5723167594815 993.0346673448123
1517.5568124233287 992.4201257020748
1531.0643021670107 1002.5204276283159
1540.8052386210395 1006.328775004201
1549.4380755000007 1019.896989287255
1554.975006390715 1020.0527410749937
1561.882773480849 1025.5710115641205
1572.3536213579198 1033.3048018771337
1586.7508654532337 1035.610945325151
1585.4694660374876 1049.538309586574
1574.014894809993 1055.883224171249
1577.4184659173059 1064.6246715465763
1578.9381635454342 1072.7596440343568
1589.0724182170586 1079.4056311588884
1589.0607373156352 1091.3786779487361
1599.0656126203548 1087.7778845493094
1610.9236962348848 1098.3666117483929
1611.9799279224949 1099.791774537426
1630.2118856605657 1101.3018697963425
1624.8665774535036 1119.0716128763174
1641.3146643590023 1122.1824276206635
1646.7259006844129 1128.6469758969076
1665.5909577216698 1126.0008802218078
1663.0575429485757 1107.7876418855096
1651.5484020721271 1104.621273862932
1645.7342705132871 1103.29879299647
1631.5883883889533 1095.4721237681476
1629.5055484614961 1094.1531880784873
1616.9406782589344 1083.2851450834632
1607.4679775086722 1087.0577742941264
1602.8150605355802 1073.0495116675363
1589.1536299888855 1069.6610931079947
1590.3369597899114 1060.9949473375161
1583.8599293380735 1056.2209406131105
1570.6790579181607 1056.0749913447282
1574.7547337892975 1077.3437233104314
1584.2694998297811 1082.044447794371
1595.7169729558202 1079.549321821809
1601.8519656019314 1093.1433507116526
1605.602923665027 1100.7937900721165
1621.764951208704 1101.4540260432714
1628.1216934388733 1108.575898759457
1634.7363754011553 1115.062259177421
1647.0049818670268 1112.6134145223064
1658.3079667498387 1123.4972881528574
1660.9984749689986 1125.8172745400875
1663.6342559204725 1108.0366426506866
1647.380606253157 1104.6102188916748
1645.380743077693 1097.604840338699
1637.8529374302714 1096.57430474293
1630.2495489497032 1085.0201238206616
1626.1046373428583 1085.0914769624244
1613.9240792555609 1075.967265995863
1601.6996826938548 1071.146301966433
1589.5745593876131 1065.264300953455
1582.4251054696595 1062.6297884160265
1581.2326640203469 1061.5360714652181
1572.5823294723805 1061.9283077548318
1573.421234517692 1072.160834112591
1583.1703621416893 1077.0011504006713
1592.0915849599678 1083.5620329999363
1597.6917198559534 1094.288170789146
1602.609116855705 1089.6592243360997
1616.3219220321398 1095.3748623251554
1621.2504295589667 1108.9075936063446
1633.5340440022055 1111.964779554218
1644.074705952951 1113.6420470252106
1651.4967676655053 1124.440538131717
1659.1103425782928 1121.5773640251084
1657.1862876855064 1115.2676593075755
1647.9625101425345 1101.7570695532834
1647.0256638048277 1106.6584628590886
1630.8226464725678 1097.7983090361133
1627.5484700525562 1092.0778811593154
1620.6443439722893 1079.4281408894526
1612.0869021244143 1078.0660545226126
1604.9171083016467 1073.2366739018362
1599.8341573605717 1069.5480730586994
1581.9995138355014 1063.6459719565903
1571.1749411782043 1068.4543269409305
1568.152462156931 1065.1883479031505
1567.7237875963933 1074.0439275107835
1579.0658272975058 1086.7116430151677
1603.4252187371503 1089.526726932494
1611.316355916999 1086.9620127303476
1611.3537255173565 1096.7002169243635
1613.517225129207 1102.9368380784547
1625.6329795134982 1106.946796791254
1635.3222721817135 1111.5851226114064
1641.1636631395675 1119.8713308168162
1651.9680844328234 1125.62542816012
1664.5341063048818 1118.467211145922
1656.760848048634 1114.653225575645
1651.8798556171357 1104.4011904284064
1641.64877703494 1102.2446406077659
1643.2069123767772 1096.251802743498
1632.4648721823082 1087.1466212931882
1612.897024206992 1083.1859731927066
1606.57734780784 1078.4609753047357
1597.763318544596 1066.489523389623
1586.2613751491217 1068.938765637212
1585.848628186523 1057.7592342399407
1577.8052045345746 1068.0068673495912
1576.012172095546 1074.3165079896546
1582.0480375667803 1080.7359276299883
1589.4672207439426 1081.5964441836356
1596.188401408689 1078.2923881319027
1602.6952104004636 1093.0866268706989
1608.2711281141324 1095.0526546969686
1614.4982769633143 1108.6621965263682
1634.2808761380159 1103.8625172293657
1643.6184313899892 1113.5090758992892
1647.7004737226212 1123.172094108644
1651.5661754977668 1124.6689792441812
1651.2203049368138 1117.2078786527175
1660.0357065273772 1116.7964960582176
1649.9636213736555 1107.70008421548
1640.04795151789 1097.582682904345
1634.1126181292013 1096.3524729060646
1630.7856947322914 1086.7393888246545
1617.2524802024861 1086.300243842933
1607.5419368139121 1072.0559907567065
1599.1944461094413 1071.8422048703612
1589.895026048195 1064.37491143619
1581.1383656890455 1059.1920201564615
1576.4041870151316 1048.8980057110996
1572.2938299149578 1056.960033450876
1562.0577114322857 1044.6602277806385
1552.3152158898424 1044.56703850452
1542.1782425737103 1032.8788342872786
1535.582752906744 1026.0488511897659
1518.8906120484605 1019.8290499320208
1520.237731396478 1017.4149925365467
1501.4127111241462 1027.981854423261
1515.361331516413 1032.2923424886444
1516.4964343324843 1037.1504005776637
1527.4265588466944 1034.1201235913015
1531.6034031313195 1044.483031409043
1541.157408556069 1048.3546438678711
1548.7548246447288 1059.872775924448
1564.4874568515254 1066.0631268905481
1563.46799776245 1074.5664136190478
1585.8979507222032 1069.8687893420718
1594.5264007255876 1083.323974551947
1595.4027011048079 1088.6189063466825
1595.071978825152 1094.0352174334232
1605.8317418685801 1088.7476013801688
1610.148677826574 1100.7813366933626
1621.2569845635687 1113.06237050094
1639.9933988021287 1113.2926783154646
1640.1226300636981 1131.9600765028176
1652.2083510617524 1127.6206873158255
1662.340858303747 1119.4645795028678
1652.3941216561864 1106.72563876297
1644.4378003821698 1100.6427472761209
1649.5406749492647 1094.003305972627
1630.6550338693 1090.0370510063406
1628.6089498732608 1091.2510710535182
1619.4560170285574 1083.4667171789072
1606.845391202586 1075.7424832629665
1603.5296568731235 1072.754477606711
1598.3983730977184 1072.9960611050042
1582.9936877677817 1057.222340804986
1567.4460125382668 1059.9789544140615
1576.7831219022828 1075.45614688786
1584.6034259581847 1078.1575751294697
1584.7320730817896 1086.5522261608714
1600.026165196752 1084.383376534083
1606.977303653748 1090.5925767898184
1617.3880850991095 1103.7107286129333
1621.2066167364194 1109.8741610891536
1629.2970046099447 1112.9687687125436
1636.5129075887428 1114.0823259404233
1655.0255902929805 1118.9210796889572
1658.667902473431 1126.0682642821334
1661.8665183161831 1122.2472244293137
1651.3497701203457 1111.592749931092
1648.9444552568214 1096.901590774448
1634.079884946699 1101.2261622793612
1632.2831724826067 1090.3502758059253
1620.0551956429615 1085.3535947383957
1620.9124529945354 1087.246921408626
1611.5473866691582 1072.4884291635728
1591.9133282171313 1073.7063789534232
1592.2137978776368 1063.5413729553188
1579.919981618764 1062.1378486191657
1573.4508549884338 1065.8498171620986
1574.1448072585438 1073.6047916903171
1582.0715580760047 1071.3725498409328
1587.9609786508408 1084.880640594448
1601.661533321725 1089.4551446527707
1608.111920102079 1095.6520327673484
1622.2250907501393 1104.205263888757
1619.4417691099723 1105.2235425919584
1635.3404011052044 1114.2581854666728
1639.5477324700971 1111.9310992282612
1648.8881885728663 1121.3128570618405
1655.7578427129895 1128.3881289558828
1665.684001107337 1111.0528848901745
1655.3701992832316 1103.4534566538355
1648.0047690208103 1098.267720397786
1636.8111184862134 1096.5108729099843
1623.3622818851663 1096.4063559842118
1622.5714532290924 1089.2072249938644
1610.1890197379007 1086.7449548469247
1604.5612223698975 1071.5916188203983
1602.0629825666967 1065.2135926331302
1597.138214580846 1072.9694499640248
1576.4835194359712 1061.5673774021004
1569.0550923822432 1057.6195367063574
1567.147607179825 1049.5102324671307
1560.4272194249545 1038.5060111094867
1555.2851433836393 1040.648175852876
1535.1088417199003 1031.6489211124026
1532.6674424059875 1031.6041628283647
1521.4583624080685 1026.5628015385228
1519.020855580023 1014.2892731500413
1499.7227611982316 1029.842080621144
1506.1807579654378 1034.3658864756815
1520.3556823415806 1030.6072086850504
1521.3179778931626 1043.761105314766
1536.0730783230094 1045.4954337789031
1536.7033354424034 1053.3564466446894
1555.6106414115818 1061.8649170456902
1561.4012168618149 1066.0880209877755
1563.820217368567 1064.431982733773
1577.2763512338904 1076.596805402819
1583.2683593299587 1081.6294915082287
1591.9680969332119 1088.2842589426743
1598.4863739046407 1095.7819615378482
1613.0024392493099 1095.5985294131228
1616.0896377557544 1107.6614297890242
1622.2947123887575 1106.5474759531653
1646.7000198771825 1117.2052820937308
1649.8107028511752 1123.442226289438
1651.883950506587 1132.847282308908
1665.7601079055135 1120.191905351002
1656.204474232336 1115.2746756629638
1645.9838155538594 1119.5881844398693
1635.9926452225816 1096.8821287299497
1632.9434901210238 1097.7766748678018
1627.5406544703706 1093.6150205122046
1621.2208227316405 1079.0522402665317
1606.0425671405014 1077.8046338136317
1606.8201683613402 1075.598301272078
1590.1389977308702 1071.7330938324906
1584.7170205051236 1056.8188423887457
1564.5406365887804 1061.5270744920929
1580.3963361089336 1076.1781522731007
1579.17621342922 1072.3542617233074
1599.2929496375157 1076.930906945548
1594.301245289479 1087.2398068160658
1607.9146331125971 1094.0294505077638
1613.457283512983 1098.0812410938481
1621.981501880154 1103.8674988221358
1639.7906918991175 1118.2144191653458
1642.5478633367454 1116.9162273901036
1651.3280292826703 1127.333524551922
1653.6142717861107 1119.0620920355573
1662.7947273042137 1115.7843961084648
1657.4979920735625 1112.221767918625
1646.9414525308946 1094.6545539179597
1645.5579510537298 1099.975385367418
1624.6606168252647 1092.9548154583124
1627.1849162833532 1090.014855311667
1612.5791162031728 1083.348337284532
1603.6246748452747 1077.3044992519078
1595.1152264431682 1068.2153024889521
1590.596645603767 1066.930492744048
1584.816665414409 1068.7194666079236
1574.410035531596 1048.761620990496
1567.598829476762 1050.383128293946
1552.9863278749335 1045.7542066388162
1541.8495217449147 1041.284806347662
1537.468929696914 1037.5560910571055
1532.485176980105 1030.6206865232962
1524.3561610234067 1019.6298941083431
1514.039122282397 1016.9692173229738
1509.7372425001022 1026.190628524858
1508.931263186716 1023.313879175745
1522.8464538214162 1040.7864191216754
1533.2565189670531 1042.9007331756272
1538.2137196068297 1049.8055657379923
1549.1251130434143 1049.3076605492422
1557.934161975777 1063.9120703792544
1566.406618437904 1066.8464895352356
1563.5606705912778 1064.7340700073805
1585.4574728487798 1080.3358563292552
1588.5180748049295 1080.4152829542518
1596.3888287363595 1087.4635678463733
1599.8133796819625 1092.7460803399506
1607.752379506544 1102.5071841626245
1617.491126567612 1102.6746934447842
1627.0864712990792 1107.3655261842373
1634.3054397155715 1114.1745766678964
1644.1266200991838 1118.6491956762738
1655.0340414323864 1126.6009009971867
1656.623430132225 1121.8694444693162
1657.8189397686876 1112.1737665620963
1654.8408183659694 1105.6642459936616
1640.659113053722 1101.4889356179845
1635.563100553847 1095.8831883429848
1626.7222654024006 1083.2159528942143
1616.6057625295432 1086.3331672497866
1606.346923280317 1069.61554484807
1598.024009556415 1073.4091331979098
1603.8686670356685 1061.6616688749557
1585.9843668366966 1062.0651793009354
1573.0953030688697 1053.7875596783058
1567.9033503190092 1049.449381093079
1561.26772779971 1043.1468716406794
1550.7227782758848 1050.724338485946
1548.266932588936 1027.1583198869887
1533.4930429612848 1035.1407217089413
1523.7654614490818 1024.7327261698783
1520.3138522838644 1013.4495843666136
1511.4670358911367 1019.1756104595512
1510.9318633948542 1030.8688463604071
1520.427279307729 1042.9297573686413
1534.9038827244353 1042.9749969556888
1534.8188637068693 1046.88361188366
1543.1124484268391 1057.8644680647214
1547.1752964230702 1061.6144186197698
1556.2208141003093 1066.4979549449843
1571.9908656987518 1072.2184502514306
1586.6603559115417 1077.0732129996984
1590.3060079711104 1082.0080537410481
1587.3455302479651 1084.657048076287
1608.3938952023325 1089.8927651026283
1612.0665257753087 1094.038103541443
1612.845949531664 1106.9060929689615
1627.4321902326863 1110.25073292323
1632.6469761371864 1106.2823367867095
1644.7458235921645 1112.7385971049778
1656.884522066264 1128.4405145375008
1664.8788067623814 1120.6515769665484
1665.6690168095986 1111.251973142095
1646.7493772887044 1105.5474410851602
1643.1962030216603 1095.5703262577351
1628.0513455903535 1095.7392143064308
1619.4064639307126 1081.951943269971
1613.47072674898 1079.7755676870538
1607.0764980630859 1077.68532831195
1596.870417640492 1075.7229762585268
1595.7342285338523 1065.2600353462515
1586.0139902296103 1066.1983905329444
1571.9515308292512 1064.490679979673
1572.153725347389 1068.7652992172927
1579.3708702515846 1082.6349955603105
1591.2978796812176 1090.0540313138647
1597.4621412038396 1083.3353899116985
1613.983061637345 1095.385917624841
1609.2330537262187 1103.2477841145003
1623.7060442041131 1101.3867849313692
1629.1859252372901 1116.886270842792
1635.8474857655683 1118.6097941898804
1648.9325111545334 1116.4098086881277
1656.559887352235 1125.1156127206768
1664.3775123063099 1118.1160648210853
1655.6304349893908 1102.9186920233149
1649.0516565759171 1104.304111458922
1638.854181683535 1095.8842923973943
1640.5961350523075 1090.5235561183088
1627.7386864794855 1093.763536195223
1616.327043245784 1086.100806780406
1602.6830641373276 1083.405502713933
1600.0015494705642 1075.8068061700867
1589.4458618740478 1070.4747516809184
1589.1697926874585 1052.6517702615245
1574.1179317540302 1061.5684124391946
1572.9137453465785 1069.9479185768093
1574.8410326574779 1074.1715331680793
1587.239466160223 1081.5951797401535
1596.6868771276954 1087.8075982744103
1607.3009658703645 1098.532881604466
1615.8558757519697 1101.1504864462386
1626.6116464363697 1110.4391522792712
1635.886625058444 1112.4295056183557
1639.4557421936427 1116.477649938035
1640.010114735298 1124.885719369263
1654.4887600207965 1129.1572618146474
1664.9727775490198 1116.1425796691512
1653.3069583709737 1106.8182379568316
1644.8792469159046 1107.8542681946085
1641.4111079916113 1105.6826937899464
1630.402918762191 1091.1585603245073
1618.4486339794657 1086.3984960223033
1615.0750064249432 1090.2857713418964
1607.3180074634888 1078.4208646018726
1595.4980338067778 1070.922032163561
1585.356017976086 1069.068651539922
1584.5055123552354 1064.2296932571292
1574.5543529853112 1054.875414358189
1574.0273571333291 1068.609114423665
1575.5829200956325 1077.4508471114714
1591.6789384762037 1079.0732311748318
1594.5068642908473 1086.0411358085044
1611.890312048427 1100.4081932766644
1614.4734156148068 1100.2600991613876
1619.7457163557801 1107.6121381466
1633.7677720182367 1109.1938944346125
1636.9007358668803 1115.4281517077563
1651.9951809977752 1114.532630459135
1653.7556556966483 1124.4110890637833
1657.1681831920262 1125.65405395301
1656.3939336802002 1106.3513072457934
1645.9057733372722 1098.1708555067191
1648.4468361706445 1100.6423345862072
1624.365532268966 1097.8804268208721
1627.1384894811672 1083.4841892312509
1612.4232370747486 1076.8270738809476
1603.2317746394701 1074.2350687764772
1599.6035706513405 1072.7520017096026
1586.746158152871 1064.4366674834012
1583.0019640868522 1060.0239946790707
1574.4691458867715 1059.6756669820777
1577.1228415002493 1073.0243566182235
1582.6140052550832 1083.6510377251168
1592.5183976535357 1074.9708818233082
1591.9123190793705 1097.1568854458828
1618.3188921967244 1094.1525177878784
1620.8698758644302 1100.2791291655444
1617.0041259679751 1111.2528919724095
1631.5567099272928 1111.2890325548656
1645.1309899922512 1123.7589132208304
1648.9961402833032 1123.776677739377
1660.5201023981967 1128.2912854529204
1664.517383940367 1110.0228332453682
1660.9239016073755 1106.7656244309635
1647.5411480137923 1104.1306601822325
1638.5129852217501 1098.6859561709084
1633.9663195607952 1095.3142393627325
1624.0748113053958 1084.8284055790537
1614.0169512845534 1082.065031040237
1607.8475923936303 1073.2094726083353
1598.0312867576001 1066.3492111503435
1593.3715136129797 1063.5141861395066
1585.0440974838473 1058.0475651191439
1573.698439719619 1048.7164297834656
1563.3353773999706 1049.272920570647
1553.2754824796696 1039.451258707775
1553.313414432406 1035.7513236156276
1534.8144495572992 1038.0792992015965
1529.9389505861027 1023.4546948766816
1527.157039307003 1026.4573131596933
1515.301790226071 1013.5449698862889
1507.4133359664781 1020.3523908223412
1515.2536960587315 1030.149966740327
1522.325515105495 1041.8909315411615
1526.7939247365043 1041.1876992359764
1538.2654249729817 1049.1656192825253
1553.120966900379 1059.2150061775558
1558.2327401834884 1056.801102602588
1564.9377864471157 1065.7569300052915
1570.9209197997156 1070.3875734576989
1582.8244537757207 1083.5945903379068
1583.056768600706 1081.3239462034308
1603.8598607064998 1087.269959692455
1606.133666237379 1091.8254677886891
1610.2922868659944 1092.839552312319
1623.1690475676874 1103.995878479965
1629.2883942366766 1110.0857557317895
1636.1642139133019 1108.9700317691631
1640.9815809586046 1114.266555103823
1649.288726557665 1120.5627910441
1658.5480148297172 1124.8373659454767
1665.5333014294363 1110.6952165135096
1644.045233696076 1107.9693580449282
1640.7122036320575 1104.4958210942873
1633.0942900280209 1093.549334061517
1634.7727019425174 1092.1458550855773
1619.1524138078084 1081.5939883893402
1602.7301776685856 1083.0244552380095
1594.562995541937 1074.933592664669
1590.641819077783 1069.4729595903784
1587.6250529597855 1065.5181696183618
1579.0321831862593 1059.2577282202587
1566.5981444786557 1042.4808459212552
1549.9073066523058 1040.865514136709
1548.681219817381 1047.5840485091405
1546.7465084661574 1032.888840740091
1538.466404501285 1034.574900635739
1518.752718939518 1022.0595925651529
1507.923055929933 1021.927306464903
1513.3172040428406 1020.046592265365
1501.8303514048227 1024.3547060387814
1515.9692142108097 1035.226018945837
1526.402363862217 1043.1551846113134
1537.1994260809588 1042.533372967843
1546.3931638857043 1059.997981992112
1554.302779118568 1062.6674141197382
1559.9518609601162 1059.1128909675144
1567.4773567391708 1069.5697462168202
1574.3880047722212 1075.0222937318201
1580.1785413799741 1076.621999375624
1597.76260283304 1090.8419205312623
1602.616090651655 1089.2043412993191
1613.7429769194525 1100.8567471240387
1614.179928554111 1106.150081014762
1622.727844094704 1106.809560255502
1639.1229396811852 1114.3520914846904
1642.6351235959849 1120.3402041758047
1653.9844789043043 1130.6973844879687
1662.18572355894 1120.9002573601686
1651.161477281932 1107.9679554476024
1652.4159591729392 1102.2004804556364
1640.328362404258 1099.975737933634
1638.80447479589 1094.0527868126553
1626.8056322305015 1094.2646069000125
1614.3824830688911 1087.7288707414489
1606.840494711431 1080.6807660214688
1602.2228764664137 1073.129478487634
1590.915697255114 1062.0845463570176
1592.189113360208 1059.2856415116062
1568.7146921061078 1057.986423379725
1565.585606100963 1052.3184249257774
1556.9567104967036 1050.5137363181477
1548.6472534783306 1039.1174001380493
1539.3537474577477 1037.8971003575589
1531.5895461057432 1032.2379327946437
1522.696422034848 1022.4727188297825
1514.5087565462175 1011.8600899317282
1498.5266689187335 1029.444342398572
1517.0692890233297 1030.0035186059151
1526.8006702062644 1040.8312989305055
1530.542444021906 1044.0461854578878
1535.2554500653705 1051.9403693054749
1542.3810108773419 1059.9861167574143
1549.9652204504366 1060.4252419655409
1561.093560790512 1064.4992645202585
1573.2326820225976 1072.8523594436826
1579.3867156155916 1077.490751686093
1581.7718550013212 1083.3665048627793
1593.5857128206258 1086.3238840924391
1594.9289207306706 1092.4548959373956
1611.0866554579302 1099.029151660749
1623.5726141105972 1098.3123735231832
1629.6750626588012 1106.2559701574519
1639.388533558322 1120.5143630331384
1643.0086402687607 1121.6329368637726
1653.315870442154 1117.9451773394999
1661.8984927434442 1120.256267349776
1652.4317054596804 1111.9556006389123
1651.92011579284 1111.280672240816
1641.7684933476532 1108.1808819452106
1633.8279695217266 1092.574635826576
1624.0814107377473 1089.1620878503975
1623.947849134825 1077.8207965012368
1610.5557548152162 1079.5929310528109
1604.3219846827456 1074.5752295129064
1590.7514931704952 1067.3559247336407
1584.1416635190233 1064.2221397580229
1576.1678558982505 1049.1606987482105
1564.1054749221257 1053.834068823159
1565.5046387961245 1047.8449100744435
1548.5611909373029 1036.8903819765242
1544.62229329767 1029.5191670947188
1542.4330565703247 1023.5835078072482
1521.4217266964836 1021.9380113836842
1513.9725987691872 1014.1162821080007
1506.5041982206908 1019.2198795867218
1518.3604640458998 1039.8577620346618
1510.470450392138 1034.3676644026214
1525.4691660965475 1044.3120654007214
1529.8839310405413 1043.3678431272074
1549.3216350155244 1053.0550949455028
1557.7927156411586 1056.5275539904703
1561.5619663043822 1059.035921208942
1569.4741016934597 1072.3227325112257
1582.0584470970227 1073.0799749955258
1588.0275489001294 1085.1911730500337
1590.9463768824708 1083.4181690800274
1598.9459644570316 1091.3455440722294
1603.9383160042962 1103.6946019079658
1618.2921386940552 1103.3268089098233
1624.7045764741138 1107.5454040988034
1632.2727361556745 1105.1199277703408
1646.2554675835154 1126.0033454513118
1648.967259927287 1121.9805342017235
1658.762425293821 1126.7635752153424
1667.0648222293155 1113.1192158864233
1643.9168759188385 1103.3142140976795
1643.0237686783553 1094.5606670111542
1634.0829274318066 1102.502015559141
1618.6886519612067 1091.9945029574794
1617.8638004108527 1076.4655764540996
1613.2045785612718 1079.8095328306235
1607.5504405535794 1071.6406407323852
1601.5906946066734 1064.2993736645406
1578.6793743610529 1066.8083458250715
1569.8351996829228 1061.6499628640413
1568.7794380180296 1072.5409773164167
1577.8061164879464 1085.9210322702313
1592.4088567810538 1076.9944368585568
1602.3359823757942 1089.946773633286
1604.0516092862806 1095.82467312532
1610.8664315101867 1104.7404084997836
1623.7217234897937 1110.0469290533674
1636.8374189728797 1114.1071791972743
1641.6397893210521 1121.339402989273
1643.2847701709402 1124.1560805592019
1650.2741438447013 1141.350244870767
1663.9258965804697 1114.125319928086
1657.2266347619823 1101.9588924904021
1658.9113627083352 1099.9342236244752
1646.4754074725754 1101.3017785903787
1627.6105618738286 1090.257606644201
1624.6658260366619 1090.6713503532712
1602.736779413934 1075.992751271161
1611.6098821235953 1077.2296330530012
1596.6199306534409 1066.9546717580974
1588.498265168121 1063.682078778826
1585.3791709801799 1064.9540353545585
1567.4446933737038 1061.87451032621
1560.1762286503306 1047.9899798039064
1554.7216656728901 1041.527053470101
1548.1740016030244 1042.7617919816605
1536.7609340310778 1033.3284094882868
1538.7779435298876 1023.3682313458423
1537.981340237322 1015.8517863028692
1518.1917971699186 1023.6965882273519
1505.6960298854503 1024.1442492928825
1512.8075781152047 1036.774164802333
1519.875646714195 1038.469491532599
1526.1957509232834 1041.9923411103389
1541.3669844722938 1047.6049788579437
1546.7306997413314 1053.1685094364134
1554.3564930414525 1061.175178723055
1563.456917310172 1066.3317584034269
1570.4048294069603 1073.2062578043642
1578.0820150227298 1077.7344733585014
1588.5823806242236 1074.83632147304
1594.6516663711368 1086.1364356076
1601.937728530479 1087.2868422278173
1602.3545506870437 1100.405955762458
1615.991211063063 1106.9662329199161
1630.6308708031797 1108.0033845816972
1638.8700120620747 1113.4396477453492
1635.5657114864446 1110.9274049551395
1647.0460529524394 1121.7625039257491
1666.5588666324613 1117.0841712610822
1654.6622308260369 1110.6457728916728
1647.9618884212846 1102.246012515203
1640.4498418334365 1093.3727358549884
1634.4291674584526 1093.8895239538538
1629.4184222755653 1093.0809160147003
1614.240970508101 1078.608519383115
1616.4548385714468 1079.6968507285367
1594.5058866492916 1068.4086939780805
1589.659046735605 1059.987593013474
1580.9104554862297 1058.5333510915284
1566.2698547414045 1058.3847381700443
1564.62714986549 1082.9615009445693
1581.5435344924258 1064.9881974122186
1582.7308571636265 1087.3164292569593
1602.567313928441 1089.8205917040464
1605.7290743412216 1095.8888002149527
1611.8997399599723 1102.6504742108984
1623.6556155014944 1105.7456568301589
1631.178282955399 1116.6974647821487
1640.4542650050955 1120.5134190370043
1644.675106385316 1126.6296512880922
1658.6348809505164 1123.8578221399837
1658.0746684704632 1127.957426321077
1652.9147830867012 1118.4676429336262
1652.129987624484 1109.5905838632073
1644.8695870662996 1094.667790506661
1633.823930497807 1097.255261606152
1630.760653685382 1086.5272747323763
1616.6280708625736 1083.1444876991848
1608.8996839879833 1076.04023700629
1598.8420962157688 1080.2535389824525
1592.865280681705 1064.266304734733
1580.5705544825385 1061.2255250009016
1573.9032372639188 1059.418181562734
1572.628464197415 1072.726913417292
1573.361795240792 1083.3060481569266
1593.638320190294 1076.9122050096971
1600.966695782901 1087.3586355456275
1602.621309409125 1092.4031339400908
1620.8316679951802 1096.0738603390928
1622.8247074324233 1102.496394998823
1637.6045181015802 1114.218309604265
1640.5963866298366 1111.5437955205973
1649.6111672854154 1123.4323072088205
1652.5874255316266 1132.8691575633393
1668.5891731069623 1113.9511915759003
1654.0907588546597 1112.4258980480695
1640.0340487201781 1110.067494315415
1640.1122559099413 1094.565999105621
1627.9943229753007 1090.5794152209335
1624.0461682136342 1088.1677255393863
1612.2973426114131 1080.3898047606892
1598.8609527460624 1070.5389409635052
1597.7561924070949 1071.9587703893592
1588.6846165745649 1065.6210981163842
1573.680928910176 1059.5130665395004
1576.3925189612285 1056.6445415856422
1568.860234408487 1043.9861713952428
1561.332722633065 1043.0828667926964
1545.9274295952334 1033.2758139517637
1542.9577721561013 1025.1284675767238
1535.0493769661891 1030.6979287581557
1521.1617584262376 1022.9245702087464
1517.3950349690845 1014.9540144684368
1503.8617280209244 1022.4426520789817
1516.3320124351926 1039.1323345827097
1522.785733477886 1033.7054467566008
1529.750998647518 1041.6152416751238
1539.7875646137322 1049.93740146039
1545.354832447629 1054.8775305457655
1550.2001911807583 1070.4834328023237
1559.0221190466793 1058.6952702372005
1572.0720896680791 1062.2825703504084
1578.8587399584328 1077.7151959136106
1586.6771061615589 1085.3294644580553
1601.7468951950143 1086.4030568502442
1607.1559163098882 1088.387462382565
1619.0554309726301 1102.9373377852924
1617.722905314091 1102.1924513765418
1624.7151402446186 1111.6170425821274
1636.2551440085142 1112.7321036350972
1643.9220677360775 1122.439748275575
1655.733322630749 1126.625598833233
1666.9904892805173 1127.851518611924
1662.1505842666186 1107.356729228692
1647.4931429131789 1106.3815973428477
1641.9012412960797 1093.9442782386311
1630.4565033591293 1089.5581533425661
1623.8283768876515 1083.775890387336
1619.5468048487742 1085.1374140956834
1611.0977714955868 1080.1856217187592
1596.8005151221025 1073.823043215657
1590.6853257514742 1063.8019125045548
1583.500987148264 1065.1776292922245
1576.055831718796 1059.304191502782
1564.7946334147232 1050.600746783974
1557.0971574228531 1045.1298625248814
1548.1249564892898 1029.8097925233367
1543.2648115499353 1024.676574561576
1537.300814687803 1032.7817307433036
1528.6882864718568 1027.2026186169192
1513.8167697494762 1017.2555875143541
1506.7024165287683 1018.6626129294918
1509.0097237278503 1030.134395704487
1520.6807356520687 1035.5894861404452
1529.9940983302872 1047.4803598929966
1528.245013854921 1043.4879631642661
1550.7242597096813 1058.6380666185341
1549.246700892873 1059.8849497704425
1562.741875578313 1066.6615329994386
1576.8873425196675 1075.9100650630455
1579.4007690720382 1084.214863674472
1591.9721501432025 1085.1013925716493
1602.335515562332 1084.991219586879
1600.2272232665944 1096.6061891715494
1617.3307570879165 1096.2158427113498
1615.9014253132457 1091.889339901895
1629.7435346001553 1108.0118508841426
1638.3269692010524 1122.5417508457576
1638.190165318854 1116.725673106335
1650.8340235425887 1127.8562321085033
1666.1881810074497 1114.1290345865293
1655.2162804478564 1107.9178416220004
1649.3772321184376 1105.5148032996215
1645.6370025866288 1099.8862375114413
1630.803850907603 1092.7740621599187
1623.998847652798 1084.3578511423718
1628.414362198073 1080.5559549006944
1603.3259167022602 1071.2845390614116
1604.37754756673 1077.1556936566906
1587.773547046744 1061.4043933363048
1578.8608545267543 1066.2235970831325
1575.8171083117284 1061.8489755632388
1573.7834427924427 1070.1327342152808
1587.078086869407 1081.385242188102
1591.4018843321262 1081.3859103020839
1602.124002434015 1090.519527983724
1608.8600124945476 1101.5009578848383
1608.8846149064143 1097.9523751323725
1624.1454977524172 1104.8776963311434
1630.481110294294 1108.6675977731531
1638.0125247598448 1112.7324136082664
1652.394573880962 1119.6273961365405
1655.1136186481417 1123.1671531604568
1655.0572308399273 1128.0450319613778
1658.9628532995196 1112.9066171894835
1647.7404533488157 1100.9469882049752
1644.500874543346 1094.9227953945838
1638.7369072632425 1096.1639023719442
1623.2593140112835 1090.2570145755844
1609.4868200728536 1088.116426258891
1606.9781045202408 1077.9075543598994
1602.1668868402996 1066.8812462857807
1589.3851614348962 1067.4237957639432
1583.118219745122 1063.2280234035022
1567.61821193965 1061.5811443756859
1568.6419021947845 1068.8820248924635
1584.4871654066774 1075.3016487994184
1586.8068635937911 1078.7596594894198
1603.0644390438624 1088.5764937268734
1612.3914902232955 1090.377373931882
1613.349595234477 1096.478591004156
1624.6685909212727 1103.6329642315295
1632.8893581980183 1111.6434071287074
1633.2324218833103 1115.6998964376235
1650.6129986058172 1130.2573147136957
1653.8402775123952 1128.8831746629915
1666.6364193070635 1115.4167813632107
1653.9874171925103 1111.9766392316876
1650.0115552463283 1102.9781085840655
1647.0392203730146 1103.3926656253282
1630.4416639539709 1098.4201087456358
1612.941089035358 1086.0340203364508
1620.2736488898972 1085.3132176249055
1607.4601438799746 1081.8603098629883
1598.5551398988796 1074.3784505225678
1588.6015127559406 1067.325430693656
1581.6049824369236 1063.94204403326
1576.3072660333703 1059.9892671870675
1565.3426492953622 1041.1421304034916
1563.4961490214025 1043.1276126619864
1551.0774042543962 1036.0833425257326
1542.0054724572146 1033.5074527899267
1537.920001866102 1029.2123637492118
1527.223973426212 1028.6035980339116
1521.2126059377094 1021.7773477349804
1505.0665031935018 1021.0355969055547
1511.0270166201528 1026.2345899486468
1519.1281165574055 1040.253366293475
1526.0111510613167 1045.5525108460874
1539.5809230517514 1046.3534243185447
1544.6611369610418 1053.5291069554705
1553.4736574523108 1058.4285781495691
1558.9905995831466 1061.8552325576277
1566.12569400783 1074.4446217792374
1579.5889878128544 1081.9389681259972
1591.8103914426733 1078.447864276705
1593.3431914921612 1085.183808575633
1597.6658694316088 1095.9207117239077
1612.8585206032078 1095.8442216830467
1616.6821683940432 1105.6739379700473
1625.7780324267699 1112.1526962420403
1636.796833761566 1113.1806931935243
1640.6491480962263 1124.284295121802
1647.1626776014323 1127.0076588418058
1666.5459400910743 1123.5551421772198
1659.0768992893431 1112.7460745350336
1644.851405453855 1102.3537771043573
1640.1623052425248 1095.8955296345234
1635.4883339402659 1091.533146659423
1624.1338995353888 1099.0827862923506
1614.617937345144 1081.808748129585
1610.9451879935816 1075.777963010549
1593.797067206388 1072.8502003488418
1591.9425499024328 1064.747753279905
1581.9503543696178 1062.1737863221363
1573.832730467452 1068.2109406617267
1576.7901633248061 1068.1145817942158
1583.4104197267955 1071.4237774127375
1593.8631805197153 1088.546154978217
1601.195154062166 1088.6340368393617
1598.4618147535218 1095.0847847481239
1613.5344451510355 1092.718172489776
1614.046883641131 1100.3768080859247
1632.2879141966785 1109.1534801755643
1637.685767966672 1121.285723155356
1646.1857146805614 1123.8786856812571
1661.6040150046183 1126.7871941067447
1657.0689229789712 1117.3528421332524
1661.3983993677157 1115.0803402077022
1650.2400987178744 1107.8421339589634
1642.8739783980927 1106.8484929349518
1630.4555634140581 1092.4791319203362
1626.7412709296188 1085.532790766307
1617.4821067845212 1087.3951314464657
1616.144274233053 1072.961287094604
1599.9130480386434 1068.8164066309148
1588.9192846862104 1067.343416196299
1586.099942169232 1065.7961982263703
1573.1485170074398 1056.380837202487
1565.708465606351 1046.0765166442666
1556.278146360555 1045.8353385583575
1548.5164266187028 1039.3245463407552
1542.979375862924 1030.3793618012505
1531.7672619842 1021.0371380601545
1520.156255168093 1024.5251401416588
1519.1331069408386 1025.6080714529542
1504.7399728523144 1022.7107799612521
1515.4265830959469 1031.81636931637
1517.0574634872335 1037.4428672733059
1522.463461695785 1039.3240408216839
1539.695927467283 1041.542193827472
1545.3740052878613 1053.2582485344094
1551.9031728287437 1064.8786368530937
1555.5237274378835 1064.9913792849352
1566.5010694608568 1072.8948744983882
1573.303629684247 1076.1344859611
1586.5689010565716 1078.6729952999337
1593.1343623927519 1088.5837738188823
1603.444952448837 1088.8427719435126
1607.1420626779525 1100.4107749166367
1622.930635159534 1110.9170280225574
1631.8976807481583 1103.715782218348
1640.8410636610938 1119.9587539654508
1646.8731229310554 1119.2001590678287
1652.009841414069 1126.3576367891028
1664.0475009896804 1119.8811470606863
1667.6319150670045 1119.6278969676134
1651.7924814235337 1104.5830424268809
1642.8103352711391 1096.7536172728908
1638.5753867687383 1099.609385040752
1625.6131675917009 1095.8072303117806
1621.0214181256288 1081.0417697889814
1602.9997987747572 1081.5902366887622
1599.839840819231 1074.9183184451279
1596.1396500654253 1067.0477887113009
1580.1398294734129 1066.855850417196
1571.9751261876218 1059.8098903388425
1570.8280393274667 1072.1011440871102
1578.5285862396047 1079.962923292208
1591.7303719461624 1080.3497948032114
1604.0849529226327 1086.1038068143655
1606.2429904000046 1086.9573083002845
1608.369867670607 1105.452358910876
1620.115564637331 1106.3105173223869
1634.539662909038 1107.74241648246
1640.4430185445112 1116.0862246768788
1645.266856560967 1121.3207061945882
1655.9410334264032 1124.609199955674
1666.4060826582593 1120.5411869277689
1652.1742164212378 1106.994045233768
1649.6346362948607 1106.9927369403692
1642.205251745525 1104.2699328448434
1628.9733536280523 1096.7758668953356
1627.7703197945236 1086.5668418769062
1620.5725089238183 1088.9391642207095
1603.882732243821 1076.2315589146617
1604.8120319943696 1073.8906298191448
1596.7839099047058 1068.216177995151
1586.4787034380595 1061.4068177578013
1572.794106033795 1069.512071350893
1572.316418627116 1069.5682094873184
1585.2484068503873 1082.824924166825
1589.8199656092943 1084.077881059597
1598.8522058662872 1092.1559757698626
1606.4412282740302 1097.5301868334423
1614.609328763223 1095.366254854589
1623.1107745081254 1102.406054310158
1629.0397308506144 1110.5826308777664
1631.8704085156282 1114.0350186989776
1648.1192585039041 1123.0970109994153
1653.7831449938033 1118.122483110093
1659.6606522226775 1118.0026495217357
1652.2589898993408 1108.0206352709888
1647.0570841059034 1107.2763448443623
1640.2835676059112 1097.1470345322987
1634.5308155749353 1088.9118789916688
1626.434368839354 1093.0405781160246
1608.4245014462967 1082.8911222567194
1601.9403064054231 1076.5066289717329
1603.568344366012 1069.5559720414965
1595.814056865004 1062.7394887442942
1584.152670618251 1067.3068312598082
1571.7122848400502 1052.8690018045763
1570.023843795809 1051.2608800707533
1554.8914474566518 1043.894191972452
1551.65396925633 1038.9076765033587
1548.0058014529802 1028.3320977723442
1529.1057970239717 1022.3104119136949
1521.2656298487468 1032.0616488292733
1513.4799327562362 1015.8829906188204
1502.5017835416215 1015.0850267452604
1520.1871588655847 1026.651461736876
1524.6359369290533 1040.8657653062094
1539.0962718736657 1041.943951985763
1537.5711919806456 1045.6419872661706
1543.4417347869264 1052.725805189421
1544.4162710330766 1063.2402992651732
1565.9993488088126 1064.2604518524363
1570.9264689504992 1073.421524074229
1572.7731032242464 1073.1279256485652
1579.533760090552 1077.0240291851844
1601.2365406056063 1089.874838045225
1608.9249818359206 1102.2074064806063
1615.234353523744 1096.348491584357
1616.7836639694176 1104.9757229671059
1624.4207580061989 1108.2167900556847
1634.9543911427058 1115.3343220935335
1647.3984540226315 1124.4320925976256
1646.3758272035066 1121.518298543962
1671.378405325299 1123.2330158216193
1654.082628748048 1115.1851506765438
1649.7810223382032 1104.7079218339018
1634.4650530144309 1096.1684082947238
1632.3492315618705 1092.9952051523437
1624.0213320851976 1083.5558554315137
1615.290164750329 1083.508998734503
1603.2256259463015 1080.0493572479197
1599.2637043286015 1073.0090894298905
1588.9499495264902 1066.7883497253445
1579.9964487998602 1063.485757974407
1576.9958841178857 1061.0223683566642
1567.6285772370322 1070.115276398252
1586.0028397747435 1063.4622745652107
1581.1650175097016 1077.6658292103164
1598.8605700874168 1083.8509765266317
1612.7876369772682 1092.8145379819068
1615.0157114792953 1090.4179121434074
1632.4036742445553 1100.7002337165666
1633.664750337413 1114.2614205708296
1644.9889374154918 1114.8600753654816
1649.2815042650705 1117.0206435886494
1657.4865751023797 1122.704808650815
1666.3049019795847 1115.4345212267385
1664.2330512180422 1109.7278341092624
1647.3463364388513 1104.7383170114374
1642.3302442847005 1096.545776439564
1634.6324047438354 1096.2011589048623
1624.723936635602 1089.6634548883176
1607.2020601457043 1085.8303136734742
1613.1604217778506 1075.532126933235
1598.098642530812 1068.214648785552
1594.6061255542038 1063.7776277863265
1584.6122007864801 1056.4934519862434
1573.0816101377172 1057.8727772757989
1567.7525890642708 1055.550531288348
1556.5348051275664 1042.1149169590617
1552.217956665515 1038.2014091479136
1546.0701707717683 1037.7806399443057
1531.0404667762575 1026.8412988058403
1526.6921524592242 1023.6288832199303
1522.4532828000617 1009.9516437593251
1512.160383682445 1018.3386071318123
1510.515192481692 1028.1280115149225
1528.3010562283387 1038.1234192088912
1523.3885375880386 1036.6240008639259
1546.2077694905624 1039.2421914323327
1544.999305868337 1048.434878818897
1549.8366816572527 1057.3786634642936
1554.3416869296816 1055.8015577188369
1568.637286072254 1069.277738873176
1574.7187280018163 1078.1371595731007
1589.897044669149 1073.2793075767956
1591.7949757172937 1090.642291612125
1597.7463599696287 1087.5257542625734
1611.9036352804865 1104.4992585734446
1620.2727968375486 1102.9725558134041
1636.4674471023623 1108.766604303412
1639.3825863187983 1107.6176432398913
1646.9821033031892 1120.1484830872917
1657.0704057629885 1125.308615484895
1662.801627539387 1117.7371852420392
1663.7581802809439 1106.5949492190712
1653.431222346405 1103.3447706108873
1638.0448692771447 1104.9702925320441
1633.2831035568581 1096.7684084817529
1625.2998190116411 1089.0578200706595
1613.1272256890072 1079.9967964434804
1608.9852575436862 1073.8641427238028
1596.935986549924 1071.001278452202
1593.7051060232823 1061.2214759574335
1582.2650007791178 1058.4267063095
1567.0479585688104 1066.0044311486288
1575.086294147625 1071.045731628705
1576.6407366927338 1080.0213539987938
1585.196022849486 1087.1483986816952
1607.1597394560238 1089.7634745315015
1605.355919232371 1093.0186518999403
1612.338285333656 1102.1238232897645
1632.2236540911697 1103.2461964896625
1628.3966608172746 1107.4940126475858
1642.5825051071256 1122.365002665124
1645.4035116551343 1123.233480551631
1654.7780622488963 1131.0809570123504
1654.894158835517 1119.5280737482458
1665.5644311156136 1107.6022567191833
1654.7763073644605 1105.3672589109724
1643.7236326948037 1099.3477484272607
1631.8832308904557 1092.7657178006957
1630.6715118415143 1084.94360582313
1613.9934256802003 1080.3092397163127
1608.7287255445535 1069.8423026880553
1599.7685494102693 1081.2866023409501
1590.0327211029683 1067.036211845347
1582.4325076322052 1061.6486780532668
1574.7733483663242 1052.1606639130905
1563.7973131715403 1052.417014616557
1554.4948286505469 1056.2852706319668
1553.9355731152766 1033.6720407006553
1538.5803098907602 1034.2470527739044
1532.2624388231875 1029.8784139286504
1524.4033154300614 1019.4841520711213
1518.0056323635238 1010.3085684369158
1506.3240088859216 1025.4436463337192
1514.0138848326258 1033.3896438129104
1520.8665198840827 1040.2901663623536
1533.2516909695537 1036.1134129287193
1546.5566409260155 1054.7301344851326
1541.662318675901 1056.525727265083
1556.9524068680166 1063.9931266229119
1564.119237798684 1055.3902872636586
1571.4756594952337 1066.848498637813
1573.2756629749217 1077.2222195219897
1587.5241894406267 1080.2266626182409
1595.6995279909395 1087.603127526909
1604.1414412400238 1091.0752638326358
1605.4388208084574 1094.9445732352822
1621.918292904623 1106.1727847296147
1623.1715826743582 1114.8861443857909
1636.5469373963401 1120.2523682472545
1644.9191661742752 1119.8324597800452
1652.4855032141224 1126.55232541612
1663.8940555706624 1128.8628040894591
1655.6359610697202 1109.5161308105403
1654.6356027585307 1104.8936002322375
1642.4797819079577 1103.614169768896
1632.5440588376505 1097.201308429876
1628.730617243373 1091.9512348198082
1608.4273526831882 1082.8673690957694
1606.2715361288256 1076.0486734778126
1605.9190061271338 1076.2448632843355
1584.636488922492 1064.6077607916425
1578.7999068431507 1070.794594414451
1575.961554262819 1051.3523305281649
1570.4627784952181 1048.6123749515934
1560.4605310702927 1050.1320622088963
1550.9332405403 1034.4809467887692
1548.8981346738417 1040.5295315713395
1533.179895089156 1029.1969113881007
1527.146267826558 1023.7104924642354
1517.3970829074517 1012.9174993732322
1510.1896808535132 1021.4965111959439
1513.9441582945713 1031.3764512609773
1523.500243742062 1032.9096799997749
1521.5436731398484 1045.2084171016506
1539.9887670906821 1052.1115686613239
1547.2232376431848 1053.0528884622458
1546.0119187380735 1058.3794138591709
1560.1159254561771 1066.2401537836597
1574.870035364272 1072.2529784127112
1582.1314868260365 1078.3294665161454
1584.1753774403035 1081.091582964515
1596.778879341409 1091.508352959415
1610.436988860729 1096.5706592446998
1607.0942745217628 1102.0491939595158
1614.6745801046889 1101.403990464136
1630.8125712917745 1107.903102888246
1631.4838662743805 1111.0168702639244
1645.4471506598009 1120.5842927531671
1649.4810486918732 1129.1927578628533
1665.8173557845441 1116.9444876257007
1656.5497096410181 1109.667502909606
1656.60462865523 1103.5801224377199
1643.4189899849173 1102.529994609574
1629.7985029283523 1093.2431978423383
1626.0791695048053 1090.8188076144677
1616.7284932959867 1076.3385298773226
1607.996173477054 1073.9829116912538
1600.3662103426414 1067.4211459198314
1590.143280903187 1065.5331487482208
1588.263078719894 1066.2883753529518
1573.677429220697 1066.7873807283945
1576.5199154454351 1072.9133106686263
1582.8328405479883 1073.9847717726418
1582.3293496164238 1087.9657304521456
1596.839307006782 1092.0216152413807
1605.7014046594682 1090.11670564901
1620.4389550814565 1102.595997931215
1620.7898779959594 1109.2858722871053
1627.0220671750744 1117.545572382498
1634.4010204928989 1113.4510622863986
1649.3243783760672 1121.6879407398574
1660.376554212073 1131.5049075178729
1658.1244425855673 1116.701873614887
1657.4572698656011 1108.0682893208916
1660.4397197623086 1107.5034667802922
1641.0661969125026 1099.4039358666184
1633.8851600601351 1091.5133911626474
1626.0378684045515 1083.3411582908109
1615.1897201333832 1088.6582983497085
1605.2026299908382 1072.7566088111982
1599.0247368734988 1063.5639004541704
1598.7850497156949 1064.1013395743478
1584.7389260977457 1059.7108418179187
1577.719966385624 1061.6651683717998
