412.7796096366732 920.0920605693073
432.1730880988451 887.7664470509023
448.6697174484929 861.4257883593207
476.6790390517346 839.7715818808688
491.824056685515 823.5247135860382
513.8177964413518 808.3618040383762
546.5640744062922 787.5772835494573
569.4509267346424 768.5744773789121
576.7357458867764 756.1365869373268
619.5603622362735 734.3933518855354
637.2505143753814 718.0486599029133
662.6349437865834 705.0033375818334
689.3419425836547 676.9405362565846
716.5367998023669 662.9329659734593
727.5300393251421 652.0799779326022
764.201734224799 633.4799652613966
791.6233765179467 617.6254423149065
821.7947205587983 610.4422064536175
852.6176354738251 607.1439404991089
878.0334640400346 608.5931446291473
908.9645995718334 602.1481638039426
946.8430505965455 601.7884451661589
972.4677741557406 597.7168772025519
1003.4594520084822 596.3647806405247
1033.0052009238009 588.7594473270508
1056.0666016327918 583.5779648500486
1088.2064823399473 580.0612474007793
1121.6608332565697 575.9637533266015
1149.7181704704408 575.4714431249723
1181.006207172834 563.6308038188475
1205.753925094086 566.5401518294764
1240.5114133314548 554.5971223351254
1269.409647696149 557.4341651897856
1293.9442746422867 553.4326896532259
1326.547258165754 549.6866817024501
1360.582211141832 548.8755632462122
1389.061842583765 538.7893659676012
1410.6494939191505 533.5921207860475
1443.1547041541016 532.7697577993614
1480.4906296717575 535.1223266501173
1508.2163608928718 521.1085380410897
1535.2867673085382 521.7534010265725
1566.6850511095804 512.5482444730108
1587.463226130872 510.7872623948499
1618.079145013028 504.8220671591034
1653.0328076194214 500.32687922386066
1685.0697872892076 500.31793857540174
1713.2326295854023 500.97493763288617
1741.8566589983234 497.9472393788006
1771.7788421253363 493.3085487111081
1802.2076050655025 494.7405720447161
1835.360945365047 490.4811246699004
1871.2959514555762 485.0747916229755
1890.6604894634852 484.6059648479117
1921.5072341046396 479.16178646084023
1951.3131394657053 473.4371543376694
1981.0299132630198 469.94776343230154
2020.434151814323 477.54838059808475
2053.6862149157005 473.1156815291499
2074.014188530689 466.1412672757663
2101.651261956844 466.1563733676428
2134.8962416539835 458.63505600694714
2168.2316760040635 455.54648338172234
2194.2338466716255 454.8063429231636
2224.733808078415 453.5327844888576
2252.17549330132 453.18339046328896
2282.1131712472434 454.30543765466336
2318.387605706998 453.09111512106114
2347.545034317648 463.5043413057687
2374.204283862861 474.24284942873845
2399.4746109449047 492.7380927564854
2430.7167084300354 491.93991298631005
2450.6958544316462 501.82073933172785
2479.946952943256 504.2401606484248
2517.3019463176834 510.4684492832917
2539.6915975599773 520.9504790081294
2574.0988543569433 522.1254177715192
2602.2232145583594 521.116574400082
2636.852859880909 540.8694311853956
2662.791275941359 536.2405897165124
2687.397633639871 554.2580805760673
2708.4169044400346 565.5221581444184
2750.6377060105124 579.8432798309282
2761.187232905414 581.1883376847044
2804.8430301292697 593.5932950363274
2832.602906053953 598.4808879233339
2862.4791077322507 613.6632356499664
2889.0456572890084 616.7226726281342
2918.1270833567337 625.6662939238666
2944.8621522536337 633.7820069016267
2975.806734827022 643.0317134880432
3008.612662804838 653.0417073947629
3033.1703381287116 666.9459270705332
3057.743084005743 673.2795215609838
3084.4613235427573 683.9715266813413
3115.648280622976 696.8535144625613
3136.9156395579544 699.6874888730653
3168.0211231697467 711.1144339862146
3189.458033183948 729.1548276339711
3230.393722972501 739.9693735867513
3251.706295498341 744.8393912404487
3280.4622053329 754.6057088073411
3303.0487214788823 764.2913122257709
3337.471888485464 783.6724973598202
3359.8874967728666 797.2455927776338
3390.4394986211323 790.3311236603712
3417.2386510235287 809.3217959537003
3448.5338978688633 816.3669955815568
3471.881074781918 834.558875154843
3508.1326699976184 844.5656654652078
3533.7871097590278 842.5603430875401
3556.4787890920525 856.9916499177731
3590.0525548732144 870.6595971568834
3617.2498911953594 876.7582051930531
3641.5748556057483 887.9988183355221
3674.7993631884674 903.9406823504108
3702.7721719408814 908.5945171066094
3731.6016642430377 921.8658083899701
3754.8044174293796 925.0542962450179
3789.630972427632 930.9333919906052
3818.311066777946 938.1072600263592
3847.4122632665594 951.3454262005123
3880.345471286333 958.0818637624511
3899.82134011839 965.2004676553133
3872.8198225553856 984.3286938787802
3846.345309979652 978.0353353044875
3816.3196952928583 970.2698267128441
3784.960965018899 957.4667657226753
3751.180118554074 952.563529507704
3723.087213165471 939.4383904053698
3701.8999586835503 934.8645947471829
3684.1045407791294 921.9109564505204
3648.869571350093 914.4232700599534
3616.9861461801274 906.435450456903
3585.366657307454 894.1300768111944
3565.9928904959706 880.3121987317254
3536.081703695594 863.7147906994165
3511.3285820319534 855.1196815802822
3475.5953096094777 849.965606505285
3450.6403304542496 834.7031398149277
3421.1858536251184 825.6892286585723
3392.3114488290066 817.9725473504025
3366.2782913571036 797.6899967919434
3345.822398492556 797.1485765719056
3311.2657523398816 782.2438152103459
3284.7442244174 778.9853181611437
3255.4093327790206 761.9523023437386
3227.5857615367395 755.235630407747
3205.857384443521 736.8955527487275
3170.3498683275866 734.1607149845167
3148.74074138714 718.7724682545949
3121.4647072047565 712.1169997157011
3091.5780973009246 697.5305474853466
3061.040693957186 687.0844191745191
3033.110069442794 684.7980901801074
3004.1342717452726 677.3628373872199
2975.578744731279 657.3316702331947
2950.829332837238 646.595505085447
2917.4474563914164 642.3763370709077
2887.7489212542505 638.7840113855364
2861.5472121641087 631.4013071599754
2830.598898473161 618.3642347599778
2800.4252049839174 620.8001086930585
2779.746233641457 607.2809444468238
2757.6929212041036 584.7641603967892
2719.138509334314 576.5650850733331
2725.861200313812 551.5024083988586
2703.7477916547004 526.6835388007861
2671.7488561378486 512.5767768193609
2647.109190115285 514.5334922013202
2618.9230107858516 491.6064584292009
2585.4146036017682 488.95830155142465
2564.64006948298 464.61526439804163
2564.4347348927295 435.1609745716883
2600.0326979745646 423.95742448233335
2619.663697527607 433.2625536656713
2651.6147055891274 450.4573219648008
2684.951049776805 456.94869324749783
2705.5393239809055 472.91927717209416
2736.521638339421 470.2554087464237
2757.3213847100833 458.52828291287165
2768.6254714465963 432.1300772584534
2778.664408380712 397.84117464196095
2753.271175769072 379.6387696770207
2736.941453387028 362.5095656445619
2760.285862005493 349.08221128421167
2789.996435523502 353.7824084464928
2802.664311665203 328.76310003137684
2838.0691478870635 319.72753361150683
2863.027590979511 327.5968394043263
2893.062127795871 334.011298935523
2917.9531321261247 338.91201723824656
2945.0426934253705 358.7578540584734
2971.1021509148054 366.1200922420754
3000.07614721471 376.09692973152676
3001.4803820699376 397.52716984407857
2977.6433129397674 424.36091868900706
2948.755917044909 412.93521036267555
2925.2665669641556 402.47350534035616
2897.4629109151415 397.829487130403
2868.135262186773 380.6662945372779
2833.1923862470167 369.64778894882284
2806.7378257884793 362.49750688190113
2797.6364911663472 326.7968022670336
2815.537974329013 295.19436273154804
2819.5617526195047 272.77699794984466
2846.664407537417 278.59965166965617
2880.461644973323 289.5812189327548
2904.567080071476 305.51451534874815
2927.7074251791214 312.57016563897497
2959.213263237876 315.332388672596
2991.9146145741383 327.8165975558708
3020.1155143994397 331.07816798670683
3049.6764229556484 343.3138436446153
3071.685501621321 361.4155879990424
3107.5171082527813 369.0020278303252
3136.7466123118907 385.8626389157578
3156.361723384886 373.4240424338258
3161.689368688358 337.6148463737337
3179.6258742062882 308.81808017751524
3150.1156636032983 285.6812396917633
3132.38283645533 284.32498680231726
3105.735635860494 265.2924426021863
3072.28923224319 256.09096356150997
3071.017389250368 226.55309080089933
3093.221596123012 207.94466370155317
3116.888917364982 224.9171265259771
3150.371758818253 234.40013317728472
3184.2642887015772 235.09484936234423
3196.9687973911223 271.08563130397454
3168.475031995309 295.661303852027
3142.61508979965 277.89796727948345
3115.2082378450796 267.40730827596565
3080.357018180095 250.52088169161826
3059.0578538778714 245.35173607553048
3073.3622122681013 213.85274359084784
3105.3546806882446 216.47554905391723
3128.6849307734424 227.6309730621437
3156.925625031126 237.11788078022664
3188.219849459389 244.0337928978136
3216.683939744281 251.50739132506664
3242.1130107078525 265.3231581718055
3269.003787200285 279.9764053118286
3301.8573475162416 287.3262105526549
3319.456475387779 300.61883909328907
3361.861887267221 314.8789953866471
3368.7086115654583 275.4426295271283
3351.862763365159 261.8970052311496
3324.578951518805 247.61055063030764
3302.1027620201326 240.1833271130979
3266.8395635911675 223.24472383780363
3248.7738688003847 222.23223057067057
3217.661905231527 209.63789136988456
3198.4731147823886 241.33337162057234
3187.565664532054 282.76681521363525
3202.1605399138202 301.51176038732257
3224.2698512654533 305.4102368571944
3253.403468942202 322.0526755574582
3279.283769547819 332.9704803400378
3312.8487355548596 342.17512144430873
3344.7154189974203 354.1595594244263
3357.196278818366 328.5887976532386
3384.500754261924 315.85408539867086
3416.028242707564 333.46757533955963
3439.645267608232 337.74797962245003
3459.9680215613243 353.3920041797519
3494.0549901637564 362.0512302293471
3521.322909339361 367.71374746342565
3551.291468327775 376.4280508891518
3583.95108331888 397.8036899824203
3611.9784575097065 395.72113020947353
3629.6805550628123 407.93474254589813
3668.415616141842 419.05589895176274
3691.279133981017 434.6009070612182
3722.1536692601358 439.5360878664022
3740.9225337440034 413.7974419571355
3713.7187424316244 386.57571736915855
3690.098284763182 382.47360366573974
3664.9567657202547 375.10962310361543
3628.912556461822 358.1787509558282
3606.284259470579 348.8837202941803
3572.5514101707563 334.96805019498856
3556.123255089464 358.4365918917163
3538.4090411671345 390.9882344400459
3538.8895928251063 413.7387325885993
3561.297447438589 433.99175391498375
3594.128175710892 441.3288249961117
3616.210476323536 456.23805195008566
3648.155302358822 463.9356112973288
3658.934010844059 496.53321695396556
3683.777768664393 479.7017055211099
3709.076954179162 486.43569333309745
3724.549760206322 452.09529744076775
3748.1599840249373 456.94639142371193
3782.491619304989 464.2428754119704
3810.7884014141414 479.77906712387187
3838.4617186692553 482.5824454550301
3862.9101094758807 497.1690112078945
3889.704319554303 501.03267452044804
3894.381593614527 541.5358312854653
3858.689486305114 548.9722799624243
3830.7724743948233 520.1699745542652
3801.8379403869862 521.2022100026165
3778.688933067863 502.93473276056733
3748.9941663514614 505.60169984106193
3716.4808676368443 493.1876048171503
3711.3911787531692 465.71231761129593
3737.62388540624 439.5311603648281
3738.180697632349 404.5839604405691
3749.4102610412638 380.8146632320464
3758.644928056708 349.98329333577726
3778.6623687419824 321.8888782013131
3776.511763148352 296.3930329464604
3750.7791653314466 284.94371568499923
3733.2353566657985 255.4486291464051
3717.7519076509 237.1141006421776
3700.1265166985972 207.68723541373572
3671.7628545922676 191.31699562969644
3682.8858325029764 163.81634278250488
3656.703113518127 150.09375551298564
3624.3124808037005 130.07805320192648
3610.305405447837 104.7295052810502
3589.6257777125106 82.2211785751048
3570.2551774360672 63.212226399992836
3536.3456121237214 68.65634137829396
3533.473856157724 94.87470412023569
3520.74234087438 125.40205433306832
3518.131349996793 154.94042483073608
3491.645607196968 185.1152163490848
3484.1701123876182 212.33916407226585
3480.871906961958 236.3230525017812
3464.916910181118 267.958016889256
3470.5179476197745 294.8300034940597
3502.8989872405864 307.48655577610896
3522.9668289682086 315.3970817729007
3549.729190731394 331.7799312265176
3556.1211467319245 358.0186702239595
3546.3286110178597 391.4352513234395
3535.3559512759025 417.4795228508589
3505.9661761515067 409.75114600595356
3476.455687817316 399.9901171494107
3454.938318114782 391.35872060167907
3417.4282443171364 381.9445594219549
3400.779591152431 378.2448261442694
3359.2303759613487 373.5371349836713
3351.7253427331375 331.4472633468012
3365.1241013598815 309.31381086608394
3370.929700085705 284.3062920966261
3355.7589478116406 255.71515748331097
3315.6332468212495 250.61060547111762
3297.3722142020056 231.8187621339763
3263.534643936379 233.48114333032066
3238.485413121743 213.2040551347347
3206.2581431853373 228.22776986992778
3201.8765618257657 247.51994305890003
3226.606744393198 258.03282893014915
3258.658082078831 270.87810304913756
3283.202675392202 284.8716370514072
3311.1600122106065 287.88286724192545
3342.5729419466197 299.2437295703613
3370.1814225647768 293.7491885195547
3366.5160020973976 260.3835102441734
3332.131666059545 249.90708647406765
3309.83823378222 235.35873852274244
3279.869530548912 226.41281090233508
3251.4163102218927 231.4074443551201
3226.4865999998037 206.53497681388865
3196.6719618003262 189.9494441888709
3165.435713547594 192.15048208625953
3142.4127109046008 188.0718649268013
3117.2750273348465 164.94524922447835
3083.3669711959237 184.35782670205714
