3612.524610526756 1694.3947935372912
3616.787819524124 1732.9602612462668
3613.384349160555 1756.2134501299006
3622.1092631747297 1788.0878867584643
3622.1721308979977 1819.4924927029267
3624.448571594262 1840.191277679997
3631.8132983391265 1874.1960637541456
3640.512419122537 1905.9204054347751
3644.5452746977867 1929.838511909649
3644.5796025727545 1964.3868056152494
3656.78581557429 1991.1969803913455
3656.5569849491726 2022.002392008438
3665.4101714432736 2049.442923843778
3643.053655212462 2069.9052561409926
3609.9382419315716 2081.6744145696357
3591.793672573174 2079.7366352708095
3545.7549121542606 2087.980630011866
3528.2771323156944 2065.8034079529175
3524.7930304461515 2039.2186739040026
3517.042149540574 2008.3876849774722
3517.8466159963127 1974.91727963983
3518.949376269651 1951.8703423193856
3550.1562516181857 1939.72205445433
3574.4079932810396 1939.2431725922206
3604.510725531738 1938.4122010644182
3639.7962301114408 1926.6704805721392
3648.2700513853974 1959.916807197713
3659.1890712635563 1981.2264456315047
3631.7580526741754 2010.022446239218
3599.22402503594 2012.156160826045
3573.6065819887135 2014.797691052312
3549.4951217268417 2028.1388351679493
3506.800300287832 2026.1781612466282
3487.9297054127046 2037.4301121497647
3457.6733599036565 2037.4502078840628
3429.428662865621 2043.1220424778237
3392.6680152090257 2052.242953463794
3377.302210310012 2028.1186370808618
3369.349168117833 2000.1942155811157
3349.36186480447 1982.553333941201
3314.876184067039 1992.745911467044
3280.208347541189 2003.4265350249764
3278.0226631946107 2033.0631674222293
3289.5923626086555 2054.7522009656755
3323.272037935044 2059.036781543005
3342.3244980618815 2054.721395906446
3375.919817549684 2051.019587991313
3377.4480125269793 2026.6560537239684
3370.7799058913192 1999.9498727797115
3336.319749221578 1982.8885570374107
3304.089232954067 1983.722845719605
3279.5726053113895 1996.3974362699373
3277.5851014176915 2021.866908873294
3287.9034026478334 2043.7781484526683
3264.9098057064493 2071.700532137623
3242.4561453631773 2070.5856171215664
3206.3350493224016 2078.110123435925
3178.1660917652994 2087.703328672832
