775.2985444804606 593.3132529172232
796.0610083090821 587.3489072734184
830.5676608581658 567.4236149675567
855.4402294905592 555.8467434194091
885.6821228032335 541.5970522290038
901.2442189954921 524.4475011561643
936.4748272860046 506.8270049456366
950.6761416029848 491.4765267723215
984.8582400171632 466.566640626694
1000.2141019554936 453.70623871192817
1028.1099189152628 432.67117678008515
1049.9784357424755 414.0312893557066
1071.8258207399476 403.81207857207926
1098.9494272337063 378.75085379944187
1124.2496223833787 363.7245783971085
1143.5656612230578 356.89411155153226
1181.146377499774 333.3211397138453
1208.5563024647115 326.64356944630276
1238.403566587578 311.4569580309303
1265.641402158535 299.4455219936475
1286.2254456435378 295.174483856255
1319.1093006350475 286.62574675446837
1347.9338060302684 269.2269797303787
1379.8994296030291 269.92946491483514
1404.5362436068106 265.49762155008233
1436.787585294965 253.457076953973
1465.36262794423 246.9820536303458
1490.6456154411235 238.69317096212177
1522.3023544201965 230.96175661479685
1547.1470399997718 222.69755822231937
1583.5364523911242 210.54796345100084
1611.1096317429776 205.06722566589804
1632.8244459405266 208.4990813323728
1666.171277357411 189.2126055938396
1702.1600813249172 183.925085202437
1727.0016362197407 180.1134496646432
1763.1055732763707 166.5120171929552
1792.4014156723829 166.67847985460668
1813.6743227696943 166.68386090462934
1848.4483915843891 165.93976190749834
1863.7544375846132 159.83196447079106
1898.9945873942734 156.81611599948272
1931.2512463605037 153.1572193917635
1966.9896724602731 152.4905292081751
1987.4299794914577 154.09496576946975
2027.3690367088375 157.20076322736185
2054.6650420958945 157.29333695223931
2087.7232573077154 153.22890304451758
2116.4404851179543 155.7331743679593
2139.905748016864 157.49274016533386
2179.029218533808 158.23876770299785
2197.788197579666 153.78791462401045
2226.2061171468604 158.54328571403087
2268.252023786247 152.5198219260732
2296.228918117774 158.85335392672107
2324.2101454140734 162.14308817418043
2362.708518870081 157.15507847073513
2383.7125127258582 163.56063321216035
2410.942350145404 155.65373418108382
2446.16926303444 154.9489833717996
2474.8511114849653 156.53843704525752
2500.2267978394893 153.2442366637929
2534.3449166276487 157.50808925626703
2569.4012704597008 157.74944453161976
2593.4372397209463 161.27711901182317
2630.086034691301 161.2406360681137
2650.3277507628013 158.2927733306966
2679.747816108305 154.9423315836821
2717.8189202078624 166.03817035321816
2749.795688898792 145.95685495256683
2775.528751376042 146.47418113859203
2799.5377600023435 142.82106095332102
2830.0557752302384 136.34211052550077
2856.3170327469365 131.20487905842643
2894.8756438769624 134.96050420261898
2912.1364536365536 133.32038384502013
2955.8428435956007 130.99263798913032
2984.8986554774424 130.80801703443677
3012.8206501319733 124.08265643818899
3045.11603742331 142.58004288542364
3077.8339273271754 138.29232177392282
3102.7733229398655 129.88886152459955
3127.9843191221107 140.35795390550976
3159.3416970991652 136.50940607898778
3196.144297339305 139.83710754113034
3214.5089858428714 138.37460070882355
3249.0626185431033 134.5805430933456
3283.7042743761644 138.7832059437605
3314.6175846931283 139.42494309618672
3339.8672068906194 141.6180182459474
3371.208031836253 144.7902645116455
3403.7478045461626 148.4464884921175
3427.43195581671 148.50972427151797
3462.4619279107787 150.77868660828477
3492.569351140156 153.548187466496
3520.983202576078 145.63495997550305
3547.671553288007 156.8618826673941
3577.6733194167687 158.41263898502604
3605.9273258701783 155.2734005535744
3634.153737804904 168.38084783844306
3653.337621126834 193.17036570415485
3682.9152877858137 214.3094946047172
3703.192121191334 233.22222156843122
3722.8804751414746 263.5690156251235
3738.916419802412 282.58636040131444
3774.681900569443 287.23248277331504
3775.4409429515836 317.3854283155115
3765.71711114144 337.10009768837887
3750.417654824436 360.7637847161686
3754.10094478619 391.63783775691206
3763.775028629067 410.52059660569034
3799.5197053012416 418.29591305286067
3825.4778861576324 436.6411907007945
3859.3917864116515 443.31113545737554
3882.633248241618 461.160581434508
3908.356568917745 460.82848193630537
3909.9532698054754 488.80884292861145
3900.0401897992574 520.0870048564608
3894.293712006311 547.4046895415532
3878.131311037305 572.8367754509562
3852.367097502578 585.5189940196739
3824.3351403997517 576.7590743083085
3795.428502382112 565.4443424468799
3766.2434700556387 555.1562672944092
3741.6212309351054 544.9654992475192
3706.06163508592 535.9648094276861
3682.7921650573885 557.2021460268984
3667.516936289176 582.277203825108
3670.0034072352123 609.513905397107
3686.4088083382535 630.7582535839706
3725.9519888376535 633.9198003507441
3741.9579728889053 649.3370263516342
3773.007366566131 657.2185806170983
3805.5721923920796 665.135109322657
3827.967334990572 680.3286121296022
3855.4485035804255 655.1542133868982
3836.12549395566 635.2407739096705
3801.674407886093 622.5384891738873
3770.634586742248 607.7205839507945
3750.1759069799396 608.2785507824522
3713.8150694364313 594.573357521709
3686.3583114208923 577.3978022907837
3661.5401726995187 607.0200224246579
3690.713795263378 628.2839786866168
3715.5588917477044 639.68133533454
3737.3609718632833 649.119105523606
3767.7300553237847 654.9330754898488
3799.456181365993 667.4027302373977
3830.5004170678585 680.8526623887641
3851.376735832977 656.015275478133
3828.0502524752237 631.0895527718475
3801.8017118830917 617.9055662110819
3773.733742255684 610.7297746638534
3743.6461023472298 599.9837688398533
3718.073708487186 588.7100107593171
3691.124026675918 576.348148278903
3667.51528968498 598.3335637971861
3638.03406319845 602.0030632811672
3616.2058215207385 600.5044986769195
3580.908927064128 586.3326425644811
3548.631393706368 576.7976461405698
3526.961899307326 576.8634279009964
3491.34109032486 556.2374658818692
3472.3217649259236 545.5268989879701
3439.0823479436262 537.5988029937746
3412.3676774264873 537.0296817173446
3386.787277631132 523.8709020336166
3357.48936814509 506.3355317530393
3330.7481614828234 492.1055631699984
3307.747651380557 483.55262827040235
3273.9406209938497 473.9289720420941
3247.1050891137334 465.68046748843494
3217.904237460225 455.9403609910451
3191.1343059390656 441.2206517118687
3166.223656351176 432.93596800279556
3128.417310392256 444.66119136165406
3118.119582263015 477.48479833312905
3086.2488293564666 464.9404686582706
3061.220095143445 452.19203483138426
3034.798447415269 443.1056162727467
3011.592565309849 433.2658080823603
2992.217202519865 452.5052082343063
2966.12868236543 456.2572518566831
2924.1713184838236 451.4328165444534
2907.2568788517137 433.1896710845679
2873.1825719221583 431.98206303020606
2843.704709101739 421.3380575279178
2820.0937537972077 418.302812153025
2787.9310116006145 399.7325713995226
2764.587270676259 423.694826372058
2788.5109495439874 448.13644431549756
2805.871809354962 454.1528201404311
2844.5464883400296 456.6752207296941
2866.4331759942584 479.0835357836848
2887.823435507245 490.49233442089553
2919.112700155524 494.3913252829296
2949.822600699606 501.568694948733
2973.4657657094162 481.21088554110725
2955.564349273566 465.22077264526973
2932.579006461885 449.1686083125322
2895.712377280574 441.0104874795421
2876.5633402250414 435.79609487413785
2837.1455932572026 424.7822714663067
2821.446592730752 417.0123860313164
2788.9948604136252 398.84544412727377
2757.2659360066987 418.98201837806835
2737.738617274468 423.5809697503196
2712.733999761428 423.0090300221026
2685.299812158296 405.7427097581305
2658.498018979571 401.5399786025212
2627.0516767331073 394.10792092132726
2622.39452187086 372.4870331937327
2649.872238218017 367.98817077882956
2680.4413952985183 371.66445110114984
2710.6088048367783 369.0723860032478
2731.0706034212676 381.80451188326475
2762.974902675841 387.52082816126415
2774.978922314571 423.39090164624724
2736.1045698019852 431.278649626017
2706.4315773228436 421.7118735942247
2684.0953857593067 403.0630837224949
2645.604492456559 396.8080448667316
2624.604670295274 392.15601999844284
2622.0397935521464 364.6617200198652
2655.970466560641 368.4429410715386
2682.704757475949 369.3678969135632
2713.520723951636 373.8194803168553
2736.7217041755202 376.7799026140579
2769.81529351422 386.67402318339873
2785.814718916324 366.0865267657632
2816.2032289337008 359.84556513070794
2838.143281006683 369.4185627940022
2866.336485531483 386.6177076917363
2898.4201983962143 388.6953380612248
2927.5559049369085 406.083504444102
2955.8522963619457 404.76110241464613
2988.845778878137 421.4319309115295
2987.8787708948867 444.6264879230773
2996.9861359812585 480.401824365354
3030.002345717523 484.3769758135967
3060.796304028152 500.4749308313555
3087.229848324309 509.303148709046
3114.5947488961788 518.4455851156602
3143.039690050809 534.7044200955894
3178.5308879640447 539.592783938062
3204.138487445278 554.4747674626037
3228.4132050325757 556.8906732431543
3256.8176593097774 564.2230067632233
3258.1955113907247 597.7453425163674
3247.755086701753 630.3904026505999
3237.510575160176 661.7418152724281
3210.0970791692876 650.770988445738
3183.026906334819 643.9945992776113
3147.0204239927834 627.3980696513022
3122.0247098427576 627.4832619182455
3092.3907598420424 611.7716647693445
3081.775252121167 579.6452714110396
3082.61562677038 553.6979086001297
3045.603725658779 550.8197685386903
3014.7293832850182 537.780868835398
2991.384909671568 525.9235889200488
2957.936279502806 515.7506492899603
2956.646912540265 548.9611247676353
2946.5487182928014 562.5969933964644
2935.6292588459987 589.0193935452743
2898.2276842657425 613.8170715085035
2870.591805487418 595.3554594201016
2844.520052634059 587.1934408511994
2819.695469091703 575.262305778244
2785.5048581409997 566.3216292544598
2762.891007700177 557.6745108370269
2737.01036575944 547.1466902084788
2731.0966878550994 511.5770176156084
2745.6027519193494 484.7868356281134
2723.7847428766163 469.5289386727361
2687.917649490956 462.3802024507811
2660.6593129841413 449.86032469100564
2630.7937433050947 439.5448004071863
2604.269108268959 432.18696855126734
2578.487624932785 424.39510110606454
2544.2164154520706 413.52355845708746
2519.4984288352 426.323026255972
2523.6266533419835 466.00495370884136
2529.6518911167013 480.33708794803897
2525.506809061109 523.1196621222908
2515.125180499305 536.430521703628
2475.1864242667993 545.4633475179057
2443.4822441021074 539.9875238627656
2419.336595872417 534.8810802676985
2385.5750535063253 527.336458656241
2366.404489460319 508.20842187275207
2340.5340496934855 496.11680918046903
2322.7466898893463 476.14474432866746
2282.6936596594187 478.08773575404484
2250.183669277533 467.5109600202499
2221.286626856727 464.963787115136
2193.7093711567427 467.74593610298564
2169.5173261284767 463.9013731871979
2131.901317647224 475.41763830644595
2111.15191277849 470.74985395788747
2083.841717923288 478.78977059775525
2048.2776607181518 474.9121171643141
2013.9895199971484 488.9506834719433
1982.7870589382237 480.8760548930477
1956.5866221050169 481.29097376362597
1924.8786642477335 496.6541057082832
1889.8376310105941 502.35965709775456
1866.7944216853518 497.8193253454763
1840.683140036008 502.76741184625644
1809.5442823372914 504.9616129745957
1776.4903541045467 499.4964771078579
1746.6445700279116 504.3397907022059
1724.693111727163 510.90994390433
1692.1296359458058 509.41685602853613
1656.2016950531229 519.2918820299243
1620.9058641737292 526.4127978528486
1597.33413858719 518.5257620272449
1573.4548261033653 518.8207823951359
1531.9492799684072 528.4368284775594
1509.9379615723285 538.6048277247364
1479.9166650282202 535.8589801900046
1448.3008089602258 540.0003191630262
1415.265690508859 544.372676078115
1386.933922098956 546.1490877200408
1366.4307547771364 549.425583175329
1331.2641391538855 558.6447898282098
1300.2959155818626 557.4221653697439
1263.0016918917913 570.6245214519057
1231.6059953483862 569.0003283477595
1208.7487637358481 572.5683431985354
1174.8306955485828 585.3887271866997
1145.853196461977 586.3383835900942
1113.6873623157478 585.0310367840217
1092.7627583568042 590.8325820916193
1068.7546115308148 597.3967279704008
1031.4697335837088 601.7040297292853
1001.1676814338076 605.7757763839483
971.6388753249311 611.562719664498
936.6857827322824 609.6160132325116
916.9515151233803 614.7374403249026
878.2117181862926 608.2090127660836
846.6414966396218 613.1657795356185
825.257770932654 621.30987968494
789.0564631155219 629.658607536549
763.1654765543366 641.1670011070275
743.1399189168919 650.7302897504011
713.3202333212868 672.713882499437
689.3881415241175 690.8062413168849
668.6305010039831 705.9862756300016
641.9509225622824 720.6538708146151
621.271148127857 743.6779545826832
591.7708975471136 754.7850633153352
570.0547996186698 772.610532375518
539.7418291958646 799.1186668653613
518.5494966280095 808.0240057207569
496.9648450386333 832.7947530043632
470.74586332406744 852.1084123557431
457.69704884061326 874.2853327114423
436.7481198940825 901.1961423559034
418.2322772553658 924.8965372202695
402.6537374497528 951.5612323804719
388.8633868026165 976.4264091897224
382.66558706947177 1012.62733356425
383.3526474344657 1043.0074615166081
375.44424969698906 1063.2243142414961
378.32144163445696 1096.6703412493664
384.0421986545983 1127.4297590556307
381.65007539819413 1157.6326561664207
389.3352926816598 1194.4662669566922
399.07563223189396 1214.0751434613662
398.5197980359518 1244.5504682679127
406.23563819198694 1273.7008980814649
418.0823812716025 1300.013582986151
421.1617979280417 1332.9640438654067
435.46947748802063 1356.7619883694
432.8251868393364 1384.0454213564294
455.4045900034267 1412.9518501661344
446.55201489327567 1446.7506923567908
448.88152256993686 1477.0294639919384
444.16041611304814 1510.6351858844625
442.814685600754 1537.8094187537572
446.16302551393494 1562.0748760606057
438.41588516695896 1603.5297694529038
435.68259313938313 1627.996189007842
428.7702482743897 1660.5712325780203
434.3339509640236 1678.9784379259077
430.27767264977314 1715.051981350476
422.05389694919444 1750.2367797620286
437.2845724475386 1779.7181539992985
416.2469992619386 1805.5484734690672
415.0946852197295 1838.4472612564048
413.4623547438095 1861.014859666477
403.1658029031306 1893.5585306998794
415.6016311936275 1926.0221363949536
416.2541991037573 1945.6609779118633
409.35418898899013 1989.1518349690166
406.37992083754676 2007.307151113919
406.912204227737 2052.0200538954273
409.44579445951615 2071.630360021709
405.9579533955965 2100.118877543097
408.55595108667103 2130.6443564779784
415.84385780751717 2168.3073764278256
