3680.4918773143595 2788.960529633413
3711.908075330444 2782.2597327520884
3739.6529473027485 2784.4782336163566
3771.5145094476406 2764.1249247321803
3793.942087408669 2753.295079081401
3813.9485542332545 2737.265095949859
3841.134059441036 2716.526298525256
3813.749531687217 2696.289646224723
3791.218088155025 2721.062503030232
3766.425648740629 2735.1904111891795
3735.9817631336828 2752.8618781729397
3720.713925188262 2770.511251615864
3713.1922471252847 2806.2042164259274
3678.982367885291 2818.1870491660807
3652.3948792524407 2830.5082538231145
3629.1826289980413 2845.6157611687795
3606.9999243906086 2865.5885926385827
3581.2086565807326 2876.1201927743764
3599.794995854834 2850.4910258334835
3620.465945242552 2835.6273331180714
3643.724970115785 2824.0525160216616
3680.1095608838004 2806.1939852128826
3697.765915950433 2789.7454191002785
3733.9404105377557 2790.9231929176644
3750.492284230142 2777.7558218863583
3783.225264606716 2763.2194352768556
3808.910158471262 2738.6592983220175
3838.3212667366693 2733.0306971527916
3844.399832003877 2697.7881544987777
3820.5598346894 2707.1840463277413
3798.928139211918 2711.6245890250916
3765.3630065080397 2730.763005295956
3740.4460692721054 2750.4467747514445
3731.339947690084 2764.27995259444
3721.678118563299 2792.1173994752053
3737.946421113913 2775.7894571834295
3769.6737481174296 2772.3235198500197
3793.549515459398 2755.244504159284
3824.7498149198386 2734.775922549429
3839.395057074951 2727.5374285224857
3817.2678488569213 2696.849412662747
3790.5947509196094 2718.7073165094966
3754.74441476497 2730.788602061614
3741.108184829308 2750.6715567959045
3719.508503764062 2779.453985367237
3704.6424786172756 2800.0177602319895
3682.2295067077725 2812.9840190032055
3652.163419467328 2830.306072750709
3626.909966192759 2852.609933481627
3606.6143308142678 2866.4972085909267
3578.9704363129895 2888.3695494500225
3545.7602614746984 2888.722500235807
3528.1705355687604 2900.140643593305
3496.86548063428 2919.785642990307
3481.8119711617674 2941.510819113622
3453.3767406971656 2955.625396445469
3434.4822682756876 2926.5896486240085
3426.367202216884 2900.6831094217237
3416.301316523233 2871.9604747121152
3416.6889546326306 2846.8970761782602
3393.113180509942 2829.958772932494
3354.883987339269 2826.754889117582
3328.654024934721 2839.9028579493975
3301.5594206249393 2843.5983279733528
3270.4141142132908 2854.386794729283
3241.0526500998585 2851.6630855366407
3221.0743884987123 2858.1748862699615
3177.419239758953 2871.8073638053957
3145.4499009631945 2869.2526256306523
3152.831218413792 2849.4257840619716
3131.2504990035072 2811.107661228405
3111.256023186504 2797.7006364212066
3078.660337192222 2797.611417396551
3071.8495081699193 2831.8127316752307
3082.435836235055 2854.78172960777
3094.9344633315422 2889.687683509328
3129.784953111737 2883.18100759826
3140.5942047073204 2849.033529453795
3130.412494437608 2826.7341566089426
3129.351850256403 2803.3163287676616
3163.951115383191 2790.445743352748
3184.4030349785216 2778.8814377576855
3216.566523807544 2775.4954843565934
3251.789261164987 2767.5163887443173
3266.096417932772 2794.4370640990055
3276.542125110336 2828.6657119464785
3265.300799379466 2860.6700534492243
3238.655465513328 2858.237101842859
3208.6270799283648 2862.41357905486
3171.5081820415326 2867.9874662752
3149.7915702858018 2876.766359439472
3141.36808283607 2850.456269822692
3132.6610198251306 2811.1200556984877
3146.3859231935726 2791.76949580285
3182.068461278054 2789.75260017194
3216.311044991145 2779.4453277805624
3235.1607682312 2775.848015604418
3271.7179866166516 2776.188950671388
3277.910999276708 2814.9218359891806
3275.46699118915 2846.3919732516906
3249.0574494228777 2851.2207191476446
3219.158906782186 2864.047852665298
3198.920709127039 2866.5823952990627
3157.0219196423036 2876.9670198714152
3144.90601861493 2848.7623932881725
3134.8996765631287 2817.7211906542743
3126.2765317348467 2803.265525402078
3086.750545691772 2800.8889675614737
3064.0879427885307 2828.5883576259826
3077.93575494367 2848.951539793974
3093.130872743455 2885.568252623306
3129.7033165781822 2884.5129331922203
3148.3883921866664 2858.008603538867
3133.820076517624 2830.6182897838025
3131.8059799912553 2797.6949071898016
3100.5659479588517 2799.442600827062
3076.7524515857326 2800.4388081591283
3074.038851310302 2836.358472414465
3082.5896254737395 2857.320298030542
3092.452144763788 2888.589483672302
3125.8384346659805 2886.4880206566854
3145.422324981164 2852.7034161421266
3134.8015420899624 2828.019231278651
3131.069808068126 2786.1570360191795
3123.4943847657773 2766.616869796784
3120.684165406055 2738.804046235155
3109.2042020182244 2700.6997826174493
3113.2346469731942 2680.67406977033
3100.273910364279 2653.088915551733
3079.94744720875 2650.270584017605
3049.912018935066 2649.3677316411095
3021.1565366992163 2659.6816011001843
2992.995462822342 2684.796670974866
2997.4646781745705 2710.8701537439088
2992.1288720209973 2735.404121985444
2960.405756297833 2738.918890540309
2955.3661665391974 2771.4070133387495
2956.71207137235 2802.2834644998816
2971.5266114093583 2835.0794934397895
3002.0851961617323 2814.763205974912
3031.79908572752 2810.486630023768
3070.0582478449373 2808.8203076308137
3071.5356650239332 2839.4519399234373
3084.523947454891 2862.1197222129563
3088.7543335121654 2893.4985582224062
3127.1496622857485 2876.4591583428028
3142.0438349419114 2848.1125226575014
3141.4655915209855 2820.977592192673
3129.7046655538 2798.33763505729
3121.9615468435873 2767.557152702939
3124.514615926749 2740.8810753850353
3089.652804489057 2718.327059773687
3067.231454455935 2721.0037278931363
3053.6389022040394 2701.730404983032
3044.648292233934 2669.7832226656014
3017.7025898443144 2654.9178185386677
2995.512020576446 2646.9511849650735
2976.173022198192 2616.166468671588
2976.8502253934553 2586.8602619992166
3012.281101007555 2587.9303408424084
3033.667774735522 2576.3557206561413
3066.1294489431916 2566.002566770893
3093.0083720140256 2586.3184781214018
3097.5575607288592 2614.6138432502635
3127.5642078614987 2648.098027917817
3147.7239448973223 2624.547138218346
3174.556199726184 2624.776256673154
3209.1452035085877 2617.6420757885303
3244.0592968718884 2612.860494901667
3265.261092854977 2614.2714199624957
3297.021029574565 2610.2843667513794
3331.616606333395 2610.2209235868672
3361.048133856221 2599.736082484873
3373.561779910393 2569.609106400258
3372.271563453571 2536.497097152738
3380.3056020719455 2515.2230184435602
3413.816601817688 2510.642121590478
3445.5895360031827 2506.3230992821996
3468.767741587053 2507.8762239950893
3505.3804082440984 2496.0007516633123
3528.462393733342 2484.161648894843
3553.0485042534838 2475.8065796269784
3588.7899249341135 2473.450544273792
3604.179185038111 2505.8168986589926
3616.3858798829224 2532.3730563245313
3640.9896234897637 2543.4891476039365
3657.6763285189504 2548.815902798837
3692.3454445441475 2541.276015570737
3725.8242008384263 2538.9950593943236
3759.4963473896014 2538.09869184436
3754.1812851206055 2572.9692436518944
3762.544153350994 2598.1499534849204
3768.8722060287355 2633.542037610948
3774.3469108638224 2666.0174772310797
