1053.051385673313 455.67330267584293
1087.6898476401577 440.47629031867314
1055.9793233083685 444.47619717423504
1030.2967096341724 460.6743355235337
995.6214132958995 452.4473385298606
986.1410695279731 487.3891481923142
1014.5460556392964 470.1272652546053
1040.025094219668 460.2421734448819
1071.0049151649775 449.51275750056345
1038.6958527602683 449.56354849324225
1011.6325325017962 459.19946389258945
980.0064662682714 449.1354699248731
985.9639283417699 482.98081188833345
988.0993277988334 505.72605752233756
990.2153314670178 537.4476239497666
997.1757588888522 572.8391019597616
993.6482765568373 595.4030228056315
994.7539282352609 633.8587322392689
1006.535074550284 653.8910750592869
1010.1898291753661 692.0789074517261
1009.4894859962449 710.5936717342212
1009.861853124634 741.99666246192
1020.2300201343514 778.8918482627686
1037.5213080034696 798.556410267282
1065.5074359676228 799.4037016735334
1098.0692684975795 791.7079191724167
1121.9020387020794 785.3741138230938
1161.9276472299166 777.6472891153995
1178.7642158422352 781.8560126177046
1159.1538300285895 786.5099132214116
1126.591427367021 794.8887415311453
1091.4682056232593 797.1913493544145
1071.4616354665206 819.9233029505964
1040.941454927909 823.650763228932
1019.7326050330457 849.6423026773359
998.8468382489451 869.9947151693251
969.1011433112436 876.7906806378973
953.3062310329855 901.3036886160203
924.3825104499637 914.9736818198386
898.8293924635533 937.0997094269251
875.1857177646432 961.2091813971871
853.1003844311933 976.9144273567218
820.3836744674373 995.8256574294462
802.0249625616533 1004.3704252445282
828.9389274766773 1001.6400322151655
849.841048795736 984.1817394365953
882.7396643451104 967.481864965427
902.4302125534413 939.7576500673271
929.1283718504915 932.6631962062944
948.0333484495396 910.094192588049
