732.5012217091192 2157.709346750178
764.3682789376124 2158.2811098739644
762.7130867015104 2181.0240938969137
769.3414517244458 2220.1306421757863
816.3291344171864 2211.9187408077055
838.6302351072968 2214.1391040302537
866.1127865099786 2198.685832289268
909.6617312466766 2195.5654095222344
921.2946844806215 2173.967587095645
927.990141165643 2140.3015833190284
931.0887232915327 2113.802078652614
918.885105296524 2089.505238014278
884.797768145662 2094.53098180041
855.4972309292017 2101.3990673524377
826.9033766371911 2101.782146991185
807.8578056123317 2075.66173130292
812.5515242323486 2040.7499864901727
812.3253854247066 2020.6197949562836
832.9357222473244 2005.6342514876535
865.7087257547436 2015.2537065778154
891.2351857517277 2015.0307355076045
921.2798026923003 2016.6622919255994
957.4887108020026 2023.559555350618
992.3337045451563 2029.405095943279
996.5549479200711 2057.6118997599215
987.6458754412649 2084.442634476895
964.7455248749669 2092.4153384470683
930.2251194015142 2094.8774173382008
900.3688293349558 2088.2292094406225
870.9767776484174 2094.5711700478823
841.7714250881087 2100.9132230129735
816.7910020241947 2109.123013922025
778.4398476837641 2119.891316568988
758.8796318123137 2135.345686247406
764.5961302838714 2161.0728334937635
745.0077352516279 2193.0372646459705
723.5417813144717 2188.1001745598896
696.2413714581223 2195.8030685445506
671.9676957231402 2167.6258727772515
658.5323407536088 2137.8343683498683
631.8291660864552 2142.6281123440676
603.0345919788383 2139.862837134545
567.5499301577771 2147.3756442402446
575.5876233839211 2179.666639449323
567.4684268082756 2208.7174775246785
566.7534389755509 2233.2611502055065
560.6159878901034 2267.6061658431327
557.4276874297426 2285.4910602739974
549.6338403542496 2324.8406410192515
541.6521149698015 2356.5357910834286
533.7087851469659 2383.2417783986675
518.8301410430605 2410.35418594843
513.1033585114336 2436.672672330855
502.19278886708753 2470.9398631365298
481.30192477420275 2485.3295453380597
463.51300393859117 2504.204053829167
476.84988610603233 2537.6800510828098
488.00198907781436 2562.0117021112983
496.10554229275556 2591.435897692822
525.4088276368511 2582.447095245018
556.2306442026826 2579.0077298519836
585.5623604764885 2570.0500145699093
617.0405533780274 2563.40438859731
644.9477023641026 2545.9644266613864
670.4964774463884 2531.22389367708
673.0594918160673 2563.9840837875195
685.3240958096751 2596.202534496917
683.4549533690507 2624.115794985693
696.0078187163899 2660.9318917376922
668.6852648886771 2684.860587755112
640.3875339033907 2689.462064206612
616.6395623060386 2668.662532023693
609.3294954205153 2636.9235552473897
597.6594981154642 2616.7189812508154
581.0369223965853 2589.100750355134
597.3634741147381 2555.707894770993
629.4184856123184 2552.8560944700594
657.5911655531401 2551.4763346232644
679.4647143498865 2520.644218527603
672.7093834896614 2494.2126774253793
641.7180358785231 2466.167799925357
617.2986649639571 2483.5297665300336
596.4238157957384 2491.6579468313294
569.9921481839707 2501.7314547349165
540.1694692141847 2504.422841700049
509.1523801638109 2521.149398292187
482.38161548755977 2523.3711887307636
484.07464719385837 2554.7899310564526
491.73517277583375 2583.251641088836
519.2330772592511 2591.5469628649494
551.9678200019074 2580.973877868016
579.5303438230899 2568.044072115638
617.5273428274032 2557.7514167737454
634.6681206388695 2550.6249512489117
669.3329604050671 2540.8157871034055
674.5386508720993 2515.6857917100497
677.3119082814486 2481.346715784535
643.5349763413153 2469.6255953613886
616.6454373711836 2470.1884175019713
589.7915337122168 2490.0992830115015
555.7579007724524 2501.217077430141
530.1631988746294 2507.5606688545095
505.3330040970068 2522.024313997344
476.03035653793756 2536.568903639261
481.3453013879038 2564.340007650878
491.7755060875261 2589.0652255915566
513.0337190655387 2616.2806119125585
520.836983637088 2646.239719956818
536.6086141419656 2671.4695287127442
547.0092060672216 2696.1218108416692
551.9001648006014 2734.026534492204
573.5055655213946 2750.5027402348423
586.7090657119611 2771.5517774435602
621.6215438155608 2765.018930534402
635.6805897865285 2754.334419054722
666.2032391157802 2746.2597524618277
693.2240818185556 2720.2711764915753
720.1562240456234 2712.850573102309
739.7436798563367 2702.050037007695
768.8694257609417 2679.199850650654
784.5351834297942 2666.122466049917
803.7574975801244 2635.770016642401
833.2242132342874 2641.889568131348
842.8734633445819 2687.0578249703135
854.419588889423 2697.5939094031455
869.1442868454485 2727.458106141899
882.5786779977249 2753.782479257632
920.5038782823258 2763.8030750434864
936.1611154416985 2758.4446971789116
970.5003947850479 2743.180087671442
1001.3465170362606 2736.4431809030766
1024.5508919568276 2720.918016259447
1052.1542508058476 2715.42552703611
1083.6216015194836 2712.321258385176
1075.2847178229256 2675.201075223528
1062.408820191243 2644.4798885904142
1051.0292589823464 2612.7350602463175
1070.504259606085 2598.772734835883
1091.0077456045226 2589.807676280403
1126.1520457725323 2574.1938620633923
1153.0344610278582 2563.018739819393
1180.9240415032652 2553.4726939901366
1209.4406287828172 2525.538165469039
1230.541001053321 2521.506682417988
1262.377640286872 2541.0541399557983
1275.3614614319001 2571.4601760846463
1292.0691488189332 2590.256197863643
1307.2848555966757 2617.3570318909465
1323.9897627973733 2643.3413498615323
1343.462402146326 2664.462410897368
1328.2873362015257 2692.4604790390576
1299.12076989278 2717.419284027025
1276.3154855366429 2720.2154926930893
1244.8307119086205 2731.154736245713
1249.9339125732965 2769.909508668199
1257.2883062393585 2785.296388605797
1261.241924903511 2818.629863065498
1241.7192589738374 2836.6548966918162
1212.5391828878323 2808.812359056131
1200.0149709567174 2785.5401003037746
1187.5283960303639 2769.963163601565
1162.2423692996292 2764.7710705010245
1130.0462021826909 2774.2486264636646
1137.6975720095556 2808.5193889635693
1151.849271370606 2839.1607756355374
1162.02811095768 2861.858734865136
1196.653798145856 2847.64441424753
1223.761926029189 2843.0291202642225
1210.8421080824448 2809.623262076816
1194.6168889433911 2792.3174808461877
1192.705507067904 2761.2243762405747
1152.1930133627197 2764.3588307536265
1128.1088706433804 2783.595322129683
1108.7071837827957 2750.6523634144514
1097.3819996535913 2733.3428197635344
1098.427670236128 2696.6503729029514
1136.7085705444613 2687.8166703695265
1155.6403191501554 2677.092937681386
1194.4178461942222 2661.3412249655667
1222.487516917797 2657.19573946429
1242.1144749378661 2643.44043717963
1276.4468718509852 2630.869741079203
1303.330793516275 2618.7571330582587
1330.9593168027804 2641.7386932269587
1339.739444366024 2667.56983041928
1323.9317487864846 2693.347836148756
1299.268170275209 2704.3142736170857
1295.10930625208 2729.5365043254683
1304.2315117705718 2768.523202408248
1320.9412460538397 2783.5332884847558
1352.7693982288438 2775.128131830558
1375.2825140703376 2763.4799091814825
1373.5600374313383 2730.8675792995696
1359.46282411525 2705.0010941762644
1329.4371382261897 2694.861704000555
1306.1539959446063 2703.741555602188
1273.43414238556 2728.98417204707
1245.8790395681635 2732.5944235219217
1246.0255238356935 2766.404283723018
1262.2199548080764 2790.288467384469
1267.3293517480756 2821.443235329718
1245.3762655349951 2835.3606279659407
1216.6163064920945 2819.318598689385
1198.3009940055563 2788.6352600917407
1190.1888614829284 2770.371843928952
1157.6025404497934 2765.7546675887634
1124.6294849912595 2780.5806499093806
1125.852459291808 2756.9841404252456
1100.0988956919796 2729.6943890751018
1098.8029287030831 2699.2306686743286
1125.794365928314 2687.8244428790013
1161.6171250879654 2678.4209449874006
1184.1484210189665 2660.4820881818987
1212.1980182315083 2653.88733733568
1242.830601326491 2644.915801760157
1269.5267840216454 2637.4970307371927
1296.2164503446177 2626.6147168553366
1325.5648901709458 2639.9841077204833
1335.884629707174 2664.80049634423
1336.3422029304818 2697.4466902074755
1305.0063212085809 2709.895175930418
1293.3555473099398 2734.3704430441253
1303.4822963211507 2762.9964703417804
1311.0625807720126 2790.5965108437094
1296.1427438632645 2810.6725829573843
1267.8984024712893 2819.1526079823784
1240.4439484295929 2833.676220363928
1210.6951635891762 2818.4249637608896
1204.7291666427427 2791.841350148325
1182.2716501738714 2758.579000887716
1157.9473353725687 2767.0802516685717
1128.8062862380339 2777.545539966956
1120.210960885492 2743.1178780710447
1104.0004577680227 2726.314496708014
1104.6003525339422 2698.1876057094855
1129.3281726735906 2688.956134212283
1164.2976636711203 2671.8904381441894
1190.3913846543805 2663.551294945541
1214.8487026658624 2658.714402502106
1242.220807462809 2642.915940003745
1278.6858380707956 2633.108738271889
1294.001768661786 2620.851382948084
1331.9958979450703 2606.4964224681667
1361.0757107136574 2596.630423866103
1384.9426770818277 2586.0479703646724
1385.6735630842131 2552.0697979105053
1362.9620910580752 2537.9076753908994
1343.1050098839687 2504.47726110637
1335.009297596153 2484.200138481865
1310.8930435240923 2466.3700341992017
1293.5577782385265 2437.7145507731934
1288.2895420928107 2413.2750024894594
1262.2158415745273 2393.9904634366394
1235.208874158569 2376.3698121826837
1203.5389937371049 2402.5308458597647
1185.868959232192 2425.9568963317874
1154.5964257546214 2437.755928877762
1124.5105961456725 2452.10668619133
1105.0772560598361 2462.8104393124777
1075.868651308907 2476.6655679736805
1058.216754141566 2487.2659596832873
1025.6285081055096 2474.294625376172
1010.1976946783775 2447.657361862458
998.3006378037851 2428.48188304928
979.2293243839159 2394.8306646385013
975.6947591973211 2371.802090007197
995.8824881181947 2351.1640265242017
1017.2064293036868 2337.5579281022488
1053.4438275590926 2324.8141830237632
1075.8923248843903 2324.006108046393
1092.70885361516 2353.2479478314613
1121.493423869119 2345.3848540391414
1151.1784298567993 2329.7819176347343
1174.4779979969755 2322.6166370962105
1194.5226979085476 2295.0934128070903
1225.3872500319483 2282.539979332271
1252.2154505386668 2266.4137469359043
1275.363819497432 2248.475980560563
1296.5143756756386 2261.73143201872
1313.6195961923283 2280.761107321738
1352.2972021200128 2289.62233457792
1369.920349294748 2267.527220382195
1384.6920926594821 2247.635859601002
1412.3085103516892 2237.9210314603874
1434.6459695298292 2207.1548605632397
1418.909572817559 2182.4356877546343
1407.3404508067124 2158.8676783108717
1419.7390557139788 2123.4911738648234
1431.313237996481 2108.2204943128872
1459.243119449468 2095.229156438248
1486.959339117701 2064.604141674564
1517.723879603909 2079.9873180247528
1536.3341874504824 2103.59734718069
1539.598273240934 2127.542432779153
1520.0199901371964 2146.7164711223254
1500.08750129221 2160.134560593364
1469.2193135073098 2194.585498038086
1447.8101655757123 2208.330574310869
1423.8551635177762 2188.529939908447
1397.5589795441674 2175.465440126792
1419.6602247000292 2151.2221544446115
1381.8771143210665 2148.914925864708
1422.525125310232 2152.9600502244607
1392.3722414731062 2157.709318161915
1419.4833554275242 2147.416735592947
1430.4809456184855 2119.433059112865
1456.0226875371177 2102.7274258517436
1472.6942826385136 2077.3565025337994
1497.7355990037586 2084.434497139617
1534.5026876734103 2095.8867742073066
1512.864825145825 2065.194765843508
1524.2816454785418 2043.320436132282
1548.8660370077146 2025.6634361694269
1579.6866462310727 2007.1123232048749
1594.7905368450556 1975.2766445492668
1625.5174634774794 1961.2365477199044
1643.1206199714516 1944.782176321056
1663.0052364412466 1918.433432269925
1687.142087342851 1902.481877432097
1709.8064358341935 1886.0526640163105
1711.0632474897775 1859.683609530345
1692.6715944931607 1827.4210504183832
1674.0572536829065 1805.8609423158857
1658.6912931513975 1788.6043843909079
1639.0571697802409 1762.9347820365515
1615.5074406934114 1774.409979033874
1586.0550753703897 1793.6036637069349
1570.0306529768525 1812.3801932236597
1538.9614703409186 1831.0962073942883
1540.449691434834 1867.5709757153577
1556.5289963656153 1882.687623098627
1582.9683831057223 1895.856493866249
1608.7155207666538 1875.2235721937766
1636.279440296032 1857.087667026717
1651.6133050787973 1833.3008684070437
1681.226466637648 1811.4443393248996
1668.6618922781518 1789.1460268511223
1653.8818826328943 1766.71635180804
1619.5721975155884 1777.2848598658863
1598.672692815926 1789.204630652851
1565.6481809838606 1810.6282390287813
1541.2271622385801 1826.7106348878044
1538.354418690508 1863.1467442941612
1560.1333247457837 1884.491680652568
1578.353025891224 1899.2796603790355
1607.6313394627903 1872.296067726462
1631.7791615316444 1867.9479161699526
1651.6867572775118 1840.8836396987974
1673.1833677820737 1824.1589903514584
1658.5611491452296 1800.8143156712108
1649.7739022761123 1770.793113545687
1618.6184081637132 1779.0450084229874
1601.1400690023038 1802.6338069084816
1569.629759217623 1813.0662092858413
1549.3081135017303 1833.1754306253092
1535.8045221816194 1859.3818903735605
1549.9872268043075 1881.1489838081018
1575.338220207483 1909.2030683837893
1539.842252101836 1925.286113696382
1523.578105246123 1955.1978192036684
1497.23071742295 1972.6870268312637
1479.5573276940154 1985.2782750297629
1476.9640896771668 2018.7103192692766
1492.1476779776435 2053.184202688945
1521.1397109460645 2043.6732228602286
1536.239249980433 2014.3844808308263
1571.0710698105443 2002.3055198366817
1594.6576335827253 1980.1581414775499
1620.471583059935 1961.4191034226214
1640.8605075689482 1942.9817120468224
1664.9767071058588 1932.159360321727
1675.7279046332246 1908.933215775229
1710.180800213404 1888.7341291928708
1710.0754797297218 1853.2270628928518
1683.2987227221736 1834.3196650338014
1702.0862303606016 1802.233467227341
1711.9781727464176 1780.2432049440056
1739.42724373783 1772.5584784578537
1760.7675121901216 1746.0826764020612
