3078.687794983836 2842.540771549915
3075.79129558667 2832.4952231939615
3068.8884810562813 2830.5262353814596
3073.1457905736643 2816.999286721803
3068.9394164604755 2796.060071055085
3060.538726673365 2793.039340282149
3066.8378624294305 2777.089415687469
3058.5383532929864 2769.2004722357424
3058.1170810140284 2759.6531218323803
3064.0340611255097 2748.4268275667514
3056.4918825071163 2744.5356889456916
3059.840508443044 2740.989867624805
3056.7281277245133 2730.1460188786405
3051.1481964462314 2706.9224907523576
3046.920222257929 2703.715228570648
3047.781487884098 2697.234923136817
3042.8709825455594 2691.288705513017
3047.994338690291 2679.432452464318
3045.0396498445575 2664.3765223568726
3042.4953027081824 2653.332548845345
3032.551771191904 2652.925607486669
3020.9553304481833 2648.981020249962
3022.7599768797677 2660.296959638088
3011.1305471514697 2652.089244496245
2989.5568758366235 2663.833610210955
2993.067697098547 2648.436018812852
2993.652391496388 2643.2455936133974
2994.2536461937366 2629.0072178939563
2984.335737850421 2621.293012573686
2987.327776828592 2611.993922016225
2981.747220281375 2597.7355203345546
2979.556976015061 2591.1218388092702
2981.4029865276398 2581.7989073152344
2997.0506082441507 2586.3350120451096
3002.6592155318076 2580.0496787611432
3013.2233275328913 2578.7199144141764
3031.3461896270815 2573.789815130814
3033.408196781786 2576.435970772503
3042.9771048375046 2577.7157681826416
3050.208377228058 2578.7174761244787
3069.616346458339 2571.0489422792257
3085.5845602799313 2566.9714429279024
3088.5584282128566 2563.7712808381693
3094.3933284550576 2588.307904242618
3087.189777569296 2581.2782509640033
3095.3403550678836 2599.5734606534015
3092.708154591572 2599.4018195867343
3097.184137765142 2612.0060533907545
3094.960349630682 2630.269642565789
3096.1070257786405 2631.435222752533
3099.5052585773424 2649.965991421765
3104.5204133573266 2651.510756162455
3104.038369044838 2665.195376816515
3111.0793821643338 2675.5338561773233
3117.603522424695 2686.5742221564597
3115.2601467094632 2696.598193584578
3112.13530946526 2704.3386823193714
3118.9594409516626 2718.3487751143193
3107.257399586701 2718.5447543232913
3098.132688542694 2718.0071188306147
3088.719941484788 2725.5231941762036
3074.1595997250333 2723.004479624751
3072.3546508509894 2719.8450829376193
3057.150012644282 2732.0830246111536
3047.0970709060152 2733.42658866164
3034.942492052027 2730.621999819508
3034.773131690035 2730.7332213298287
3013.2834657106896 2730.6670969973543
3009.297010620573 2732.3550676841955
3011.909106212182 2729.571863070112
3005.1421386612205 2713.371749061081
3007.9136152938704 2700.947368640558
2998.259734508536 2698.3009704237697
3001.4770084749775 2680.551233140841
2991.69327878316 2675.2953044260594
2991.3042632501474 2666.0152082327563
2983.5833230335384 2664.3451233334586
2971.7309989381615 2661.055910889904
2963.919819606799 2663.313131242593
2957.3675637977335 2668.4540723145783
2950.8113900773374 2667.107705410281
2935.831871909247 2678.1103800829396
2931.328369838695 2679.0423656772277
2935.408154895052 2685.4154201174697
2931.7059689770235 2699.470280965619
2936.4107920953857 2709.301397310153
2944.1686340415863 2719.702769686468
2944.058065564711 2727.9994080456368
2942.3946642463334 2730.676309206291
2939.7537130648157 2750.08848865007
2935.161625797304 2745.8078444795074
2916.6369283253325 2749.4723331777045
2915.97333831417 2752.838247425749
2897.089726852982 2752.6706888232884
2906.785288620919 2766.4846398854083
2900.6795759273305 2775.2177928289325
2903.8855217897585 2784.293909391118
2911.310866849541 2794.2337768626703
2911.119531555195 2801.341468035578
2910.0306339347144 2812.109888446986
2911.7337521498907 2833.7673008539496
2907.067474664874 2842.219365677612
2887.9837022814663 2833.779354526761
2886.0670156358265 2835.9557952458554
2872.6814646823127 2843.140101501599
2867.8849300281536 2838.432486787428
2862.0676411780933 2843.760697230029
2850.657517155196 2840.180568198262
