2356.1932717533023 1128.5276811101996
2376.9809677031662 1140.681881114388
2404.97488218183 1160.1582236241213
2438.3471002227943 1170.4041916172205
2459.071256226148 1178.0947471375102
2490.0757734452595 1192.5121772264677
2523.4828956767446 1202.7082861840718
2550.571451041649 1210.5539140070775
2575.043010522865 1230.5425696851607
2594.5683789492464 1236.7432371704022
2630.929300975499 1245.2382494167503
2653.931559806268 1252.0227743573828
2691.111233033913 1264.1789165066157
2717.7389894069715 1281.6942050110981
2739.3619270430327 1285.7212186280708
2758.5146203261324 1304.9006685650993
2791.4333404369504 1315.5349617181828
2818.5421641181247 1330.3354066594554
2844.300456771225 1341.018574488376
2876.794199958956 1350.904737558626
2905.623735211438 1371.6615837170068
2931.1709100988464 1375.5905805982356
2961.3726621964547 1388.1783970879685
2935.316216973789 1413.4987869507697
2916.5496859375553 1401.3886299729634
2919.501816064675 1374.5514838655563
2949.3265630989376 1387.8126567802092
2970.212368397591 1400.3222220456692
3007.960878567767 1415.4579983476506
3031.745957539058 1426.9055568999652
3057.1290422108577 1441.05439450138
3083.0314690004 1446.1054844686823
3114.264435091577 1456.04702716543
3140.8864340647574 1467.146747092354
3172.0573213070516 1484.4390415350647
3198.450983238425 1494.2637204177981
3226.749206446299 1505.530236446377
3257.4671849705337 1520.3144034927604
3278.223125680537 1537.5147637078906
3305.5277591256045 1545.620212849253
3334.4615714480046 1559.206690391354
3360.7314500592147 1570.8473022290036
3396.166491672839 1572.5489654522582
3422.3690603121477 1581.4811644391384
3444.074113555744 1574.3028009326777
3477.2747324087363 1585.6976794460747
3506.809788890461 1580.9221732387803
3540.928442053304 1579.1651347517559
3570.0275460661023 1580.9342413624374
3593.2632868261157 1597.6576710936013
3619.5973735995954 1627.040371843502
3630.212268419419 1644.0782878050343
3650.01066761895 1668.0708255655154
3646.5120413599825 1701.4594059793471
3649.942380317082 1725.9133013144915
3657.3980476216625 1759.4176454811738
3656.1266809148547 1789.9598066069884
3661.176884986833 1827.1101097414034
3635.048638747796 1843.5137358488466
3629.0096411050495 1872.6498266345868
3634.387659008708 1899.2894892902912
3641.918404065824 1927.2119584147667
3644.933755572534 1956.7002804416984
3661.5976027708334 1981.3502098191325
3655.818538907602 2014.4893062913152
3659.719603660094 2048.626703886856
3687.87158832312 2059.242357056248
3719.9412935035402 2053.8841852338596
3742.156019702602 2066.9950655514717
3761.9045700242405 2092.9654150963866
3777.799255161836 2123.40242065494
3756.82205218312 2142.262527932387
3720.720513863193 2149.6235230724537
3698.1884145974905 2154.810599147862
3669.635448742311 2163.0499049486716
3639.801120976482 2158.978649906983
3607.4676130305897 2160.500825071133
3584.0406112967244 2169.92657331151
3544.993334748306 2174.739727596695
3535.7619474658864 2150.15253398787
3540.3738372993434 2111.6170355693826
3509.2839917535694 2105.3580760587793
3483.7113246517797 2114.44810177322
3452.815356055068 2115.917174175686
3428.028144047958 2124.7818051310674
3396.205692061748 2129.838881789151
3360.1336126622023 2134.9181710591242
3336.1479100899155 2139.7582113174176
3305.2207363557077 2129.359765838182
3278.91516058225 2131.2274922192555
3242.5539101932663 2141.7018847660315
3211.526261228161 2149.2180802469084
3179.875728194186 2143.962823123027
3146.346273588418 2161.6881690416853
3125.6674288154463 2161.719001004404
3090.80105102784 2169.7676699761987
3069.3602404287813 2172.3277554565348
3036.954933697825 2186.7799731619825
3013.191322539525 2178.822868545907
2975.3386939591282 2182.57806481167
3004.714781363033 2185.5930392136534
2977.61981709162 2198.425641223789
2951.111597482249 2205.202149620078
2922.5754907139867 2204.8239340393966
2887.334876798308 2208.293701242482
2862.5219893972485 2217.7523627344876
2837.258094419371 2197.1112984675165
2807.7122843636735 2184.948013341938
2791.5521065583193 2155.1031258985163
2773.806404557797 2133.5451664324705
2769.1934244612985 2099.3839363613315
2765.975703672131 2073.827424182821
2761.5363637676487 2047.9882309068605
2751.9073195962233 2023.0158530930212
2745.2234098991958 1990.3633264292368
2761.541809581611 1958.9655694704097
2780.880658048011 1946.6460426628403
2806.6790569924883 1931.9422176737983
2836.9930321312854 1918.3397759790078
2868.184738780664 1899.7774523239661
2895.000558977415 1901.861740113802
2908.080758911777 1925.538392525876
2891.8482980145427 1950.844008615727
2862.5521960505416 1967.1017850996225
2834.8575421592463 1980.20979900465
2812.957380970159 1997.1551184044843
2777.4845675350844 2009.073783686744
2757.602258816716 2025.354173021378
2752.8249516102933 1994.19334867407
2741.672487700099 1966.5360163949463
2735.2696138771266 1940.6041580239305
2732.8244332330787 1907.919384201402
2721.473357850813 1879.2510590356856
2724.430144604754 1845.0876809217923
2714.986592103886 1818.8554816331477
2734.7309460256092 1799.0598192090724
2761.556860843066 1791.1178123067934
2794.4838476895375 1789.445234345271
2825.5283329196777 1788.7912084514153
2857.2629548359623 1775.9958128059834
2846.4971183604634 1746.7249976531907
2843.70530047628 1706.2658442307836
2842.903189487161 1689.7499354721906
2835.4548288984024 1652.4136067078155
2844.005977333245 1619.2927092237849
2811.692042612985 1624.9538238479056
2783.3049614413753 1628.1501456916822
2760.428103757874 1625.548559417486
2718.862410875825 1622.2115341273602
2700.373272072191 1609.0774811640015
2667.603481042329 1592.7371832743183
2634.9004284581897 1601.579120529542
2610.2097885565568 1619.8606056868196
2600.3530614442 1648.6932550605925
2576.357008879757 1657.1548520621077
2565.8962225295613 1620.8731507429925
2574.4115307335996 1587.1469618652125
2567.497214329163 1564.3232581531518
2536.7229761054773 1553.9102196296985
2545.0568881982686 1516.9228016338918
2553.1328011235573 1494.7160189716487
2594.4927101244225 1500.2726081577034
2612.6148303918962 1502.929014831033
2597.8238727723783 1529.0764732719251
2593.1606167909486 1555.074228508807
2564.9277232921963 1559.8414138623984
2533.5701639747685 1547.0087670644305
2512.2217342079093 1529.590820573669
2490.740150705174 1558.9741135461368
2476.022532052543 1582.2519470485877
2458.5712228634748 1610.3521569951172
2492.8129390567783 1599.41433679791
2482.240318547659 1566.3900742688102
2467.9145012521603 1587.209581004664
2461.547938617478 1617.8886536185175
2489.5530997282754 1638.9807128536763
2514.666109721241 1657.162114797154
2539.0566523082216 1672.2032242816656
2565.686113138411 1685.662187295854
2597.994409432268 1706.8049127935653
2614.4164442380475 1717.440090288043
2637.356917898211 1744.4764243308905
2651.1439401927037 1758.8921120105354
2689.0909435593426 1781.6582203126359
2701.573261776307 1802.5844034117422
2708.3076853087173 1833.0505498106256
2708.613556207226 1857.011269035786
2715.5244843976734 1886.8761905605638
2721.7392256675626 1908.577348863393
2722.89593748631 1958.422062071858
2747.3572766105713 1977.4461671098804
2738.2541846836425 2008.0497522031958
2744.3528992539664 2031.258498221081
2717.6737663174463 2048.8768523526705
2696.521108274897 2065.3360993006286
2664.965020032087 2073.926855488524
2641.1015553991497 2086.7265658625083
2606.464786452821 2100.6020384645494
2614.1849963201735 2137.872578787824
