705.4916045437573 2727.567059285489
699.5299766212773 2759.8195523427944
673.2898359745266 2773.008455301731
660.6011978853971 2796.8140588258475
637.2484008947052 2814.4841204869585
620.2910956905486 2834.2078491680136
588.2109175813589 2819.33983644788
598.0873409481529 2786.5087257791893
623.2394609924362 2768.643461998129
646.2325307992141 2750.3197946537684
667.57193789232 2741.994124987481
702.7927245844768 2727.0322505121508
689.8032860074039 2750.4023813686317
671.4502885628428 2773.1542432462834
646.6614389596219 2800.011509198259
628.8101800922491 2817.4791752427473
606.1041742897637 2843.5966119685713
590.2990467275064 2816.9380528219253
587.3744365523384 2783.9151000491515
618.7007061083183 2772.3002721118232
641.6360503391468 2758.3740611635303
672.9364542309087 2741.3185647288365
701.3336126138942 2717.7484538633503
720.1863704617966 2721.42551878907
745.2841116583807 2696.5727548292557
765.538052718942 2672.532252769381
787.5461168728112 2646.14819894811
795.2964991618 2622.659793850116
814.2780655961427 2608.0638181815752
851.9239540939528 2590.433483124835
825.6493726940082 2616.32452902063
828.4198688352845 2646.8501484320386
846.9290499081527 2672.7346402968774
851.0864124694046 2700.519999221552
875.6640917416819 2721.546302668174
878.0373440681601 2755.4670477997815
919.1081108275037 2776.934129596869
937.3805590081923 2750.7982197557794
965.3510636082128 2747.2488311081274
990.8831136442143 2734.2282941287126
1013.8971389362936 2728.221019541841
1051.2864421298405 2710.3504509013906
1083.0338162223077 2710.337209903381
1104.5139354298312 2690.507920732165
1140.7445140105158 2682.9794390867582
1165.9369010387904 2671.027154180936
1193.0760660814149 2659.713590475861
1223.1294497489582 2647.2798334103977
1256.6961875456198 2646.0926709667533
1278.722678671678 2629.2657465871553
1304.7727864760166 2627.912678335224
1336.7293840770774 2607.1091044992636
1355.4043660649766 2596.5695725054725
1401.2019268138706 2584.7471397074028
1382.2764534498276 2563.21657871027
1362.1765453258852 2529.2345354623653
1344.958759257716 2509.651491331979
1326.0313185951136 2487.095039810459
1307.1226676122874 2470.684721820591
1295.5110829133441 2433.034043453605
1278.0323749957786 2417.4820657282157
1259.3960981785078 2391.1124183501947
1238.982376640278 2383.957942169229
1208.7113805877698 2405.655275144326
1174.813196092898 2422.1933313431045
1148.978367195549 2434.805542164805
1131.6761626418163 2458.5633505601104
1108.159427866926 2465.7311003340164
1079.8608135384784 2487.0428865626623
1049.1107151447443 2489.366516935457
1029.8917983611962 2510.2453341070836
990.7766865279596 2521.1788509278313
971.7504158230824 2538.427008221816
941.4551292713841 2547.907642541463
911.9789872367818 2560.1555573512833
912.0405329421676 2592.1529099350373
925.4898175481128 2615.1921713015627
949.4361344641576 2650.699004747486
955.9800544043968 2668.622432602658
978.1351831499994 2693.584178295905
985.8902986339486 2728.466038532932
993.4823079028366 2743.6433326438864
1004.4489578959983 2778.986073505822
1019.9524595326014 2802.8842335975946
1057.5276569772348 2811.859846891693
1079.8788553429686 2799.7662553919763
1108.4915152933406 2792.9265138223973
1111.793309239472 2746.349000819237
1108.249916596312 2728.086174264221
1103.6851676007823 2698.584547378131
1125.2010002817347 2692.227439720984
1147.914616812118 2673.730730251348
1177.9296085567598 2668.393628358218
1208.4994873448707 2663.2061597257098
1241.9635640828635 2646.9170543702144
1272.7672683094631 2632.7612986276877
1293.383423596483 2624.5622592426575
1320.4439243453353 2634.136464093168
1337.050026710992 2665.3358963864307
1332.902168807976 2696.6022446073002
1302.8518913694998 2713.9873417541617
1278.9771119176944 2717.3961682862205
1253.7856921656673 2729.9405949729603
1225.3376970543045 2744.8545165523074
1195.1673142026207 2750.4850571933603
1172.557387527975 2759.5347030287235
1143.420802239772 2781.4212939636654
1141.4928908899574 2807.512052917826
1157.687334477627 2831.7322035435122
1170.0221295330948 2857.1483379778742
1194.0020690233723 2849.5002654005275
1225.0627103830336 2840.8508782310923
1210.9417877228636 2811.934837257819
1202.2774150330122 2782.567167792351
1189.587159520561 2755.3401950462367
1161.3634873775786 2771.1011638319624
1137.9415662772121 2781.823437283104
1148.0554236660569 2810.491927795897
1162.8701476983667 2829.3273833996336
1171.2017050574154 2861.3175466899647
1196.1340151232528 2857.5804032878077
1219.8536218140082 2834.21075506226
1214.0499422642674 2813.1104082433444
1205.7335803205417 2789.5357525797453
1183.3286261984183 2757.3089663613205
1159.8949071872166 2767.706452904881
1136.5219953047836 2782.0521505150055
1141.7975972130992 2805.554033839675
1152.5016664944844 2834.095915771164
1161.8545035712445 2861.9028546221616
1146.4099312937096 2879.5065240717176
1119.4693169912277 2901.5884411919833
1098.5954353513291 2904.291934496881
1071.7181003969065 2922.1817425753297
1042.5116907012298 2935.077364821153
1024.651608841073 2954.3293929036067
987.4523007257679 2968.2384674177656
958.9263093251644 2987.564108771951
928.3374401014994 2995.637483244172
909.6098416156458 3011.299929505866
887.2260508451423 3025.229734493357
850.6578345179241 3024.816797718443
841.2437435071749 2992.169691916351
832.7437508157581 2961.8682188866646
822.3282598935759 2942.3871879056423
811.7116012372474 2905.240348193853
797.6556101694509 2884.0030509578796
794.3170391586702 2851.750440854565
777.7484505414038 2822.3832347596053
806.9420038534936 2813.3397016635995
831.8667194092535 2801.9186518189467
865.3056434206213 2782.932974749742
889.8311277415828 2771.813607196585
919.6468235584005 2758.7026890362945
956.3274208127826 2753.174133553197
975.8300112626918 2744.4202482281407
996.3599374507198 2751.2828471025477
1017.9080919006104 2779.258377833324
1035.7341683119937 2799.466936899321
1059.1147988536316 2803.109633150444
1085.260785132728 2794.7409526313845
1116.3331271534828 2781.0962219258336
1135.2772391114447 2792.656620271616
1148.8298997255622 2827.1189632950836
1168.0917222213427 2856.0576891838473
1191.2686577959228 2860.4260663009463
1228.9383451585043 2854.871790409984
1205.9910960984914 2817.524715318807
1205.8376887283923 2785.2344567618043
1187.8004995320798 2764.9056385251465
1158.0083934101742 2775.165684916085
1127.9287335424342 2777.33900584173
1117.795597362452 2748.9595595323317
1097.5316955234275 2719.1781404855587
1089.1264233447994 2702.442877885676
1071.691003978997 2673.3839411541617
1059.9608855623785 2645.7492782786057
1052.0612587729172 2620.1363805229357
1073.125892813221 2596.206895173854
1103.675045538035 2582.996759481534
1123.2035350692518 2576.493593618859
1149.3769439315247 2558.7195101408165
1181.8748367690887 2547.448689606016
1204.1139375077908 2542.721324533867
1230.0349819680807 2519.7519727308722
1250.4971304884916 2540.1002355034834
1276.6499603681755 2570.1166394902934
1295.2359645914596 2591.810281577735
1313.5709537338114 2612.8099041120986
1344.4295358331499 2612.5355597150187
1370.3122739245896 2601.886915232272
1402.1027398065214 2588.5501697523055
1384.4540646546418 2560.6967985328893
1366.669515317027 2534.3931948905606
1347.7794245989746 2507.418661007742
1333.736461355464 2488.611104182137
1315.3680646227403 2464.2980159487915
1296.9955581177944 2436.2507808600662
1274.7854090669123 2415.8228946517916
1260.657307694654 2392.432351093741
1231.8231644968216 2385.160270027903
1206.3033116624072 2410.133213616357
1180.0649591794759 2419.396754947068
1178.4408439090887 2441.6020045406794
1201.1955365780016 2474.464217417274
1200.311555204552 2489.5680431296996
1224.3577538471754 2512.1893592416313
1254.0479642043633 2536.6653970455354
1272.3707070295332 2561.1478702483
1282.5453348752892 2587.0530962536563
1310.0305010149937 2603.6209709122204
1312.9125874865551 2631.7585017446695
1337.3535365949558 2656.027691813783
1339.1862331893144 2679.249783171195
1316.0887200662432 2698.5337585573425
1287.9811525353512 2715.3219233052637
1263.5745008431775 2728.5053749084127
1231.04135542078 2738.387162732456
1247.9730723908335 2765.076884490184
1262.999443894346 2787.9949308507053
1259.0534214172521 2821.1839856945267
1237.5200295464729 2829.9160536695895
1218.6059443788552 2812.8392625706692
1203.4625358231683 2794.616636230232
1185.370412006332 2760.0673009584457
1152.7410842651484 2773.04233170097
1132.3983919958205 2774.7580860376083
1138.6066151418581 2802.513919433711
1147.6661756861718 2839.124599372819
1167.956844926854 2866.3637761929645
1199.3049516168103 2862.821096266794
1223.5021651549598 2845.6293181558804
1219.3612762643545 2812.7198502982055
1194.6480596555084 2783.2326079611976
1183.5621042170408 2751.47503888252
1162.6753298111144 2773.36277653913
1126.6822419570865 2776.11630414024
1113.884261269041 2754.1192185621007
1101.600107632569 2726.4684423145036
1087.1947028867114 2705.60494879088
1071.2346901919454 2671.7436591972005
1069.3804342601636 2653.4425667164232
1048.173911783037 2618.4612520810774
1063.5406413732444 2599.8817256999096
1105.1941697471082 2578.630930664986
1124.498631414298 2573.313553663218
1154.2968261252906 2568.139579667748
1181.739492970393 2547.8418357549567
1205.4125153195866 2536.1757993886154
1232.670232441489 2521.1805155335815
1258.8948269340976 2544.019477357985
1276.1307480548498 2571.17542396404
1297.4616852863437 2589.820910915114
1318.4775982017225 2615.0930617048148
1325.932798577307 2650.63700723441
1334.5888945104623 2669.8348795240026
1323.8327951214 2696.714729225284
1298.7495449228247 2713.3912091815896
1293.3029352395893 2746.0742134797324
1304.8749481805514 2770.5968664903085
1316.2162790460816 2799.2161511207314
1288.080393160285 2803.693083327094
1268.167719872306 2819.6496942793397
1235.6651008324548 2834.4069954230586
1213.9121566385027 2816.3639590500316
1195.5907715239575 2784.7627287354912
1185.4616363819944 2755.953557559484
1156.7732316349968 2767.817127455741
1129.5307172105074 2776.4275115404853
1145.203960257286 2805.762368108122
1154.5159365574864 2826.6427860211916
1178.635770055575 2858.6649569181286
1142.5374395218591 2880.2746555367635
1123.181376530208 2900.452488866074
1097.4140903387151 2906.5042129038397
1068.0252613409978 2925.4654339407653
1049.3022726665301 2939.7138676138948
1021.3596584831079 2955.9449582551592
998.1085980839553 2966.92653851644
959.7228175596175 2979.632742870461
934.5848388166565 2996.086479165531
909.8569405054083 3009.808771409317
887.9323219137342 3021.7329099304798
855.9846887250408 3020.5197424508356
841.8661791930375 2999.138581008368
844.0278598438975 2961.6902321247
823.1843967614358 2938.1017551357872
805.5388869705923 2906.0498758112344
796.958320350725 2878.5287297051664
783.3480356174398 2857.7489193156466
773.5390902287602 2820.5553164418093
796.2638728588336 2812.057793583638
828.7320880157382 2789.2193424723678
862.3532641678427 2787.280474266309
886.9047654045936 2779.8279518600275
916.3494647713683 2767.1116796039405
946.762037670115 2756.9820397566964
973.5367459270628 2741.9724323131395
997.030709219845 2755.956791462035
1021.4080282810456 2781.6847349852083
1027.8386298090888 2810.6264000073743
1050.1228219057418 2846.222371987753
1048.731582793927 2862.3134595955216
1077.2834742024372 2891.8244511436556
1091.040195804317 2919.077573347384
1058.407995023152 2932.457488476791
1034.1964141599842 2951.278397723658
1003.1073197816072 2963.6476500148224
973.6395458134045 2973.5841436315186
947.1518426621803 2984.861618098694
916.317516249208 2995.555430864017
901.8836364096329 3012.2855083063664
874.3241681953236 3033.893060405175
857.5272550488414 3016.4083778518357
834.9528500170745 2982.64833006994
830.361896654962 2950.1412185269396
817.8460314586251 2923.1666270349524
805.158984397576 2898.6637514540053
802.6775838621047 2870.803347179884
790.8926973199083 2839.0009455007885
782.4675340641007 2814.172516497682
811.5543128015584 2798.236861994027
841.9888219780662 2785.7166106146756
883.9740798414603 2774.7415371672546
902.9308980470909 2769.406843304995
936.075089067216 2758.848376520468
963.1358484714616 2750.1194822121506
982.7679730408519 2740.8848026137566
1006.1223857008621 2759.582047276777
1016.7389442447945 2790.6896837805193
1038.3231311749933 2815.6993402661874
1061.9344563244929 2812.7484251278634
1095.108536720528 2794.4861968539694
1116.6663681994537 2783.895782132576
1134.9364490824612 2800.2261220655196
1154.5227968356933 2828.671756808546
1164.4816541668824 2849.393407627211
1149.9866654866228 2882.917878109131
1123.3952801095168 2890.200331291655
1102.8935581331375 2909.889576485575
1079.7130224964408 2915.321037211734
1047.4897360136742 2937.808265219365
1025.6078665062846 2949.0603693572048
989.5671259721117 2964.611462280927
968.9780528317393 2983.287162928418
942.5930005349221 2995.5847092368613
911.0701573973549 3009.884391873847
884.2248020610164 3025.310609641958
862.5117912169788 3032.1752055278853
854.5138021463104 3005.940274890432
833.011678385599 2981.8085093341215
832.0836384564169 2955.539566581534
822.0092535989114 2921.174961877391
805.9547105309214 2892.480053668685
795.5767290613968 2870.2179945735415
785.5232519494928 2847.7345175243677
788.4898995095408 2810.3687914558345
824.2059430724852 2800.040556754684
839.9459435275952 2794.9925789843473
879.3014292243676 2784.4395288424716
903.9013824544774 2786.568523094147
918.7332313863182 2815.060773468592
926.7875048268506 2838.90676594146
945.7314927675562 2877.392339822741
953.8041173753574 2900.434085675249
958.8682218993742 2918.126109880879
977.2619717842391 2950.282499956594
964.9733938977986 2972.72577762726
941.3185265499131 2991.9794950439054
923.0031695621041 3009.176060305396
881.478707774219 3022.884879124981
864.3548499333083 3031.166720013044
845.4748001223803 3004.5728100859956
830.603900250185 2983.8459956921156
825.180258792684 2952.175743228928
812.946244273228 2932.2308195650876
812.5578941866796 2892.4408275219575
803.3093517105353 2869.1180058806494
784.4707532419764 2841.6216626982145
792.8663931215723 2810.679999287142
820.258524432065 2795.920002433034
846.4507144666726 2794.9263344423734
881.574527258215 2777.5542794499147
899.4257622393998 2792.920263282098
918.3285820526778 2817.562463519964
930.696423933988 2841.472444444663
944.1031407178326 2873.420096690904
962.5695955854819 2894.0819894954802
969.5541445398508 2916.696391858239
982.5542626201407 2950.267661997225
972.4532903978096 2982.937226869813
941.9182023524962 2998.981432422905
910.7161157073512 3008.909909451046
892.4687636992246 3027.372483646509
862.3936042609811 3031.857820596324
847.5589585153667 3008.9726683983254
842.3844728812436 2980.033133019823
828.1863833688583 2952.8912859083894
814.7205037941239 2926.2680492726913
813.0701290770144 2894.7220589370872
800.2365708572182 2869.590232157189
793.1458432225554 2838.874094473071
785.3280762315532 2809.6661267624095
820.3344697907462 2800.576049356036
838.5743650673339 2797.5632153829542
874.5287023030245 2778.8982402102247
904.7135419257284 2774.070203759693
932.9875354398617 2754.831161920669
966.7538683286989 2748.175108637268
991.9312919567321 2735.275199720618
1002.9185041906784 2761.1444226112944
1017.8479420352915 2792.100159606679
1034.7334588115225 2818.7392393573905
1046.0718095436716 2838.5153173026815
1056.5921500328961 2879.058657285323
1067.1006830045287 2892.6667596434236
1067.2059128997146 2932.426374064143
1041.6790177710266 2939.8419372661856
1010.0782191250886 2953.322764103763
983.6232502685192 2969.4136113888503
961.572761370442 2984.4772049928333
935.3401706916529 2999.5981519535308
906.0680095966745 3014.4313056429637
877.686713744289 3026.6522031951945
843.5548053995817 3018.4672280429536
842.11664193213 2988.40942181841
831.9788608210168 2964.7791192571412
817.7931663963396 2930.604175853603
804.1113463449308 2907.2196122377636
799.8504765951947 2877.0550645090534
795.7824280875632 2842.815789667943
778.9111315031272 2824.718837221566
802.5362403986741 2807.643787088768
792.8403709075957 2774.8922273386115
780.0818404973365 2754.2157307045795
770.141171500521 2722.2019523487197
749.7975296291839 2708.916647299212
753.9961326801294 2688.2908899572412
780.0202670873337 2654.292982494383
787.5388092210542 2625.980183923242
784.4689019317024 2604.118390466023
772.4578617294352 2570.2144843206574
779.2567810818312 2545.1930828176864
778.8441731114526 2515.7139780476973
767.0920698184598 2474.9597714524634
738.8408526539979 2474.0081852200865
713.2144427413668 2474.4800434192775
684.2377603096179 2472.141141579897
672.4738476329975 2444.793958559466
671.0703883168276 2401.253512130148
664.0865905181859 2382.303640286511
645.5714606245069 2361.5976879046602
619.7918112371248 2360.1241808973077
585.8346738144214 2358.7177765353745
563.3535825217389 2364.811384834689
530.6705228566717 2378.0382943241775
518.5824623087324 2409.355450348361
511.9120531101349 2430.7714073259153
491.5346259285311 2461.102810074425
482.1529919667084 2483.6068315920293
464.19816765179934 2503.4343338005788
481.7854560602441 2541.800590593606
490.68909774323134 2572.564386678512
499.5930461749135 2591.3242753310074
529.793901882283 2583.2978454861623
555.1823010138498 2586.9803435777935
584.0430360146149 2573.615143079766
604.2703411934277 2552.2733046245876
640.1051238826606 2547.3295429065297
665.3575883381333 2535.647479775325
678.1518775038157 2511.3281236470866
669.4277255218227 2472.9720627018482
678.8433740432002 2453.642400516661
679.8846733588063 2423.0658724341824
665.7850583301605 2393.479492854815
662.7941448958226 2369.4373436274705
638.2688864491807 2362.4436613494045
596.1356065672987 2366.531579533184
566.7180454180957 2360.6009841895143
537.2396987553271 2364.6010095019055
522.4654591730821 2393.5336344210455
523.6822194692195 2417.7801482661766
510.5630535382126 2452.3538923247243
490.7755821996704 2468.680528094719
479.7444850446532 2496.1427186689134
472.23331019646963 2535.7461227409667
482.83180486557825 2556.5115411270294
491.59733300119666 2591.333095767598
502.52525395271306 2612.354595983288
525.4927799683082 2641.0229762381173
530.8510125402994 2671.7485251468875
538.1430390497422 2698.345204540166
552.653383424821 2719.206914773047
563.960112806032 2747.2654648882535
539.0884768996381 2773.892686190733
511.7146682605699 2775.4463405282268
486.6581973005493 2786.4644073956665
495.7565993644529 2756.5135753533286
528.1938858523664 2750.345600640894
553.0097242234377 2735.5427540691553
567.1453077270238 2757.682906103783
537.8619692077724 2769.930401693019
513.1996097848411 2776.3727328146415
490.88182814126634 2773.39464248971
501.3993605668223 2757.525801234813
537.6054836681388 2737.6087766846385
562.9262706455864 2743.595594161854
