390.14865501993313 1182.1333196113544
389.7554984413901 1195.400077507907
395.23097773372456 1206.5070052978745
399.0478659574211 1205.8963834573265
406.08353921385964 1217.4532198835684
395.89204330577763 1230.5030614137745
402.53765987008666 1240.0608093207002
403.3844156698439 1254.041461963438
408.0564018382585 1268.8496729561477
403.23343948492663 1266.874734039967
411.0681831755975 1281.2326073363895
411.27708243280676 1292.9052173572788
413.12022234910495 1302.6806583682505
418.56460578547035 1310.9895629312455
428.64112948376294 1319.2829174991286
415.0165281445146 1321.0522247550357
422.5580567372021 1343.6197486710926
434.55223249834916 1338.8577851524249
429.8071138873144 1362.6084637985189
435.6256905551091 1359.8864165660425
441.6295739073751 1377.4013394769158
439.63064070845485 1384.6928525723777
443.01908664110164 1401.9658726578975
447.48509326184814 1411.3988389465433
447.9154404075375 1416.8749799092252
450.55435279881317 1429.2603755920418
450.7522250920941 1436.478459915114
457.6738814018769 1441.7833201412002
450.50859140458056 1455.9888752984302
443.41442602604866 1469.480496925723
452.25569782513406 1483.6716609392518
450.0115503086039 1484.255674751784
448.0517746684679 1495.6201764685782
452.06330521920256 1507.786174114391
456.3379630398938 1517.710333035747
443.72742793195584 1523.7640183660856
447.14019950104256 1531.1319889130036
440.45721859138433 1543.023284376984
447.8636462138945 1556.2706917257142
442.5039030669108 1568.0502698465696
442.7865955743734 1578.346027583895
440.489604873336 1586.9512210999335
439.6746615315258 1594.4411061633216
437.5549978103425 1611.5872053037895
439.7799021607921 1620.3912013809581
442.66496022911826 1625.324721983384
431.29029576228237 1633.9112614343667
429.1693394363245 1644.056696172137
429.9824300359498 1651.6749599080695
433.85831749993497 1666.6136053277219
431.8981267188319 1672.4033979204778
430.06056516920137 1686.6713001450912
428.4780632630122 1692.8384231734326
427.81656017857205 1709.0169706680165
423.2889653700819 1714.4340773991903
421.7477995998674 1720.4883977575162
424.7776201497861 1730.114253765512
434.09571439149687 1747.0059935099603
421.3881324896929 1753.3039683321033
424.15945036228305 1773.433659839411
423.6073994932159 1773.9666948219535
417.89537579812645 1789.277583428401
418.09783641012575 1790.6233691559014
416.66467146594306 1807.4897526657992
415.84015484970575 1813.089812582425
415.9748243443951 1819.342346648073
407.6907536233419 1833.8107084754527
407.1156921558804 1841.3117894334769
407.70832083513744 1849.3548803116819
411.57249634495463 1864.1388272100403
407.36624766109423 1870.352362368195
408.6614258106159 1886.2542852471274
412.83305994324064 1899.8958823707662
417.17399847663154 1903.490401394367
416.65002388316555 1912.7155518852394
401.841942476269 1928.3335865576657
400.90151668919424 1936.6460229874313
405.1703119211541 1944.9019262888803
411.8334328670615 1958.2987549538093
403.1178906596648 1960.6873923183225
406.3738261695485 1982.7802466982955
404.63382452920035 1976.032000640808
409.39309407865625 1988.1897030748005
406.99454083619366 2002.295040177881
408.38016890062937 2014.5978628766643
407.04203429998154 2023.0560093297859
405.76974655002715 2037.3959559556554
408.2454949433261 2041.331713672676
411.012844911406 2049.4931603989353
402.97352762520234 2067.085619553537
411.4326883463259 2067.9831423177257
404.356822059952 2086.8224036919205
405.1681394193739 2087.9756443997967
404.7691900633001 2100.7298090039117
413.4215665337408 2117.3168094413813
406.4324491860382 2125.991735937836
416.67013683535026 2136.3765775341967
411.3414425375127 2148.1840065150195
403.71953255762867 2153.6238277912857
412.87366133386405 2163.415409298056
406.3185471797004 2179.5273257710687
405.0787760879454 2180.4200917256153
408.3471963987824 2197.4376173700207
400.58342501099895 2200.4000274140653
406.66050843245864 2188.447882461338
411.9111852273013 2179.6762244630813
410.5327712526064 2183.8389974068305
401.5609165275619 2166.5773067386353
413.65322924525435 2156.0283234858857
412.75603911442977 2138.1150261212683
421.77043042211 2132.114765145514
419.61545255676083 2126.555364610724
413.7415464449725 2114.7833187871906
420.48622673661737 2098.613104807379
419.9400358562021 2088.0454300503247
416.9996780604101 2085.983537497469
419.32642114771187 2076.655053536726
412.91020982725337 2064.1406000516126
420.0832919896818 2048.254013574912
416.3650568744851 2049.097380382815
414.45613782742714 2028.84530833505
411.87846730451133 2027.639905242596
411.24951018751483 2008.571565751064
415.34854152351295 2003.3193712385787
413.31968491191515 1994.5043536045755
417.01379057997275 1982.0685445932193
421.62345548060364 1969.096088388405
418.9145826981641 1962.626781072206
433.9078630951268 1963.249151379344
428.6322440073812 1965.3709961066343
449.5647416675951 1968.4297123409724
460.4066807435657 1962.3696460085032
461.39716344756727 1966.4323578757837
476.49059106163025 1965.2312173770451
495.41892793241914 1970.0848131160903
501.09947762335486 1968.9096430199543
508.4393646780943 1970.0738762242856
521.070091894766 1977.5624581693894
534.1946427269214 1975.8375070938932
538.4537913290699 1973.0276592246996
542.0391232519564 1980.3639169562662
557.6497876709296 1977.1398956950813
555.7790669948961 1979.6737455795828
562.0361573709538 1991.4873018595586
568.355812860939 2004.9114483792496
564.0635002753269 2013.3064120009835
566.3060750180152 2021.547187258755
564.2936271427631 2026.2438115102002
563.349464146381 2049.3231367043422
567.9737195214009 2060.9474164430094
561.7754569636052 2063.673392691037
566.2975738434174 2077.053371309743
577.1391273794154 2083.9526267740666
575.303311946538 2078.3640232178354
601.2344947900918 2074.8118889197426
611.2676425573794 2074.6979322481607
613.4540487130969 2076.642313883748
629.410790315318 2078.15636761492
635.0015124812815 2080.751340223946
645.6958631930439 2074.4562208736193
659.3682221398819 2075.777610510955
668.1932284975767 2077.57090750199
672.2398590943703 2072.4151450436334
695.7304332453974 2070.648862472757
697.9396385166531 2073.0320642420947
703.5006059880229 2079.4703133960998
701.8570877551981 2090.3172571709556
709.8293938755826 2097.764819100197
703.1504517331036 2110.7019326257227
706.8089569611699 2127.3710711039253
707.3496953337021 2124.220701182946
720.5608427232997 2128.5782803681545
715.1404982155972 2146.1488822647757
717.2987145511295 2157.951512270813
715.7034059884569 2163.7639407642914
721.3636043729737 2179.3880884808186
723.1438944888141 2187.5300064940006
720.7244919453555 2200.3076700105494
715.932802679353 2200.422793048708
710.3409928364235 2204.8048521617247
694.1596463870975 2208.9814429996586
683.1956688952018 2209.8604387255477
685.3560452642696 2217.958807884852
689.0072275271842 2220.890484709413
705.048617607637 2219.0673383760686
711.9075559122836 2219.7553853907843
711.10635255863 2221.400648562349
732.5696857066936 2221.8143954175416
734.3969388584372 2224.6522254382894
753.4268428989795 2220.554995411792
742.5379769898282 2216.9777538720223
739.0784324077027 2199.305290893873
730.9640163524319 2210.787251705737
718.8614185477089 2211.6178497829146
702.8170838037207 2201.5072354278855
703.3914186680008 2209.006853367248
689.7390823579295 2207.0692222480134
681.5471346107446 2206.3174623422965
683.8941514513765 2219.1917073320674
696.1271860734629 2224.985632798039
701.9483532478267 2222.631279687835
710.4592004716891 2226.582955009937
717.0618103582916 2222.5200949409586
729.5545880193222 2226.4202960305392
733.1979363792938 2213.2868551525553
742.7572716472249 2220.4297396235547
745.9816595023193 2211.0139502241477
740.2301850848158 2205.7205161556835
735.6292123829347 2201.18200574841
720.9434669400179 2206.3155178461475
715.107176878311 2208.980818359006
699.062757317816 2212.79571445652
692.3042067667969 2202.164705146039
671.6520740761077 2209.2857003491395
676.3241283192245 2224.809794084355
686.4098356172852 2218.482194946983
695.9992666838639 2224.663979927118
708.2205439344154 2215.71590169732
721.5805012564434 2222.54868438015
726.5720883943441 2218.8982026411077
740.6675660873576 2223.4870020818034
752.4534150417392 2211.878008570048
750.9480551971513 2211.366595449229
739.1740331290866 2207.3623010274514
730.3083760294395 2207.314737118489
725.8557897306144 2200.9781886135174
712.7553006501715 2207.567224567069
698.601075087839 2213.7213287791556
695.3067721037364 2207.3175119153634
687.9726724723247 2204.733242922458
674.029981694357 2218.5947831856784
698.8233097349301 2222.211952255314
699.3054163011169 2224.4868307252495
709.1033358158476 2219.340141015378
715.1843966225382 2228.447632474128
728.8370712627008 2223.191424599227
740.9975103994253 2218.8344024379126
752.0144364408983 2228.0359711379397
748.8942228662247 2212.5181226360633
737.4557750677005 2206.866501319199
734.3419009291001 2208.997734510112
720.962960532964 2210.6216107227783
713.0384106314374 2209.938339493914
701.7659688951491 2208.58371620655
694.721446179498 2214.1298674702525
681.3721852495336 2209.299148088825
678.6563580340342 2215.5570405737317
689.537633062483 2220.3336214087326
699.8186951163622 2220.7822899304847
705.5949238123137 2227.311911334909
720.8401694803866 2224.0800008498272
744.4586771534018 2223.3723709929427
737.7582447786641 2211.4577332042004
756.0903821846478 2218.25515440601
744.9586186217037 2199.8828510568787
747.0388648181665 2209.0011398380325
732.2660398040294 2210.8110751890313
723.6759970661161 2207.5319932399793
711.7830080392148 2204.231086641299
697.4889524487652 2207.6025030441488
691.6699148445281 2207.3573996872456
685.616859760025 2209.2353469271875
682.6067116367059 2219.129744906346
682.9198577945093 2220.863307069067
702.8680917487325 2225.1231990458177
717.477512480438 2222.7068871873416
720.5774225128995 2220.939563760822
731.522256396785 2223.7924914977348
741.9290089524685 2219.7565418895115
748.3682716031768 2227.4704695875907
751.8434081500908 2211.856492844355
747.8171735803832 2201.578570426352
729.9074951130622 2203.859633264597
725.0361697339025 2209.0249087943316
717.1844952930827 2202.483989070638
703.5414882595846 2210.526361266375
694.1721076496292 2207.7240602645616
673.9523221189106 2202.096742407656
681.6548555104454 2212.6870052064796
692.9530652434238 2223.937209752058
693.4370662604313 2220.266236075747
706.3078450999982 2220.8125181874875
720.2584448354473 2228.4297812181376
734.3644609890359 2219.3273431342704
744.9115101190556 2224.5241658828004
754.1214397857432 2216.414621476422
749.3293030003153 2210.201351119911
744.036143481126 2207.755968266597
736.559367284221 2206.160799822054
719.2742557860475 2207.5736140191234
714.824216873084 2203.01995423928
701.7600391886567 2204.7017628080403
689.8105642717276 2200.5998510777713
684.8269654999299 2211.840379027041
684.9525682735587 2215.3663516075117
692.4654386081324 2225.59735086914
710.4928389194771 2229.273666971988
715.4909441380503 2219.2844862054276
720.6673201711648 2230.9300815424685
724.8654649931115 2230.5006751455317
743.6109327492762 2223.9439553048805
752.0292435994695 2226.2773252785355
745.1238144627622 2204.8859953362517
739.5947681251929 2201.599523263021
720.9230062003613 2204.4144432188277
724.0994923360099 2200.3368131261927
715.1866246280798 2201.547842379615
700.5773427438862 2208.5183618071505
689.6750020383474 2206.001511144802
680.2357158968045 2210.283029788909
678.1666784971178 2211.1485296769433
689.108441815504 2223.9324594612444
704.211397930812 2221.849482064854
710.0423096744264 2218.934368111482
724.6491609067579 2219.7672995257735
727.9116535650253 2223.7021480790095
738.5142448729207 2220.620045361302
750.4291372821431 2217.020475201025
744.1418446979013 2221.4500532054294
744.1367976460394 2205.527334475404
730.7039779850702 2212.0686089182564
719.28042667792 2211.607694207068
718.6493333400548 2204.8050148426896
697.5102022308548 2207.315905641166
694.3325957060193 2202.5717956853823
678.6739755914441 2203.7925504733007
674.8882537292831 2215.8148931727724
685.0661550225932 2219.050863835516
690.1823107851843 2221.846619139452
713.6043161033857 2225.3898136567364
717.9146641204925 2219.3848263101704
733.8066516487828 2220.426371916466
739.2011021563026 2227.3516214183887
751.2335809148321 2220.782794003208
748.9493781200641 2211.271379731729
740.8444026266357 2203.9369162593057
736.5742198729961 2201.8166057627777
718.4351574619371 2208.466743382757
708.1812783871414 2199.9451766998413
701.1491125644044 2209.604591063729
692.4207767254287 2208.4281774440474
675.6806510653573 2196.998204435796
677.7268940396854 2212.35887361653
695.6455434160715 2224.940456161857
690.0774058520868 2230.682379473636
707.497381276746 2217.639473564665
722.7346340787578 2229.4329619612213
728.7479993619046 2227.917330500694
737.9366484539994 2219.1670043674862
751.1585745466149 2220.793616990389
750.2984287704778 2213.019006659357
741.0830287162762 2207.058214896493
734.3104970022233 2202.555823272247
722.4833642495531 2213.1424121006316
712.6790195603116 2206.4711278941736
703.9580611621205 2202.895375929969
692.5758050887072 2209.3335783910998
685.8256013319832 2213.7229694254283
679.6410520216702 2219.079270517772
683.978525767098 2225.371278668261
696.717873963768 2221.787422133819
711.7368685796548 2220.081005286518
713.2862593348752 2218.280941540877
725.1897922535768 2225.992949958365
737.3636650627207 2221.7791087163323
755.2384177429901 2223.563091286171
758.2416812432829 2209.2823848589946
738.8240736724023 2203.107621338308
732.9221193327284 2213.292672680649
717.5789066071995 2199.2222452012306
706.0266176801412 2212.223717359929
704.1008080254541 2196.292477140449
694.0874979496925 2208.3632657825947
685.7583675641167 2211.049804380008
681.8426853946708 2215.698190410214
689.9430013437744 2217.784236439449
700.8618467528655 2228.850322861188
712.2872211101799 2221.6521810779745
717.6350945302192 2220.0535221809973
729.178211354809 2225.166284978408
746.6378534146764 2224.898810246894
748.8571882303262 2224.590415109615
747.7776581033863 2211.701240099492
737.9943682451221 2204.3878145408817
732.4716854818863 2210.430905610675
717.2046307753997 2207.0599509235594
709.2322181404485 2212.179989614465
695.9440691215498 2204.2309591763756
687.6298573303576 2202.958574135907
687.9140242999493 2203.2465269767517
676.387298080002 2208.7833016870954
691.7801036689539 2222.714083631975
699.3563390211715 2217.586642704518
710.7732180097207 2223.77269862329
721.0667036506532 2224.47367977502
729.243111277094 2226.4852911009416
739.3672542057659 2228.703267206239
748.8302620055906 2224.0409478866654
750.3795853512997 2211.0747554161258
745.223611888649 2202.2952686145186
730.7275915241582 2212.1284183503244
716.6229709924072 2205.112526334906
709.9718115697872 2201.114635368387
702.1929463600015 2204.807916016569
693.8445078226961 2204.728481899301
679.3379900399084 2210.017175604013
679.3122766833985 2219.401198459249
699.8856047740513 2225.6355457714885
694.9998482278862 2221.8264421617787
704.4527595106279 2221.022639335704
716.4279122570383 2221.064413938512
733.7333065189608 2228.457138125079
738.3838116510891 2220.0820784576135
741.1136136799669 2209.3762413032846
749.2734735930129 2218.7332642594724
745.4412335022624 2205.8556222930183
732.3278826618563 2203.498943624556
724.8567604953322 2201.503732176221
713.6704230285466 2208.2770387122464
697.5101319015056 2202.2844351689487
694.1186695604011 2202.496756190802
680.3596556780346 2202.644598642357
675.6691581807228 2208.5680877147024
688.8766815064827 2228.9764389910783
702.924232545895 2222.4150651649
709.2155839055578 2219.31712732104
719.4436059286071 2224.3793621747454
735.4901383536013 2224.1501929382885
743.3881829853613 2218.9570910157067
752.732955948281 2223.1693087797403
755.0187925989197 2206.147151408721
739.1169242096003 2207.1706144562804
731.3029115956651 2203.9432865804106
720.3277802774351 2200.086329726657
709.338242812713 2208.935832894156
689.1846263803305 2212.9708892144718
689.1156628010569 2197.5834557583203
685.7202360482779 2205.477280779816
684.6355830528855 2216.254111101107
688.1097450578001 2223.336181357823
706.4551792854307 2223.3431156590286
714.5707450974826 2223.5194686275036
712.2893983791615 2221.564239881044
729.7979978035818 2223.5723583986896
738.2977426378707 2225.9229816369566
750.8994279096546 2215.536569304552
749.5445363767386 2211.8728069847825
744.1140897293396 2206.327992680902
731.5321413551566 2201.5143163833864
711.4216079072119 2202.949034317359
709.8238547096645 2204.875699047031
699.5154864483387 2203.6591393521253
689.779865918664 2205.910035062877
683.7144511567813 2204.4144067869697
678.5799403268022 2213.678310913333
694.1496953052502 2219.9191194786886
700.0177973954477 2224.279046539491
705.6295945161636 2221.5687605073067
717.9955905674392 2223.117237866395
730.1073131503836 2219.978515830834
737.6123565093354 2222.990444264685
759.9056260541275 2223.344715909409
743.761589721922 2210.6405718114643
747.1475700113318 2206.6450600404423
727.4334431175816 2208.564568585582
722.9680692497508 2205.7558027313635
717.9237500235577 2200.2221575410003
711.628522859148 2205.4307455375438
690.7572336665422 2204.332454162967
680.5914687822067 2209.2349679580193
687.6373132006493 2212.4623762064557
684.0156349965694 2224.4908171660177
698.2332761205504 2223.400598618608
715.0518038619798 2218.785325589184
719.3924867940204 2223.5572848006896
723.5364333384197 2225.71082827381
742.8164364371883 2215.7273930234883
741.7988017169887 2224.6626937213127
754.4487648911723 2209.9979266763316
740.4461890790515 2199.8180479575635
728.4493526990483 2211.921527310365
729.8434007497832 2204.254495112786
711.0963121358111 2209.1308949552194
696.4865001726665 2203.1693736804377
693.5104456067392 2205.4694619651073
679.5366564917571 2204.7396693826986
681.9069518871793 2217.3689697577597
689.6507201819712 2224.892257742814
703.5326957675535 2230.7945299529165
716.9991474986473 2221.3545665787824
716.7211057456537 2221.3567118054216
731.1314400834989 2222.0365044668515
738.1782830141531 2228.226062865955
753.3243585826976 2219.679002918091
745.3228846703108 2216.8226772073676
745.0411399198279 2204.6503325754393
732.4069722856865 2199.4542717040167
719.1650803087573 2208.1497461805575
713.8552789866723 2199.1923539456257
696.9009202280625 2206.294420534179
694.0679497807514 2209.859348641973
681.8990550396729 2205.0609279864825
686.3623407892726 2213.5441773209213
692.4456843677212 2225.369093567582
693.9528579999818 2226.9482717170154
707.6166149934679 2220.462874253236
721.222533325052 2225.1666764081147
731.646047545195 2219.630303320598
740.6733007248706 2229.2957074842834
750.0516039381955 2222.598056022501
748.4846912741802 2213.7536740961227
741.0045091096916 2204.1633427656498
731.6694160524657 2203.235222265763
720.5400491559643 2204.5614791822886
712.003763956452 2202.6092407748374
708.5187054642189 2203.7724662434675
696.9942491778452 2202.810916471069
675.1866465587964 2207.1832093860585
679.2007328709626 2219.4550599661297
681.9647632902587 2225.4953347868163
698.3012620827753 2227.37061902025
712.2996378002539 2225.0921364119463
719.3534507609438 2221.839843077534
730.7853264956373 2228.8524784522674
730.3208455706803 2220.934497290649
748.0739935931676 2219.522771210531
752.419750339917 2205.7059410179145
734.5889034070284 2210.8006494816864
723.4117731391165 2202.3608557780112
724.18988325316 2207.809776499405
711.7281456012387 2212.3179906176447
703.9419680436816 2212.3737585364115
698.007220571468 2202.7325786569872
678.8554606305441 2202.578416665187
677.6142943930882 2216.180008291183
688.4359334138475 2224.2226683551266
706.1505278568756 2222.805677873881
714.555242626543 2222.4401219509878
725.3977927748741 2222.587193321547
731.7458487533337 2210.9817448002736
736.8809029555788 2215.331109999668
747.1915912486884 2224.0995963041173
750.2277283066005 2205.414200279112
734.444571873439 2204.7606078932613
731.5631099122611 2210.9324066410313
719.2132168242496 2209.427258868078
708.0354098051291 2208.841764377546
699.6479868477254 2203.693740851606
691.5062971210116 2203.407594304907
685.6113663452362 2205.782999772665
684.5452997052716 2217.368016481947
683.9810739080093 2221.209649971915
695.7115214155677 2225.8117156119674
714.2248104191297 2229.580178108666
714.6864783393335 2225.4870280200034
729.822602151504 2225.502359850292
740.231779763277 2225.945479083038
749.7897953765045 2221.4158155405717
746.8637072662106 2210.8786953245763
736.1877099810317 2204.658506081674
734.6090353463285 2213.566811481605
725.6273280693789 2198.680342156044
707.0791258392032 2206.3941303944616
700.157548340537 2207.444418618785
692.7680098073869 2209.303133605099
682.6519485057479 2204.6874285108593
682.4872474686842 2214.4051839275085
692.6436009988926 2222.919834890682
703.2586476981347 2218.8950492098093
707.2962394850442 2227.804758373144
720.6535576412059 2228.1390805754886
725.6804362484321 2226.2740907546545
733.733822383833 2225.432782810166
757.1855762803726 2223.887736537725
742.5006194469312 2216.561513113797
746.6899518047819 2205.564884975348
726.8596494887876 2208.0281526380263
719.6869996572592 2205.381168346438
720.9057289079311 2202.3768863395376
705.3727995834096 2208.994623445277
696.6409575489212 2209.7745370329194
677.9735671512615 2203.52308195139
686.2463253115947 2212.637242814174
695.7387137703419 2225.8538102002713
692.7273866836933 2227.342177595647
714.6974984331237 2218.7426491774904
717.1422158440704 2220.4916903687545
735.3423052820024 2222.520808222518
744.0715678754306 2219.3059331924956
746.3928149677031 2219.27964832373
742.6143629102716 2207.9613998066566
747.1299912637259 2206.7802434910654
728.6049585320443 2200.077283287175
727.6829094660715 2200.4474479269625
714.8480467905998 2201.3622758142783
700.3545958869721 2216.584111552375
686.3067821520069 2212.5263715750184
678.9270807663413 2200.61568673762
686.1805681811484 2217.109928741655
685.7281303260469 2219.73527232005
700.5322936022168 2224.104273580422
713.3035620562694 2224.573158608879
723.1340313253637 2228.1741633400834
733.9959365703963 2220.362427592453
734.2694891484564 2216.974233063654
752.8158695316466 2221.9174725735875
752.3190498146995 2209.268624062388
742.1673996427227 2211.087945979073
728.6058908554282 2201.54988433134
719.4940172685766 2207.3001159644396
712.2032836930027 2200.9726356596943
707.9451876679142 2204.947847693487
699.9159083689972 2206.4679878873826
679.7885515852283 2208.3350217260395
678.6161968842474 2215.2189777805283
690.6155907855206 2220.381347888921
693.6901027654555 2220.7711636310714
708.4632643148356 2222.6776208818696
720.2558012128021 2217.996763753758
729.1052017426044 2216.015387717627
741.8845968944573 2218.8899445093175
752.4457844374705 2222.139477697442
749.8040415971022 2216.0107049061994
742.4999589683923 2210.8556814715507
738.8881015481011 2206.900966434875
723.0822502884963 2210.7303090099444
713.0359262368194 2206.401409727769
704.5044593988746 2200.8061671139653
693.0242903351877 2210.279406752491
680.9558062069634 2203.0954302229843
683.102735511102 2217.1682028771475
686.6727311662444 2226.7875533518386
698.736206346375 2220.611474610758
714.5149351172553 2231.24637646072
724.422463799733 2220.1195406103407
732.1823068887053 2224.375580167971
739.9133647964737 2226.3652117668876
753.0873329621801 2222.546913035198
747.8166631093923 2214.946774294729
742.1332729086434 2210.2297532444345
737.2475389964736 2205.0342890498887
725.6074339264862 2202.999466796585
712.3839535908469 2205.9822895935154
699.9005872057544 2208.037577329029
693.6535506706995 2207.2482187415135
679.29660195836 2213.4933098731312
685.3875732352435 2217.3834501163283
694.7962684158747 2220.7708228251154
699.4964274724489 2223.1275244354006
705.128782090088 2222.7281094820733
720.9513301965513 2227.6598366259
730.6100469885171 2220.9090087065933
734.0818298436825 2220.099394263345
750.1699455394054 2222.1201321107815
744.7267640913102 2209.432623898536
737.211729325939 2202.1437221910724
738.8637143990088 2209.2248463034493
726.3403645797957 2199.5763414968146
714.1166560110242 2206.0650459471294
695.1444513472463 2207.3152566226063
698.3082146999809 2206.469787298745
679.0789480479783 2208.0133995994815
691.2389712151647 2215.9742008207068
684.9135903069789 2214.81177929722
698.4703446283754 2223.298575941665
707.7726857003696 2219.4698735965403
722.5232804923918 2217.572277299807
721.9086260006796 2216.874471250118
744.5968370995859 2217.661911248636
750.4306585211959 2217.0093158353543
751.7997709251017 2209.317500767217
737.4924174580357 2207.2960301614744
726.8002925403467 2205.0884735281206
721.1000057254116 2206.098615002205
707.9625644658997 2210.240290930045
698.9450477949948 2208.4355395207635
692.7845541551493 2209.5349361608287
682.1171709788106 2204.0595980182648
677.1982516780346 2215.357940743924
689.9932325955638 2224.1341946614234
705.8674607337422 2227.0859375235736
707.3414031399092 2218.013157926481
726.1851250697574 2217.316755413612
731.7744815906525 2222.0711050773657
737.7483871724752 2221.2577273911784
752.9439501985277 2219.4567064656903
750.8203824790066 2201.8218253271248
740.3868979343277 2201.8965533571873
738.1232298787854 2199.9911533266054
718.8997419862909 2209.3459233924573
712.0233066859988 2202.162745884037
700.5964215681387 2203.3742382490145
687.8510066169806 2207.1567987371436
683.9434986726407 2204.1778213928637
677.0405493524042 2219.247165170294
689.2208572369004 2223.858905683196
699.8198010557356 2219.006976761266
708.1482948501276 2215.6908215644007
727.8694410587237 2222.370283908249
735.8366070507026 2223.202544439813
740.072689982486 2216.478470110951
746.4918946794594 2217.726280040192
749.4208107974785 2215.5384281795973
750.1571688293491 2208.263821327917
731.3483224471352 2203.3846440564457
720.2006933368922 2202.8959698570475
708.5303930805692 2205.8385794025316
702.976821788528 2206.492619420384
690.6955119154695 2206.5014230573925
682.8049945604929 2207.10559141026
687.5779229996658 2212.940912757773
688.4696805538272 2222.89652094339
698.1796500542115 2222.1370298675333
710.6695505697488 2225.635206871364
715.1813733462764 2222.421584118765
724.927739829404 2224.841882774859
733.6222163305357 2222.135343491565
747.6484490953698 2222.1970675257
747.1084444704023 2212.63430315576
741.2248970001488 2208.568474075876
733.9238563430658 2202.2209199641597
719.4976221737496 2204.1659143135566
709.7891933371592 2208.1300955866272
701.0699045109216 2203.8676217433203
696.3999872460573 2206.8994334933514
682.279759150208 2212.0855662894837
679.5725664135609 2211.5249210009765
693.7544331781407 2231.5902588141676
705.9111010174424 2219.1034028721056
706.2576384497688 2228.7995490075723
723.4848162384309 2218.0092411867276
730.1866969484668 2225.181100055166
737.4028409877757 2223.722813824331
751.5014926181199 2218.1469951004974
745.4867883909004 2208.2934503587767
743.5598760060941 2204.009543482658
734.8222396711378 2199.017394917706
719.9284130904556 2213.785945024866
714.1125013897648 2203.0020668956495
706.027554394952 2207.6443847303776
699.2305114877096 2211.2380977672115
679.865327419566 2209.191693732582
680.1532474976943 2214.950857015521
689.768763845348 2215.383114231802
697.1138139087257 2222.8001582957954
706.5160323450467 2223.636348396344
715.6506520994084 2217.669760370331
728.1273135645441 2228.3930418674436
741.2297950854281 2224.373795077978
742.7429365069429 2224.809592152259
755.8446689948755 2213.5251325753857
738.6023319842766 2212.134790732791
728.6071932933579 2203.457781734768
723.9037688847195 2199.433261783191
708.2011870662055 2206.0515881311685
699.058919480298 2207.0551784448867
692.7357586058662 2205.080051066908
682.2432044915494 2212.065705049844
679.7141680620834 2215.7095258489876
689.6112645044685 2227.493725757553
702.9370384508294 2221.494573607103
716.7332975965386 2225.162155771589
722.1116062901451 2223.5047034915865
727.0273883324495 2226.6929712594
739.7915411146713 2229.1853842435594
754.787453067483 2221.086908608743
746.7205124003129 2208.7959911426474
741.2975822314318 2202.8817465820575
730.8957810229789 2205.6431375464927
724.651395344812 2208.1477000674254
717.3102014537141 2216.326585024228
703.8716504776853 2210.090817837438
695.2669782350157 2202.4181809877873
678.831257272528 2204.189950835508
673.841940092708 2216.9518186759874
677.8510360331114 2220.7683264217644
694.0783153045318 2224.4918704237775
703.1199498039081 2222.075586935666
722.0121898564257 2224.3876297756924
724.0913225245039 2217.3353156342246
749.113465715754 2217.3048739375026
750.3529031454241 2225.3951439322154
754.2713097185306 2205.102311725649
742.7166343783053 2206.510410150826
729.5957218088957 2197.8426595540764
725.58262953349 2206.118203969246
709.9358530155272 2207.2231120595857
699.5959002443357 2209.8875045976333
691.4548387402375 2208.5266898460127
681.2769514299401 2204.2094488318544
686.0677387321043 2227.1977134461517
689.732184277041 2227.7360969153656
692.2201468751398 2218.153341914504
710.0261544341603 2227.042111054611
714.109252724656 2221.5894515589775
730.0102288024071 2220.0548651070044
740.5453964094307 2213.3960369880438
744.8733749096567 2219.9911737556895
745.8693630614002 2204.685116579218
737.7061768122894 2203.0653569628294
734.4737569732416 2203.634126460166
723.9372517922053 2198.2102060091365
706.397643171018 2208.763786156151
705.7219892613558 2206.564260160347
689.0600958419031 2210.242283864633
680.1537946802204 2201.432780937555
686.9619643778717 2221.3092316591005
685.3089479975125 2217.5876580280187
702.7323095985756 2209.6180940085824
707.320520190757 2222.5903563285838
722.7129823801629 2226.9750198307597
735.7174692626761 2217.1834931967815
731.7406027615484 2219.478229667864
746.9289878725746 2222.5072012069427
754.231220379018 2210.492045557949
739.1990671191375 2208.064176100261
730.6283014895453 2207.5783473129827
720.5900460738396 2207.315000036407
711.433824575552 2204.5358763493914
699.2125916278807 2205.3419023043543
690.3658834698799 2205.083882814782
679.5462656538162 2198.263455141689
687.3950546214197 2216.1299135404765
687.6555102536914 2214.7882484940806
703.654550812523 2220.424506459433
712.3129610089733 2221.1231863826533
720.2558145119518 2223.729555031794
732.7307828013605 2227.708039438462
739.4320295436321 2225.834538548667
750.0051035658969 2216.888891929472
753.737097843086 2218.305870702564
749.3296487280295 2200.3298517091243
743.1165992206286 2206.1238941279453
719.8471093647405 2200.0749704720934
714.0407030108169 2207.9672185016184
703.2786515835204 2206.3209515031226
696.5626612795947 2202.4895010893456
682.1171540666239 2202.9906914241483
679.957995868637 2219.0149528102406
688.5847275765857 2217.8246185985768
701.8170850737207 2224.626627835771
705.333153544612 2224.278141117894
722.5111322290154 2226.5072940674067
729.832329198226 2223.6348021771587
740.5316927056866 2224.075659434895
744.1337970119419 2215.851830098361
752.4821004594803 2204.1851035612344
730.5031165514902 2207.912475184452
721.9495527174959 2203.4260739508436
721.5051107288165 2208.9787281425306
707.2409994287024 2200.8976778877104
704.3785035454218 2205.1664104457072
697.2659493649878 2209.2184879470824
680.0077727121906 2206.061798222957
681.1290465959141 2216.1488065094986
690.945145305062 2223.8545154390267
696.3995690207051 2219.758053173714
706.5270698154901 2225.37863898678
719.6428282291355 2223.508474349167
726.825684527966 2223.857361054835
736.2833181828958 2227.4626584719995
746.2973153728396 2211.960836843147
749.9623338676969 2221.532751056171
745.3094971014552 2204.046735596257
731.7162493212962 2206.186043684383
718.3681506525347 2213.5936235291315
720.557355986371 2208.839000952502
702.2792450881417 2206.468904772391
697.3040244317941 2208.8816226745657
687.3323811689022 2207.5012281368963
683.1643900825626 2217.0745418682313
685.7998323503438 2224.23197559748
696.8731549198669 2220.256866902551
712.9190641216802 2217.3364148277374
719.5836019942058 2225.9756678141675
735.307789417087 2225.4853366362927
745.270921148242 2219.320804987087
736.4337768761408 2223.55967592145
748.7301646264591 2213.2406005554353
737.2664386649801 2206.8267350681617
728.9084759735103 2201.9777522855784
716.1565563540289 2206.1134764118297
715.403676397164 2203.3371310183447
697.0478746851904 2209.419295012794
689.1754367705045 2205.3449747007035
676.8720357807504 2205.2118489789955
678.354103616187 2216.587946518215
692.2737703087232 2217.5804123080857
701.4105633047441 2218.613728726126
702.7349153216783 2218.7195330087816
715.8602604699466 2223.9075519008243
734.3623164602832 2224.6301804258947
743.7384316530411 2223.578554839898
749.1410482598347 2220.862871105744
755.0055163141662 2212.0208237117695
744.9901202522854 2206.723282456973
735.659844704716 2203.8403015903496
724.2202615525439 2204.8955393193655
711.3168373508432 2210.2602725094507
705.8859673619571 2210.6165339102718
698.0262756390696 2201.405849210277
676.1802628498826 2202.592413364904
688.8743383832389 2212.0267927053173
689.6770875331591 2220.007298018761
693.448180773984 2225.7775826225816
713.4384364986063 2220.1432139497892
720.0120955808092 2223.420896695538
730.0102504351152 2226.9664245096724
738.7455884130077 2220.5317229191005
754.9909996853022 2225.4056220207185
749.5226030479904 2215.6595532309816
744.3342106600202 2204.6105852674523
727.1994383774718 2215.836991973988
721.2341638225109 2204.615238187166
709.7664681243291 2208.784162144014
701.7176819508212 2202.601008551778
695.9701804862768 2203.777178005535
681.2027705076026 2205.5895815189974
676.6019621417146 2219.7346433111434
689.7447784085358 2226.6189900950603
702.53552146025 2221.243693077735
712.4033719296971 2221.4084573971004
729.8515852129939 2222.023305870043
732.2867820711432 2222.115159155834
741.8282344276819 2223.060736039034
754.3394782604842 2217.2088732573848
748.1635127146369 2223.2976740261984
748.8664854330285 2203.1507630389733
725.0368552527939 2208.139659776767
724.3466676632078 2204.455456225587
711.9972460111518 2208.8125186004227
704.3315699506339 2204.610542932569
689.3494672393525 2210.126976331869
678.8505423934818 2205.3205652034003
677.2616731447112 2222.1586056308693
684.7858477262857 2222.1001308375194
696.6186720587791 2220.8679057128443
712.272294729562 2217.556410112419
719.0467192139533 2225.5640221809576
727.1710528989714 2217.8660739422216
735.9825910281635 2229.830205159428
747.9697034038176 2214.820829628893
754.1847589413927 2211.3124437380375
736.6932939847493 2205.3144754942887
734.9090824647428 2202.4864497684625
719.219367572508 2205.25176454965
710.4368881323421 2203.1271148077117
705.3460088043764 2206.1610844336096
696.6205797375626 2205.9161494483233
682.1650780116145 2205.106876046299
675.1285001445782 2221.568099314794
686.5250084159713 2223.173969103302
701.0125966993587 2218.0523260179775
706.3898622884569 2225.6262091845388
716.926671834004 2222.36634806281
730.9646669826445 2215.056912769263
748.642002762818 2216.4130556178548
742.6526608101913 2220.846854775585
746.3531300035683 2207.4833178246
741.2712864349447 2200.2448409698786
730.4895992470707 2208.5080189261107
719.1923106214242 2209.0809969330726
702.9826275291123 2208.0960818356675
704.2824706588519 2207.326973087173
692.0627619517616 2207.7681410996743
685.5872705392512 2211.059803781875
681.6545589986882 2211.928852868379
689.1385120311431 2225.135086326266
704.329886708424 2223.409068152441
713.8341373529515 2218.853942110706
716.1596594543647 2225.222739628937
733.978786000332 2229.7341393826077
741.1825072274767 2224.6124993455087
750.8899375483546 2225.732623097252
745.3510143595736 2210.546677592392
744.2590195787953 2203.4653792148465
727.312415756801 2205.5965643162754
716.9631600435936 2206.0852780644427
708.4642297285487 2203.485112372181
699.9923651252684 2196.8005627345415
696.5903789787945 2210.025712870659
688.9434368130441 2207.9926044905105
686.9635392523164 2217.9771650680805
690.2056412260312 2219.2583370115035
709.0696863153877 2229.529791982833
707.8866249247213 2229.6373790683265
733.5830746593107 2220.3033080548485
726.1742742028639 2223.156968454539
741.1792499755703 2221.850710494908
758.01520510567 2225.5312728742692
748.0237277887961 2214.5447468315365
742.1246767692934 2204.5356989081
732.8575555605756 2206.4817721145073
723.0221302494033 2201.742939716721
707.7860291495641 2209.501372010072
702.3928850816226 2205.0127132510256
696.6577029045337 2202.8486748835044
683.032424218906 2205.5857788717667
675.3896360430672 2210.5875843754875
691.890723600095 2219.7581217512825
708.0398450027394 2226.3359633765485
704.2102716319292 2218.5423530001794
715.1419948904341 2228.723083634362
733.0988214392613 2217.534818357151
743.2806487137175 2216.986426029545
744.467024007214 2219.6162241435313
