854.5643189972252 605.3427326339614
863.0888378906387 601.8227609622179
878.2635141374399 608.767190110027
883.7644501941495 610.635298775342
892.5938988249849 605.4589686288319
902.2467562526446 596.7406343676719
916.4003392709183 603.6038736701853
928.8666143089417 600.22618068725
937.0234564026251 593.6889414741397
939.8941464445653 602.3255308974705
954.754316305716 590.3866849656141
959.5647701562929 599.1920620025253
976.9245398045881 593.1462541950357
992.864908853347 589.218219607977
993.9008021287382 591.4174709398136
1003.8743592555219 590.4234003039353
1008.5275329712919 591.9106955095533
1023.7634146304911 589.509170258785
1038.56237852025 589.9605652447639
1043.4232159548312 583.1229123150468
1057.4665851806808 582.756433067266
1058.7727442955972 578.1065606241968
1076.896934499418 586.152520611888
1085.245822213291 580.6527669860993
1098.8611754432588 577.5714551292981
1099.8824513378731 578.5897014933637
1113.7500030782176 581.6192401965609
1123.4708869537205 574.2691998879059
1133.5398688122173 575.4720360099226
1150.6677284648688 574.7452359668345
1155.8263681934961 571.2198613043199
1161.968827186072 572.3128617729718
1172.5420113662826 570.5354249341692
1181.5137186208403 560.3253358253717
1197.277227100592 566.4677454204797
1204.0780789363896 563.6656261942644
1214.509461592219 565.4695344420096
1227.5519040312422 568.7847971578271
1229.052430833383 563.2354508676957
1241.1589039445432 557.2963854162336
1248.7904127958668 559.2631866067071
1246.7025292662042 557.3242338043042
1231.0948302017043 555.1900790690615
1227.1434396878014 558.388098373262
1213.3853062159214 557.51313111986
1203.3182881876553 556.9733682446224
1190.7957129960719 566.3918891515256
1183.9245397361708 559.9915238656239
1169.8434338039483 565.8041726113398
1160.778034236166 561.689255579325
1150.3931916575293 564.6460210427837
1142.1855414375098 563.9970401433628
1131.232341252898 567.7451996367072
1126.3465944488619 560.8451760582959
1118.1784935955645 553.5423546912396
1108.3676164855353 544.4066371905427
1098.5209854923144 539.5333728248004
1096.174657366991 527.7796750879786
1096.5851741382542 528.4149742267505
1090.5011528341508 514.3212971925161
1098.4429250063179 500.62835239099604
1095.6710122173367 488.4016165715286
1088.979259545096 487.48966417989305
1087.5614756021614 466.977469178418
1095.6345996784626 462.14379578799554
1088.1370797451887 456.0038067798255
1086.517492291491 442.77396137253163
1095.1454519289875 442.8716594025448
1105.596086489405 440.8175948161793
1118.9497345610223 441.7676923169575
1130.4196093720484 432.7293113864402
1130.8527976985768 435.27385928167547
1147.0662481753554 433.86322721048225
1152.506062397985 431.28457016928314
1174.4928021411818 426.5491479776829
1175.5855513277863 431.78874650562994
1184.4100182565135 425.01512248995414
1195.5346678467808 421.1648425814532
1212.9423597689204 429.8086083805523
1213.1990756933344 430.64446733299013
1235.6273034758435 419.45909913219896
1237.0570996879617 417.58616397280616
1242.3946681609377 421.3352624608583
1249.903559218571 415.25861074880686
1264.6041799799525 408.80064023799105
1277.8087048294005 410.1381571874133
1286.725951675687 414.9865217258014
1300.2136423462587 406.4129160952473
1307.013403944689 406.333584543142
1305.0442079890208 407.82345724469343
1320.0525913164329 409.0156140874433
1326.2507923872504 402.0887116168697
1344.8951307883021 399.66434571716843
1338.6275089478438 388.70353494902935
1340.44773189545 380.27789535934136
1354.7860342813183 383.6168561106796
1363.6001716742594 376.04613847515793
1371.505496886841 373.2999877781972
1389.7143731836877 376.22295194591936
1392.6222539503194 368.99718803884815
1406.5901327648783 375.67962243709
1407.2364288771787 368.6389491419381
1422.0530291200748 366.29580417216704
1433.3055776494057 363.1972881973671
1443.543898533605 365.9719487441279
1452.0152601335376 367.9298661500312
1464.3173187669065 358.6140775833926
1472.1137965918506 367.3950498481052
1472.8194177082578 369.59153179502914
1469.0329953078956 379.30138008054314
1492.6483737910878 378.2008781378827
1497.436458769261 375.86284238765074
1502.6272269343458 374.1130726010674
1518.863632917709 365.99073463841404
1523.9932586873133 370.7321028651599
1542.3227367698125 374.6886501836614
1547.4413903603768 364.9956534838783
1559.1688686273467 357.89004464516677
1570.3456943580316 367.7496618077218
1585.7827908842364 362.1492461179668
1577.775004863452 359.47399847071233
1580.870418244001 339.4907971516411
1588.7075370150865 340.069893068338
1599.0714074424723 338.75814986796007
1609.0773267946374 327.428435673707
1618.09874454871 330.0695996542452
1634.9589059099837 327.54365471477774
1636.555195240609 324.6211693718525
1645.9081605930141 324.76349695384704
1639.7836681228246 322.52570406989224
1640.6249562273406 306.39049685825864
1636.5471921621174 287.3548306541031
1639.7266166828333 275.60800044095805
1635.192731903965 265.56088174686477
1637.3932828480056 256.23284610655986
1637.5420451632713 253.2841730780701
1641.5233946157132 243.77333343850609
1648.8995835810797 244.46212535390123
1656.2182034759091 245.5785469045821
1670.4489176688264 235.2692519245396
1677.6233847645253 245.28958046606422
1682.8108183720192 233.95687211640262
1695.1768643616256 242.35589029304208
1700.9160029669313 232.9049337332271
1725.115591103524 231.8412295122882
1729.998799773687 220.60233738707984
1741.8508998724496 224.191023451193
1747.116888827118 227.38884406573735
1756.7349737020334 210.0555806840832
1768.2958160970297 213.5735273142128
1772.8348822659777 221.38586221219526
1784.7462412897178 211.58108499578503
1795.9809466102165 208.68676544163196
1799.105167206126 204.61272955556672
1811.1995197456897 201.47093092909046
1822.0605334026952 212.9545470757104
1816.3324471062579 233.68836964506096
1831.137877559405 232.84619319242273
1823.27706942914 240.67933538675112
1823.863154226487 259.60227421466107
1826.9863640741735 262.6261709054871
1825.7838737331117 263.770756346214
1828.18485137931 283.4526683058978
1830.139294109384 295.905950453569
1831.6753150493437 296.70651253694143
1830.4508643097654 313.88626452828476
1826.9159100075053 325.9553664028744
1838.2634143789912 330.34873656017805
1843.9141581241258 343.81817443306113
1843.0467321476094 353.3874693110691
1838.3326749508267 358.53380550812483
1845.1858871277357 369.71732847943554
1844.1318732250677 383.8111142360736
1847.7804869852275 396.63569613415507
1844.2745051947632 400.06606782808376
1843.3684440350362 408.49003680794135
1846.4402423570612 420.6171789581163
1863.1821557083163 415.1180825047519
1867.9530613346656 425.955475037912
1879.5697816013724 422.0405779363109
1889.3150272693576 418.58713038114365
1898.1299448145135 417.541051355671
1911.5637572775556 423.2922739730489
1921.1848615344488 417.4228281294963
1930.41247718685 413.44423743284653
1937.393982554462 412.92244681732745
1957.2386428407897 419.35342632192334
1952.6614699384481 414.7764901090385
1972.23276729614 406.6453611862356
1972.962237571585 412.2053076273055
1985.0963906726238 412.4720472273033
2001.936429562481 407.70997438937655
2011.7747155527543 403.4158079866921
2023.8366846695203 397.6639613547283
2016.6896947761722 406.59652153933087
2037.7474006012733 414.221151679703
2051.974360735715 405.91648598226755
2056.7993094494095 402.3149411822807
2065.378972256908 405.5694994286101
2062.3792636499365 411.1764696435427
2064.75726259306 422.53246246642357
2069.2934659297894 430.54509149693484
2063.5469413855935 440.61236804091016
2066.4903268222333 448.5114675998107
2058.2390723438516 456.64079456593186
2041.9427144349727 453.7046954430711
2032.1829611520434 464.0987091414294
2027.997543042305 462.40422784327615
2014.8073265306139 451.7367599804146
2011.6520183387727 457.17727398857534
1987.4668674014167 456.61309926098266
1993.277885288054 457.94524225159165
1971.26865611419 464.07335797541225
1963.853349727891 460.48684244270856
1959.545111787317 465.88968366743245
1943.711644826783 465.4759414291843
1942.5124867874981 465.8315294066955
1921.398389755874 470.7131667649254
1912.333945993881 462.98183864819123
1906.4894209879767 466.0476212995508
1899.5644240300219 472.5151035325041
1889.5913704317368 473.637459583865
1873.474412079983 474.4181641895227
1859.819282496821 479.2400661573215
1858.9958771799954 473.9650224046606
1858.301409516482 462.89240060606187
1853.3746693598403 447.80914001831235
1853.6778710480273 442.27847266615504
1853.4077554517844 426.2993470521835
1855.300163728049 419.7482666777947
1873.2232130119182 424.3187528309694
1875.9813582119887 425.61020492167705
1887.013806720973 424.5481168980497
1894.816201406056 417.8205881743929
1912.7518736358556 414.62784025121164
1917.863649077918 422.5213101090658
1931.640095751005 421.3587405457265
1940.6870471083366 416.6194416849956
1949.306903857199 415.9062656196999
1954.6899615387981 411.53725895447167
1971.963321934569 420.6138277671825
1977.0069434490385 408.85730544896444
1983.0723480860156 415.3834047557818
1999.547016957791 412.7067008400148
2011.7367191336843 417.74249386937896
2025.2995561414739 398.0975196887237
2026.0455031346066 402.6936999660244
2040.4678789003362 406.0174849615775
2045.2791175769694 406.26842310090376
2061.9707417406426 403.4716550108919
2072.0486138497245 397.3158569621459
2068.4366034588684 416.49391758108936
2065.5078065197167 420.5111641371213
2062.685516248983 433.17606117708647
2054.2215595097036 445.55531858840226
2063.3795862625484 453.1616851310357
2056.75963185489 459.04082227359083
2044.023865839538 454.63992694175465
2032.0501188877179 458.5662803082221
2019.353526472754 457.0408975805242
2012.2599296340438 460.25491905299134
2007.0928471264097 459.3655326313212
1994.237002358001 462.949187551832
1989.281201173662 463.1686544964118
1971.3091263921879 462.76026918212654
1967.7351199568977 457.56040252366705
1960.929888337392 469.05736903729337
1944.1101101537874 463.77211586549055
1930.787039622564 468.48512604895046
1921.9338458813831 469.8941948913716
1916.8592245866823 464.93666523181196
1909.0153758389497 466.5744410928393
1898.1949379977286 473.43704819216475
1880.764765819888 477.00005261084885
1883.5562478445227 473.986299520078
1864.0497592289496 477.26207613973656
1849.6377603500946 462.9469948878279
1861.4089064104926 453.5412635739539
1853.0578655063812 448.9334436401007
1854.2123557964455 441.24578193089565
1857.1012866399824 423.4351956423887
1846.232379407743 423.65989435053274
1831.56462082805 425.8682966315306
1825.69429304064 427.7750114403918
1807.6783287879557 431.39173453437775
1803.5964460894675 433.48165187683566
1786.0469411024683 432.94111406078065
1783.6776283480363 435.83144111876857
1769.218424440333 429.4634649886981
1762.250071830359 435.2043231490327
1749.5798469357985 436.358705120036
1738.9295085968486 430.65147670138185
1735.4605095620611 436.01715469604005
1719.4408674508304 449.4376778785171
1717.5429557854147 444.20464351780294
1703.2663936826038 446.04849353625536
1696.2978136053534 447.37903332615593
1681.45338719513 446.05174254335105
1672.5764459804261 449.87287686668054
1661.1509974356552 455.1573005272489
1661.4477335302322 459.16248048571
1642.1152135370926 453.89430676809707
1630.3247090762115 454.0136636072297
1625.5794778355219 457.0640932123055
1613.1026583828816 460.35023491033695
1606.5501914725692 453.3878346878356
1591.9698413951567 449.64281013038067
1601.6214333088162 436.7992201799434
1598.6237113259497 430.41021130327937
1594.1499976599982 419.9060433903026
1583.7166132580574 408.377284916417
1587.303304628067 402.20879619235507
1595.9158430132647 392.47542150353615
1579.671919226837 387.41833525076686
1582.9142750759067 374.6093999309852
1588.726593509931 362.0031607547333
1577.8303841279096 349.7719076343399
1579.1908933834538 346.98474866282936
1585.0656119208854 338.3781105730107
1604.3461096952788 331.7037763649092
1609.569617714614 323.4769998405841
1619.4693942904553 332.40245662129485
1628.8847605830078 331.85331392894136
1635.3999140537462 329.5794384838134
1636.4060484625134 321.5238229436996
1646.1557023155237 311.32922121784003
1639.026763182236 298.8014420120551
1644.2999292233596 297.8101256897036
1627.1132449290244 279.9527410996874
1629.5087400613954 271.83706222794456
1635.8226375271563 261.0227321251998
1629.588203935625 250.88159823278045
1637.9646410203923 244.79206889864827
1643.3288216873193 244.19714861261548
1664.3369870963816 251.90166599790496
1667.8029637499972 234.62211095000825
1680.9865805422546 229.30430344898565
1689.7781667001257 234.5189165032112
1694.3045939363888 233.16502995555646
1708.0933382408832 228.95350452630336
1715.8222982579493 231.40556513962503
1734.349927335876 222.08277296156405
1742.28245412021 221.41682624178137
1747.4730307651673 225.836977614614
1759.3216144361475 224.10181199617853
1768.3357863288618 209.60703322685004
1777.3309070914377 215.40994784287977
1778.7373502018727 211.1701444831646
1790.8430114067053 204.7438916359655
1800.7903084694226 202.62470347846218
1819.582172031045 198.38781568820755
1817.151412586642 217.32359322339056
1821.8525081257935 224.4368865030506
1822.5631513108933 231.03110154452816
1823.502858736152 240.95126732786252
1824.766108256222 251.6950562252169
1823.766489541609 260.93640106860516
1829.785150682518 276.5333297659769
1827.8815637671316 276.354550147272
1826.6785021542976 288.6024221137769
1825.6748641462607 300.0814770140256
1815.7226973622369 298.72701221700737
1802.3878665163006 303.9847182887166
1796.014992054468 296.94995350972283
1781.826964276684 306.7106237320208
1773.981758164926 303.983324922121
1759.608111076956 306.30104105099974
1752.858886664443 309.1253172157687
1744.5430906009424 315.99917193718966
1738.9583832077162 312.3273449220122
1722.7428238610844 314.97500874915073
1709.0807945223867 316.4886561450229
1697.3758062952588 321.879656017156
1697.702932109497 327.54895165399347
1681.326080029722 325.0653511578278
1678.6736745037965 323.0769780267344
1659.6416723636587 326.8180188797976
1659.0588181043852 326.62355544407484
1640.319634061136 322.57285678897426
1641.4222915683165 321.768339736319
1638.3753437183445 304.6979298558498
1640.6041394145009 295.1233025052089
1634.2861871808025 286.6655230904654
1633.1020100841265 285.01406279320355
1639.8536801631437 261.04864827002393
1637.2333187426414 257.6320860543048
1622.7231311320497 242.37203613764336
1620.1228373980755 253.61625443218736
1599.2197582461458 254.2099830902954
1591.2288120754247 258.1042798606527
1581.662309200592 260.657932342182
1575.4681123455384 264.4347764478746
1568.2622989565023 262.19277606247476
1558.9081676901794 258.7995872127297
1546.4011807429836 267.63170916041986
1532.8324646987423 267.2035188987918
1524.6750712388325 274.18911108509866
1519.891525705352 281.0494069522722
1514.877367708083 273.4325821042048
1496.9297183253445 280.7797997341372
1492.941289374619 284.780675810075
1481.1010969980375 287.83253794998075
1465.1978465030927 293.904320794386
1455.7265781924004 293.16825551303094
1461.6315197339839 300.9291466939035
1458.5518463196956 303.74529099098964
1440.3623675307215 308.1898226586376
1432.7777599225685 306.5770323265961
1423.2857805153744 310.9851745760234
1417.4263508502522 321.3528473951671
1402.1072473010454 315.8619295205182
1393.0463794664097 312.64855489708907
1376.40262849833 318.12495769213876
1368.1915878423508 318.45932139171657
1363.3030237343276 326.2864473382944
1341.8617029221853 319.7535250335216
1344.2412844746398 329.9625773367648
1336.3523962795196 326.0193612551099
1334.988486537798 325.22971362778287
1331.2088080142387 342.61612075202765
1334.2383258497869 358.76559137006456
1334.4426367731069 369.90811797866775
1343.1892257885638 370.02729704018566
1334.5175919613034 385.23114513611887
1318.6788866563454 379.30912486150993
1308.5914189177545 377.8015067249917
1294.273690834799 378.5501840412399
1293.0903357285113 384.7655875175436
1271.2490867925826 390.17271236407976
1267.1835443344503 390.71790945604175
1256.7825124110939 391.91907181579
1255.4050857068846 388.80144196050503
1234.7680556805683 392.07961474261424
1232.0293859382398 399.9073233320738
1216.0707173993756 394.2292191815408
1215.823292947686 398.3928951405179
1197.0392909586137 398.50472434664255
1198.3219552126661 404.6313930934718
1172.0871862391011 405.85546618843944
1175.3569630270422 414.98080259040927
1158.9616925828818 409.14547823809335
1155.3789301336953 415.2540364481996
1137.739345433853 411.87869809574414
1139.3690821624405 415.03696754426977
1125.9117481387057 410.7049603915402
1111.013113082126 413.8163249161992
1096.1391546248697 417.1064519276054
1100.3337348137002 410.7127333470773
1095.4780331207655 409.566977987853
1105.4097563223897 406.77235389445343
1103.5414844882716 391.02941543946713
1098.669397810974 380.4961699875602
1111.4393026960543 368.8408373320784
1107.4102406122627 368.16947546572976
1107.7846318803563 354.14111486268666
1107.70572363541 342.6850786660971
1106.4520514159226 334.19110780198355
1110.125334584342 323.40583901333656
1097.7020747863155 319.7955145595028
1095.0027828964894 313.21417357318506
1079.424581722054 317.5125220549104
1069.2972200747004 320.0199561430147
1055.2531051465219 327.0342307105678
1046.9729879676909 336.14237637878216
1041.3288301643695 337.6860759261849
1044.4077208146932 344.34269993588816
1032.7165298708308 344.0599843376758
1023.2598523612878 359.21491262098453
1006.6076021383278 359.1788200056417
1009.1302002166682 373.0299653090393
1000.5667203692238 377.0418563898245
990.8176421817466 385.6072108147942
992.7014295338819 393.4683862968074
985.4550088048483 397.541734625303
985.5115620810474 414.9085630387858
985.923583445253 427.1392892859516
978.5179364230866 429.8392437978731
977.7106564024339 442.03297132755773
972.5403206095317 437.3313640709428
967.7138654858729 439.58638862613714
952.3466208757028 447.51940791076095
938.1477238320788 444.70113703481604
926.5274487315681 448.84021273332513
919.7289951761761 446.2271036062117
912.3282297833998 450.1798124630062
900.2128912052666 449.15475790315463
887.5319259635286 458.8853519354958
881.092463864084 438.7479358321413
889.4664682092236 442.3583473392155
881.6274071845994 429.42715285297555
880.2704329996875 418.1405369168483
877.062368171676 405.5453623033816
866.0025998328357 399.75430844958237
880.8621970474863 391.5786834224854
872.7413929762014 370.56916132372555
873.7211427901655 365.1521870596911
861.6603111288172 355.7977364898502
851.5687827779448 371.5550455333464
845.4905195062345 370.4000361111023
836.2624982484359 382.324990196349
845.2360723577286 388.1407085475627
842.4918157121159 402.5589520942418
841.5445011509901 413.63730423663844
847.0710080021315 423.03034377069827
855.7120203023752 434.6958707794625
868.7857173200832 423.0008624473145
868.3367996236683 420.5346537911927
866.8524353252114 412.39550544319303
860.2051095809159 400.92544295281084
846.0016937566955 395.0087637949733
839.1599085906838 389.55721155039896
827.2694836622734 395.8407875194598
815.368309111357 393.9970562017897
811.8539993748398 402.2921969088995
800.3640785683439 397.0640484427869
800.7306907615617 397.9592169072927
790.5257542572401 386.22221410852796
800.5104476294795 382.2518806602278
808.0513076142954 380.67557702276827
822.8734915430522 375.78920784386946
831.6006719454501 373.0565701143522
842.5495908494547 367.2480871857386
847.1959795306108 382.2929578036687
847.9952086945607 385.5336045924286
844.8784186403411 399.38753820721
846.4631972113691 414.7312289436191
848.9865983595013 419.40435344419075
855.906614565287 430.6320105333713
868.8096486360309 425.36718855696756
865.1134833922664 418.7143481930225
861.2917044797465 412.4078358484385
863.0897542961212 397.30597767109236
849.9325190761328 392.4007773924343
844.0205022666465 393.33460485060215
839.2844550691856 401.660083056604
849.4226743637118 415.22140694679143
848.8683501090803 420.7679301974028
857.3118024068284 433.36360021655935
859.4939933785735 419.14458010242106
865.129672589944 418.30013251746493
869.8619370498657 405.8496501003774
861.7808098203847 393.97982995909126
848.1779812164655 392.5841347168217
851.1420453559778 408.28419956970174
849.5128935880908 402.35929239600296
854.3336499303597 417.54861204783094
852.9099032547884 425.95991377104826
870.4818304228227 433.59767587754544
859.3991727288815 417.2096529011257
866.4601920455929 404.9860055781
875.297178747976 399.1745966461109
846.575381622472 388.5964663539469
853.7779907087969 394.6656183320282
832.4992493832261 392.6232563593967
820.8133413877545 397.1671910492273
816.9100708681028 406.29322047520344
804.8372048415636 401.1859927599054
792.7494394855026 396.7914926639356
787.847985028312 395.58817783949314
797.7062169063273 372.1880729689983
808.5504683212074 384.57132692025283
829.2554870930472 374.5837658784505
833.1760783631004 378.5209399165214
843.2290898273767 374.4393485892018
842.7670393920685 382.39858558689616
842.5040558686965 391.9363427365815
843.1791659404591 403.49124073075615
843.1502191517118 405.6147517177806
843.1271709688651 419.66012847519306
859.2697066876035 427.4414610682695
860.0006815933351 429.5478964680317
870.8451444000453 413.2042251924502
866.9360853974285 405.320624706483
866.3674629777927 395.8226045832414
860.6306156166762 384.34936279704164
844.427840556275 396.600956150823
843.3027813851137 406.5238192472135
843.7475155944857 404.4290582747727
843.3633028984185 415.0258998377309
857.0598076817656 429.0286731229568
867.6072749111014 422.5636596872179
864.6200148545134 416.5481781181082
873.516675503807 408.52322950785396
859.846999450384 397.68202333064085
854.8201119517729 386.3871885304337
838.6947698771266 402.7376915294267
844.2111280485493 408.71239929811804
845.8529633694257 424.38899807113205
858.5167945658416 429.0300682161694
862.3973603126956 433.134395280892
859.2646390334961 415.20107382592914
866.2007107324233 405.0471610294011
857.9421074141314 399.1357000574591
857.5954195179595 394.8799817114045
844.8086896562513 392.5247864320544
830.0999139614668 397.05411271969615
818.147141211319 399.09259727397
810.44702863499 403.3176703845919
800.5970020138193 400.28674104485947
793.4994647709905 388.51178676596993
793.7172197413737 386.11496786135984
792.4600157783751 380.0342685237665
811.8612233782588 375.213352674612
823.4141327020203 386.87399997443777
842.7415686061695 366.5371315192707
834.2895151369606 359.9494302352274
846.542361361086 385.8745782836736
847.180583667598 396.65214260829777
844.8016075835624 399.1992956269194
848.697922903434 407.28667486272025
850.2770916687722 420.95286963755876
859.3156472877632 421.41814630150134
864.9810785586378 429.74013287556954
867.7902259679073 412.90709268391436
862.6294539500394 404.95017382720886
861.2749730231225 400.3709778735738
847.6805396452303 397.9777196403184
844.5511652004781 388.47038618695717
826.7160365435218 397.84283492208925
823.3656767711981 398.34658083891986
813.7705025176531 398.93530226948064
799.4524439165148 399.03335268333734
800.886758049149 388.46291231750627
784.3107622734032 385.2026994474742
795.9473223369067 375.5195802789689
804.0621943046782 378.25895281238644
822.6822469515686 371.0171836651383
829.3601982933824 380.43810338244543
841.0855917447356 370.8562395512863
840.402694289046 378.46888237084033
850.8597358864363 391.2833809180935
838.8055186113974 401.5759540810637
845.9409100788235 406.5698932395511
852.1020810090324 424.8925313440508
852.8007393564876 431.0310947712289
868.3262234327657 434.1554946875094
869.0942455184955 411.8594445171706
856.833823651207 416.9648104734121
861.0390783776629 401.0479853436889
844.8032814185725 395.49382121151314
843.7157575409844 390.29928186241443
827.3393555643767 395.1854636342751
816.4208444965656 395.1435804172232
813.0667389853202 397.72514638115695
804.2128077154895 406.45098650273826
793.2901995152499 388.9740780670668
796.6744375460139 382.7272603270121
805.2693886960034 381.0177626444921
815.7944966165132 373.56705096692815
827.407761264388 376.88089010627175
836.4740732966886 375.697680629761
843.0222056737787 368.1576680644159
842.3644826497763 386.73438657929347
842.7657537752992 394.3714742700905
848.9910397725619 397.20857956560496
825.9315423159173 395.4220343683197
821.7712429742254 404.2752656408754
808.716695866336 402.82372592525195
796.3168007349782 398.8221887428556
803.513842352096 384.15648048706555
800.0205150807892 381.2922033152797
808.1797382019272 380.6898494096333
816.9801290726697 376.2381452813037
823.5055226191886 378.40465563005694
837.6290341194493 377.5095465250214
850.4823530565153 381.423542791969
844.712692269869 397.77973564728575
841.8576271955216 393.34286160394083
820.7970321231211 396.673575302418
819.7509045824503 398.08632920920724
804.1818930330121 398.2635600752496
792.1810572791345 394.75043109216
793.158096726133 382.77530068124526
798.5805747554294 375.596270380832
811.5926485193307 374.12433526060073
809.8820048455597 377.29735795609656
830.2292799685376 373.5394686357925
847.0944339200443 377.09137148903125
841.8883796391076 390.471427497606
849.0174721327388 394.4133302623299
838.0666697267221 398.4240411091265
844.4184998547564 413.71077203041716
853.5806804773118 422.1347371322943
856.9209971123711 425.3497454300003
860.3832987088488 422.51031872816174
869.566776333878 413.82644892029475
860.0712254619406 407.1353891908285
859.8931367194821 404.05775191790053
851.9377777911317 402.7386120524102
832.4641788868137 391.6875645707997
826.2778286596883 386.64215909365
817.9208283372249 398.56482715046
806.8648494998649 403.77934171882396
801.1500503039515 403.02043401691776
793.1838636946945 405.45314459795435
787.602045065629 389.15079323118107
795.7992442871727 380.52923620546585
807.3353511247601 374.1863302101992
825.4633744514124 373.08937179904086
825.2109368247494 375.3545794391106
829.6292922065977 371.8015195179217
843.3435340424797 378.38788966700855
842.8971268523428 392.5052632533097
837.9732761063808 406.2516551743909
839.9588134203923 414.160062641186
843.1792307102129 422.71753127891355
851.0398715613068 430.9687753478777
863.043820715476 427.6086200729481
860.4001313608462 417.3662482727784
864.6313783548517 406.91066561845054
857.9444520533103 398.83394961866713
851.8340817292794 389.7104649010574
841.5828756914035 394.3077233698275
846.5745047281613 399.07036762249294
838.1997065722204 414.0857323141269
852.3825151572428 423.47084802878794
856.1417494192077 427.91974585559916
869.0314673380908 420.6841674344328
860.0916740507769 408.2681213750172
860.4998055607039 396.76138521723516
859.4667124705537 391.08006865488926
848.001943969395 384.20492380231303
845.8056478535373 398.73500612295993
849.2355632124093 406.8301448645268
853.3445387682854 420.93067616214466
851.6740556444622 426.21352090990996
862.1515267011991 425.4315559977038
862.6604017835302 415.798112420901
862.0533848934282 406.7409046025597
859.9058626462984 401.8109861734588
854.461367211626 393.13245461887885
852.8779534244194 392.85138450809933
838.603646892894 393.8521152722796
825.5871869897941 393.99387430301977
812.4823831357992 397.0284815519621
800.6928545694725 403.655584283714
791.0329488596542 395.12814179088946
792.3125386912672 375.063340823778
806.9771351016734 378.7389871278702
811.9628589833179 379.2586517487539
822.4486601462276 373.72388771207534
840.6829774202522 378.4769058287579
840.2953215584267 371.2079577306083
846.4654615631744 375.1187679989585
844.6932005009464 393.3126174757974
832.0169859533572 387.94520908551334
823.4952426821359 391.4676278829395
817.800548102515 400.5908127060241
807.1288725812275 390.4583200491282
797.3823872693326 396.6570169368541
782.3733886963623 390.24749592536995
797.3909935347554 378.57133189801
811.6356813647134 377.78404344389475
819.4814140614197 369.7999800817861
831.297308220263 369.73145109746304
836.3588192653577 369.6048387558127
840.0059570474535 384.22211284024155
848.9386651485183 384.5699842516203
837.607751670652 390.37785437642225
824.726932191204 396.83133166105483
818.5173085580993 391.23757929072497
812.0151278058327 399.2917099045874
799.3616888178549 395.7723227397142
794.5407920187789 386.8403048028897
798.8417518840837 373.9007793645653
811.7463812903108 375.46299533240165
806.7703833829139 370.788367288588
833.4006082011799 373.5086850720385
845.7395269383616 370.26322489870114
839.4007514418058 382.0195404168207
843.9853274823065 391.50660909004114
827.205113582038 393.81403812253427
830.1081544174124 404.9962320241973
823.1725962050081 397.164552148252
801.0519151422545 395.06860298217293
795.3723866430387 401.3055773988113
796.6770144990269 380.75735476343016
791.2911251044725 377.59757658628473
803.4083714104032 377.4349180111065
809.6781092709332 376.1959463372714
830.609694617172 373.0373078466392
832.6127852930044 370.1114200132248
833.504145942932 379.31953685223573
849.2939536641594 390.5749322396844
835.8569260371223 387.2847895853008
821.9952893247244 397.17915429372357
817.3177865170227 398.18358231912055
798.9277010789176 402.8515058849675
791.3255853979405 397.10427218893886
793.8414677253827 384.88887619228973
797.1698125978828 380.828766730967
808.3797346726207 381.3049717554729
824.1028925410487 378.4960096913898
835.9955286083272 373.3473620695464
837.5218597475866 368.6908369809724
842.3882457576196 382.08071978417684
840.857286856156 390.25464675715244
828.4982916881036 401.54676116353
835.686493596307 398.53781438744335
813.9960841368976 392.80581300081855
805.5461826477465 404.83235741318623
793.4649485256326 392.3062046230967
788.8721733013635 385.9609809163244
803.1452054566788 375.28434271045194
809.973867338844 371.1073628831281
819.0956723540695 372.31833261365557
837.4893536682564 369.29621293632823
838.0566042518807 372.6384124092716
847.1853378242405 382.6305507999065
843.76744764509 388.3921864082954
833.3896982256573 391.0032338535112
819.5605883068672 396.03522876337615
826.7058586910979 395.6986948789754
807.0414908417935 396.3582247987307
790.2135380094614 397.515290555649
801.5053989423461 387.7729774281568
795.5656898754611 375.55195553422953
807.1639562519205 384.44351126699837
818.0833845316124 374.3595097100906
830.0306989703784 372.35230189731664
836.7881870843413 372.9205392010449
844.3525453271627 381.2553847296758
841.3422216739714 395.54834866995964
835.5832420395152 397.78774807285413
824.0581404841342 399.5938870388658
820.4985687355263 390.0725833005818
802.6730382859855 399.79280861973297
798.8420849626679 394.490732133877
795.8434619262243 381.1015565149919
800.1846630641421 378.7035424352734
814.2640540373862 379.1219479853073
821.1724939657728 370.9328729242636
831.1506010507663 374.2342225166854
839.2208227334957 368.6055760598795
840.8396312790021 379.434719721191
840.9506844151276 388.9351285975089
842.6533134150794 399.0670192816221
848.2139201102501 409.2260743607887
846.1946306626592 424.442788640655
850.5141945016142 424.0707009812458
863.351326006676 431.5079019745747
868.5864918149687 421.3327096207331
860.0470499719218 406.56784242342
861.8877242939972 393.5305294702093
850.8238784586968 392.19126362422577
845.7543851579193 395.57963191844544
832.9298379021828 397.86151058841205
820.9621059378281 395.656335924037
816.259876098831 401.0201246687677
797.4051054918233 400.07309152573964
789.423592841257 399.8405729615479
794.340011274021 381.15800856651566
804.477994530811 377.6151193541391
824.9552815390421 379.99482290402875
820.9448012126923 379.76593954941865
831.6550775980083 379.4221968924807
835.3941165139772 379.4801686749728
