3172.5476796526004 1664.3622085190493
3171.6824509556413 1670.4839674189054
3169.2391599730395 1680.212511259603
3165.3731362630074 1687.3359734085611
3169.063750696512 1693.765254912721
3181.353303699117 1708.8798040638108
3169.7281279494246 1723.3807826770542
3164.0631876279385 1732.6129232632604
3178.8867643835642 1745.4815159614855
3185.018543647692 1753.160117035368
3197.0538291476773 1742.360694267737
3209.6190983469064 1739.710189710161
3214.928457475761 1744.8900105980588
3220.4159990176217 1747.7613260628232
3233.0660352029245 1745.6225826416553
3249.1841492771714 1735.695752449398
3241.571733820115 1735.9030874754892
3247.0549984961353 1720.0007403334926
3254.34855574169 1709.7291868810382
3252.270410414117 1698.546165267391
3255.129139787015 1687.592418401744
3258.8443245235057 1683.7327926763526
3252.267019039888 1674.5802549335126
3239.8475782509763 1676.3216221651126
3236.4521313814244 1669.7412353798914
3224.6689487280296 1665.1194629286133
3211.8111440003345 1659.104102018224
3211.1211316663753 1654.6195230051662
3200.774433042647 1659.612580001255
3197.878248875944 1662.4019870843115
3208.6625379171433 1673.054729967933
3215.5347584909273 1675.7699666140443
3230.6775678321565 1678.4567312404022
3241.453343259688 1687.8699093733921
3248.1626821576806 1681.604038298928
3249.9670031638775 1692.259164782617
3255.520492808988 1686.488728875188
3251.9055207712227 1680.9707978854094
3247.508991489351 1675.4769227095878
3240.4820517225116 1665.3255317001299
3222.6008607786416 1672.1062159005842
3220.7846713817175 1655.929069901986
3215.100690240552 1660.2196652428227
3202.9633992135173 1656.6834595292648
3197.180868271498 1670.1871272928865
3187.447744708549 1669.602954814741
3179.9098954372234 1665.8472662823049
3165.0534266118325 1667.259326643234
3173.355018011661 1678.4380477154846
3165.290966372394 1684.9214760525704
3168.56001512641 1694.1517164804504
3167.758910922376 1702.7524618763027
3175.7968276923375 1714.9939216415662
3167.920917183615 1718.5765420957848
3169.566812616129 1733.2023542876677
3173.627394947678 1746.052337991307
3189.5781987922633 1747.5460842174457
3198.0075349457416 1746.831797329433
3203.8348623759257 1755.9260360851783
3205.9621566441947 1760.2658621457767
3192.436738495898 1761.7636545495307
3187.5981241647223 1783.596072063064
3182.3485834774106 1783.130924682243
3172.1429698904517 1787.3523249892942
3159.6286770781785 1794.6220671007882
3163.723770331224 1792.3885759132556
3144.669180885165 1815.1883926621977
3137.637803531863 1810.7275885653078
3129.8508737997863 1811.8010889383568
3122.4015601150163 1809.9906929990168
3116.1351586991186 1821.0945077756846
3107.5254934262566 1822.478109314784
3097.4128748854264 1831.423120999941
3088.8707701198623 1836.6292921035754
3075.1370124561536 1843.0316305875763
3058.5251839674274 1839.9439290987166
3061.378709921924 1852.6980008239361
3057.5147438328713 1857.9655256943088
3039.6724968596586 1855.4922899978255
3032.3037626769383 1864.774433212965
3030.9284658497772 1874.5731729822087
3015.870214310758 1880.9717726461793
3011.1695331271812 1889.706188423413
3005.707070643805 1892.3907397508372
2998.48823927064 1901.2906722364398
2994.8255682974554 1897.9412801763172
2979.8700731903077 1909.1441126774384
2981.9443981713816 1914.7611387918028
2963.279194989058 1919.7270998472466
2956.491233643635 1921.3663667057122
2954.505230101996 1929.9363382611834
2948.0128311451626 1946.9226558885032
2925.4081473627466 1941.093704658407
2920.995246753931 1947.0726197564343
2918.5668222567588 1939.824623217557
2914.1562722143235 1945.1394269621694
2896.6442009520833 1950.8235381391962
2888.797020734646 1949.6008586224077
2877.16678481366 1953.902428030608
2870.13429567314 1961.5324676774214
2863.965037205035 1964.9175115965631
2853.16193854117 1970.1768027825283
2845.035631301297 1972.9122403231574
2834.0597498297943 1974.8548832087235
2834.5576368186853 1986.7914477709305
2817.971095735566 1992.472727756152
2806.8648099651987 1998.2408199099207
2798.790397103719 2001.9872589552276
2789.6052052129103 2004.3707197045012
2785.4627804875636 2008.5952048952827
2772.6203318771422 2006.9835137496484
2762.2139895038363 2023.203594553285
2764.3355575918526 2030.7376129900529
2756.6780353374143 2034.3508729558935
2757.886107154036 2043.01032488443
2759.251879301882 2059.3224976409765
2757.7143195408244 2062.633070029411
2763.0809999286007 2080.6217069718223
2765.227490843934 2077.818285940246
2776.1222416875626 2088.5251473235357
2772.9393679431832 2101.149420428238
2766.0000840596163 2116.6803592111073
2774.069035566174 2121.8163514328885
2785.4976491650596 2127.915757850657
2775.5373286041313 2145.584469030331
2781.9201123434814 2150.5157441249526
2777.1536561043145 2155.442060841002
2794.45783445097 2161.8462951324436
2804.909849426028 2174.116545327132
2806.3881811759798 2180.724762603449
2818.245599234347 2192.3047365501875
2821.6513520324106 2195.907203380297
2830.640814745452 2196.3772637581606
2838.661825609561 2205.1737174333107
2852.0597213436795 2203.801568023723
2857.6378654675987 2203.6042528520566
2865.3755038917902 2211.304186277315
2849.5714522793 2221.407664916948
2844.4405759613237 2234.8723715454908
2849.538866465755 2237.990923220893
2837.5327066663594 2236.778662973149
2826.4051524967263 2251.570708192922
2817.560118284601 2261.184601353536
2810.746056887364 2257.213499577196
2791.525661182574 2270.8430259371194
2797.6469842457327 2270.4354835917347
2784.637999373923 2273.068255928057
2779.1952515369285 2284.100021594154
2763.3994307736275 2279.1741427812076
2757.912117085321 2300.5053041140086
2746.8216966521923 2297.785147187009
2736.116052184773 2297.5962108326958
2733.0041668397334 2303.9396629608264
2720.552455419892 2315.8609738799996
2722.696337822989 2318.491714024287
2701.170305034893 2325.401318404521
2696.772440636714 2326.3086198722763
2681.0147381601214 2331.1996948739006
2673.4900127864853 2336.938551738936
2669.6473662160347 2337.452955767986
2659.318006402057 2342.859816173676
2643.4350595310143 2359.485381859051
2643.8601653634278 2356.2501703433545
2631.6305275713025 2352.2724219113793
2626.3351603313927 2352.515054228124
2623.17579501077 2348.844329655215
2614.448123534114 2334.319409862128
2607.0275037290135 2323.244270212862
2604.8798612783885 2313.3457399265526
2610.5682884446046 2309.3417833114545
2598.005418691616 2303.0404240094836
2597.7695278447463 2293.8346593306346
2591.467615231801 2283.112601876374
2586.7199862148505 2277.2503907756695
2589.8795994276115 2263.8746539839044
2580.089985663731 2253.2647318412205
2579.9323845358085 2245.286432826293
2567.00540454876 2241.4383362136946
2575.4076386056995 2237.5086860956544
2564.440315931831 2214.469832843152
2562.5098831549376 2206.6910595529753
2559.407638063213 2200.43190930526
2555.0626131454783 2197.234147988606
2548.705248789109 2190.5544613692728
2547.0344680203702 2177.762695911469
2537.375566329844 2159.4206866234276
2533.6452122990263 2155.9670285030784
2534.2968759965056 2146.566866338649
2523.693658750984 2149.966981772324
2511.624388782579 2157.9762912886545
2506.472194122338 2173.0896002904833
2509.9254321638305 2161.7580379630012
2489.838879098414 2171.3424267107735
2481.938306822958 2168.43471946721
2477.4320515144705 2176.925966924796
2459.1195073983768 2180.8891988955625
2452.9149104879666 2182.7444084299
2444.760756362988 2182.8192979882706
2430.547163687631 2199.2799270557334
2422.3505608972464 2201.332159661859
2419.468715606397 2200.81681870262
2412.173641084927 2210.9357458861746
2400.013909107971 2216.932885168964
2395.507731794866 2227.775066117465
2383.2315679330677 2220.867842333285
2373.241667500215 2226.9971238355115
2360.3588070972464 2235.112562052986
2354.2780741736487 2239.7051653014655
2345.3678463796327 2238.079119726626
2338.61849144383 2245.806254315908
2329.1707282799534 2252.016948835996
2325.92139939932 2257.432463249597
2310.7183345312833 2261.083061537269
2305.9683104758574 2263.063581522631
2296.5981019168034 2276.1480773329586
2282.8207659243403 2272.681846910437
2278.303254144729 2283.046906940235
2265.598354402296 2288.695414324832
2259.4344969247904 2289.286738981632
2249.5388786929434 2276.50888846937
2248.9422383244446 2260.611948572712
2247.1797503133075 2251.371502189188
2241.99929421983 2248.776786165571
2243.177883706019 2239.7485888354668
2244.768658156029 2229.7884154852336
2235.0095884501006 2218.1014109384632
2235.6527727877424 2208.164834805732
2228.726927971643 2203.3980865997005
2233.7494655711216 2192.394071392404
2226.5377660444296 2184.5252163248124
2232.0632824695135 2161.839074231744
2221.7546454383914 2161.0878708509626
2217.630706055151 2150.488860205311
2219.3499703951443 2139.889361593345
2211.3115920585597 2128.5421843185254
2204.6504481370025 2123.6759095373163
2209.607010656823 2118.9996516845745
2208.7965219105236 2104.037786662611
2206.683896577659 2087.5313784998566
2196.790650227476 2080.903129267493
2191.150291906999 2084.5536869374255
2196.2169788094193 2066.336892896461
2196.8472859079893 2049.3632121058986
2189.522400688688 2047.9716986560845
2189.86679766393 2037.3409045000976
2184.5632734460305 2022.8138312104513
2185.2312769088962 2019.669339077845
2171.047942392446 2011.1631311721292
2170.579063497229 1992.2628866980756
2173.280466308497 1988.2656212588079
2172.7993878298425 1976.287150762731
2171.569881801705 1973.0141722859894
2163.2851052209235 1955.7812268812206
2161.1200445787676 1951.8737755558177
2162.9681253171093 1934.4541654216955
2164.198502511914 1932.1531334116873
2161.3614962674424 1923.3599791936956
2158.930683515575 1905.7932792725542
2156.5126713097707 1897.1394193508095
2154.826469576982 1884.909343641974
2162.9358063956547 1880.7457551254565
2144.5943315966024 1870.9950545664733
2155.635287381269 1863.6285167478104
2150.4279580192533 1844.184078149759
2144.9986053646326 1843.3790612465789
2155.2327058717024 1829.5846951708859
2143.1676648147095 1815.0600791495149
2149.0532939648465 1809.6576108290883
2137.2858870708174 1792.4809742858351
2143.1074337097434 1794.4737591178882
2149.9659923362665 1778.9142312605725
2168.0103783051836 1777.5621834338333
2168.292104554024 1784.6641170855003
2180.042167907278 1771.3664093741493
2183.834492378369 1778.8903255351968
2197.139566013656 1774.6950371059813
2208.887662800061 1785.6135994384676
2215.1687001777345 1776.7595885363066
2225.832123952336 1776.54053512008
2238.8071425726207 1778.4308621518858
2251.1369704831573 1772.5341323543205
2261.379993646112 1768.329659701261
2256.0069982499385 1764.114049097478
2260.9015847453843 1755.1759169188942
2251.736503423743 1740.8039764883029
2257.870953360445 1734.3289851264349
2257.071195510944 1724.297692932514
2263.4537031704003 1709.805717471743
2253.0464143809995 1707.2559069604192
2267.07255290929 1694.452304509595
2250.073435996183 1681.480635774033
2248.602611193847 1674.7098572178468
2248.2605499804026 1662.0699285212243
2246.2400249430657 1650.5640076622574
2243.6949316994123 1632.7196334883104
2255.0007374642382 1628.3729048822083
2246.103649296759 1619.0416215627317
2254.6578813255064 1622.9497605341273
2272.025020951611 1622.6377337549773
2273.361420572202 1629.8313079537847
2282.9027660337315 1635.3798792209916
2283.7607529059906 1644.881441661498
2301.2275255402988 1649.7489526468805
2308.1176994890297 1651.4242978087937
2316.8741972906964 1652.6857317584595
2327.435044044746 1662.2175585593986
2337.9430782130694 1661.5446425173727
2343.2335794660776 1679.2767333272593
2355.6306699390775 1683.2253582703413
2358.832973233691 1682.592385087731
2374.176796366389 1691.703046879206
2373.038650997524 1694.3705961446776
2378.7223507746126 1707.692793860901
2394.3178980957373 1708.231458459225
2401.1196354394842 1704.5350407830024
2406.6658231453107 1708.5864837821912
2416.0607989155237 1726.5387944490933
2420.6497069638554 1724.9211383647378
2433.240563993405 1731.2398915483764
2441.31423640523 1740.596662405043
2442.6520215052474 1746.1500409548503
2459.954533993349 1748.399487991994
2469.335467419304 1749.388039218738
2473.157634501051 1755.6332901338883
2481.3423893710824 1764.4797768428543
2488.6189032776783 1770.6624557543323
2500.6095050930367 1771.6577408952203
2507.0084628427057 1775.1805422839998
2515.125233135743 1797.4067396133778
2529.1700481481594 1791.2076167051805
2532.5106379537774 1802.17667790915
2541.4701203989925 1806.3329565658953
2532.3579052016084 1819.0538196837451
2550.421152124922 1818.0926814564982
2565.1882861602417 1818.7906987140152
2571.5332040749986 1807.948921994451
2578.986227970495 1812.6789881928985
2586.4908015506335 1809.3332595627182
2587.086281642999 1823.612661155256
2598.9702541800884 1825.3464555736389
2601.53104442684 1846.1345021486743
2593.77234590616 1850.302631020838
2604.13299308223 1864.1018351211267
2596.3646690392957 1870.9540865812353
2600.199567507092 1872.9439248594585
2601.3277988277378 1893.1810561016332
2603.5640076142427 1903.3862478768922
2602.105478756997 1908.677599541685
2602.154575696104 1925.4174612795662
2601.0850663151696 1926.834796904232
2592.246914996574 1932.6386822667241
2585.0926930299916 1941.0399469459262
2587.5951419604266 1955.9406120216577
2572.298701652766 1964.3573684694213
2564.7225635864665 1965.398665566012
2553.978294689756 1960.7253617151594
2540.7304155466786 1964.4981590448024
2539.092880865798 1966.8104322299216
2524.7906547729776 1964.607650850302
2513.7722132095923 1963.755880589764
2503.7112294604945 1968.4987924485329
2494.711303552644 1967.6337394109041
2492.1960496765496 1971.4860121158322
2474.065190171994 1967.2184332459735
2467.356851397842 1972.8627242797193
2458.7815013799927 1966.0860579433595
2452.691565925528 1950.2595493762415
2445.841035367668 1953.9764441844052
2441.4891566812607 1940.419622747184
2443.432950590923 1930.939188786177
2442.9908717897456 1921.6570946165957
2436.0659641505895 1924.0014537803168
2430.141225518631 1899.945285824873
2423.2788542478197 1888.8280161438877
2426.6100712523744 1880.3167445556921
2422.382484401227 1871.3116727316085
2401.353226406353 1872.2423480216637
2406.332353937697 1860.725492141986
2407.739108217429 1851.4571258464416
2405.0288582120984 1841.792820298362
2415.3743283449508 1833.0890313219425
2424.737526627586 1826.3934064152286
2436.0480444938185 1825.0621948891608
2437.2741654530364 1830.5384925800447
2455.34112843142 1825.3831370917385
2461.4662472266805 1823.2767350392926
2471.8028972539105 1818.0609657421353
2491.582658824633 1826.6705851794477
2486.6198853672813 1818.629265413295
2500.927399628491 1813.6328230697277
2515.3478607075926 1815.0807084771893
2523.5321119861073 1818.9493398380027
2528.0154085869253 1817.0113898180336
2541.7258193212224 1812.364828449485
2553.0353164228577 1813.8585859842951
2552.970901399058 1816.4241175600391
2572.440715387045 1806.5678681779953
2580.0237046207703 1813.468446449723
2587.9467643278194 1813.4625247403783
2598.3408660940822 1824.9289008889957
2598.0006108949133 1826.7642577441459
2590.557557787253 1845.8980198123734
2591.264929251961 1856.844262218946
2591.445317807901 1864.430187328059
2594.746902994958 1877.5095918355594
2595.539913829589 1881.358170126176
2604.579052358859 1884.576285954955
2598.7232455882386 1901.25007051351
2601.298755295728 1918.196582028385
2609.0987056960366 1922.7566605961945
2601.557260344404 1927.670015124609
2593.8055831656516 1933.2375107675848
2595.0410140338845 1957.3061705721066
2588.1554341746946 1961.9799697236467
2576.464741136717 1963.5892725922677
2569.074910037442 1960.4599674017468
2557.0329896632675 1966.038165086598
2548.7130866155117 1960.059757373999
2533.2576989199224 1964.0541244231335
2526.228010339251 1965.591603301424
2520.285296516419 1966.6988153937555
2500.3014359673653 1967.9552660729826
2501.0157263917868 1965.8649323971094
2484.4169076948383 1969.6944156895006
2473.322279706426 1968.9592683708092
2469.138490076182 1962.9462953047916
2459.19145993473 1969.6605376828575
2453.4934845146004 1954.7692546671865
2450.3875232009245 1954.206719952695
2444.619424653597 1948.2188797149727
2441.7202760438486 1932.1959306921062
2442.095635305896 1916.5907103040445
2435.5868951972784 1905.735084480921
2431.6522307157766 1900.1948058257403
2427.775706126121 1890.1293913218803
2424.126112171006 1884.987036598904
2420.927676467782 1878.7378137412009
2414.9644607124724 1860.5350446503153
2409.414983225738 1857.2940991165294
2407.3127248870765 1847.9094393045796
2406.154716410558 1839.699702960418
2414.907414376946 1830.7539233182824
2423.54944701233 1829.8439039380683
2444.2019612926915 1825.707004034506
2440.5263696154616 1823.9942719994247
2457.2917763431547 1826.72570016141
2463.592878286794 1825.3301055887348
2468.5907889977157 1818.887490879527
2483.5822114441653 1820.957917646066
2494.603878947638 1824.2101803537485
2504.92847340876 1819.3898625591323
2514.5631667313323 1818.0237653744064
2525.2991185304368 1819.0311424507936
2532.3993806518956 1818.8814888947231
2539.7686192815445 1815.1492972930982
2550.511599464264 1818.8722767031554
2557.7055812884737 1814.860170782094
2573.7974704300696 1816.1271340742717
2577.413835580619 1824.4874282434432
2584.3797215892478 1808.2551848211656
2594.8584033424204 1822.3893245315712
2587.2337052872704 1830.9536617737888
2597.6114919702304 1847.7695022409634
2591.8232757023493 1852.2027388799413
2603.0177772623333 1863.079516295707
2602.0120987649 1869.750407993224
2605.0558696970193 1883.3708494457094
2594.8225947525293 1890.6104201309304
2603.9859046043084 1909.5309563209835
2605.65521452979 1912.6602694364167
2606.49596374566 1919.8454513120462
2604.9961986396047 1932.0792950694529
2599.0868749231267 1941.8988840783381
2591.90060300561 1948.615043922745
2581.595482880741 1956.904967561089
2575.1964007917236 1964.7969709288889
2565.3453644691303 1960.471051138903
2560.1639226456095 1961.5540028506493
2547.0989715577375 1958.3843643989235
2535.887185995064 1959.9860599298797
2516.678468020954 1962.8130625415067
2513.4258871912693 1961.5835256136336
2504.4377800894167 1971.09059096212
2499.684580584226 1969.8071414425524
2484.075514551278 1965.7654129573527
2472.136647029706 1974.3887797793968
2472.78811603048 1978.4042921605087
2449.5219040929287 1962.3295960830362
2456.178746032438 1954.307868918742
2447.6505976217886 1949.321463119442
2443.0625477969097 1943.8328682956271
2449.495253177866 1937.2970086495966
2434.147092913033 1910.1432597981845
2427.3911438699065 1912.0996880390587
2435.346717934995 1907.6289379501668
2421.3419372823137 1887.8107434774024
2417.1584723550836 1878.0923753082584
2420.950666598136 1874.8721849359815
2416.838254901851 1869.5167557213354
2411.064283195092 1860.6920993952822
2409.5819713232904 1843.1515469161839
2398.143613488917 1838.0878756030882
2398.237394479089 1829.4407662213814
2404.618217282372 1810.950853743863
2401.9121659094308 1807.0815205672698
2398.7779114959317 1799.4097214387718
2403.931244974648 1788.3438494807217
2397.610041078981 1775.7185735706903
2398.6154553555903 1761.8664721951022
2396.888714024911 1762.4677065652074
2394.304772787143 1752.2620940543306
2396.1106533823977 1745.1637985846792
2399.288641171312 1728.0316081196142
2377.9205593957126 1722.3709824999892
2399.4790203226053 1710.2767414306477
2406.212387682424 1707.1670364668905
2414.6104049892747 1711.9151471129683
2416.8539199547804 1725.202230621533
2426.753402817334 1728.0164126091818
2431.5333664612463 1733.8795387640646
2448.7651762529963 1738.756135764541
2451.0463086094683 1748.995661561262
2459.574923767061 1746.6006802991226
2470.7335476599974 1760.5086862859732
2472.5717412845156 1759.6552576077165
2482.6184684208665 1767.738336656602
2485.313520822746 1771.9994734153474
2500.773640189191 1773.8892370039064
2509.5115817814144 1780.677366299228
2514.7099449548864 1793.8169369545778
2517.608477019037 1789.7634140425619
2532.0663034891213 1793.9843009324725
2542.5359261429207 1807.639682295868
2539.4069197564572 1820.1601986616045
2548.7610170536987 1821.3740640608894
2558.3642325000064 1818.1027245835426
2577.8343370690486 1811.1781751589401
2580.18644105038 1818.688400878094
2590.7800255930874 1815.141377485104
2600.1051061911858 1819.449297760558
2595.790111274216 1831.7024356953307
2594.384812035373 1842.5430356065083
2593.95194603351 1861.8025056803397
2601.147930213006 1860.771873384538
2598.3861715618104 1877.9998344601604
2599.4493912384432 1889.3620182491284
2602.074159988558 1893.6440127708618
2600.3999364531755 1901.4491352962275
2603.309063251884 1912.0544046368318
2607.488729048703 1925.7473504567954
2601.4856729208273 1928.3892114387963
2595.2595207925096 1951.0815181226324
2592.4566390764844 1951.5330683146742
2580.7482698824474 1959.5181762288244
2592.9125695291964 1971.8159032533679
2586.0639503821913 1976.1989339260226
2597.6542379537914 1986.9314864223188
2593.7954133807093 1994.576720382696
2598.007936241915 2001.220619052896
2598.792220842196 2010.6036335147844
2601.2040559966936 2024.5548360908822
2598.9432694278903 2035.3869332132813
2593.3846813023256 2038.9702929833193
2590.040611647422 2031.293146895026
2587.621054923218 2016.8778679444176
2586.2829192851054 2015.5433645576752
2591.9545476727117 2003.7516804389043
2597.218486804305 2000.7708929927628
2598.89500371949 2006.4071801021807
2612.0166792371774 2015.4318432917798
2601.47613741874 2029.6047366913622
2592.574628168534 2040.7985788605577
2593.663299201657 2023.541984650567
2586.9389487424355 2013.7764513089078
2589.586406424469 2006.2371638722263
2596.3177545028107 1993.0097606420845
2593.473657322273 1997.1570261932427
2599.1967815292305 2012.427582504033
2601.2197936242833 2019.7027380141594
2598.370892590342 2032.2343844807092
2594.498541409504 2034.8603218859175
2590.9410722767875 2041.7863179219771
2594.7812768696263 2060.4880788311634
2595.103361092403 2074.4806168943082
2600.064714446558 2081.41119093132
2603.4025511776213 2092.366080439335
2607.6567537505653 2095.003968768241
2609.3151107198564 2100.968285524565
2612.681325342743 2112.682670569062
2612.5495954433013 2116.79933671159
2612.9302397158312 2130.083458961263
2616.8672948408807 2136.6825150881937
2606.721952077786 2144.5895216953327
2594.9043141245234 2150.5516305078413
2590.8470809754285 2162.0802495828552
2585.076749063688 2171.7641307705767
2571.569343502831 2187.3225984960327
2570.352192382538 2177.5221702949857
2560.0362547495156 2193.2536868800767
2551.4221112400255 2201.959694433968
2559.059442765126 2204.305252688673
2539.203185983097 2214.70652959972
2542.6728961081135 2222.9223955625594
2523.8530102015334 2226.6288892197103
2522.1016237548993 2237.7371971357175
2513.4618114893656 2246.5066084474597
2509.8516729176686 2250.2023316951713
2506.2976446762245 2258.60811767723
2500.978118436028 2263.8878905047095
2492.7425285986246 2274.9194573043046
2505.208198296599 2286.6577669193302
2499.334862499642 2297.5101120357094
2500.5249896366454 2308.3229761118314
2499.1513489095714 2316.6139805422285
2505.8746945722783 2318.0818364525358
2510.622390333549 2317.278409039761
2532.1071927125113 2327.4525367592746
2536.4769110495627 2319.414373770284
2545.146777326919 2326.0540756508544
2562.466110401389 2317.444240082448
2571.286479923442 2321.2893341947165
2580.5332374030095 2315.128893668856
2589.892833589444 2313.905545725447
2594.026779881552 2302.77775859272
2598.0181566957312 2300.805985265212
2598.378916873252 2284.6408714771087
2588.279026269982 2286.0026876958705
2586.0389248412316 2273.389326075569
2578.972357462549 2259.2271352349785
2579.1302918254346 2253.961522751361
2570.4206796582926 2240.8464280708363
2572.4658305175476 2233.1165705384574
2565.130391734337 2226.811090492223
2563.5768630389775 2219.624787760233
2560.9580010824457 2204.9435584173393
2548.89321473288 2206.6623141229666
2552.1877722586955 2215.7332420862267
2536.7993403068544 2221.948138400528
2531.795621730239 2229.5839669098013
2524.3738592578916 2236.80815007245
2519.3003067767436 2243.220256622414
2508.910398473053 2246.568934386481
2504.933120472003 2253.2937647289004
2495.380998197998 2269.4361212343874
2485.649231629135 2273.042857049143
2485.1600647385003 2275.0108587477375
2474.8174466454366 2285.273582076545
2470.633257144441 2293.2672787534793
2457.307065867818 2315.195883398095
2450.967683909725 2308.6295115340463
2445.7752132760797 2316.966825479357
2445.771709278031 2320.7254310694443
2436.3961576443317 2334.220179201651
2433.3507307650025 2320.6620615170864
2412.3687981705198 2321.2863000910565
2409.0099722441482 2316.75963555779
2402.8497348089927 2303.5879729750222
2401.8008911106945 2305.270759521194
2398.7542530973037 2314.23432586263
2386.4619460900435 2312.682514273246
2376.433928767383 2321.4689975871715
2370.028900708539 2330.172713065913
2363.649491139481 2331.266120518826
2351.998042125768 2341.625542163965
2353.8962673049864 2356.197401610634
2361.1994109584034 2353.4840701550656
2376.6760781549438 2366.706188856003
2377.947978517562 2373.66045510367
2382.4655149442465 2385.677883576861
2380.7025975068764 2382.835087133415
2379.6116513621937 2398.303811814209
2380.3413541918753 2410.5413355879778
2364.0415723179144 2414.0495427538294
2346.255308349249 2419.042652411346
2350.8837437966654 2430.023348830191
2336.10191482748 2442.3915615296864
