1096.1663108446073 2211.678888527688
1078.9293538921004 2232.0140569352684
1044.0329742016256 2248.6441606725543
1018.7803531497141 2254.9823778199443
1000.2457868625037 2270.296303799335
975.9072178466425 2289.4939524205615
945.8471692907971 2305.662722071335
912.7741468398823 2317.4581048818804
885.9639326922428 2329.66481275118
857.0774556220613 2339.094922239296
840.843978107753 2354.858790646761
799.5579337811379 2365.8531060553933
778.9718894614517 2382.2961790994455
754.7214748497576 2357.5273291122608
732.4598515013669 2356.8194265090824
696.6487604796426 2367.2425245920485
678.6313673689164 2346.0019842741103
674.105839530255 2319.9561282924496
659.1389344656039 2288.0694570547057
