3652.5163747640677 1928.0656666889417
3644.9230521341156 1896.9223711954965
3631.798086970892 1867.4468707628278
3641.2083095266703 1896.8926269155095
3634.440034810256 1923.4224966087927
3653.4549204392697 1954.0067985413016
3651.7688851804214 1992.947615123894
3626.879325351866 2012.2195091379335
3605.749809825568 2018.488201799254
3578.4371082124967 2012.0244778859726
3546.8750486852628 2023.352747674607
3511.410440678582 2022.297517411809
3480.249692691302 2026.4934044442589
3463.9861060733615 2038.8039276967154
3423.5930051880573 2041.0605024232877
3391.2227582824507 2048.4969857596975
3369.917559254097 2027.686327153415
3370.681832414991 2000.4371104999823
3345.721037875078 1986.3810367550168
3318.5738598601224 1988.4043376783313
3274.793467603498 1985.5971878769474
3258.4079092194256 1979.6239425142726
3252.08041288984 1952.0365604164194
3227.1453369217666 1931.0321034149074
3191.98915035036 1954.4683237280917
3168.357302375554 1965.392778030581
3136.995405326152 1984.873323016648
3109.434597115135 2004.5170193885258
3101.2064261587416 2026.3334228274764
