513.734935040461 84.73153109852252
484.6767847617322 89.7577211792586
462.0858691575623 97.79006170741498
427.98991040687696 99.35930175265244
396.45673492104993 98.27778810927944
371.5679186148646 105.1865130019109
334.8679094763178 112.3097532920165
317.6387962972531 111.63781754534828
283.62917488378775 96.40232743247088
278.01717567924624 68.72191605361579
274.0793242016659 34.52772602376269
275.2062179517997 10.12740428071244
276.54096084795714 -17.46837709494619
274.7009357591935 -56.867966961118576
282.9305109767371 -79.31090322976286
324.8971750368994 -80.38690130724441
359.3092372825607 -73.91229275305055
363.9893980962018 -50.18780686342258
378.7591621749366 -20.326738054614275
369.2202242469681 3.6201337004439864
369.2739820549465 38.34142893726424
370.2957061423461 60.34603027999133
369.91873678924804 96.39952961956118
342.81084657045136 108.5938879597714
316.89045296443834 116.78443351911594
284.3619671505508 114.70762058559495
262.12654752922583 107.67225898366914
225.58007476113085 122.98530811077839
200.51866103250808 108.35888442958671
177.36359389788828 99.22715817134306
140.5064111461033 94.13155098875373
149.88478119944276 127.5351984541251
140.46398029497618 159.34026975250657
175.46747142091922 167.96748454173078
203.57907359013896 151.87289899636266
206.25997289347706 119.0894979474877
179.55346908128584 109.10137047105677
143.04872864969724 102.77303072073107
148.23549277056733 134.193671914718
151.1445060433632 164.59617574494402
147.9172734609121 185.42880126636817
148.88730107821263 226.6604682307046
140.0027308218549 248.14200158414474
133.94781139167043 285.7883225774249
129.84829611879601 312.2140868198222
126.77154195191636 336.0995610774385
126.11423416457514 371.8195321853757
123.35109804308402 405.3803758827895
116.50958180558054 429.91885359586695
91.76413749162312 433.306049003892
55.62721745230494 435.2115906810269
23.62611931934348 437.9135986404535
30.27678102629984 468.55078563167586
24.570650123109242 496.4123825703237
34.7817537020411 522.487430630289
26.71098080012744 562.0999779989658
46.98635418399595 584.4412099127048
72.35074587026811 586.7444048742182
98.85029249206852 580.3148421201558
131.81716337213584 584.291078249485
154.22175514844284 594.2135961108744
188.780834549558 582.0952464579881
225.41839124117635 585.459224654281
256.18903719714916 575.4178087633767
274.4016966108105 574.3532020245892
310.7443218310613 568.5341969530775
343.10577278914485 561.2196002641008
308.1895770865322 544.1773692471666
288.99717285017243 550.8585295732926
248.00831241413917 557.6088937123455
220.2715504550134 563.6666156461403
213.28746112887816 529.3369616270929
197.66050857500187 504.27274688413956
209.61389151409006 481.4512987379999
205.13315732661297 445.41715818143484
208.27080535265023 419.81837316173164
229.95824266096915 388.0942012232761
267.8462290874065 382.5617254571891
289.4365451063146 382.5393289625496
319.64827828354527 375.28726180814834
355.17461284000905 369.961442400253
366.28700972376095 397.95691482929067
373.885983990574 428.7947239163454
392.53824983324523 423.65943527643566
425.53096542751837 421.2926168085286
459.6144250277992 415.19748393629686
489.06315876682515 410.82886376250826
524.3952470509073 412.6306903858096
550.2794137996649 400.6039205942485
576.3051574728498 397.1471314357278
606.7364178068646 391.6111550311922
644.0412223733497 387.3657256636701
645.9903447036187 411.456093790248
654.3500332935394 450.30214914328354
652.0564940696455 470.1367225421182
629.9200666256236 494.1501465756911
606.2617888265345 498.08436479446425
577.1151945883778 480.4965441095201
576.5650269190693 453.75731554934777
567.6087066431413 426.00013144680287
590.1588714828217 389.8712977827133
611.5752481196878 391.66362646523453
640.8499207432376 392.0601251511911
641.7024412868141 428.4704804636748
652.5188099721354 454.79228290388846
654.7543793479805 486.5630586756065
689.671641649177 484.48079047515876
706.943070205731 488.3559380408291
747.0576462752496 473.95773655884045
769.405676150049 470.30269840274383
800.1762848401609 468.27516344397645
829.6469352536558 459.6143807373335
857.556624594408 455.24432467100917
893.6994581410697 449.1558899773942
926.9134770883453 449.7453398595867
958.3357404375097 448.7465171723291
985.1359834647183 436.22698895265006
973.3003131526755 410.89675707067187
964.3946552936023 376.41052879728085
997.441368435319 367.6816510935414
1023.8078480924778 360.05636642475093
1039.485621321458 333.609984058348
1071.3658687566694 321.9621807664388
1094.1745133117556 302.93246959525936
1118.6141317746317 308.90607612486644
1119.499653052157 344.8837029311752
1112.2205945861779 375.1302909079299
1116.2460043623598 398.71291395189087
1094.6246020697324 423.9343197841414
1074.4809683531084 449.6783391769477
1042.1691282734512 443.8597599901151
1000.8349309637848 460.57757975909
989.5363362113167 462.91891755837986
992.256731172464 492.0191681630425
992.2696643330839 515.8235472653514
997.5476506846676 553.1518916066193
1006.7781310609973 581.9173448868539
1002.8088720575074 615.1257905449147
1004.3205667156752 639.9035089500145
1007.5786071544477 676.3721527367288
1008.9968883415776 700.5854827660913
1013.8540323679213 737.103106339914
1022.4309001238187 758.6307253243701
1014.729362723772 781.5810285606926
1048.685077766459 788.7909472321772
1082.1987009212125 798.9135490343429
1110.1574384787564 778.2073191321459
1136.6266809617885 775.2319700025564
1167.3576016850704 778.398742353547
1142.0708199895153 788.8555365767669
1114.2805403178118 799.6748649337026
1085.0626417508188 810.7871585144078
1056.2089224740357 824.2192051387627
1028.6329163199698 834.687080610663
998.4333134097844 857.03433422201
984.0165307546202 873.0148637470206
960.0604038192092 890.86164813715
933.9796272628018 914.4600613054791
903.497467015444 926.438966281425
881.4231873177434 947.5599761590241
860.6673486305177 962.7606952378829
843.5100959930733 987.7282142816679
807.9280634791961 995.6132388256987
822.0142355484242 981.2917639390116
848.9563981025439 953.3522360900149
867.254959542003 937.7459422379567
892.8937590492659 918.3943934265073
919.2687573965491 897.7745314430359
948.4512818541679 872.0626270023668
961.2913517116209 850.2896656812497
962.8766906978055 881.6135154778999
