375.83004268822305 1030.2605239222758
374.7893932302745 1042.2128684007303
372.0441522398492 1056.0040740691811
374.7801199324323 1064.2709659433142
371.5869447723365 1061.2242919689036
365.552805871746 1078.0011109854552
367.34415400659344 1090.063453731133
364.34351357921554 1094.7574563501428
371.94278700104434 1105.1188147607334
368.4345096589879 1117.9092817448288
369.072114775717 1125.1105690391657
373.6604777841375 1140.2976430284496
367.70076632329483 1146.4432528527327
369.3388744710775 1159.7907223453233
376.5639508057038 1161.4592090974454
373.8582718229616 1172.6852073883724
386.66864685300123 1186.6781854775618
381.0809671161294 1203.0043401206035
384.33276437545163 1211.4226030824643
381.9862386522566 1217.4812146519807
382.60141357881884 1231.676787225084
391.3063106523617 1239.5086954029189
399.7297829707511 1244.8437700462282
399.8760463774003 1252.5077119481155
402.92685582270815 1260.2670451740169
402.84224050715994 1271.917902583976
404.7049819978918 1289.758667357596
401.91561376902393 1299.4235525579652
409.17691389285864 1301.1980913729583
411.03915478193187 1309.1518216123245
405.8276765578095 1321.844578817989
417.1646722354294 1330.8026073827791
423.26018800895554 1340.598948242143
421.4066406548489 1346.5080115397589
421.8829537141289 1357.9676213640423
412.0841136218851 1370.767552685017
421.7449447896172 1375.977689972656
431.9112806306345 1393.7657118472846
424.4900397029558 1398.1207679261836
427.9247024732013 1408.8650237088602
439.13627285128916 1417.9132215961583
433.2686647901975 1432.830215059474
431.1387204025855 1438.6781440073082
431.30082948016303 1445.6419597447893
433.5073033235757 1447.5675364190902
433.5205819843444 1467.9416249018943
434.8765259052661 1479.611567197487
439.2146151483242 1491.6570632578055
425.87911643322826 1505.3733000721852
433.6871131401006 1510.5965328625116
429.2105316693364 1516.1248518172215
430.3474663370977 1529.818622231469
433.2831400897012 1542.9661311381155
420.3857658038229 1549.364274688581
421.77093936199475 1567.4156831398645
430.54340857200623 1569.1734751827598
417.7546272989339 1587.4942990003053
422.9429761904219 1595.917992974346
420.5744895890727 1598.428077505786
437.4224290643423 1605.7383148615397
444.3231571068012 1606.882964199732
455.59126042258487 1613.5141819724636
442.65358442391556 1594.8835278656463
445.67849254727275 1577.0067701594135
447.9182870079317 1576.2715147412268
455.4971133125132 1559.8546761071932
455.8388414753812 1562.0457041932743
461.31079950737967 1542.940010371399
452.25584097888185 1530.4216869159877
452.4099764750992 1527.5469794317553
458.81424738682966 1514.5956280959185
466.358938798824 1509.1865414010078
460.3898995505021 1491.9029223140485
462.9941416172034 1490.1939931740983
458.4700839624435 1476.9306414439054
464.89858840851645 1467.9097356407997
464.4201820751924 1457.6012029997169
462.4431318162268 1443.8767011691843
452.3352614091441 1437.0149865485382
455.4380324661392 1427.2531347753804
453.05696868516003 1414.0581168373
452.1162842240197 1403.618207086854
