2562.2904753275643 490.8436023147358
2575.3048760599067 497.0255563683458
2580.154203010303 506.55549241063994
2594.6729239463857 511.4461452152984
2602.3206943483165 514.1760201039949
2614.8486389584386 515.8048560594746
2621.656072356293 518.2533429172048
2630.5816054960123 518.2364884814109
2643.591084751696 522.1921569517976
2647.4371137221337 531.5334112261964
2658.9645350712303 529.5873934910154
2674.4209568060596 534.8951502811419
2681.5462808999328 535.4519036925508
2690.920083724606 548.8563952950582
2697.7683201546156 546.8215453361419
2707.375411418507 544.6774954008097
2718.5930608594485 549.9290033070622
2720.352858468683 561.4606480113387
2731.9071338564663 554.7521811367533
2744.0473840236914 557.9503046277308
2759.3788095911373 551.9253347685806
2761.0982159237115 566.0316430468168
2773.344507603034 572.9947521415696
2784.3754907746743 571.626754504037
2783.527568104058 574.4985849807142
2800.2884267559143 572.6556224087245
2810.8972487820174 572.3433374107074
2817.2839703522473 584.6313963393932
2821.562815491248 588.9993954844514
2834.71299741914 587.9153137850906
2846.051882035832 589.6494224075252
2855.3319204405884 594.8345279588408
2863.7797891437203 612.6973807231744
2880.154642991225 605.1150250542939
2884.5129688512898 612.5576538939433
2885.378709625034 612.9233709961896
2902.2153928649136 621.7231406596533
2918.4069782673646 620.6295688717911
2896.566368641734 616.6016679425692
2897.027709278683 620.1685316513156
2878.6200737195204 615.2303937739113
2875.931555388569 616.1201178475203
2861.9552452117796 607.5400151477957
2851.527477686391 610.4142710652023
2847.6831855993905 597.8199429520299
2837.9453486233247 600.1938572841884
2824.863018601854 598.1850258552547
2813.2022360450096 593.998807112088
2806.7191877465525 595.3076612825395
2798.773682833527 588.7648011633139
2789.653310064149 588.6916756463131
2779.84691411292 590.8261874052387
2763.270569052439 576.4942368119434
2752.220061298126 578.340582568206
2750.069401525281 576.5425366884933
2740.637894544972 574.535264979833
2723.888896838373 571.1601121459529
2717.5169965591035 571.1283032526876
2712.821089311679 568.7082280991665
2700.4821239037706 567.148092866807
2695.592648026762 554.0442287672118
2676.139590049112 555.8063280408625
2678.722190272547 555.4937465154999
2664.3104330365363 548.2804177886222
2658.681860221668 541.7238740384431
2643.388528019613 541.0880249393542
2631.952080278549 536.6545368308692
2624.0450532450927 534.2063844307967
2615.3348447401518 535.5625609772391
2603.899345858884 528.209959969864
2598.2794384063977 533.3624309575544
2591.438151181281 531.6430007399088
2575.668459826885 519.2096636450465
2562.736599306261 520.9270088521207
2555.8104854472867 522.4970408888157
2536.7090021533463 519.4714090780489
2539.8871908287424 512.1944323397619
2529.0880531630723 521.9947754305061
2525.26195903354 522.3734121091818
2508.1310783907825 517.069198758187
2493.1279093360536 511.2699008136974
2491.2020243805905 511.92837468563073
2486.0751554304493 510.9365305971372
2470.6659902522556 501.64050809619226
2461.6058480043425 509.59955947820384
2449.7486242704076 496.3148677456768
2439.0916278724485 492.1922085435423
2429.993901511786 502.507518111825
2421.292064047932 490.6726925308152
2402.5228006047414 489.90643312058
2400.89030518482 484.78504370428504
2393.569535746632 482.13781467202256
2385.673790128958 474.43310676120495
2370.732363464891 478.67896819038475
2363.583862606772 463.19215971056406
2356.717089394394 468.57981271738527
2347.3484589855584 464.91925705877543
2342.3983389387126 463.9983326498295
2340.1840659690038 465.5278546558851
2358.2543284960984 461.3823887474102
2366.7466628576235 461.9379752640728
2376.913210149988 474.3675216503893
2388.8282095067348 472.61009758931385
2393.397751213138 473.2745079664452
2405.3291230930045 479.1163855957533
2413.4909410911328 472.8851501978414
2420.298557751411 474.54470992812156
2429.7422425155683 472.07057344909134
2439.4118234035573 467.98612332382953
2451.945230574114 459.5702978708599
2467.6688755034816 450.6798097843273
2469.2067370604796 451.88747107644514
2473.4048835197295 440.03313558961565
2476.68251376956 435.7417690454124
2476.024106415841 428.6336606564381
2488.574194957648 413.7197140794334
2484.5426238625078 406.60749639776435
2495.6930796757683 393.30013038103505
2498.6121752107233 380.16038894769895
2493.331142575442 376.89813543728695
2496.2173541933043 371.9754566316685
2492.3780921292782 352.77160057714866
2501.4307052857203 350.12728107237103
2505.389044389506 336.16002988224267
2509.0146283961085 331.4250058002337
2510.6459042188726 342.55382249730235
2504.0344536862535 347.6985183078275
2499.864706987269 360.1073219292248
2504.2719842228344 374.94377887326846
2504.8551504437987 373.71421725721785
2498.1311323863 383.6923157937603
2506.4496001855136 399.5960238005813
2503.8056871061813 405.8464555200114
2502.085880521246 418.16953952912195
2495.9335090780755 422.0069613467634
2493.909318802752 427.8308097577252
2484.0394520977015 440.784531779923
2481.8947166958183 451.3682286177898
2468.2767345019115 464.6099399347964
2465.927062653367 468.66257213738277
2468.0767806722884 480.02462182654375
2456.1147906637134 481.1491440418492
2446.792362813045 501.9613530074085
2443.557687382873 508.758754218513
2453.526025983253 506.87048171423623
2456.5859110853526 526.9842654258898
2463.1012647237 526.2357312372798
2464.533014558286 540.4522549188558
2474.56262637969 553.5725322400162
2479.5743129068833 550.0079573631897
2497.645738526086 556.7543177163543
2499.340117211263 557.2397438134138
2512.634948442602 561.2426524327103
2517.5081726803473 570.4796531674228
2526.9315740995885 565.9468017750021
2531.2109251361003 582.0593032333167
2546.8811286432833 581.0808891233264
2554.2041740997915 575.0848487000951
2567.1676275315253 581.6302712817638
2573.6294880950322 588.9046057534748
2584.761521845679 589.7119466690895
2592.3001749301766 585.4369920864237
2599.3305886587787 586.9848288113483
2612.110124384139 592.8431593025717
2625.4841376366567 592.5946026190552
2639.324997718413 596.481627338371
2635.401236164911 604.4628069625123
2655.4619018213693 596.9066899021643
2642.445477354272 607.4284053641538
2625.409999589957 600.4689227022097
2620.9590128231525 602.2816838756848
2616.759710479196 603.1019588477858
2604.1193099282164 606.9108761454819
2597.2847446414403 597.5587635881218
2591.0686517328354 588.7402941014855
2576.6135711427414 596.8608488973463
2559.352595051584 592.6598022387165
2549.6818134298514 589.9543213480329
2542.7115098395016 581.1892417278498
2542.011997458129 589.4437480492024
2524.7572433746795 585.046077937094
2516.7786071647374 582.3189637560131
2503.0146409676963 574.6094130797053
2501.3236832449056 578.5259590067077
2484.957978925391 571.9470093282596
2479.8495630404273 561.5681672787534
2469.7969925708708 561.1093082169614
2458.883638212223 555.1826550946612
2455.3662292708213 552.5472968045867
2442.8955330648805 544.2844290094222
2434.45394515716 535.4274405035344
2427.1195820413022 530.7641591708492
2420.5642244751193 522.7407393201839
2419.4417582448928 518.9622054831856
2411.1684351671106 516.5772129324137
2405.061619741069 511.6427740586331
2389.733284925915 508.45425828007325
2383.788608687258 493.1274451352332
2373.779940637961 494.5817784115671
2362.175090262746 495.27752617574964
2356.0676876855414 485.85287681703625
2337.2192418290592 479.9576442262572
2330.3378534870503 475.30816380659223
2330.9886644926646 473.2887494123631
2314.2637902324827 473.31928293716794
2307.453242248663 469.31088332015474
2293.955763829783 468.6853586130128
2286.274770772218 455.49160362943434
2283.6150018748785 462.8418448967429
2264.4403349839713 461.65429211999526
2265.018275682358 472.245650287247
2243.950671174947 461.68379893288994
2236.056763106264 461.95357514002427
2228.9608341269613 458.6604624326071
2212.115363261447 457.44302243929127
2212.2990779854035 462.3594359900749
2196.3533664863453 463.43162569177787
2187.554241064251 457.78332496675006
2172.2546312060185 462.7452771756671
2173.8678685210716 463.780308578466
2159.78871388665 460.2409441495455
2148.9127833134094 470.6232694986957
2134.4415388507387 468.5737863001994
2129.066381688033 467.4779525949599
2115.760928222912 470.2185907450433
2103.5370565528347 466.9163369626307
2093.3229477698274 471.44735350027395
2088.969320808881 479.5815751598754
2077.584736523003 477.34252908347685
2073.8273405312366 474.18084077357383
2054.4934269946893 475.44579458106045
2044.195570066987 475.71303102993784
2040.3347115047072 483.363632200558
2023.7423096393752 483.30811414310506
2024.4885788754825 485.65420444141563
2010.7090534223726 485.7939961999771
2003.3623294142865 483.63075959939283
1982.0298473423002 486.3555804302962
1971.9633808343049 489.1478129710839
1971.9655700615515 493.92257733460855
1959.3971938373604 488.497110021748
1947.4189710926134 488.6234504737029
1938.4721727687179 486.22339462305325
1925.193597440866 491.6128217475196
1915.2956601995284 493.2110126002011
1908.4523080304975 489.1079136157881
1900.2394049462205 495.05170115901973
1887.3496343337158 491.15624817257327
1877.297331692185 502.1183362134253
1866.53624201305 497.51559406315295
1863.738343357523 495.2126456226163
1849.2385467685287 502.4568827783772
1839.1859546872702 494.2889077198877
1830.8451677929377 500.24507099699844
1816.826567623277 492.4684972536094
1807.0389745891225 499.8518049156697
1797.820737786354 497.8284433807519
1790.6648860892508 500.2668546522992
1782.7115254491862 507.6903410618849
1763.4591288285335 512.4301843170203
1754.5125617401625 505.82611949014154
1746.0273781083624 501.79153581290717
1739.9177736010995 513.8938043255174
1725.043745794775 511.8573289740862
1715.6451378792385 509.5421425556108
1704.4492077331238 511.7761525193498
1703.2853650598554 511.4650923070958
1686.6420663924066 508.31616237532137
1682.0181916197755 514.9291745352806
1664.9972760627372 512.5022570831142
1668.6586725605166 513.9818415443074
1647.0679871494367 514.6109610596114
1636.0775843168785 521.8810532827933
1632.7292766607877 513.1567146620405
1617.8402658567645 516.7789470944118
1610.6897792322864 515.0839880664859
1598.8399223474296 526.2353217361208
1589.2640042265195 528.0912557833188
1573.2471223085533 525.4861843849649
1568.377646055041 519.4079827810151
1557.2833936765849 524.1667578252412
1549.6231129210344 518.0909513076657
1532.8318710240412 531.2490904480213
1530.6002827970071 528.8708101990733
1523.0837665091474 523.2510392253382
1510.7263766649444 530.5536930663222
1500.0633143912498 536.8192832706293
1493.034565558426 532.2318663110248
1479.84498967341 533.408000829799
1469.854524613692 543.8660417732142
1451.854829865898 538.7605996531835
1448.625082431255 533.9530605510923
1443.5875365008071 536.0904890526623
1429.5830002240882 543.9252712861451
1428.3628820186586 546.1723945358593
1406.4599768949722 549.1813588568076
1406.7715885845932 544.8822806184218
1389.5383228253547 543.5664991242871
1380.5666780427246 550.870960916559
1379.3866956654817 548.9421718920258
1360.127393730865 550.7327600481708
1351.8137670777573 557.4903587208569
1336.6770241024044 561.1368445002367
1332.648489037686 552.3638637135242
1322.6001793235132 554.4102913989396
1305.997733906631 554.3484625653823
1305.7088477052528 552.789859412422
1291.5168577015882 566.1065373350289
1276.9627447951723 569.240665070593
1275.3440510896216 569.5179461899698
1270.404511179311 559.9543197470225
1246.4751131321723 566.5207498297266
1243.2076873178944 570.7315071330498
1237.855851464248 571.1279578139977
1219.9932443982616 575.4105346099203
1213.9833948508654 568.0249161996662
1205.1145924637758 571.9970938297922
1185.1961759374822 575.895741183442
1175.811582515711 572.5416069034733
1175.4303256012035 575.4707653507769
1164.1263069837387 585.6217595556723
1153.2297178092276 580.0618870457107
1144.3977290372763 583.2330546170335
1141.5882826538764 582.1664401785945
1128.5407940895905 587.8225728475688
1111.635439935757 587.421027589774
1106.7595555424552 583.9722061510964
1099.8966716031891 592.5241872253938
1077.4543196392706 589.4859751891213
1075.5718911460897 594.7384866459824
1059.727645508212 595.9325125876878
1055.6839897874572 590.5289867344064
1046.5924210370224 588.8264336670043
1030.3865840982817 600.1982689164623
1021.9760250244634 597.8298121336495
1008.0963892548424 598.3654615295208
1000.9494017561816 608.8467150850928
992.7241740489178 599.380736260781
981.2497772048623 605.2223452207279
979.6370634277163 610.6720906919352
964.005808846279 601.7425041091288
957.22044222847 612.3453343144904
939.6533638130579 608.3640517301676
932.8849401382301 600.7905713919862
924.1424664032427 605.3867130836969
903.4707635164579 608.4565748407681
900.3109906858908 609.3956141302174
886.8826876559009 607.2384760265705
885.3375003714584 608.1116448933698
870.7701102700279 617.5718180777453
870.6286579090134 617.9743306919274
855.7507771186577 620.3184326449617
837.7355145501704 614.46410978208
831.2819619886596 616.6808688354699
824.7256476235692 621.94335474312
811.9432643922215 625.3386229735752
808.6749908785112 626.2913208678983
791.898747817762 630.1550315167615
793.0913965405563 629.7626576835805
777.8762337664275 638.128805252955
766.778656905105 639.2925604448758
758.2351109124494 646.2441965786036
749.364105672203 650.0942180195478
739.121859912008 659.7052014442511
727.4852207036254 655.3199176057285
720.8986877818261 668.6451829229317
715.7456751923626 670.9342583122742
707.4118650126509 676.7667377466915
696.2450147844878 681.1511100103232
692.1468381616016 690.5332948393956
681.5635613282503 689.8157615480288
679.4701741993764 704.811735918066
665.0303800413916 711.3837423645847
656.5054912434927 709.5602209132097
654.6903178614696 715.1818822303175
638.7283153531832 720.1864965295592
631.5397221796976 728.1441652157375
630.2299593289438 741.0009561006668
611.9867574362836 738.7739293771102
610.1215722326082 748.4477037013781
600.1794254488759 756.6240261910006
594.1504693994513 761.3603974480575
588.9528094506185 772.2940809185424
576.8455411562629 770.3708330133602
574.8621845293806 775.3885469253802
566.5249035983276 782.0619489757672
556.6989835674033 789.522869408511
542.4994231977568 794.3937082964178
537.3379040829931 799.6434916650686
532.7032388988175 813.2328836697636
520.5905181899392 819.7918105336837
511.533870851467 820.6891915652652
506.33818492195553 824.2999491765704
494.5385433266407 839.722353504317
487.8494749365469 837.8756892965401
473.78129928711843 848.440916826857
475.8440698965794 846.0875042848163
464.8883288554801 859.3739868800956
463.2133035596813 870.5948792933996
449.7522827562777 875.7632423003424
442.70811351489715 882.0331670225869
437.11593607347726 880.2266188688443
432.2621414944974 895.6163909848595
426.6627301301452 913.265651235281
422.5606274887688 915.6093658789628
414.7309379931764 925.6780337408042
412.61546874052084 932.0801533881247
415.0463070987366 942.1565200114943
407.6859383228195 952.4433860938125
395.7263462387147 954.8892450829167
397.10862780713353 969.5199129413643
395.49961648715515 980.1715457104423
392.48563005601636 990.2149652864357
390.18425965179404 996.8328511007259
388.7765317916721 1006.7901499318798
387.7195064052929 1013.4632364431853
389.4781963678304 1026.060476450737
386.00134229686864 1030.3377437426925
382.42636000553523 1041.7930149989488
379.3769363885878 1060.2227890263355
383.9615908154164 1064.7612830161404
373.8127284888061 1077.4312947278704
379.1664888809075 1082.1110526490481
376.0418408368326 1092.7445792954481
376.0736114962846 1099.363827156431
380.0088205660683 1112.4025346983694
381.64434773351553 1129.2927612527833
384.5520390362765 1135.7788306548396
380.342254797478 1151.5082366561621
381.2276994228397 1155.6953177439207
392.71392514995176 1163.6913687465913
381.69323245105403 1177.0888563350359
387.7688285593634 1181.1484591056824
388.1259059378578 1202.517663222469
387.14625084590955 1206.5658049289325
403.3397216595871 1220.3770882057545
393.49243974206905 1221.932979898767
403.2866058250037 1232.3307630880968
412.01507317338553 1245.0417963875657
409.8121390662776 1258.3373696496205
405.0294183344922 1263.9145644738785
406.3749203898923 1272.9506833251728
409.2543549776044 1283.691474462302
415.78836670579886 1299.2037087482113
407.9588814553191 1303.4265167455956
415.70880553048005 1309.9901233411383
417.9299540439435 1320.0029866123496
428.3952431938159 1331.1777253026057
427.4228806246165 1339.8810838381926
426.4829281336977 1353.0516396104367
431.90728999876876 1358.163246637031
429.2771896748085 1367.9264963210956
443.138202701893 1377.83803588187
439.9435868456913 1384.486705567026
443.4266296846553 1394.2397357667262
450.9662192960764 1404.4339299698916
445.66604973270177 1410.3183920375443
450.60659170757685 1427.4744163858702
447.32872004013313 1431.7211975974908
452.6625966709878 1448.4195066703653
458.0888367585559 1457.744685750146
457.60966760065594 1468.5349856373944
451.77352368372175 1476.6149241197395
451.99117350142905 1489.165277619095
453.4478928352255 1503.2588885058142
456.0253186099055 1509.5037347791235
453.74855686217523 1513.8221530043093
452.2878173293614 1526.4209654089937
451.2996858149184 1530.7815686713252
442.00483575163287 1546.8141926144112
442.9177469047819 1557.6317101092052
443.38695038281213 1566.0681032219068
441.4745597476727 1581.1910581183133
438.15149046678556 1585.0852404171924
437.0264562286127 1597.797857605627
444.75397028989687 1604.5446463169465
442.1703732452361 1616.5747954369058
427.2924678533204 1622.0682389947635
437.15986780298095 1638.2594455265955
437.38396248718357 1636.640536397431
424.46783517354726 1652.4081480500242
435.81481868889557 1676.133307091377
431.77925699106447 1675.8299670753358
426.5221369728647 1684.4252649957496
420.5143985394655 1701.571017899352
429.8259855174413 1701.2214085463909
425.4033077566919 1715.6482592352081
428.0021836036058 1723.6064334365103
425.5739555851507 1733.5215803804617
431.0662418892914 1748.3082771080371
416.2290429986629 1761.1928653783305
418.97659165882453 1759.65869053151
421.82898091995554 1776.4255961091478
415.04813458700767 1784.981946500573
419.5655402640038 1796.3139871617884
417.787723027977 1807.6295579033429
423.8089894730349 1811.0793545080542
419.57054259169774 1819.571735537544
411.65368015775806 1834.3157226884819
418.1188092125633 1842.6030533908145
409.25398973062215 1859.0464067839598
419.134953919171 1857.9617810683606
405.98535591568213 1874.6051546950844
411.2280847553519 1889.5087528685585
414.4860826347443 1894.2079007726416
408.38144680935324 1906.4007551701272
411.6506736839847 1915.3730037816779
408.45818938414635 1919.6913033937149
408.5283628767977 1932.4419018639858
404.90772054298344 1945.5160817670276
412.4179394896834 1951.0014881029792
420.5281155785365 1963.8512740185615
405.65562018297084 1975.829096446626
407.9028055807875 1989.850654600589
412.23322786747815 1991.7823443134644
408.02676354156796 2003.6788997953179
404.1641896912153 2024.455869740196
410.77543464950713 2023.1058042949169
404.6263954544316 2033.3992828092194
407.46281856455977 2044.5933434937724
405.8431290379032 2056.832082250193
413.27551605819684 2069.233108301477
406.730487820074 2077.9829878440214
403.43412856871385 2080.909668827077
408.97684451374255 2090.2005145619896
410.15161538409615 2100.793772516507
403.1785821899264 2114.335333709759
405.8686559915874 2127.323081128701
406.8643664658119 2140.351557871288
409.2856365000212 2148.310708994452
412.05056912589185 2153.176525151574
406.0934445900906 2168.801509535284
405.22583317002375 2178.8050686471047
405.9410763882036 2186.292707150297
402.47351345970503 2194.644961193814
404.36351799166266 2212.4486489537485
411.4190988593588 2193.8853160384983
411.80165308982623 2192.2661637539577
408.2082289668727 2176.3458481631164
415.94175552407404 2168.3230652849547
414.037107936138 2149.260881022404
414.4594020685058 2147.040076665366
417.21354509273107 2134.6619908328476
412.1936119793329 2129.6366108813386
419.9624333458181 2120.6609285170284
417.32608531210764 2114.640123051528
416.0076221181 2096.7374054081874
415.33327368757364 2090.357612162904
417.29586921077004 2076.6943798690895
420.7895414827489 2064.3640023529365
414.3829988180893 2057.269128927891
416.70896277080135 2048.358494049089
419.51797840808933 2039.6586279483486
420.55217902240116 2039.6085619003818
420.05107324130756 2007.273454693396
415.9457594329166 2005.0994070064203
404.5748987259861 1992.1943190326342
416.89587854853727 1978.920545338074
419.898106680375 1973.7238427437794
411.00043464800956 1963.226017023128
424.2906710405924 1964.15936613572
435.2704447552262 1966.7481732381698
446.5624587030219 1971.4337640146223
455.5110791201404 1971.1377558006805
461.79740464869764 1974.9151706034643
485.02604111281175 1967.8698087486
481.33514377011994 1967.7393638727422
498.46276214169717 1975.6879623462812
501.1067960138604 1976.9381928277223
520.4167319290052 1972.4401942448126
526.0943327657027 1981.3981907752102
531.8436136462228 1969.0056111280364
542.0370753614361 1977.6127054103094
556.3840765956292 1983.8764967606348
563.764356760388 1987.9006256772504
558.8189606448444 2005.1933545808827
559.7805325329219 2002.3773571425697
568.7757752319902 2016.9368558738495
568.9944702723136 2022.7983120047043
569.7642905207323 2037.6260097356162
565.624762539503 2048.5159367271067
562.5451291802095 2055.1996835130485
565.0068273169801 2067.18765720239
567.2341504718919 2075.426746808946
568.9669603845832 2082.6101353822955
568.78150009003 2094.8302472139967
563.1677765916647 2113.0300265753613
568.6823929829121 2113.7296489488917
567.7085041693902 2122.8281656200074
578.7242221308449 2133.5325229671457
572.4889643677994 2146.520514720173
574.9994880959744 2155.706176849047
569.4122434884724 2166.152653514945
573.3803362932962 2180.5942137602924
567.4126402404336 2176.921106878134
583.1989679023151 2191.1469655329397
570.8334502714994 2206.1620281305263
570.6147581953599 2218.6475920079693
564.3548901245151 2225.480951557764
570.0418960240345 2241.7909526649814
569.8165967036351 2236.565938455796
555.2796723006695 2256.24062863055
559.9708404632769 2263.200987260545
565.2974807053249 2275.9458593486847
556.3603316883422 2285.465860127372
559.1766671573826 2297.887446676125
555.9973670927154 2303.892329614856
549.3786554250214 2306.6422524688996
546.4077825689322 2312.7129433696896
541.6524102807141 2329.406720598422
539.4161760454062 2348.5625457686547
542.8901953983836 2345.585032317793
532.3408779090754 2360.1056877937053
535.0145196016833 2371.8280761562005
536.8345653459372 2378.152375089556
526.7983439964515 2391.697196386202
519.7226100002077 2395.470389977238
527.2689400971252 2417.4309796971716
523.2467342035342 2421.9290650720004
516.0548514031849 2424.485685482832
507.4160977364389 2433.459262928762
500.4311769310259 2444.8736284503675
507.78311549654313 2453.16526701189
497.4144796614527 2462.8821185519764
493.879253936802 2472.0428356827606
486.55679670626506 2491.360848258281
484.77467481108886 2492.388770159948
477.63899453644984 2504.635792896888
472.86814807007784 2514.173172916919
469.74716068000765 2510.837288873341
468.90397690282043 2522.9500683543915
466.2691477846626 2531.609716165943
474.4160884325764 2532.167997460606
478.91841208128807 2519.3412825382597
498.89927409451275 2521.956568135335
510.75133023349355 2519.3240204810854
522.6097430825046 2515.5072135236933
527.6742716085315 2511.9312154222043
540.0088147258666 2505.453395760437
542.2281063542896 2501.94985324219
552.6993920880128 2499.65922487246
568.9606905706563 2498.4922577100515
579.7518548323505 2498.1420352516934
581.070252236645 2491.7370136970567
585.940045311243 2487.037311850463
610.9863848771719 2486.933294203624
611.9188170478036 2480.909870012594
614.8505020964279 2476.3699381257356
628.8609807626123 2474.4637386272148
640.5511728826737 2468.8283113375965
643.2983919780928 2468.89553136219
656.7958099357891 2470.2104310499867
664.6368238324993 2474.550153901198
670.4840456144691 2470.592349116737
694.8018361639951 2465.100491002353
697.1533872339899 2466.1063068750127
719.0777619433433 2465.9355611702463
715.3703180565922 2478.1664125691264
721.775892719129 2465.4812361686977
738.9416860341743 2474.8519462335476
757.4715239356377 2474.864316293354
764.8075953515628 2472.416328225862
764.1476932800683 2470.2219211303373
765.080258213466 2484.604227003257
772.9130538564352 2492.649230554013
768.3474306215232 2495.3788177860865
777.256802780496 2510.8919667535342
770.8945652905081 2517.3708519938605
782.6581610620191 2522.9372162210325
786.8406391668921 2526.5010804192516
788.3619061810567 2523.484348527096
806.1065519436347 2517.40876801557
812.7343406696891 2514.831522417155
824.6135508624527 2516.9709813975646
836.3034722544895 2504.906435677918
836.7958705257728 2501.336357465207
854.1282808097002 2496.353160591327
858.2289007674215 2495.2927607121283
868.6284235115191 2484.9152085829833
881.0690428067328 2480.008947689297
884.9225079951558 2479.9168749044425
893.744489198883 2477.6915521088213
906.2651665320011 2468.3366930554753
913.7751330761021 2458.0705046547955
914.4471319730451 2466.754226384125
926.875928140854 2454.8453787036606
935.1978342814413 2454.285262463429
947.3837647783024 2452.891666287831
960.6662929003285 2440.012350458054
960.9668561170151 2435.265726610111
977.1624068635749 2433.830050093366
981.9849562582326 2426.2360485285844
993.2331547168824 2424.4675818391565
992.6424669269393 2413.4221483927195
985.9275898456439 2404.73720204263
991.2163801751653 2400.2023383683513
972.0938860917191 2385.1680762612814
979.1221936007287 2369.902214498494
971.0408116824925 2364.6744969855936
957.0261488138932 2366.0889246199135
960.8720084220619 2365.0004866845034
949.6198636169217 2380.81027247137
946.8233531634364 2380.1270454847995
922.7022158363523 2387.3986515485567
915.4548052425887 2388.6558352663587
912.2767025005194 2387.1843055253535
906.7249373873007 2386.179487030271
890.5271742461792 2395.943160813975
888.8615255582032 2397.3211250239647
875.4877552567388 2409.6086852484664
867.7751861278963 2406.977910661839
856.1109674854921 2414.0952549894846
845.8986756865746 2420.4311293187616
835.9735697094077 2423.914516612974
833.2337298099435 2424.8298204679177
820.176547467816 2431.7848644764645
810.4783375119234 2426.567609198295
801.5163856587246 2437.3306413863643
791.3985256890851 2437.6811303682466
777.8176678186483 2443.2448670252197
775.8842409323634 2458.4150365991836
777.3036664695561 2456.881090983484
775.5929028677024 2473.323276443702
773.8683108808245 2479.3023582972583
784.2644358205146 2488.1424374890335
780.0827449375521 2503.758006036673
772.3826732284509 2507.7391594247183
770.3522268829776 2520.9754611405447
776.6225431129833 2533.6244179549285
779.8259729212078 2542.4365407870355
783.6674630152824 2556.520949882943
780.7096205870594 2555.985246453509
775.0285940254419 2568.2184933477197
778.1057406012651 2593.4301634310373
782.4383969537365 2588.339598960464
777.2197541242406 2602.214485654288
779.5091798426741 2610.5036412377567
781.2773593216025 2619.5776984999393
776.3947365959224 2624.0349393375227
772.0017149659814 2632.009649287836
757.196838407953 2638.961419552161
747.7857907108826 2640.337383627403
738.3178339340074 2647.4851592336463
733.8641752517718 2654.549126768812
718.6350858252523 2655.4821434637915
714.294117213563 2652.966422012198
701.2780433207372 2660.0556017613617
691.0050874394349 2662.532582780914
685.0472719126719 2668.5976452848963
673.2335911461766 2672.2909446905983
660.9449716888064 2678.627563784762
649.93306336311 2684.4482564788486
650.6187019876044 2682.4377928054064
640.1992076537224 2690.2817563305634
631.4192713538663 2694.2072793647258
624.1678647028466 2697.958152279114
613.4241771631359 2702.5405060251965
608.9756014110583 2705.178247014529
588.8004805965231 2720.6064448035218
586.2813806823908 2725.7362809760402
572.4270505912875 2718.0968618989614
565.8955137688214 2729.037061863257
559.6739071314316 2729.1912419280884
551.9912900464832 2735.038797391349
544.2682241435285 2734.4447769270528
536.0715369695948 2746.946457737142
518.7062693376996 2753.238421087956
520.1148575393821 2756.061845343627
503.1383840439651 2755.2431100245135
497.63187172352474 2759.567213291706
479.1756377881621 2771.4567112075233
479.3882308900676 2775.481319505527
488.199609580005 2786.7182628050173
485.8907805992144 2788.6857228605836
503.2975492644052 2806.1518058561255
499.3664555882904 2820.0111256739383
496.24304020362075 2821.482595087557
509.19282661863883 2831.4891065141246
510.15788671640104 2842.3943359628856
508.60831167179475 2845.936077819632
522.9619133046165 2862.8289911008155
524.8780128201003 2869.5518435176623
527.1583538561522 2880.3917841390003
533.8999550795245 2892.695198788766
530.2342976699833 2897.862797296701
527.2182093733348 2907.269613316925
546.2716731938712 2901.8434167345204
551.2267819798445 2905.076914302849
561.7162910673243 2900.8188222158924
560.0284002934953 2891.8072365427934
568.2666455075839 2894.7061066678184
581.0366158906268 2883.665904250719
581.1278323843607 2873.2985094224587
596.890472479577 2863.2090971298717
590.0555111113032 2851.0956066031004
592.5638074991275 2842.2261003228245
594.7365671295096 2833.2146406959337
594.8176667746593 2830.2266517358366
594.5983364910389 2817.163138777052
597.0096577739032 2803.251736994597
595.7513148663929 2793.3552996777194
595.0408012289697 2783.2064255004852
586.4861493142269 2785.206918136109
574.004324199769 2772.3484276030754
578.008543682933 2768.527971473951
568.8380123577942 2757.315356025748
564.8008877064394 2741.5703738197867
564.8270439855556 2739.679242688098
551.7237463326314 2728.8758416801434
552.1944316867517 2714.505615386397
551.2454501035709 2713.481553655075
540.53667140955 2698.912108019931
535.6426180459316 2699.15308796567
535.8865940430118 2684.3424284104035
531.953995442526 2668.9646196738877
525.7665262872998 2656.4560212145398
525.6752064450744 2656.99464675279
522.4558602596306 2646.876931089968
519.7062561211046 2636.8001158256266
512.1101217560969 2633.100950623132
511.7272796881948 2618.8315749735743
496.1615661563615 2616.651006118211
492.10156763718356 2619.7277661804287
484.3817413492407 2628.2750109513267
476.3057141593276 2619.983035809994
454.35880333224253 2632.5977110156537
449.26545643081937 2630.3778690704194
451.1880413684368 2631.6021351249165
434.0943958454446 2626.2967163291123
419.44619204692344 2639.452057364447
427.2288125113615 2645.935969902764
427.83513396772696 2656.933547262989
438.65422570415393 2669.194585603222
442.6745898137048 2671.641053124991
438.3496103966312 2687.0906235649336
446.23347906595546 2689.8580851659535
451.9928615551863 2696.4737635290708
451.4789632523322 2707.2829012172792
459.65388823712993 2720.257234976499
459.95384001151655 2725.764073292871
464.2851738384603 2737.517733981242
467.95560067836044 2751.3050585278324
479.9654673590266 2760.9322862119443
485.7753443931045 2767.954836743524
469.20158492611637 2771.807783335193
458.37288736875576 2773.6915610264095
454.0556965224495 2781.5132163409844
436.34971332210574 2785.9533499090257
430.3022588449861 2791.491618237918
433.90733997500604 2797.93789525757
