2548.784431594513 483.84321080044003
2540.865530886146 458.78278638312935
2523.529427426214 431.13298783820096
2525.534180583299 405.5446988252917
2516.6417398910144 367.93788548680504
2523.690540659346 344.6135773378952
2517.9107817054764 311.67210216493686
2517.49716802132 282.1993784610275
2514.8628432999094 255.21271345947454
2520.659594870182 215.25264124076557
2513.6804097700883 186.38709671760603
2514.1687768772076 166.59678723845838
2534.365855823942 186.13949826553818
2542.2317136014804 212.29992277046637
2567.3951616004015 235.86077076773802
2539.550527941633 258.46238516145115
2515.969860375997 259.3373135260987
2480.9812825380814 260.73269846756034
2465.31852745572 287.9012429418794
2495.565291671873 297.8470004420756
2524.2888431298215 296.9753602906538
2551.0388225641263 296.8031614650758
2577.2916265805743 323.6900994507039
2571.7912000087395 354.63625383159405
2579.939323222516 387.9657279791671
2551.0118877572613 404.4549958582287
2526.4079775329387 422.3996068991097
2520.209446967399 454.6519342564358
2529.7711556994477 480.0043680874365
2530.375185580195 517.0165336714421
2515.4601995480125 543.0911036700486
2479.2339632482735 550.004112960562
2455.1369758643773 545.02844053883
2480.7595516377182 538.3964224028766
2502.53075281141 525.8897247381851
2517.032637909581 492.50136332366895
2524.7824766407502 466.282473942189
2511.0591567265487 437.7157549178905
2513.252364342427 401.4273790701548
2508.143853568566 378.64162487001744
2517.6251335086477 353.3050471916869
2517.2270376111587 314.57601641911464
2519.343487512733 288.87374994258465
2511.6771220086976 262.4494641131368
2514.6965334029815 224.55072531544792
2513.562720263678 197.22133885506113
2522.815272901459 169.7666179036445
2519.315471510429 136.8904864403752
2516.083525163593 113.70887822432383
2513.348493412099 80.24435682913871
2527.209896849053 53.02657509570303
2543.7754851449786 32.75207398520987
2579.5056461779063 22.171380955859767
2607.7273308145304 8.09007325036302
2633.227854434004 0.6602087913434218
2605.370945865348 0.5238656950813905
2635.6434640204907 -19.54326726306188
2640.0649798643026 -41.72713196624156
