3762.8693632369145 46.20969356022233
3763.708643561921 62.548402021080534
3767.1251485907387 79.90107902853097
3766.5783367511253 94.08762479995468
3762.794179856733 97.12867719165632
3765.4077390876982 101.27273954988954
3751.3606558081865 108.31821441172596
3739.3509787652742 114.77958298161705
3743.9033419274183 125.86338946723572
3724.099135809799 133.21880271862892
3723.872197624758 131.7395656998542
3711.4188012553836 137.12283814008828
3700.376285134778 131.73595602004752
3695.080899163326 136.2107084232164
3677.50009981806 135.08595107376502
3673.491252769915 129.97168984033078
3659.9191106168105 130.59499527209078
3651.303036249552 128.4095514178931
3646.365290929738 129.555202212174
3630.526286291213 129.12371529529156
3623.958411892218 125.62256184512785
3604.5406624069456 130.96429829993437
3594.3917741810696 131.58862752090837
3590.6803767754363 133.72379340245388
3581.4390911036244 124.96490790079605
3570.0906052499804 132.6185184971624
3554.7767269502733 131.60369421086108
3548.539394972653 125.98039809603053
3542.7726603222254 135.6353629257536
3531.0248646373952 128.72526516566404
3518.114054056845 138.41111712458883
3519.7282105968566 128.90863530191365
3499.39049331471 137.5121909167396
3486.9123022442873 131.3215309919666
3481.5300039166013 129.8017708030515
3475.5713220580587 134.39127813624063
3456.0661482751393 132.59676063374772
3449.298941691916 134.33495523599333
3440.9533805696806 123.95811428283486
3432.8712228906566 135.88160623128144
3422.1826842446267 129.9254436694496
3412.724062822069 134.51542218358242
3401.5284437530577 130.18942111785242
3385.0906500825945 130.45356003456203
3380.0003261049987 131.10843550930653
3371.3543991212127 124.5466357313426
3361.555759082212 128.13430557588282
3349.4571793070504 128.47594931062605
3330.867143140045 128.0925908030814
3324.1197878800926 131.9051266742018
3323.1158382371254 125.83520591017593
3303.8480902582314 135.66708685950888
3307.838291771132 123.22077152981501
3283.64219969231 124.88261997122277
3279.54789860576 130.4908226939313
3261.3695154482534 119.78107019251128
3257.487971764592 131.8810671077933
3250.7361393895007 124.80729627641176
3230.8261726488913 122.78391343707554
3223.930372111821 125.6367376614368
3216.5365044008186 124.77318226323507
3211.6939371564345 119.22428416406541
3203.0781458664114 124.6009041703782
3190.2256944631363 127.67127908800538
3184.5032874661647 126.79519622835939
3171.801019186221 126.17587668472368
3159.860046510529 121.90098064203644
3150.1696077604206 116.09439204056778
3144.9364939259867 122.42885672552066
3130.364434503092 119.80057261316547
3119.788504770819 120.76990855402465
3107.7361816443477 121.28128726566194
3100.972510724593 118.95294195941358
3085.041954282443 117.47928637851297
3081.471176635891 121.39943805128775
3066.591903932429 118.14108044280005
3054.206072193369 116.8285291540297
3050.835623250018 120.29656194534728
3031.9779524258965 122.54744666796105
3026.03777931251 116.33368430451976
3017.0665964781124 118.31737494392968
3015.369332079317 115.81842318494074
3007.1004377397917 117.47257213138295
2979.6913229598545 116.35099317457131
2981.318991119821 116.88540550414484
2970.9694711076004 117.78597272301215
2957.2411267055118 121.3649168170025
2950.0019598119584 111.74176396350758
2943.9463780593724 121.27511114911371
2924.1048207228373 116.72309871279685
2926.974831044717 119.8913720569731
2908.370801716735 123.52296499313863
2898.1571431956067 117.21462590579858
2889.450454775831 115.89987070040692
2878.2268539536776 116.83935034590783
2873.3705609153767 118.06069573319994
2867.032656450116 119.92854870207228
2850.807532126438 117.35994709450532
2842.375009441348 129.4052766187734
2834.4009899292687 117.22524651008402
2817.142982483529 127.81467943608621
2814.9958151857595 125.67497768952006
2796.8101070686953 128.9673885874735
2787.420096727921 128.61738932062877
2781.0147629730177 129.57140325720627
2773.4479811970436 132.63403473126465
2758.794283416571 135.97192348232295
2752.73908791933 130.52618319361403
2737.2558052511686 132.2368022875064
2732.3870108871724 126.52514339458277
2720.0024563776415 137.2393271179204
2710.2863457672647 138.74819768818136
2702.6151841272062 140.34862148707333
2689.3360804510667 138.54818305209514
2686.5731381300243 146.53959737725307
2664.991464974875 136.38731325436504
2659.002274415027 138.68171626254897
2646.4286860701036 148.2753246420534
2644.730567745922 142.41315910761955
2634.784890216465 140.4517053095825
2617.863407247949 143.59940314569536
2609.3483490623257 147.12615269281775
2606.978168350481 140.97059919132062
2594.9109203990047 149.24683662418073
2576.4308168809102 136.7391206493437
2575.9224259805255 136.45178294920413
2565.0695160512287 146.04228887169504
2556.050122557062 141.3083200251216
2545.1184936377963 138.42599176687446
2537.5871687057725 133.71198404241247
2523.176246979863 148.62953131086726
2514.200823837117 138.20742331768582
2498.789257199605 138.67515742911817
2493.396228401076 140.73677457904284
2482.0526449249433 144.50879923686614
2469.356176251823 143.58802645048291
2461.8430998504473 140.17244341299147
2458.429504518297 141.5121833926155
2438.234628160977 139.3553918542625
2430.0253100611562 132.54484970367656
2420.1082293635186 147.00096577426115
2414.6025807514384 144.10873441153922
2403.5671593841607 147.64156668235552
2391.2068096260455 131.92684229747206
2381.775754649949 137.85649506293362
2376.7812676917147 140.11001011738583
2368.7193979065783 139.51378587936597
2347.546901426789 139.08266248920498
2350.5599143172158 135.86675753878004
2323.558146763805 144.0967466936071
2315.3273473604545 139.53731851017704
2309.854880874044 141.49355035881425
2303.570688360602 142.24370881965126
2289.868412221205 148.57125145630087
2282.976286947832 140.4009725900342
2270.823299302809 138.4522407580049
2264.0113613314356 142.06888978193223
2242.88856322018 145.60434633076892
2242.333166760689 140.50118549275416
2236.4437008863533 136.5268885620883
2216.7552534407155 139.248764297352
2213.458917974014 141.96060214147673
2213.598550014481 136.4484984655346
2193.6525983745514 146.45451924941216
2180.680170547919 135.75452012626187
2165.972433228952 131.9838915793053
2166.37451839875 151.84917903351513
2151.9014490327163 139.8207649079677
2138.9869772193288 140.00194066070154
2129.1485708318382 138.76890194567022
2116.2394006797113 143.08721996074559
2110.7503833721807 140.39081671339187
2104.1502500052698 137.96012347485157
2084.2021694137243 137.85680084706263
2089.3675769718616 141.90350824155175
2071.2318274203335 134.97564486473345
2055.5147844825515 137.57413194961967
2051.6587087501425 138.47642907068087
2036.0382920818818 143.05025302975668
2035.5746875902696 139.65159551936773
2027.2267214540302 134.90192095213428
2010.2978271421669 137.1246713756194
2002.5239314755001 140.87718791739943
1995.4241196007495 134.31407291904142
1982.0647048994383 142.2007950419199
1972.8254844936328 132.57232790250995
1959.8891963258984 138.42903377491993
1953.7192884190897 136.52278692193113
1946.313519469767 138.21313461343098
1934.400486292425 139.65534981263485
1923.7511067759638 138.85287862836975
1912.0853988435085 127.06034943433608
1906.7416186721164 138.58655380964768
1891.6060678728843 144.68117566479185
1886.289870259577 135.5575577545005
1877.5878510515672 133.821755931736
1865.284471712026 145.80426329653784
1847.5178902855298 141.56804797272977
1838.1588330414231 139.1171771217653
1832.7295481872595 142.14855480956817
1814.9250102017986 141.93104358533276
1808.80488391158 147.81243180870987
1803.5577032690346 140.73534109682356
1795.6933221779304 146.03566725950782
1778.311858199306 147.46987717409067
1770.6305853892932 150.24244517458723
1767.815198766045 159.16288028874726
1757.518027395745 149.28013005447824
1739.8506165670867 156.29242981731755
1736.7963235555935 152.1823742964704
1722.5182520424576 152.4531883315502
1719.5510406117612 164.88450689020564
1704.9542821901157 171.98005152719645
1689.1624133504054 176.62358412430794
1684.7011474366086 174.27691503899035
1677.0012445587904 171.6694870569555
1665.9849867225735 177.9356372173268
1653.1957601018657 179.52657327013767
1637.203348334811 183.99272041726283
1638.201470541468 185.0519480142277
1624.623425172807 185.19817473506018
1619.2298140428315 193.9563684932663
1608.1925403663265 195.52671538850151
1598.3904848335085 198.4004244119748
1590.749970956996 188.06163875623645
1578.612555284858 196.7581211508508
1565.1393073579472 202.86181947772002
1553.970319659057 207.7181178288858
1552.9437723133512 204.31522705200854
1535.1170575731192 211.33243252251904
1529.9617763384515 208.9456860082318
1521.0719563477344 207.4570151814106
1512.9548197609142 216.5504345132498
1501.0067335700105 222.14875493220657
1482.9912042097947 227.81942038432942
1478.1260055048183 222.81646449333246
1469.1082254264895 233.28049675394703
1459.571249177968 235.15224113964447
1454.4977377706068 224.79610953066629
1441.9894140009471 240.55384025480123
1433.4354921262054 240.3781347377461
1424.3554396809593 232.90302995745216
1409.717144117823 243.98567209127546
1403.2072436443802 248.21290064928917
1389.3389249004272 243.47281540248775
1381.9931765604972 246.58543937867628
1370.6329033200384 252.33619755420685
1368.1695348772703 251.12524843966148
1355.8777975056464 257.148449709973
1340.233485620297 258.82373461476436
1334.7962080961286 261.4105815970355
1331.492477494565 259.7808615227984
1315.1184289481587 267.9812919659517
1301.1907924926913 267.9917799096726
1297.612757710379 273.71972693560656
1282.6421486376153 273.47733341387806
1283.7270514880422 273.0293708164177
1267.0005443195948 281.2101666962585
1253.8185609829266 283.39936940145566
1250.7851523676673 285.3171499383909
1234.052172334023 295.8140649210121
1232.9371847212824 296.2942806986657
1215.9906426733487 306.7136446322312
1207.3182872925229 298.23716431271214
1204.056245257905 309.38165001910284
1194.6063038307616 311.61543627579056
1182.510705616224 313.1004748970439
1174.389633678402 318.5014604860046
1172.7042102492985 328.8770128380417
1153.4697343578907 327.8393679243026
1141.6758322046342 334.38634717723
1142.9312053779142 339.5472178635246
1131.0277097682526 348.4238849223818
1120.7339749736536 345.2259335531045
1109.798749336898 354.29227274201617
1106.3235256721503 353.0921443030217
1094.9595970128557 357.07645982887374
1088.3514155165246 365.25090113085224
1081.3691068060427 373.43053824454745
1073.607721801084 381.7752740286849
1062.019594915373 378.7058907569295
1050.014272962416 398.20919024739345
1046.806411734165 399.31643332409413
1040.8805083891339 397.21162586453477
1030.9612074441811 400.39364505946116
1019.7482244982261 420.4186626056821
1018.0079005670563 417.48817393133686
1007.82330895648 430.0286196626933
996.6917986118692 430.4554002160487
991.4429666516089 434.6654887248486
974.574040320869 447.79993632640617
972.6746899642559 454.7797009936088
960.9912405399917 457.60757761377
960.3366187666277 465.73847190454325
950.9368411630902 469.3313467781092
944.0670176536962 477.83470883590604
938.8100867049206 484.3613653497796
922.7726987466311 495.42580666698905
918.3009453503885 486.1322585220656
910.4146591988148 504.17254577089074
897.6873134521768 506.17986466822595
892.1831522279348 505.6840962025062
879.7577808397748 521.0211381177055
878.1446057644157 526.2406868194747
863.0636984760007 529.3154500470181
857.8502495246684 535.2502734962724
851.3141091237713 539.6654557289787
831.9986481739304 540.4648078303364
844.1047806420024 546.858302012219
820.977083044503 550.6039380708253
818.1442550262317 557.50456138697
812.0608794836103 556.2057647225648
795.1909904512687 567.0887966884549
786.4822742157338 574.5612722240396
778.0528100258459 580.5749350266224
772.6722694907636 575.0676242511206
767.0505020571818 585.4564839421075
752.0752909814393 586.6470522086827
751.0834984465531 595.21669428108
736.1755289050724 604.0803645773276
729.2420911881906 610.7361744661366
717.310900938113 615.5610854365143
709.4891630060623 619.5471526600421
698.4055526327289 621.2649336109607
697.2020862990847 635.0758579385307
688.6454086890244 629.5313088941988
675.2398213864758 636.9040972594767
665.656894459569 651.9052674167563
661.2077045332406 647.8510826782657
648.9847942833976 665.9003383798488
641.4582663031305 666.1027130378498
631.3124928616099 676.7777842285507
630.2139173030004 678.4587835254714
619.6402234255212 685.6686116549541
618.478866892705 687.7394208881074
611.8259968616884 695.3105340018463
598.1851364832199 699.0689372358809
585.0759268902352 701.0955483952765
585.7779885363415 710.9911687333022
568.4320322315872 719.7233409614595
560.0022094081147 727.9269378901472
549.7507657442135 721.1832616126409
547.8960344460148 728.8497835257803
536.0730926620348 735.6730751616666
533.1001177735549 751.2459380185437
523.2614004303286 749.005642531364
509.6860458358438 757.801277623416
500.1667074330543 754.9529516779813
493.5108842590688 768.6412742204653
488.5000582858303 777.1606605167539
481.68641250569726 781.1454176350006
469.0636123607054 786.1731742848458
468.77588497670826 793.7259985568669
455.6429324358322 792.8715049750663
454.5051383286026 804.9569044384016
440.9473946501218 811.3317047435588
434.40235893735394 815.6560218017938
431.2728383174869 832.8937728051785
421.3535748531235 837.3264952383141
417.64438291823177 848.0474125576307
405.4318069970503 854.3796047973418
403.91736922118486 857.6005698854312
399.55311788617576 869.1098634063331
400.07556998606225 876.2768898997743
383.83741929218286 887.4528160494422
385.40932533649107 899.0309964728435
373.20386434025954 904.822356006559
375.1249479700438 907.7298979804159
371.8638881189517 921.2985607054899
361.45642458273676 926.877015087069
365.20031258158934 934.7619927369051
356.8295640996242 945.2376048161703
348.66827884587883 949.5155190874299
342.53950695644977 965.7405609807516
339.9512125426095 974.2770280725754
339.11932910996984 988.1517083705205
324.50053107374174 994.6800252987359
324.81078536316033 1001.5261955383418
319.52905270315813 1010.7061822380529
309.7708823073063 1017.8183048420935
311.2105013151237 1016.0574597327503
297.762239768101 1034.541399360846
298.13358223294046 1040.4815373470735
278.0636558472467 1050.966806484321
266.5462678582756 1050.630899840367
274.6008456913268 1059.6537806187166
263.610006485375 1067.034317037402
264.6869956928091 1072.6445433806405
248.87429566630095 1081.1695559555312
242.55840897168738 1092.2693639146644
232.8940058350674 1095.465694295998
232.5170455273984 1103.7652140443981
231.99396828578048 1121.184822810332
229.70834096021215 1120.239592906909
214.12979243009548 1133.0411846864367
211.79549512227825 1135.3787031818117
203.41641006078268 1147.7591335187967
192.60596591447077 1157.1168844102888
199.12310742021938 1159.4165039164363
186.58005753630866 1178.2266020824381
187.4475461154569 1178.4586192842294
183.47914408089292 1198.5042787141917
185.0795674293651 1205.8186146350347
184.25044082202342 1217.3753090491898
179.21237748276053 1224.6962604857695
181.04952768768007 1230.108028126006
184.85104202417017 1245.143095670357
181.80986227664798 1254.2842239414706
184.00941834251978 1264.727770397584
177.53082820709645 1269.3810296802699
178.14517475160307 1282.823128155546
179.16130800409036 1289.3165625885945
169.16168130757373 1303.5764349706753
158.17541127334562 1311.9774417862818
155.37520994985107 1324.0512745617832
148.92019476544206 1331.7164998462554
151.76434520326256 1334.9620421661457
140.28931508464177 1343.3883701692118
139.02069429166758 1358.828476269907
132.5383503801828 1370.2314334045466
127.08231084467826 1374.9777165073242
113.93391469175342 1377.5167230582033
109.29023833229077 1378.383638979124
102.03958941655314 1379.900412294897
88.99622384661718 1392.1352415772508
80.81316305673897 1391.7582039931401
69.19435483051325 1401.9735674782862
61.43739243938694 1390.328725188684
52.45997475676352 1395.7113818803045
39.541282806648695 1395.9662893252832
36.01649357931243 1392.7405780327858
43.929719879117286 1392.0808679495738
47.44169655077722 1389.9037287708268
64.01970400615177 1384.7838939983774
71.20496981661111 1384.6444699721567
79.34444441681255 1371.219665512656
82.48706168721648 1369.7482849120534
83.4867585664271 1356.0378534257609
94.27027854659417 1342.6856009021587
88.72384375269381 1339.0540571268168
93.72120904326178 1320.9456569862891
83.9961655902438 1320.653132285154
79.90162560330313 1308.0832982948398
77.0556029892207 1298.2067673038619
67.52694193492584 1290.2393183777674
59.19213016561945 1286.0322432026946
44.74233489409652 1291.586808961645
33.84206265564954 1288.224997815895
29.386915787346464 1285.405540303978
20.959153372820122 1282.1236112540842
4.300689115106999 1282.0675268164775
1.458828898015404 1273.6812102196056
-10.437354452566895 1276.0043188382335
-18.995185614497515 1276.2375967950043
-32.25308282997977 1268.299906454476
-31.728023746629024 1269.8166239011189
-41.387383461928984 1269.8942010957528
-56.315329738503976 1268.0988291364738
-67.15856998970858 1254.8317118714494
-78.10831316442238 1270.4789869106164
-69.8597005080028 1269.7635312875534
-58.78295590595262 1272.5397909967755
-46.95691463584059 1277.0471358284276
-38.786652565668156 1272.1944831286532
-26.461100419322012 1277.9583440622948
-20.29204204180435 1279.3291767538237
-17.219954793532377 1291.4164870375635
-2.4663182446115828 1288.9585664594201
5.724264983661478 1296.359128813492
11.999062483332168 1296.488661918665
23.778528635862532 1304.907988422987
32.60298341727034 1312.3310642679694
39.76165245220341 1318.57482614283
45.49079730424982 1317.9970819597029
55.577414823851804 1319.5881522954828
63.50066169111091 1336.1130562871626
71.69159126444193 1336.0859735010188
85.538726380123 1340.6140856278694
88.4884703601525 1356.5883252611848
99.8740640685399 1352.9652109229994
100.46873229308902 1364.3307831266188
110.1401991139543 1371.064501281592
114.76983166223827 1381.750803717974
124.1970368192118 1389.0679001972185
125.69344959307546 1400.1728755124395
130.02303372523937 1405.3099277026554
139.0923571887361 1415.996803741456
144.25654772178825 1422.915045677395
150.79528427987597 1424.6533865912966
146.12610695235296 1442.1326427217682
154.14199464692302 1454.9833264040412
162.8111316533327 1454.690683647138
164.3358480988871 1464.0207163787022
163.90615065214303 1475.19362466849
174.70720545047624 1488.2616239572524
168.99251112715834 1494.0158035157951
166.4387970142248 1506.2568564610115
172.96841794338349 1513.433820879434
178.23467500148996 1510.7982495143856
183.60108929657216 1490.4573681160225
178.26557388510022 1479.216830069161
172.69776209310285 1481.4235390361423
166.3529140443955 1464.201996949806
168.70621896369573 1455.1188218844582
168.7830750410609 1451.5286624601388
162.2382121472205 1435.3729805663552
165.43580072751038 1424.3147425028728
164.65509028307858 1417.3049119430464
163.69167074444402 1403.7480520362901
167.44078781005828 1397.5251263886782
162.2957937921992 1389.9801060265627
151.6149068218183 1375.56355996794
159.46545192721726 1367.2220242140256
152.72854293471656 1361.7496507559558
162.75504575892566 1344.4220586917945
161.01972528744125 1337.9256188665104
164.56667306315745 1330.0866890855395
164.69016535297013 1315.715116357288
165.85067569762074 1307.1005690070765
174.63724987436078 1293.3204881024787
159.77357506055395 1305.7226875483902
158.50881034183124 1312.6312491608328
144.4736253609631 1326.5016659508315
151.37923673546754 1339.5898517772155
152.02827425464116 1350.741240678861
142.4748769940844 1346.6943420080377
129.47111979330268 1357.354773864287
132.33789057019072 1366.0020654542327
127.34399869989663 1370.287767566885
111.83688154424132 1380.9399616088983
101.29133583199359 1388.5130028755302
92.42110969599482 1389.8461911334598
87.99272996210621 1396.8081386491099
77.8699712163225 1398.6832974702975
64.9870830760604 1395.9744121603978
58.2651602963478 1389.6139238935086
51.36990094458262 1397.2627509670106
33.55016661019716 1389.6571002346766
44.706995821610334 1396.767681745698
57.97586598401963 1381.1025210413584
66.01923980266729 1378.4227221553224
78.72999868650908 1371.3521303394891
86.08641601263795 1364.4080037617905
84.42729126835012 1360.4422488457703
98.66066594008336 1347.4500697091107
102.18956551847472 1342.4814675365901
92.83572777288404 1337.3081335310587
85.94912498897693 1321.5220804154787
81.26692468489273 1306.6338422097572
78.46478382930702 1303.6066138765873
72.09102677702903 1298.8009975722707
56.77134396325626 1293.7050065619846
55.215839312519854 1286.416048280376
50.69103735816687 1285.2153030909035
32.837295573600024 1279.3267333616445
30.879552489583812 1278.1312807399754
18.292350053799613 1278.8822877593102
3.9356490422100237 1277.505050322494
-6.719252422228468 1277.6594350455346
-15.599184779806404 1277.2607589422269
-20.421499048156157 1275.6186779031211
-37.18794655919148 1277.2506707526072
-45.76802509465903 1268.7118943399898
-53.03040816093438 1273.4105309972433
-65.38435892388448 1273.9266180208717
-67.62161278129513 1266.2195638552857
-61.38834160851189 1275.4741465016127
-53.090833577495495 1276.0672649691248
-41.19876328541193 1279.861948928977
-39.35931775179765 1272.810800451439
-26.50929939973995 1283.0022782469155
-20.56309000577725 1289.1665156109311
-8.672802456790796 1281.6088798814806
2.559611794568886 1294.9045110850798
9.188712160360303 1295.7941288173902
16.083445643716054 1302.850366224545
30.200359925427374 1309.472572446987
36.14183151944145 1306.7786279805737
45.71982184301537 1319.9966738183057
50.663493122079416 1316.4758757948712
60.30055890164708 1333.743709434408
67.77855758403778 1335.392266741961
76.61996473196447 1345.187500276843
87.10126361101203 1358.7829142025719
93.57854830697764 1357.6181033765224
92.31125570649064 1362.2405796796777
107.69586281887709 1372.3365537828663
111.49022443357062 1376.3175947134253
112.14990022696297 1378.8369178235955
117.48863988053502 1396.327834651348
129.8275095301299 1408.7242586561485
136.276979710112 1412.174578132157
141.23755442565337 1412.557007662847
151.2971671941516 1424.1555612745756
148.42184527049167 1436.0092528800642
154.4936216263062 1442.3102552657228
165.13514249122244 1452.0459791209532
166.9686798460223 1463.7153649374006
164.1352842705447 1470.5306863531255
168.7085820076562 1482.7023948667793
169.7783846957615 1492.1899223796179
167.00536745066594 1498.6821567632394
167.85556464117215 1510.3825627736726
173.9042274958955 1493.7595987166067
169.5841864419932 1490.8217694215462
177.99157432676944 1472.9915343644125
173.29111077848134 1475.0735728639922
167.70256280061537 1465.11740464573
169.4755434640153 1452.5290394486026
167.99574543611624 1434.7670706426147
159.2797126772784 1430.753286937617
162.56853433322743 1423.4182597108872
166.60248823083174 1408.9180436158183
167.06035859957848 1400.4786662874017
158.54995158154284 1386.9530899472961
154.7533471438889 1384.9413867143433
161.3102660788072 1369.171970784754
158.78402144500797 1367.2421754519194
159.64225493970739 1349.9516882081114
159.84755033270906 1339.095177815431
154.10871230499396 1336.4490058068016
165.35128256367534 1319.5324897224662
165.36963108651847 1305.526875027051
167.07166504521024 1301.816911927404
169.2148578740855 1284.233542606665
