2379.12996605673 1704.968229589354
2393.2575024566904 1730.0108805242357
2394.30892498454 1762.6515877074917
2405.9142411590938 1787.8894861422732
2403.7438164350974 1820.0806119893853
2432.407257503888 1839.666458293041
2459.068813835417 1822.149869568496
2481.1279129923964 1822.4578202554221
2517.363416364024 1820.6540184918733
2522.5614576329513 1796.612560004537
2495.4175370834637 1772.3053965319198
2464.258959256959 1756.9913772670457
2447.4657996741435 1733.2158019610358
2422.7350537121997 1721.6282677674103
2392.2921661798396 1706.9917276738697
2394.7664993678477 1731.932543086999
2397.476735931654 1763.322030782211
2398.795974227094 1800.2483736471765
2403.360031336572 1835.315143501332
2435.528541053281 1826.952531280384
2461.2684754565803 1827.783337561375
2496.6368125970644 1825.14791220166
2525.2437385401045 1810.833565448885
2516.8136569702124 1795.8174744404034
2492.1368726389046 1772.6278963831462
2469.104011795719 1747.4736557145395
2438.0937913419393 1740.293534962649
2417.497263178518 1726.5422430182327
2388.4054804235484 1712.0497458017157
2389.5477486969044 1741.6706568408574
2395.155978970702 1771.289821177434
2408.772372184616 1802.3388613054015
2408.647530139628 1824.2982213423588
2373.826960272273 1832.6600862909957
2350.8799584928897 1834.846967010382
2322.734386592146 1820.8332309080417
2311.453912037498 1787.874217238376
2309.7101369757843 1764.3597406679128
2313.960967487208 1732.4867915827635
2308.194193127218 1697.497902468374
2311.38596934419 1667.439297515645
2347.3687742666393 1674.4602455625845
2372.453321553609 1686.3600969441495
2387.274711282953 1704.6136757860234
2395.579311418204 1747.3583793493067
2402.4452436379074 1766.4627375724424
2400.3227540411103 1800.2930918455913
2406.2205958451023 1822.5527703841556
2437.70311079178 1823.4918848686882
2464.554352629879 1822.8874594417161
2491.783997946963 1819.0916870396416
2523.97845453136 1815.1702614439648
2520.7143748956746 1784.9203092891469
2498.034914923262 1773.744423608795
2467.0146398489223 1757.0569434742856
2450.663396606664 1740.856652774769
2416.5270475385937 1723.410297304332
2394.1548474591254 1706.894593441585
2398.8350451815254 1741.3488117185802
2403.707921972563 1772.1071283868152
2393.2093586462715 1801.3195459900708
2397.3913945520794 1834.1090467738052
2409.2278220789212 1859.7797804713325
2415.8583419982515 1893.9475013865042
2434.6853062862947 1913.4947828006837
2419.1517890590612 1944.571516659355
2397.1616555551177 1937.2223464236206
2366.3019285210485 1965.4446258282037
2351.4689187470785 1985.78348128967
2326.4912175719364 2000.6414261819502
2299.656195393757 2012.8158636293595
2270.2999424312784 2007.3875764041532
2248.8372869295135 2016.315671657935
2220.963605574874 2027.951377825809
2183.877683214757 2036.1128573530568
2159.717611806187 2051.04442693469
2130.131233020739 2061.5013875147456
2113.2839480232856 2042.0068950561022
2106.818536678971 2011.4317364731128
2069.882014659549 2004.9811668803982
2049.278003694941 2021.8176064479999
2026.9897538159853 1989.8444586914977
2018.8663027284144 1959.8218234690264
1998.7558864777686 1942.0427614267019
1967.0364549587005 1944.819044268804
1933.6424212787615 1952.223616311
1927.5261864019355 1978.1938972838723
1944.4162046999768 2004.950598719038
1958.833239673716 2037.3341238078142
1963.1396101177045 2066.823761426201
1981.1386403608044 2096.5570388207116
1953.716738591861 2104.7182607788436
1932.3659958664143 2118.6408399068405
1894.6483864633892 2134.4907696578316
1867.6078879602853 2150.7749180526803
1839.7527476965836 2161.167926769083
1837.3992593281384 2187.691130995525
1840.5416200589227 2214.0519920508677
1874.2438050809603 2212.6695507913682
1891.6488383156313 2201.760509811232
1931.4662531927486 2189.2221383723154
1953.51589208073 2174.2880431248423
1988.2444205709662 2163.3913146435034
1999.1725849228317 2137.6215642162815
1982.9211218441724 2106.047680658984
1955.9941627401818 2110.1718230291735
1924.0264820669242 2125.1820545891605
1895.1105468384135 2131.743884730164
1876.164623961269 2138.804254706581
1843.0173330465614 2163.980871453586
1819.709753385804 2161.7907473632813
1800.162489590902 2139.6790204076324
1791.1899273536546 2105.6579040479623
1769.8693035883355 2086.05798166915
1794.9388139773052 2058.3219950784205
1817.6778525946124 2039.8317850740611
1844.623380245587 2025.0737514973066
1869.613505621625 2009.6288272964034
1860.4659280303954 1977.3505373113833
1890.9367687780418 1962.0155201362124
1866.784009522354 1947.1339766724527
1887.8127399134876 1968.7408890079064
1929.0964591178579 1967.2199480726229
1913.822001933735 1931.7714663794343
1899.6539489129777 1903.5886100972498
1907.584261526574 1874.4779992916904
1950.8560378277293 1877.8346019907074
1975.5141240176963 1878.652152089406
1999.7773247209723 1870.5985851793223
2033.578014572291 1867.536633041073
2063.2154553851046 1864.8240878255194
2088.224526789953 1870.3650306266995
2119.001482988288 1858.1611239485424
2160.2080133121212 1850.153949412046
2186.6066851181877 1848.1770867009636
2209.7862808553264 1850.5783738972582
2241.2036230802664 1840.7317683855367
2272.9208693527303 1843.7343898454606
2295.219235815361 1837.3333035891453
2324.9532246619106 1814.895741888012
2321.369888245178 1787.4729593671982
2316.733062951612 1750.4717030562288
2305.829667357183 1728.9954046266857
2314.196473540986 1691.4967928141193
2312.532110272556 1663.2384846600792
2295.378443445805 1643.0302174160609
2271.5916844555622 1635.2239923505294
2238.6729659423695 1604.4692109430875
2216.1806193840757 1594.5636365515659
2198.9684633947472 1577.1448388354054
2169.130076209312 1564.5950276919884
2138.565299597549 1548.9453116038521
2112.2266388886455 1534.2981255230966
2092.2188264319016 1517.0278639425119
2054.0841182871063 1503.208903536219
2035.9324302938603 1494.5638968086314
2011.5574198336633 1479.9338922909023
1986.6171105824515 1451.2394839366686
1958.591373338883 1440.20398264877
1935.5699260288932 1420.234223051883
1912.8782414782042 1407.518475724507
1883.2688996181662 1392.3092264552115
1852.818888192449 1379.7460005049422
1832.0076838083262 1360.4991857609086
1821.1804083380644 1348.9663924251843
1788.9320042974323 1319.2307733817966
1758.7907524748673 1316.9378303811552
1741.405064879517 1299.5092695672997
1706.1008931003532 1293.6711796914722
1693.6438558588175 1323.320957542517
1661.0171974995048 1310.6633299435355
1676.5035569322777 1282.9810665211019
1672.9980995631408 1253.522315120844
1653.5476266083197 1235.8088581326708
1611.8271719936745 1249.3412825631285
