2780.3926119316734 130.69625061259495
2768.3722829827975 128.842565314062
2764.86744111946 134.81112436628456
2755.1061123634145 136.06975368183726
2745.0243227596216 132.7834639684281
2738.044759160076 139.66186605617665
2720.7406478996722 141.56661379812675
2721.664576443836 139.4024790582118
2699.5668461344694 143.7411635438342
2684.789529097915 142.21194043201837
2677.3869899946335 135.06062399433299
2662.2590052458117 137.84242797850231
2659.674662354114 144.43832252026996
2653.185750660527 142.5080497434586
2640.7366501347724 150.65685099513823
2631.746705743002 148.30072824291406
2620.0577964564113 139.12804395333671
2606.6750830030137 141.12485723971832
2605.038993413167 144.043839102027
2587.283068585148 140.04136351467284
2572.047837011172 139.52187122391496
2574.417903863342 144.8537941262266
2564.779187411411 142.45163247454593
2543.8327169870736 138.30182926912474
2538.7984538460273 137.4413603652152
2529.5895332529153 133.0062711086987
2522.206355406937 136.25531458336476
2513.0653874558216 139.68995291636173
2493.1654474596053 137.44686461848812
2492.9807464594483 144.1677712365257
2482.489854246384 134.2577232179384
2463.798526327829 142.52358695907736
2459.3453560019047 142.22481621932172
2458.207242005543 143.49358840070278
2441.7811326336446 147.39677907611713
2428.8532123035775 143.89365983564952
2418.5251396666504 140.51904756240486
2411.7504325986656 137.96283638035771
2405.2820693542385 144.61255744270633
2391.5039519246916 138.1333680761823
2382.955707118109 144.25217633817087
2363.352450374639 138.01668658014643
2363.81062460842 146.15448818810776
2346.5638025400685 140.5685219136055
2334.0167276350903 134.8804435499203
2328.981319147362 136.607075062043
2318.381682310483 136.33030320471497
2307.0585674442655 143.04598908364267
2304.6199323719457 141.0009414318964
2291.7975339523646 142.633333799426
2276.3596012532016 146.15202930848105
2275.9701771657788 137.81356878834703
2257.6382049990475 142.10468602466986
2249.5658685752805 139.55728693823949
2248.746948609124 143.93109454013836
2226.3734865633405 140.3079043444865
2231.6417577319403 140.36091821420578
2214.3095300055684 139.4343760784255
2201.275383518083 134.9830929857203
2196.6030528239658 140.49781978307828
2175.6255352146263 146.7010063892783
2173.192547147338 139.94040856370475
2160.3452907623873 142.39513310329176
2151.442261493812 138.03900711705393
2138.7350626369316 139.2457503430847
2135.66181720496 137.0867196223307
2120.809403389076 138.57518573962594
2112.590052642168 136.18760307132578
2106.1748416567775 140.0044194402419
2093.613158568161 139.5850391291832
2077.040502406624 132.35232710875877
2070.0708182712065 133.33942373518505
2063.0312492181174 137.18433108779845
2056.084676935985 130.87671432721785
2041.296983091912 144.50146931296618
2038.8895166859556 143.6507345087423
2022.7256035641706 131.6843323771175
2009.9865952508708 142.59797937014065
1997.7426421038083 142.23899183273144
1990.7768028184212 138.26579781013405
1979.2122898674118 133.99037213415815
1973.5034047016586 133.0677754313972
1961.9280832074016 137.90092816741378
1948.9933674809138 136.31947323685333
1940.2503633017038 138.42065346227054
1934.1237365408663 139.19359957823735
1920.050603532982 132.56650329347008
1916.3697990033102 133.46312230741464
1904.1912296092119 137.33721113467718
1897.9094181664036 134.41872700942565
1887.1369368038424 139.44078659884036
1872.8188653061698 143.39051031305723
1858.0944862321544 135.77034138658163
1846.115140962608 134.85882292690832
1834.601227409202 141.75995557852443
1829.2007526248844 139.9450241444352
1823.8281917990876 142.34699769590446
1808.136071170474 144.8827784823071
1795.5907626530657 151.98976749600672
1792.3724453242082 152.74494421674018
1781.3788504494569 151.10332667840845
1772.4263099760592 153.11770655869756
1765.5083468924618 148.03241074066193
1756.9830325427747 162.56249877327718
1743.725269367925 149.4458200916793
1735.1887235524566 167.69135256381307
1727.0810841889058 166.24022361411335
1717.6518036258492 163.57264625065227
1700.9363661604284 167.46676955243748
1692.511951836043 167.01908365188416
1684.991830411944 171.42380835917376
1676.2990844282554 177.0527481956239
1663.884455903328 172.35359975310797
1659.9671079756897 175.89890388150764
1650.0679743348526 180.24966594810155
1633.738385222053 189.75994773638462
1628.1750535934032 189.79982988156308
1617.1794482001897 188.79696941924453
1605.775719470728 198.44834999788102
1602.2485634451873 199.44460300911493
1586.8866415898315 197.13803915311848
1579.4550924638231 194.53386977128616
1574.8169894202454 204.94318969120877
1563.5790643167595 211.73535710265145
1552.4584445439364 204.7703222400586
1539.6739777771727 219.95524200013534
1526.7123916553041 201.4644048192779
1520.0697038179574 211.63861631406513
1503.6670265257399 212.58790140003947
1504.8703686098947 216.5343240591678
1500.7177982997173 220.23315909725724
1483.6163566204475 228.29596844273524
1467.8185712625298 228.2449186438082
1458.3740961920769 227.40599273935237
1447.8322708201288 237.7359322771428
1443.1593549750899 241.88637770044704
1435.4945969258488 240.70468322822109
1421.7183969673954 238.30947873193568
1409.2742062762914 236.82887275684197
1398.8947994345585 239.03914654948034
1393.816619812051 237.3145458919948
1384.5182872725595 249.1277434840403
1368.4066839840582 252.85410367436964
1360.4291841757315 257.8644976685004
1356.9470640405575 257.1564623076505
1345.5707584929442 253.9445457409313
1331.4819363907313 267.7281092946325
1322.3377411318027 267.5543866919441
1314.8487207976746 269.2038837726431
1305.3237145903847 273.14113175919107
1291.9513219377666 278.9080616296313
1280.7691665949665 282.17164741028796
1277.4600905217362 274.4282161314904
1273.761058195533 286.26954031644146
1262.5168470031165 290.20881583307937
1249.3662919393116 292.62588210402424
1241.4405353056534 291.52515746565075
1232.6508364495517 301.165529575637
1226.9875950979556 293.4845218761776
1213.7082691173541 302.30401778577027
1200.9345457156337 303.76144408943554
1197.6565237185496 307.8849811796635
1180.778533409203 309.6808705288025
1178.3692426787168 319.8901913332451
1166.0273308474345 318.5788962298795
1153.3465552562875 329.017792177385
1149.8832193311532 336.6100504202022
1143.8777515035208 332.23204979849424
1133.2054131615223 338.4993136166454
1120.3914524619963 346.6429417884267
1113.213039494777 346.32217317047616
1103.192443174735 362.5866145843586
1095.4452501726485 359.7504911726579
1085.8295042606164 366.30732531741523
1082.828732777796 367.75062314897616
1067.8824908097056 382.9696357078132
1066.7221487560164 385.26210511324695
1051.7165938646192 394.00943960004884
1045.5003975608429 396.75987898972335
1039.4457673789977 405.11748742372635
1028.9278338199945 411.4716537116319
1022.586856286016 413.9198748937515
1010.6562330621591 425.3909215243131
1009.910023797095 421.66256714252563
995.4141698283552 432.6865531076731
983.0437250492532 442.21132564580694
984.2475872076546 445.63379872878886
972.231717479116 457.77548515236634
969.1439278408666 458.27787760111516
951.382435931085 461.7062071025244
954.6769353378887 462.6175202171314
943.4171590263876 472.9795373988658
927.0906792958932 481.4259627736346
925.3348049661965 487.06364860792434
925.4045260111748 497.8527929122554
910.780828924557 502.58867040813254
905.004967870275 507.80173339203486
892.4767436675843 516.6060397163262
888.2116977362349 513.5789399178403
875.6232828395085 526.882269425063
866.418383226138 524.0433920456326
865.7961620830098 537.6875996604078
856.0193536475649 543.2168153088904
841.4525642310141 540.357745684607
833.1347849277129 542.5418675651034
824.9071806649446 549.756946300146
817.5387572477387 554.5927819188996
802.4070089877285 565.8779111018929
789.2923531373211 567.6458174420902
784.3302100802099 570.7297660248187
782.6083256653291 576.3560062192138
780.6339559622743 576.9275007233767
761.8040754003425 582.957741651697
748.9239773974381 584.9383699512962
738.9234055148463 598.9831074387855
738.1864585894798 597.4538493454069
727.0312729924043 600.9709077443196
718.177568129046 615.030391703366
707.58706231268 625.6292675047205
704.4519343448285 632.4947734899797
692.5934141386757 630.744929162801
687.3945100786513 634.9250822076501
674.9291474106191 641.3165321980218
665.672147856198 649.8396629497283
662.126584335724 655.8053327249137
652.3926778711045 666.9829326881669
640.6116418178901 664.76276190961
630.3665991750685 664.4747212797188
621.5897864552586 666.178855835244
617.0348570963548 680.0496430126422
618.2575566485583 691.6799873751295
603.3512523284492 690.4195613664325
596.17010881564 691.0349936846516
581.5946404563101 703.9836016295712
580.7427594856063 712.2753013632359
573.0124532843898 719.3359127020943
565.4070966160072 719.7749508040844
555.3906044875861 730.8110082379629
550.5103069926816 731.9216639587983
530.9422461060992 744.5264988695295
532.6588306907446 745.4700243989548
516.5429372372535 752.3692961994292
505.92553107557853 759.7565784867331
496.6978359001897 758.6011243014979
496.43516703544924 770.0449464969945
488.29984449027074 781.7541315699456
478.2375800409814 782.2275574956398
479.0959027272763 795.228045178625
469.122648118807 788.3540141054104
467.26029328370106 797.7992135726782
450.18730912660624 815.242846057386
444.27810833040314 815.5868900157222
432.702182932676 822.9089691756558
431.6513614316374 838.5329905309686
417.2262650281613 839.792444164483
414.88456704339137 846.4398651162414
407.86098416588476 849.338405099757
398.54334257840634 859.0749364094186
392.6968144563308 867.6354453988391
391.8788863481433 880.4760900152104
385.87867747418244 887.85578718113
381.0027213359586 894.979492411252
380.91484560242884 902.9186646234903
375.3570730580798 913.6355872605407
375.33921290555185 920.165658844655
357.7991500535131 927.2088355877875
361.17995761782976 939.0546720453955
353.6268574670973 946.3353991981796
349.702986622732 958.6745642678276
346.3435347202228 962.3003909399274
334.396024108494 971.0077579730857
336.17360912054573 982.0653552397691
328.51087752634027 990.4407129867194
318.2583428956956 1000.4793262393442
315.8950571091672 1004.0599536792361
306.78035530803106 1005.691854235629
303.23106758448233 1021.7883329839067
298.07469262544663 1033.3185544914545
295.4923998007269 1036.98993668285
280.9883809545637 1046.6585357198023
285.24530200046627 1056.709450109657
270.98648406306495 1063.052995310898
269.1693136006027 1067.3434451524654
257.19041085804895 1081.096186975253
250.46057004391656 1084.9584349599359
242.49680572028745 1092.6916118651766
243.97337155530474 1088.3910734392443
233.26717124387383 1103.2889057805044
228.40332557568084 1119.4081490794538
220.07204247600333 1119.6330920111552
212.64333048367266 1130.585924905016
212.12691217981583 1143.847168978874
199.50626682968948 1150.4175671522037
203.14583911336678 1152.8200656229099
189.91242722098335 1164.047576806233
188.81613018858 1175.6190565380673
188.67872746769834 1183.3733798189928
183.51214256136174 1197.0940157111584
176.95433830754848 1200.7626233219999
183.00873630509648 1218.7465173837606
184.18254645308312 1224.5768059494767
183.05918694617768 1239.4623168470055
178.72120429820936 1240.0626834455563
177.98529627731256 1250.535249878801
174.24545563943872 1269.8704851798368
177.8931048342956 1273.2311243370434
166.98504349876356 1298.0963223172885
169.7122453653012 1294.2814988766447
166.9857887062838 1300.154984971892
163.28837191052574 1307.0471114536006
152.75662298556776 1325.5853375242878
145.07781650615584 1326.4610783345292
154.7739003847574 1335.9459489080991
147.92671070613594 1342.902963042835
140.66526498952024 1360.8756742207734
138.0234973597048 1358.6233297479912
127.90340614142643 1365.8838055332994
127.56993433373339 1379.7806300132004
107.7835584548906 1385.7550855860527
106.30531658273114 1386.4139567741386
95.65043579639335 1385.994425213157
82.98926550591598 1397.1356800352212
73.73064699823418 1397.2351695335262
67.03199499291243 1399.5047454091211
55.343830367684916 1389.1598369748558
37.55758382235272 1392.0420326743827
34.07273844677806 1389.7141721922744
46.33208844296975 1385.7926753805493
56.56113233693393 1389.2661724713616
66.90888638053775 1389.194492924751
65.9264812097276 1384.4671035204851
79.1647017098795 1372.8039020083986
87.75344648881509 1368.5893759380674
85.53050199612285 1361.2628806402338
88.52931023454741 1344.5270154296593
90.58762139843968 1337.9503628151551
95.44530961628433 1324.9876275784204
90.75604042662886 1317.1793898891813
89.9763468361722 1314.9296404485096
75.95634626463564 1296.0149834537033
70.95043986350925 1298.5729180893807
59.24947656408901 1288.2553804231527
52.261041842280825 1295.5299865035004
39.392078420687874 1280.641917241777
33.12949205893687 1278.569372165509
17.87620923475958 1281.3647737016236
19.305753518081172 1274.3961338203796
-0.5913235712277124 1274.748840878407
-5.4556450726381245 1274.1519591955885
-17.17510552305361 1270.6949197225863
-34.77615495252418 1269.589054516349
-37.30392654485087 1272.1662145299765
-50.71496394309022 1270.0668785274386
-62.62139078059839 1261.3101297203896
-72.32258801775667 1268.7296787316072
-79.26509421903836 1264.3069114604132
-72.84014403727254 1273.6942769366565
-65.30857106140029 1276.2681869113235
-48.90892031655015 1281.4010171603013
-40.59549749777077 1281.0073155814493
-28.160731979259598 1279.8563749525836
-25.744682286141295 1280.971215321464
-10.859171561375723 1284.877152798397
-10.791252337636122 1290.4403855642297
4.40849729952268 1291.2041227934387
16.149651499100475 1293.894885680826
20.10474062840187 1310.7120177997158
28.247289947461116 1308.8270119942417
36.8824469737392 1313.1221168216211
50.9781218246648 1314.3909171902044
67.36372741745146 1323.719302194549
71.57734365525918 1336.044452605925
74.55950304326544 1335.2009909114502
81.53080108232781 1344.969843823344
84.85949214700874 1345.6234727373703
93.70754737024599 1366.448950149967
104.67288248757531 1364.1273820740832
106.40442766348944 1375.5553414007086
112.67821075288626 1380.9236878880488
118.12204254061065 1388.8411767869418
134.01810761904318 1393.7041662649897
144.53776304684106 1413.9225853718772
139.13096850326366 1413.0537073838927
143.0030230077973 1418.8091463031733
148.81438535478486 1426.7500470494174
147.577532467139 1440.1935026125925
162.80910529749224 1445.9679343952089
162.27195464253398 1452.980483465139
164.3441913560005 1470.647086592943
168.75430534246684 1476.1991809651477
170.76911467339033 1488.484600487584
168.3201164894822 1494.8068161267217
168.3220675713878 1506.399715967398
176.48842811609887 1520.467919235536
176.21762187899478 1510.2543456270678
178.62862366483904 1496.480955492502
171.38906423163758 1483.2274817175435
169.17757676979082 1474.9528099371933
167.60174296582608 1467.713606235086
170.23569797297196 1456.0394759045312
171.0146327941832 1441.1535547889857
165.5029647833714 1435.4320625541823
166.09568464046052 1424.8196389206662
166.6013794813185 1413.8056997552758
166.88939804270873 1401.5765902122748
161.2239395585247 1396.9086973513174
163.6839352524088 1381.8759988622387
157.74169890709925 1374.6172096660614
157.25612920542332 1373.0944096236221
156.8740252555071 1358.6625073307503
160.9431168314698 1344.7250299752097
156.24276702032108 1338.8801930552113
160.61472058431983 1326.447864583438
167.70771768925673 1316.2368451453876
166.78155916965292 1306.0024064332426
164.93785520065416 1299.9214260446988
154.85328200288168 1310.91483552646
162.75686963065885 1323.292605400677
159.50463067058095 1315.0122398520746
146.22122497271528 1330.3039875853349
147.73943863348677 1343.8035779643358
134.880553952042 1353.252012921032
141.6906384075084 1356.109551913843
128.4174726698899 1361.589378589065
121.18373065662425 1371.6518312190196
106.61951068809935 1383.6152434687515
104.18439673490812 1383.159598501178
99.56728538168817 1389.318886250762
93.18997481431798 1387.8177849277984
75.26049762748822 1397.8324027838544
71.60540433155045 1392.496469390506
65.01974640068224 1393.0482202505239
51.41990153151094 1395.4474280858458
41.608272028732834 1394.5272863918365
48.120758171523256 1388.4150272367478
63.15087101202758 1385.296579568908
65.5219629525358 1383.6212420911122
76.16006077196762 1374.669708154386
79.53612485070404 1373.2605290390006
89.22465712870871 1362.6449272417972
91.68250785854846 1348.1671588453944
96.2034210754432 1345.386730273213
97.85492194439334 1329.1091946956203
89.62820118349849 1324.942022621979
90.64886565215068 1313.8100053199373
83.23981187000655 1306.3258816012956
75.41409910262325 1301.2417231226161
58.14404245326789 1295.6969695653415
57.334204961526346 1293.3069760532135
41.919334508746005 1284.467590660725
42.25017995841487 1287.9859185605999
26.80397527325811 1285.792496563697
17.077085615598016 1276.8894145405661
6.288478467890314 1279.3842204423677
-7.674911945456936 1273.7614910732252
-6.934151589243089 1274.3905360889873
-24.120475295266246 1277.2554113255749
-29.31012999031646 1271.7313027326363
-45.7501553867223 1263.2216832478093
-63.26063177677888 1270.5209113698959
-65.29911246354882 1276.2452856784194
-72.86801459150412 1273.1180037886843
-69.07945683502126 1270.1112868118964
-54.71375050999342 1274.3819824001364
-45.85852734375819 1275.1069498977088
-42.914865038331506 1283.1090879046942
-23.970978147124253 1287.0877005357763
-18.17248631261166 1289.2393272428344
-12.300912536304645 1284.1541704944523
-6.262011711509222 1298.2977134161754
10.004433955231294 1292.5138509321603
18.982962650183993 1307.4138689693757
27.60853338646656 1315.1517570974615
38.13524484064548 1310.5717854648346
45.47496583106244 1314.1571355894039
55.50842453891444 1327.40685943856
62.72880737180451 1325.834387496079
68.91438189415771 1336.7886952249155
76.38263263699736 1338.6506742581312
88.847658202624 1357.6107277687177
92.52632098217377 1350.1488393108875
94.08787421251569 1360.4199219724069
104.14302333423953 1367.974202960582
116.07250222553856 1375.7746231227723
120.87446197354699 1376.719831248872
125.3144033237942 1399.1264533646438
132.75201236449413 1394.7552353939468
134.25726251793708 1413.9329912732578
142.2026611836391 1410.3914292878567
141.53662611398005 1423.4269718829792
146.49560444140297 1432.0254787919723
144.28040492613468 1440.1110549705409
156.09312000933932 1451.435449077698
165.0044319197994 1466.1228558003263
170.05551936177997 1471.5658202729276
165.53921665763934 1476.2154549157392
170.7845275034389 1488.0617417425149
172.86310665917458 1503.0109726798873
168.37151292114535 1511.482932995263
170.62586430723235 1523.6646473261887
184.68161861608556 1529.4611715183007
176.68978776598635 1538.3344387148848
173.0759481538618 1549.5457127063237
183.68958407658417 1564.0601676167262
182.05353059609993 1568.468849502295
180.91362929949958 1582.5006357808134
179.4201571408431 1593.285379141791
182.24193849970064 1594.4637886771795
193.85819576320515 1608.297049712804
200.58591855585829 1622.4792791119546
195.85659001863047 1617.8201411345594
207.8478485559497 1638.496926551029
213.9999896610195 1640.1304094458271
208.08559149265017 1656.2001439180767
224.93184499609328 1657.6810898251597
226.06143688768444 1669.8508461664426
231.2280018289583 1670.1161551942853
238.254201281515 1681.0072862845027
252.0479945610899 1685.063477887363
256.8246446826143 1692.9508978856709
266.7865751490402 1690.715362862688
