492.02124091000627 2469.3993616337802
477.3036363979329 2499.9902569075884
461.3029657339738 2525.727681253795
483.52652082968035 2553.1101001740485
490.2947527171373 2585.790871150183
520.0696181694558 2596.7462431407075
545.6783570398283 2582.6293795498923
579.5130621754099 2575.613890283115
606.8417015930157 2559.9342432816547
632.3051331939567 2556.132653181746
657.0444087154776 2537.9129744641095
687.8877654460637 2563.014687011631
680.6963059055114 2593.809055309566
693.3408569290601 2624.6936761921124
686.6278381693841 2660.991967539334
670.7720136143496 2680.5047437751095
641.0436800270338 2688.762936952975
617.1577515931177 2691.1207534258037
592.4085750191066 2715.877169319135
572.4465030357585 2730.9090146122453
568.9403622938462 2753.950779992027
589.3494983713443 2781.9357389854645
620.1396115787038 2775.3929869917874
642.3955514369261 2754.0191620109954
675.2841776501422 2735.87465703775
691.7369407624141 2721.6606783748102
724.578106149375 2719.369022735789
744.1792524627107 2697.29794311592
763.0425477197198 2679.0728597124753
781.5231823705678 2661.5826485990096
784.9020530063739 2624.786008414019
789.3017982271296 2599.654754931006
779.0912976133984 2562.232212300522
782.1641923532311 2533.187641938477
808.0678331546605 2518.2558591816046
829.1558314065024 2506.115220865937
852.7219828450848 2483.375779373415
880.6982451542392 2478.6373988716723
905.5998536192475 2469.833181545138
930.6604912778266 2459.6566397204083
958.8695246477264 2437.6648278357075
998.3941635076974 2424.7387990555185
1022.7089981776357 2411.1282310360625
1046.0004343078203 2389.0331687320113
1067.7241267078307 2386.8902171035934
1107.056345170895 2369.425271418986
1118.717069372993 2354.005368316013
1137.8960099718342 2330.5862275122827
1166.3697037903364 2322.990734515843
1189.0821078656127 2294.863637257228
1217.387271842125 2285.7581989396604
1247.429811262008 2266.3314410304074
1275.5259254066002 2249.207908017803
1294.4747716051559 2259.7712984922414
1318.891410493207 2282.1825261756276
1350.2455250402493 2292.9179617609298
1372.8865207870112 2295.0178220795333
1392.894797563335 2316.982592569532
1403.4983552057079 2344.173814966028
1425.3629320220816 2370.7137988974014
1441.127112994653 2396.135944480191
1456.22745707338 2421.007738603639
1477.827298461301 2446.654302864434
1499.7331367138795 2474.9387266148133
1518.7366200887675 2490.525989867438
1532.568037784658 2513.0956830580344
1554.78222457109 2507.205667207593
1587.309234184016 2514.8423117380657
1600.3737694493923 2552.4637136009333
1619.7841048815403 2573.768643927212
1618.3314565755143 2596.4418416972517
1656.1101242285395 2611.20939012016
1670.3554106567783 2597.0395912447843
1707.3648466736333 2577.1917040734365
1735.9489871713915 2580.8279914739187
1769.4743009650294 2559.773086139409
1784.929743499189 2539.1066413570875
1781.6810046066987 2501.399637937701
1765.6595869305975 2484.3632102111774
1755.956821006437 2456.6654804489026
1738.2761073274014 2427.0491336119867
1756.3835737091222 2400.336915278196
1785.2744772442413 2418.724177518581
1811.074766346141 2444.6024948182217
1818.4960593022502 2470.6478589397975
1827.787822774771 2494.2266017058637
1817.7533664451296 2530.654490078619
1811.5206061471197 2555.1678374037183
1827.3586231125437 2576.0845461409867
1839.9105256369132 2606.8445071629453
1853.1835905829407 2639.0312219027946
1868.9619779836908 2658.3166949465276
1869.242039602829 2689.1426056765736
1906.3799829913507 2702.624226292227
1933.8329646026677 2687.5535322173114
1948.381578396993 2709.5132194241337
1964.5564716882777 2739.0357898830034
1974.1796606872665 2767.010601963681
1993.2427594337553 2789.3656725391693
1998.885175937706 2820.945536550268
1973.615100343332 2845.362019829056
1958.3133781679237 2871.505466240193
1941.2338921958242 2892.3155906009792
1915.1011256345816 2903.606697673507
1897.9468816485355 2932.769932869911
1879.869490918347 2949.9015865417923
1861.4908894431496 2978.211702941528
1831.9554512060388 2968.146535909192
1813.9285888625757 2949.131547438781
1799.2915290607348 2915.73962477895
1787.8699202580285 2892.741962341612
1771.0204844136765 2865.668256385664
1751.1038235140318 2839.3363413123957
1737.5900291751082 2814.3656947649906
1726.7700850502365 2781.9975610175557
1707.661756566252 2765.3985091320606
1699.783704158031 2739.0798859560846
1688.798433610461 2710.1150449423085
1678.2705445828515 2686.419390408536
1660.184619081257 2646.271903317573
1646.1379297219562 2632.491707744914
1666.3447571940765 2609.7611058854595
1685.1533512903916 2588.8992564763435
1724.3091308419523 2580.074574956838
1741.4592755179451 2566.671220655002
1777.9188298322229 2546.3716785877186
1793.375892023345 2534.4278319131954
1782.3431037745313 2502.566463848302
1776.8359805030987 2488.122387449693
1750.772122691895 2455.6690615395273
1738.8783176869977 2429.0038953997014
1758.2092423049764 2413.3097604842424
1789.783135875748 2400.6804251323556
1808.364091252322 2378.3995395741345
1793.4343759180772 2343.4439954690774
1775.7650045489656 2307.0436702870347
1762.5299277596368 2291.4376071503407
1751.2754899948152 2264.691722688802
1744.9112579136024 2233.931228264524
1721.397248241407 2215.773747268601
1715.1341652528045 2191.6540219929634
1697.024728380775 2156.927996452087
1665.1409698696502 2168.5096863515005
1637.0529336293557 2196.331419180895
1620.7265495089655 2208.3737899663274
1600.409326968233 2220.326398361406
1574.7774045148246 2246.042514339399
1542.617077699878 2226.8708277561163
1533.16356743958 2205.6984387094135
1508.6273656901847 2178.3431732750246
1477.1489536105812 2180.9588487101923
1467.6447387416538 2201.0657971165133
1432.09352310502 2197.821581696749
1408.756584862676 2182.223770472234
1419.0275775322584 2147.061644611161
1426.3195458888465 2121.4812420297185
1448.5695452773211 2103.221022786558
1429.8056133274522 2075.300021523483
1395.1570749206194 2073.643576244955
1377.6354358525216 2077.410681214798
1340.8997785529555 2095.2760306153823
1324.1987712030718 2083.0905380056593
1345.4454425006136 2067.238185380574
1382.9034631644745 2063.751643798465
1404.4296377502626 2040.0527621959768
1429.18924937684 2054.9256563429817
1457.2446870657675 2063.4668121721534
1485.2179195692863 2074.8682679836
1508.994529795786 2085.870963912518
1505.4259022340811 2056.631787328962
1519.0473091294473 2087.12603013061
1541.0682434982061 2106.0793977952208
1556.5796163666314 2122.044591230638
1575.034896321395 2143.100428144955
1593.3400614994414 2172.774558687047
1613.4511974469533 2192.2270685490726
1627.1747385277904 2219.368460550444
1648.2607893796167 2245.535465679548
1661.6324578074025 2276.1551039138362
1675.5266682875554 2295.1397348038586
1684.44513901156 2329.2121133110977
1701.5154584232814 2351.927225929941
1715.4938910794958 2377.3271164372704
1724.775041075414 2398.749106664267
1756.8057263192106 2409.6971252482667
1788.9142150367484 2399.392459821369
1816.3123808049606 2389.0776026386143
1835.5719439308655 2366.4982020694492
1863.5584519839267 2363.0034738044988
1889.624906824071 2342.375834449866
1923.5707233023152 2332.8508990397104
1950.7398298157993 2322.607700861007
1979.6715663505072 2316.086590185273
2007.9700950315432 2304.9868881805874
2023.62737943464 2291.2458291276744
2059.6386602175266 2276.6188892250693
2100.7251406855958 2266.175825590157
2117.3503690993903 2249.195510624235
2145.507924060435 2263.63248608848
2155.4703139590383 2290.4860715401355
2175.4859511460927 2318.4987462555528
2192.289687572164 2315.1395995010785
2225.5495328514744 2303.800501689099
2243.6298191844526 2292.534117586858
2269.2065592232275 2320.6076347416556
2274.796637367708 2344.843503590383
2254.8175528028946 2378.4959066665638
2241.6659562053655 2395.943964077787
2213.336232823328 2416.2645577281332
2181.073222728836 2438.8781937286853
2169.9799160125917 2452.1128386586715
2139.8490546234552 2472.977956082672
2129.940293328252 2498.26141934485
2100.827463982503 2520.3198025940137
2068.439928903344 2520.7621014752017
2060.7488651766134 2475.404921437213
2046.3563637161358 2454.437385879369
2039.532862684823 2431.0934899871286
2007.5008069400646 2421.3489964043233
1979.293327197012 2439.3450987757356
1957.1194045342506 2433.5477145617147
1961.080329114829 2410.0782608140325
1992.2142912781646 2387.1530905765358
2006.0865561282058 2362.897770530128
1998.7502509361934 2331.2677041962083
1989.3709600275945 2310.2904211031178
2005.4745497194187 2293.2493648655777
2040.1685361490554 2288.551467940995
2050.871011703086 2262.695836880821
2036.2687696461246 2226.0379793907664
2024.7790333460769 2203.5756790590003
2007.4926065227755 2172.7023613929364
1994.3456393515949 2146.51047554848
1992.9213564341374 2117.351744167703
2002.76093339655 2081.4677792766465
2034.6838586787694 2085.6803215768027
2049.6283869377403 2049.919735016685
2038.4728211969075 2028.975378358936
2036.0724233509288 1995.5969852269147
2020.5776518476284 1967.7645916105043
2007.2381959154225 1944.018249000539
1981.5425428356173 1946.977899176197
1947.3653672179764 1942.9731027201624
1926.8011980963565 1955.313045418845
1910.5283519581942 1934.6867657384842
1899.6362730533367 1906.2101061118947
1920.0245254686447 1879.348563638001
1954.8240120185142 1874.0355566410078
1980.5557747209318 1878.1679697416869
2008.6420530822645 1873.863955580225
1993.6007750219894 1908.7696710680907
1968.3426628379443 1932.310360414147
1952.785834927201 1941.708712019599
1928.2355126724513 1957.1194708343478
1908.0843108771683 1934.873469038427
1901.5192194793165 1900.2274446620918
1916.8265903775825 1879.0688954961126
1946.5855027108048 1877.19357256656
1980.4993945577446 1867.545372267447
2003.2328849905455 1875.19759256597
2005.7947617297564 1905.6752635617568
1975.4939190894504 1914.0475792761874
1962.511051703291 1932.8374213219768
1931.8414533481366 1959.7480263990203
1910.7157308581664 1928.552158288769
1900.9894350210827 1906.0153293247704
1917.7271398717833 1883.6079233990376
1949.1428636616115 1878.9350319830928
1976.5721894615428 1870.7527693802979
2008.7824803362687 1873.399071340748
2038.1301352956955 1869.3965974042196
2064.7115207472707 1864.4466405334033
2096.6392530839794 1864.370069266536
2123.886972816246 1863.3029588563418
2161.509227043185 1853.5751640840476
2183.3939923459197 1857.7944169704635
2217.0508325862806 1850.925028444628
2248.353290236247 1851.5902058558231
2277.04442092618 1847.0828688938186
2307.8165450075 1842.915238210301
2321.6427552740047 1809.0760877513605
2317.353639914407 1781.6859559147917
2310.5335928097734 1762.8418986298273
2313.6012346176626 1722.5577145295144
2312.087668176512 1695.957180021792
2317.457539060205 1663.9902513364723
2340.2156495896143 1677.0761492601675
2365.0785068947966 1688.84373497904
2390.258118832813 1711.4595100939914
2403.8762045689336 1736.937086279932
2400.1285187058675 1767.4821403357591
2400.941395389438 1808.1441154197341
2398.8459898601736 1828.3123031884218
2405.553902957668 1855.3120435393218
2424.561456807168 1887.628556864951
2425.221783682402 1912.350146405409
2442.613596094069 1935.5151190420843
2456.6938901421368 1967.6382594134686
2493.105608725072 1970.934042526505
2523.434864091031 1963.8542934953193
2550.7431174010644 1963.1063994505992
2583.9199719196945 1961.8264385273717
2601.202623935232 1942.8068687898835
2604.778747889024 1909.1600040603612
2598.4080526485664 1869.066799946913
2595.1860605519873 1844.9421877937577
2592.3075824107486 1820.3021153158297
2559.0917191061944 1816.6031295859875
2535.9662599157214 1797.9012399202704
2511.6084311962004 1794.1183578487155
2485.7834375989723 1764.899515325516
2458.2871891257837 1751.6464126729734
2440.3605491344824 1739.925147453994
2409.8495333777387 1714.4786107619398
2396.115964332991 1740.6872185900513
2403.0130577759223 1767.4740855753073
2391.9367260765302 1797.4003766440144
2399.7874165063 1827.8385805411674
2419.864509610807 1855.6662843812596
2422.678655278436 1890.0365224315296
2433.6933294235114 1914.3726485002728
2449.9324405585103 1947.409007205229
2456.009435788495 1974.5100539909208
2487.844079569574 1972.1189875153336
2524.1597900588877 1970.3634818853573
2548.1098162077114 1961.2945762865468
2577.0877775016243 1966.0037380788697
