2191.8312715169873 1045.427942932006
2221.0724338400237 1059.6789182171174
2240.2860072898525 1065.549719165367
2269.9076765305017 1083.8103684261926
2302.206555859288 1093.5441352844714
2322.7735474127 1105.8998744889793
2360.6952437284267 1125.6918367994065
2367.4551662916747 1133.4359661699539
2408.4216795650345 1147.4085045190818
2430.4928593098025 1162.0472166993293
2461.748377617498 1180.3889520844732
2496.9135641236326 1187.0431591578454
2519.22157285499 1198.5931321894495
2536.3376857021385 1220.797106289861
2567.381616502673 1227.447405798946
2597.7436506820623 1237.3659077912848
2627.6844901449185 1246.6981630035648
2652.2134305701848 1256.4919479224718
2682.466482869674 1267.133403402329
2643.3830065092616 1255.2958413100278
2623.023891403875 1235.487638409747
2599.7071228008167 1220.065983216721
2576.6055999957466 1219.8993896361224
2545.0318218064194 1200.3490922599997
2522.2216756540834 1181.9349073959593
2488.3235999132544 1186.9944090131826
2465.4077185027077 1200.617188122878
2433.1641507324493 1182.7129121929795
2399.9397850174423 1178.3645076456132
2381.983189763657 1159.7797640385716
2336.548567169635 1149.5067173244183
2325.360216621652 1139.5456650455424
2301.3757182911154 1130.4104191686938
2264.4071732598227 1119.8576694321441
2239.682602521661 1106.1201969561582
2212.0112527623296 1088.4422404199727
2185.935731258308 1080.7848563685998
2164.2060535068367 1082.650833637581
2143.9765501417064 1109.0005700167042
2120.111147608146 1116.4190636456408
2089.3951029548775 1105.1008634872683
2053.6695088962097 1095.9778228536875
2029.9669204772194 1089.9331473841276
2008.8380691381908 1069.756177550487
1967.6516812975167 1070.0839047804438
1945.7619553582188 1052.6028216214204
1924.3161944470596 1033.5367908017208
1890.7211793307697 1025.6790055533468
1867.835009771855 1011.1875224681986
1835.946386674231 999.61034696991
1810.8878010852047 994.7484911671899
1789.8571606089306 974.1623586302347
1755.5113011225985 969.8580923013554
1735.1604362362928 944.6308526593353
1710.1895819958618 944.8099500750664
1677.875340605096 923.9975214446505
1651.4455454905155 940.3354462321298
1642.6351202163482 967.9132459404935
1634.3331547773478 1004.547921932237
1624.541523004022 1023.6676674418874
1592.5768357084464 1043.3984910476993
1568.4355444779258 1028.1443873461874
1540.5329732655428 1017.0614701070713
1519.5280048222533 995.1176682751442
1522.6718830296772 963.2145729058568
1535.4226486281539 937.8905509740696
1537.558755646434 903.2462684433502
1554.9164226414937 885.2165744232053
1570.3652595185156 854.0092897721239
1575.2303818817509 826.0740000331436
1556.8789394924468 806.0644861839057
1525.7495133241475 791.9947842097378
1506.568656898518 789.0578146918439
1492.5214654052852 816.5125058068114
1486.858005197717 842.6726488502536
1472.2416560209092 871.9128011359079
