1104.4770005422245 323.22975089624356
1096.1185083681414 317.01952937371857
1085.8466499444453 310.61064334443114
1081.2003130291446 315.85789490657976
1076.1728903809606 319.65184643102793
1062.8051579483613 324.5976807172769
1053.730605433274 338.63603472758075
1046.3248866836902 346.05875342493
1033.4831619503345 352.3384569620592
1033.3031461860417 355.7601329613656
1018.3128427423808 364.305116317792
1009.2338805228324 358.9496652863478
1002.154880107885 377.87806612659676
1001.6102624155972 375.66062087908836
989.5423863687083 390.83328723456947
986.6566527418491 402.984410043882
984.2668707706614 408.1135267160194
978.3151126016896 416.699762261862
983.2727431216631 422.06392927232423
992.8680717041628 430.2316320163721
984.0710315224738 444.2390148237734
979.7545675932723 454.48663952771153
976.2452142862776 460.16837603302616
968.0395694370765 459.50554437922
956.4390126788419 462.4707429809697
944.8961086313132 468.4356926478657
938.4163016995368 466.6055667454724
928.7784212723549 466.7533418305378
913.1577182137412 475.12364307937776
914.3185931763603 469.1801160145367
894.9963593952407 471.95969455581934
896.7810683660015 473.8449394689483
876.0073266261032 481.44299103721903
864.9771458870717 474.8797574738712
856.693365128563 481.01695890093674
843.9104627915799 484.10685702573033
839.6916468522708 477.04044202540047
831.064203677151 488.11229929814886
818.2136604229611 487.1778981728241
809.5202464755859 485.01630907445406
795.9221562609509 486.80733209416087
789.68906144311 496.23727110192874
778.9849986864305 484.7174255882584
764.6712196690789 489.87906748502473
752.9592186203018 497.16120876802137
747.3299805690297 496.45173149634473
735.3081882713802 496.305379566165
731.6924141289333 498.11129237059754
722.791912996529 503.9269503541608
709.6341019639652 503.9757253756894
703.6194024012511 507.1860807694714
695.5092558480408 501.840838851636
674.7474423030322 508.0940381535705
670.5613677840896 504.59177206643903
658.3754638330131 507.9864953908994
652.6802047548971 513.5234092072129
642.6847747838892 519.0216414654182
631.984719522248 516.8446968022877
623.9675643671192 515.9880768468959
602.1861802563778 520.3907807150329
604.1543463471704 515.4010490579905
592.3385818667078 512.7556639399163
578.358515508667 517.9596343559482
571.9788317420888 525.874303119859
556.3364904042311 522.6387139360759
550.3025277418827 531.6837604179098
539.9503610226318 532.7546346971088
525.3238315975459 535.6878300873498
524.9538358151665 530.693334133131
509.4039454614734 532.0215470273755
498.452638624866 538.768119175749
493.6361890598544 537.9999864640969
480.66782524614564 542.3392691021544
465.6352341471175 544.956920904439
459.1415406307821 540.0484618053104
456.66902288992287 550.6683080663549
443.3492282301156 547.2446736640131
421.6749369271637 541.8724417812966
419.4374267425277 548.1616132498583
410.2869145111389 552.0243205754864
400.58003336952663 557.6977357834038
388.9276341446294 550.3487323063564
388.4175659945881 557.4703535940884
373.6317942511039 560.3397393475044
367.9688833850146 563.789507064735
356.43697344215127 553.0264759172153
348.6129505023676 539.6061368227556
342.76171612439566 543.42978938834
340.425084130756 542.0860976226616
328.1302053076239 550.0515823184867
314.88594821297255 549.11573016766
298.84074896472924 542.4968321602017
292.66163732504157 550.9037183147423
282.90787227723393 552.8211019886927
270.0975876524714 550.1559706527321
264.3277004850268 552.3077616007898
252.18597782323724 554.1337864993559
245.4923490069294 552.045783122635
230.89228545013648 560.2037414617694
221.8334434415224 561.9783700150623
218.04289369506117 565.8222324019409
203.14801912713605 570.285307840364
191.66956047812351 566.5562829113828
187.05150562864668 567.315073549122
176.71129437594496 568.216746680861
158.77317977875478 567.8984579398436
151.29673749133897 576.2964455708039
143.5659823901342 568.4465736873871
138.7811280130526 576.384736760209
131.40895690219742 564.9724945047577
126.65697854627558 556.1834391258086
122.56482553966444 544.2356489398873
124.48568929118319 540.2991998765291
123.8512999989719 523.2295749207823
120.66300358693954 527.802505231153
118.31547624264076 503.61271432853465
115.85472440993279 485.9289305298294
115.08673333960347 492.89381324800587
115.03426341004328 486.69606898792057
118.53003012423484 465.0290549302523
107.46297844461401 456.3176832459232
118.68662579511981 452.8753144035908
113.8249359604237 441.2780188830986
115.36860080496885 425.523277829273
116.48916836099629 418.2592262538547
117.5523828269672 406.2712233328143
123.76369013173829 392.06658902146967
126.67063361406251 386.5488130032752
117.92892257878181 381.0982132055481
119.447086000136 370.5483792192524
124.20229598411082 360.3838753075119
125.71851326231001 347.1579532053797
126.98889741215136 340.2160051140035
134.9673643776917 330.7234843460318
128.17291733122173 317.8114169003046
128.2152640158621 305.2110433961057
136.3864945001088 299.467007011293
130.48999150831833 292.27451830911633
143.50292946021733 276.9370655774659
133.2490579499258 276.30050162573013
131.1096882403449 261.62713651223305
136.24238479484467 251.31053981365102
140.09097159230666 243.43748326290574
142.85927848299636 236.8466024509344
148.95066421348304 220.66199519579573
149.79103497541405 217.8178276936161
142.62799169069436 204.5473203449558
150.04658901906777 194.83375628781585
144.5331852661468 184.61575656227967
148.8426649699054 167.95539676606018
150.0161224955327 163.23991815486772
158.95728172433334 158.63144758715583
167.79492102566076 147.70408646750496
172.7248750894366 148.17585760871862
181.8201669167898 138.81947066343469
193.27862975606752 122.12188803056844
191.91231628404307 120.81764592998024
189.68920024795602 113.21973181922229
176.33433075865958 113.55124802163405
179.54013524234924 107.26032570409954
162.34165950120055 106.57570998050981
157.33126844493765 97.47298375211426
141.6172221314361 101.40268180016109
149.2405055064459 107.58597682262919
149.0853759256209 117.49463504233142
145.82594735249296 127.79765757053795
145.05702341379 135.3285593560311
149.1491947294887 157.37150396543979
156.16021286410094 150.16285183827313
162.77370124986 160.35257772764825
161.81065276637452 149.1536046729084
171.26818356412036 143.1971622672579
178.2951094693152 131.16401583076768
185.10670870681477 125.91915630203103
191.11346090252482 113.87809505897279
181.8370706158425 118.60387758429107
181.82785108292927 108.06897539391306
175.5636991745771 107.2429574414191
162.09610971615427 101.94428887696174
155.9224569386731 104.88019661059104
142.1826008235468 100.51036799192697
141.66246464176365 107.90300595579788
144.34633172227026 114.80094898978923
147.62038449496532 125.3071069391323
146.24278190378132 139.7581699814201
146.5094168116646 147.58249142809834
151.59592961422697 157.59005463291948
162.8818631267755 155.1505950687217
177.11101813325018 138.54817162105292
174.6667670374561 132.25748600401482
179.38011438803298 133.19113733934137
186.33839106683132 128.10993244648915
197.71279896837353 117.88282662278345
204.6873508680357 111.56337133835878
215.8069671840616 120.19654327481632
229.32303364935478 125.87477048649112
232.28875857096492 115.28575625843015
242.92152001550727 109.67114370690095
257.6340379248687 118.73887280838447
269.7820067956445 121.93929708417758
276.2867607011671 115.79208748084055
275.42102019700053 117.03156470690561
296.76238763216935 111.42255872117451
303.91526823081745 117.38372812528193
314.40921003019406 114.88367703935631
324.1554077263846 109.79099061239481
338.7782491546191 114.584460690275
345.07477439470665 103.37205618699926
357.11074537040435 107.96815751202809
369.74807299737483 102.34106053658508
377.7291917429014 109.85325402845513
380.801840827738 109.1939521097934
374.7932121320252 129.5088558896049
375.79881676759567 137.0849007531698
381.1479876868142 145.892803106966
382.1909597054389 158.28905145077772
384.956809384478 158.7181938055609
381.0191372598669 168.48661422078743
385.69877506308546 186.06110185542389
378.8943610787181 197.0149132524975
372.00132721760605 208.36170635224414
367.52797865042754 203.39077305871092
355.9580457870558 208.67466974499675
348.9663988957787 211.48044140827983
336.29628501340875 207.9831473468647
314.3884507085195 218.9016184639132
316.6525112138505 209.15943611089125
296.5625133967207 213.873275549001
291.5130565581774 211.1800569091613
288.6274875450578 218.941999796444
271.8973234710147 225.739728356628
269.63310903350947 228.94573914040734
258.0625325641076 239.87901985119802
249.12665086414256 248.94524636867132
257.651217489087 255.00282755830165
253.5403673307527 266.37095996405117
242.1805315863429 271.9233088097768
244.40757417774086 285.199288731799
248.39844827098673 296.23219372361166
238.12423901716835 301.0874898868305
246.78875972366316 312.31321594068606
253.8231169664428 314.9716628746502
263.4423043427451 310.1221655270062
265.1593392114426 312.74562632456445
270.15820976948004 309.70790156617056
289.46917484113044 310.53227409202253
300.2062244584442 308.48919141266737
303.4079184043585 306.4156324537203
318.0812609114817 304.3320562883021
322.14282385927334 304.9972576337105
338.21855739416446 301.4961084617993
347.00988282638116 295.3078251114122
364.2024587642856 296.3004193088584
363.8075622155868 295.7556347947023
373.2148747245967 281.58106968868634
374.5480794508427 285.610253833121
378.85865767534585 265.351683854061
376.04447606056766 265.9144765655722
374.222919526593 249.48774175326952
377.05977715574926 237.30958734999763
372.31620712427997 232.98023407173224
373.8013039717911 219.18642033035624
387.6894114970676 206.85967505687745
372.8100057414231 196.70348598923363
358.94362558662397 204.03825973325377
352.15559609531175 200.4348892294812
341.27759194234545 207.7810764637378
327.01284325398547 206.55443886628194
324.2448779773294 214.26934215277305
314.12182458815795 213.3499796675703
303.96600217669913 214.34705077557575
292.1167184903343 220.5222187549414
284.38615588487033 221.93910178486385
274.7483038274964 224.05882262940756
264.68724064993825 237.52245775899732
259.4960016429017 235.94475533429605
250.31527974618896 242.93897923486315
251.91609561913793 261.51051716493964
249.6703359961452 273.45921327062683
241.78650377928182 275.4457101918179
242.89669569712635 285.27531750851455
251.05826821297453 293.9872624163066
240.36941342855513 308.22652824279567
250.4531217836421 322.78092552076066
259.91424244274384 317.77895890479357
261.92554042700965 312.7300677611053
275.9144454214905 317.7519945739003
290.57430550587105 317.301123125549
297.10085546574794 309.75132405962285
311.6118640304304 317.28820540837125
315.46953180037605 308.14235316649933
322.6714716579844 308.99356259858524
341.28921687087285 306.74196869976595
342.15169603045865 298.4361858218412
353.45986300471844 297.38448863215615
367.61026279282794 301.8976043219229
371.6931840188445 304.12816275119377
362.52850302541964 316.35172834767576
365.00196973460606 317.4361639230184
371.61818826100534 335.27695183820276
373.0606685104186 334.73707542387604
384.5992692151757 337.8613934912417
398.43450685494923 336.83449497851666
400.37089190931187 335.09571643625543
424.5788305454294 330.64666657555654
429.6191642115456 326.18109935783207
427.4269993500748 327.92079993100486
445.9628006692046 332.7563608573696
457.4239810571757 321.62882114327067
464.19477610835514 329.52920902381277
479.9044932731795 324.1906585407609
490.40496553628213 321.5156579102835
501.28890686571776 331.4469762546644
510.24698648169345 321.71116368352506
521.4611164944911 316.02581107036684
536.049832384823 311.3466630997797
534.1992174500715 315.8127196393753
552.8949252351913 312.9675743903154
546.2225673248684 318.80116851279854
555.9264459383395 331.8660596088945
556.4917961917891 331.0770818087451
559.0281552806524 352.18772074442063
553.3534541896003 358.44452429919977
571.1046201322865 371.4244715693714
562.4694711524842 377.36869905180333
569.7632659820518 393.515772226835
558.9555155332554 400.85954986702825
552.1265482876261 400.1043917356531
543.9512040516818 400.50382659678894
534.2526442987406 404.1910229628213
526.5730127900684 408.0895598729768
510.6703605269659 406.31167185183057
506.0217210335568 412.5673005308974
491.96122803199876 412.04732232413323
484.9933541108952 410.911864799953
469.94145973236897 416.9623081401931
466.2290726253861 406.83021417000646
461.24973814732067 419.5670003917435
440.50436773836293 414.01594286930464
432.5039117617618 421.50153950603755
421.6669742199241 420.9630847189311
415.7657352942205 425.1751263948611
406.21839984589997 422.9381384808087
396.7960128532707 426.2244843925656
388.50558450842504 422.6389816285691
370.15473148525257 430.9407190236309
368.76953091566253 433.58294993749485
364.2200184512551 445.78271404906377
354.0248079701951 448.566613107448
342.9033250561748 451.03851242991146
329.34690830515154 448.73240597350144
323.37585223539196 449.8290235329133
316.9495088894939 457.1045062563269
310.8850440587147 449.5593187210417
296.7956500265407 460.63455578167196
281.64057375888206 457.8582195644425
271.4713303906529 467.23469667100665
273.11086019957895 466.4312127172449
253.52735180899748 467.1435162977244
243.1466287878914 474.35132665601714
233.67712472682248 469.60466652385105
232.22742434026637 465.8970895759071
217.80943768725533 474.1930980253598
204.5875737281372 470.2393830142148
205.12057917837163 483.70162707936527
215.5222427634971 491.34778170009736
209.84233424889425 498.48400088899655
209.7538957965467 507.7271213350628
218.9345556181123 514.6294859165473
212.83372267970944 526.5597809030344
217.51852447651552 541.3103464699411
206.47655126487606 550.1311030871437
211.54787437509077 562.8390593551613
204.85451771054952 570.5271639886327
193.98806914987972 564.3749629096756
189.42653414317422 566.0821494666251
178.92220504960306 575.8016051969192
163.87975064708434 577.4416577719668
158.0436989769557 577.1832164501732
152.4741325724339 569.8851407917243
135.36189282375543 576.4113059989461
132.24744436634163 566.7643296061032
133.95842581937922 556.7754435700064
121.77292809104385 549.6326621576014
119.89374682872675 546.3203020706952
125.73633503215653 534.465650343716
120.84121023740094 523.1282020684696
121.55040888345864 511.6544251793865
113.2085070440016 498.80767892232416
113.23424298665972 492.4231918711598
106.14960450474581 486.86087860118255
108.66231094363066 475.2704260417188
115.91451064456666 462.0931666938962
108.85255761924051 450.49788057519845
122.59652988775366 436.98384075804967
114.52852468875953 432.6042350282227
108.87924551308184 434.2982622852849
99.18608885717748 433.51591364801595
84.86617908580536 433.91987011833095
76.88024169162885 435.3478117195903
72.25528880444261 428.54060685778876
53.326627452370055 440.1363470088932
46.591886804790015 442.19272567747356
40.11235911431476 428.5509017740841
26.844706999284135 439.8861603451287
28.333696325660565 439.82883849700613
17.0329331722557 457.56870852151553
25.565434377368053 469.77369345114346
25.08011067728766 483.1471017366905
22.109388339893147 484.5207883597382
28.816381551906538 496.87934616445744
26.191478216169017 503.6903183177082
36.77658278636264 514.076259321534
28.495548972149624 528.3168805850959
36.945073770701214 532.5121751162883
52.609900129127155 536.8092836105986
54.93235257413533 520.9433119396722
70.7802520915737 523.323242482475
90.06068839065867 525.3242375455225
89.37543047591727 522.3315448295875
100.64174793971169 522.7114253665532
111.7036146547269 521.5481965536386
119.22049236997282 519.3225898909519
120.0179111352226 509.49232306256886
112.94380283517461 491.4178318230514
122.31196193992578 484.4681395317739
114.6389817800036 478.4099920930454
115.2250529070943 469.1110751881078
113.31121870152413 461.8048761490059
116.97512428767459 448.90449065760856
112.62214619710282 438.5292128369042
119.28483167170886 427.4709878655534
116.68032631545087 425.2116229201866
123.14966543926081 412.51513293804646
125.20618777881083 403.4430895406515
125.60280488459446 389.66872444453026
118.49770999960175 386.0877473982248
131.11005633247697 376.0413212236529
122.21802548413926 364.60946744697753
125.14176715457084 356.8334733795625
131.6980644487624 338.13384478330914
124.78698094674465 326.1121282513657
133.54010531916532 314.6465045470157
132.16656868629696 308.50877598619047
128.1455711026235 300.9005854584936
132.53063124367446 287.30932251532863
132.27158403991544 285.7596134545348
141.21432956110402 268.29176745738334
143.53938838390263 262.89942018440786
139.8371655349425 250.50426204101524
134.49560044221556 241.30514189959717
144.0392461163414 238.6165953498952
145.76025597908372 224.4963800683984
139.7844434151775 208.3267100108758
144.2230738317236 189.41070786685577
140.65513116456427 187.7967155550818
140.77332557420104 186.14369175588396
152.96553362921134 172.88739943992599
151.71291313487268 161.3828136388969
165.03351048753018 164.68688744233796
174.0347005649954 162.59584177809182
182.3957572308487 163.65680264837775
186.7598998935052 159.99717310392765
192.64438652227088 160.21744075199982
203.8460057718315 154.4333831878821
209.6463749419199 138.11174947900457
211.68777035513432 134.22444813936244
207.25607982263966 131.3362518626946
208.5681501505746 122.52057936552876
212.42992914099148 119.12926435168617
223.27875317725196 113.70714152382172
236.25365012128535 124.92329416628112
241.18426868742137 119.70946548413416
252.87384883303005 110.75176647268273
268.20947206425416 121.09193856881083
269.4117542670861 110.26864386997242
280.59190442928934 112.01415866169224
284.9633534109872 109.57542270954548
281.7903026175184 94.03966292193027
284.6306684342592 86.73020281309755
280.1623077402932 77.9600193411257
275.04051175178256 62.74506477779665
272.2295764692771 52.06019549441632
280.3752050468302 41.10955201264552
288.99678885764405 35.46097027614165
272.65787143221445 22.540094547250398
272.54897005908435 14.687344270721233
275.4063692415885 8.125601782971323
275.1928396197615 -10.712821351374735
279.49105038065056 -22.12865968370032
270.88303335395545 -20.044029702351622
273.00891703592583 -30.393192860684863
269.7138458100261 -49.53219398026939
272.01636962841246 -52.20490341745905
276.9466501888837 -64.32535845531444
279.9683024969135 -75.73171933889186
293.0646359092966 -72.16956596244455
304.6621596059612 -71.41368787278341
305.3276083436928 -73.03600257539989
319.5142234357423 -77.07536418353307
331.4379434509059 -75.94145537648825
337.4063349515091 -73.18316529008422
346.21823752945437 -81.29901399795037
366.45856752052174 -81.92134436631054
368.1048282256923 -60.580753988463094
366.02459459783637 -66.62637236544879
365.5717231783141 -50.57882800064402
369.36045861545296 -41.69695998179843
363.09737217486 -30.6894875312232
358.66753983211356 -21.936534809944185
368.730073842426 -9.019226114916755
360.93757935442096 0.5968544824802748
370.4573821479775 4.928995643435783
373.27125103434474 10.544441937871952
377.0363323814253 19.29229086341602
371.4287680442326 31.763123211211166
378.0134572529381 51.87164261884429
368.5806427640775 64.58847903898331
380.27975860082796 73.92495371902544
378.7850833312458 78.80297462835168
376.149050845422 89.69246282777252
376.72773056038534 100.52439972689251
370.84213929228594 108.540952685474
372.3855983361054 116.6933020769155
380.8990068401497 132.08091165985599
384.73868636047376 145.78605961091327
372.060398358028 151.00008936303203
385.3639888043486 155.69191455205865
377.9982307907052 169.577814702538
380.1402671000252 182.50862152178598
382.5633654300707 186.88126334922643
381.4022098117447 191.3230308883936
370.3488067510601 201.76920238280735
366.18867440495785 206.24339196090108
355.6608848210527 210.97813964127278
340.92233111031544 211.77298071736956
334.9565744518378 212.40213903458408
324.02026485735024 210.24712246573716
316.45786788902603 220.10572898884263
300.5809807984698 220.61702440521728
290.26967366193617 223.5417788467313
277.7666154698491 226.1308652900938
264.89685603765685 222.42647395863352
267.6008767555237 227.04869402454463
260.26548563965895 241.89628955485216
250.9693636777076 246.40842477557322
260.49658109738664 266.9689365052865
250.01350182675012 258.94725441304143
247.36895568991466 266.44191394540974
240.0879564186456 292.292919427527
240.2462740108402 296.3217007420028
240.79227982231257 304.3578643841584
238.10833466006534 318.5497919082519
243.97158149860886 314.1097604490468
252.22996788531404 320.43833702145054
278.75016480867 312.85398084597233
273.77485266990277 314.7682941801983
288.95438617443364 314.2401862026398
296.3039145467933 305.3509141929935
305.3687416536288 307.00990832945314
321.1092831493355 304.2843616246066
329.24496820721157 300.94625871065546
335.575134725066 312.3503807655239
353.053249544429 308.07953104808666
357.28747546863684 304.1547225128793
363.25088562656816 296.42375809971253
369.5567129590945 299.0759142522249
370.80802257808216 308.3525017290058
368.6860673734742 322.2695877552918
362.1709721746248 332.29954763159844
379.6890795855697 342.6537017665934
389.24186495453074 339.79257801742153
395.8677957487443 331.01277123110816
412.08808171661667 336.5559512599092
408.8608383499041 336.04925850424246
426.5545151791656 329.527805386727
439.5521830509813 331.1076902878387
446.31212233035967 330.2607501404059
453.0208594289861 328.403636902137
471.9100087268775 321.9972630462861
478.95048869820795 325.4176648795272
488.5838450967876 324.30136700342274
500.79357392276626 323.5316091550509
505.67872627254405 320.6822938801114
513.0100244746911 315.703240059146
520.1378438594759 314.97314929067136
535.4276231567808 311.574277267645
539.8299804806366 311.3348655710525
551.5413668125071 326.2812878258013
558.6369571652999 329.37242642117843
550.6524400587059 338.05279227236565
554.2323487829536 341.7991990527487
561.6474527166545 359.55070160391614
564.714897889448 362.5713169406155
565.3726236535701 377.7367160791093
564.7897615006981 390.92611836592744
558.0234404324259 399.08105290426096
574.4408329585013 412.5559182910887
572.2162768903323 425.02169649503617
571.6299877300055 428.8486854012261
573.7699398608917 439.30508615153605
578.5860129255249 452.6503708671391
571.4871424686012 455.51934298956803
581.6567784815084 469.11247796938517
573.9398167436108 473.4671112647262
576.9363100395453 495.5072357794168
578.6709843819422 491.0354284726771
580.3693123287794 500.157319379786
579.9000502065867 515.2221655414622
583.4925911159161 522.3851005041803
567.3979737358927 524.7183348148359
552.1607101589553 528.8725354945864
548.9558782461995 525.6314739616569
541.9439136721525 530.0487761714971
529.6338118201061 539.4458051913924
515.256491225943 535.0767799928597
506.8849005843018 533.8928819687574
499.96895358809803 537.6697048324014
484.45103489820633 542.6728130651875
471.29675177321946 539.7420011739594
468.39862488500967 548.019164113071
457.4100374820953 541.4487323611042
450.6350548827073 539.3729794710199
437.82872130044944 545.0109047050762
424.5527962168096 548.8200544850174
425.26763072536795 550.7102810019693
411.75371683647023 548.7578630413378
408.6335524859226 555.2449535625491
384.7393741713562 552.7310377569295
381.1270983343244 554.072840905063
368.18154237116033 559.8375844779556
366.61619152517625 565.5641451977133
366.7910676068581 552.3192372895068
353.78019730281585 538.2351611606974
341.25482071230977 542.108991241713
332.1792474991441 541.6837045587541
319.1107563855507 548.9360359313654
314.3220411285052 540.2551532548042
302.05097563046075 552.6964355358537
292.8219057914155 541.6587885563054
286.6897215193953 549.3018939877807
272.5975023911649 558.8182026235223
256.1319603491997 552.8785953577128
249.20086300493898 559.00657571933
237.37765336609212 559.0155990654068
236.53453572521747 563.0437000414199
223.93552388596672 570.7156526122578
217.24048839748355 558.4591229303915
208.93540993513304 565.9090707729098
192.7639809626771 574.1218597966683
182.7639070711614 569.7372745520121
169.0975143754696 565.4270763230365
167.70056378645455 572.4265425205587
152.34706763220444 577.6633078284975
143.6750877889806 576.1986403460523
137.35814565698618 582.6390081682152
129.3956280166201 568.1452262459261
129.7288290426064 561.4014843696009
127.31871700909602 556.0409830596576
119.30100156367958 544.9317416516964
117.5425875188227 526.4181374237962
117.29746245232535 516.6007683360966
131.48281463512208 513.8689253059915
119.11403223107494 490.3444351630848
117.60630298353506 488.44816299536393
105.30323712862189 484.18687243821824
116.15805794829049 469.6241851748641
112.5079459436765 455.67388252866294
109.67587847316099 444.9022926071799
118.1374214715978 442.56618931809396
115.40799201380416 421.63265444592037
93.229054508424 433.69412490652337
91.95437025657435 429.5234524928611
76.32690013050274 433.2018217771559
74.19448479679869 430.64835115333153
62.34542219304497 434.9066933747659
54.26824707504208 436.15647824135493
36.773227032522364 439.04003916448676
39.03511747277246 437.7241336799793
24.41708292514413 441.2969670122874
21.919868570885022 450.7357408206477
18.23915558198286 472.8584164259929
28.829413487538737 474.44130014287936
30.22472630422586 481.6343098334167
31.000180655306764 495.3952607408574
30.995177173448248 505.549543958733
36.0462348043739 508.9396902248936
30.09422081932354 525.7595481787858
39.90560199000399 540.6632580557823
45.86290615652092 528.318128888221
54.10878424119535 532.390720607094
69.23310167360039 526.2331203742929
72.36905600226082 527.845838202626
80.66128415176644 525.001237755348
89.56369415096177 520.6229553595156
109.67324589735247 527.6613380456032
110.82134572886832 520.1683272241601
120.15453889938016 509.9496751057791
119.01675517729745 511.3255586616095
110.52112041748431 488.0622643221849
114.37484441767894 483.6020577666639
109.18448920660033 473.79765865887646
115.21378831013858 461.1202643349763
113.61390484343062 454.10340794586784
116.55545744693221 438.3990543513256
123.92823770459539 432.71072341679314
110.5755337360758 437.23584466857073
90.02563928188391 432.143620507619
89.18794224890453 429.2798943122252
75.16157515868957 434.40526965217157
68.00592388943701 432.16486031721155
60.60666679249923 440.967249538328
48.904531544596075 443.41447627425083
42.60846743117226 437.59307795982676
23.74516672193189 435.02831095177606
21.94051086914384 441.5587764398625
22.17006090988034 455.8144079013386
24.454205733845754 467.3907222661147
29.447203043759504 476.9476845464604
27.49457648554224 491.38918789002366
27.424920514905143 503.18027326503056
28.137896397256725 508.70240212288337
31.122967875450925 521.2797721463912
31.86065634278576 529.3764685413438
36.52757764039165 526.6667575942428
55.145339982529016 529.8994984803159
55.58556021234912 534.4861407809511
75.5091356289324 533.1987500679317
79.68348849125606 536.0431162692412
95.10624995186696 520.8971344987316
101.21119072176855 527.5033593796829
113.724881732342 517.4365321990637
120.7857603471759 526.3001180197595
120.40881547660359 500.4486099610043
123.23746799362354 503.2849289691347
117.87664419035521 489.79456365909164
117.04323793737564 486.9457740486688
117.42599968756205 469.6285520019369
113.91584550007046 453.4657570574693
116.21028824108166 448.590070363961
110.5296298591213 436.24413120533364
110.73920602041639 433.4464080805226
117.82964099442711 419.9559060456146
119.04746473240907 410.04506049097347
120.02069871567977 402.726870699925
120.93702005162196 394.90507398985585
123.90999263410683 386.8926410271005
126.19074114509264 369.8125529594977
130.1782504238981 353.85345108533784
118.84821821426428 351.7889148937706
135.23363106974077 334.1228186011198
127.79658894089525 331.8963287039057
132.29050190897826 326.21426725114355
124.5021032930399 308.2837805020113
129.57889272143413 295.06006357810725
126.10781470253681 297.63794437109163
135.56204671945872 284.83414139504447
140.7342406986081 272.7099505838051
142.75587994235772 263.1566438290166
139.5814296327672 244.32714802599298
140.912118517204 239.46204673414965
139.14577966815128 233.2773619451656
149.17293660840662 220.0336380873478
142.6302366329296 217.2425389503028
139.1727339219304 191.51131838994056
146.5788234477497 188.5106121028856
152.1090461917479 182.56764377987147
145.34450704266965 180.0129684541491
147.72981051348722 159.85191982330127
157.37483060371824 162.06301944103996
167.75884100170902 158.61563223222979
179.06471602340957 168.1572144988533
187.06179278827207 167.05209726757417
198.0357233809276 166.99741668890024
212.92467023093113 163.18196040005424
201.72844958778532 145.046464302302
206.979042045759 137.5952851859824
203.0600855465058 117.20276698229294
198.4746283976519 118.54679093900018
192.56900257653277 111.14526861028311
183.10523989941285 107.83698501192526
172.07041275882807 107.70166661121304
165.12004511803443 112.60817557801549
156.2644911698741 105.66999402491396
149.0333355284911 94.90426435404831
146.32537555133433 105.84915107880568
144.67932460069076 116.55857296975833
145.42796035608927 130.6469008146744
145.52248295591596 133.2968127928333
157.49985484799205 146.96791582776788
149.50886910658193 156.12462592153895
162.11769817143352 153.56126124791365
164.51390413029173 140.6242869609929
177.09596598020576 141.29511123124524
185.1175520547172 125.87179411200202
192.29027511909464 122.85426047343617
191.65233632394254 121.9052886614933
192.97877377733826 113.6875643423041
178.40359111749606 108.4050389610734
169.2914966861016 103.98686583118842
157.30740657025098 105.17472347704486
151.36829597911162 99.41240734387327
139.1457140826634 98.6058491668801
141.69744749635865 111.0591331919612
146.0313526548689 119.66153927610891
139.5154578358843 130.66012460019797
154.3099481581886 138.0096181680809
158.30349439443103 144.6790085581949
151.55152568671576 160.40891687246523
163.25713693980128 163.5651685221687
168.73526574463796 162.30599364692262
183.9798140930998 166.27011909665381
189.9179345616018 168.87126760827647
195.0031657980574 171.5066365588498
209.03033813685607 157.61483249494566
211.64607507909656 148.05060880747806
208.76215406007154 136.2809332716124
211.1412765981353 133.16193543345105
202.65109947984507 118.81022018844072
216.93273937450599 121.46738153950814
222.04244310404525 111.1805335278526
228.9735275786127 115.41496349797762
242.10099114980886 120.51599630841731
258.68708024155234 118.82386275953905
259.5994451329396 119.58228612600023
268.9520882913841 107.42641391089323
293.3014897425161 114.21009172990202
279.5925758312651 108.05351864165223
282.0652822937821 97.0332239754844
281.54221231674893 91.76883633368342
281.1542202849522 73.95751398206068
283.38040769527055 61.916802785952186
271.4261390638469 57.41163130577193
280.7940917271885 45.48576243872125
279.3032344059168 27.153904363797615
276.3291815149138 28.894314106070553
278.72619001257806 5.759509297167675
280.0528966220473 -2.1712153914616152
274.7749654159555 -11.016234861146138
275.5547258709337 -12.32330578901393
271.07109499885627 -23.30960196587499
269.24170480350784 -26.7932556383453
280.54203812806395 -42.45015657585839
273.4637783226507 -56.39980370677723
272.2474124426996 -69.04161870694615
279.6842967089097 -68.89339121503637
293.6195303095439 -76.50844381418418
304.37446304130833 -77.6936072449477
311.8288640453293 -78.11151647742957
324.0843771130971 -73.15240829428598
329.4592759366669 -81.67618997354177
348.8613449832616 -72.99284972869873
350.4929447738288 -75.05592284081338
363.21520049610643 -79.93028686192076
366.6154071484155 -66.26395102791092
367.03311206230677 -61.17952119875833
363.4070448400355 -47.94045370125676
369.9492728322332 -42.580195816695365
362.2607165145587 -31.592891807815228
369.26288923828685 -23.39113427663697
365.19733313440514 -10.96974595016136
374.0582693311194 -9.325772678430766
376.05441028624426 9.36926783112105
371.24577222241373 18.19681368132209
369.9154223519311 30.12104206631375
373.34684300394656 42.85685298069815
368.181171876172 49.22738249880065
375.4521217912253 63.08317041273679
373.6734192421385 67.73519212621902
368.4432018659067 82.30000047673161
374.8988062904111 88.57725634185032
378.76564254161946 96.43130966797818
380.4533389233301 111.07080356603502
395.89825784000743 108.7527726299331
401.70585800268725 104.58247903780418
414.8030520612183 103.19166363473917
416.2871387393393 100.42550669466944
426.88269264969955 103.06276925395085
442.7859699810124 104.21562196719634
444.5807175365646 90.61404561469567
458.8695978800306 93.84408873059712
466.7648316683242 94.3147982604448
476.0885572258975 91.49145136069473
487.2091038393926 93.1091928727285
504.4534786657873 83.1136140841875
521.1231901368009 76.94126792142015
517.8449208497515 99.4838111346504
515.6633474178897 112.5117919291673
517.7236426116427 113.01585278427672
524.4868338797504 129.89158695538262
530.0900563922949 134.4842882633981
536.3340729852114 134.18755926220447
551.9804144204845 125.858235088014
558.7362855312463 130.69753839264553
564.892417474741 120.2618235275761
582.0497440650745 122.07231588904787
588.8647537234356 128.58647559583906
598.4833619051919 123.73396997510599
607.5329547192141 125.76842716849647
614.2510846493188 122.00549490564501
625.4367270044603 118.8690428244812
638.329707622813 113.16209880895703
642.588696016653 110.71141435132407
654.0529162289681 107.9064174425385
668.4218515294543 116.49145651298073
675.2548855012863 111.65078493809798
686.5789307700031 108.68154748994789
686.437056089795 94.75051768432513
694.5691342049133 88.91559102553873
677.8154588222861 81.19952774287485
684.0202427692037 71.70325206820138
675.1291521903636 66.95954707716024
674.2419291806557 60.95767137254779
658.4622995720937 64.04841078383618
646.4606189709353 70.32254798131981
638.247559665994 62.56633164669852
625.3048394010956 64.0666380752458
616.9852840019381 66.02496960872617
613.6899725896117 68.9798002623027
597.0184026546045 76.8510892205471
594.323856118728 74.22845138460482
580.2519031384785 74.9812928394972
572.6049730161842 77.74818753061477
561.0836666992632 74.01899035677286
553.0946178046736 82.27527907753273
527.9538600668859 82.8361650045183
531.3565799889327 87.62182976483012
522.3392224538621 83.08861251826808
524.7380688086063 89.15063524451773
514.9202341332849 107.79690427577721
516.166960432989 110.55629583021789
518.6821987926304 126.48295483867487
518.9129819665749 135.39854182748942
519.1128878242648 141.57421548777205
522.0494323070767 155.26857491372607
527.340815925299 165.86746623568675
532.7728498465343 171.93147839749994
543.3567329033547 178.57390681098326
535.1561717988785 195.07539607682733
535.2315926743811 206.56487391646493
541.936683440446 214.480761700485
542.1571922416011 216.93656219570252
548.2124897896282 220.41587804621497
562.8401969130135 212.0746014885578
572.4358549470567 212.0485629086583
583.9061768900635 218.10195523199246
593.0345491120592 213.02226608633623
605.9158389386503 214.6055574798676
606.2799074979167 221.35181664000544
618.6745450048177 208.72696393512035
626.9674744615787 204.73372019766333
633.0110503063066 200.3602480647603
652.7613778756322 208.22649533416921
658.42458621042 204.241996106361
674.4469073102783 207.4629259555134
672.8468191806712 202.89941243807618
694.2672343081371 200.56510856351042
696.2255412838077 195.37340361234078
701.9355028836337 182.59535701574342
697.5238262587342 176.28287531128763
701.0516344887726 165.38890126189932
698.5867624718543 159.95614180307928
700.0112259524618 146.18609887646457
695.002857959928 139.64577234483323
696.1014903725197 126.39707167856173
688.2781060451665 130.29822538630904
683.827050419435 111.06013776338187
690.8957570811981 96.67545708216778
686.896049381289 92.92964213039585
687.753769062705 82.34105755051822
690.1564044381249 75.41666531044356
681.883290399498 63.861412076835904
677.0276941229816 60.03616386597323
662.2182976838745 62.89136550710749
655.8482591175308 64.22261089997669
644.1206737793344 66.51267247033334
626.7755022154453 61.06878394809158
617.4720068913798 69.05214367859092
612.6505769791488 69.32082363938301
603.6222283701157 71.16120270820122
594.5103229241215 68.53330324777139
589.888626177856 83.02848771685899
570.0374466765303 79.19187323680387
570.2966479023227 74.33016966929162
549.5511120125432 81.86614993311787
548.1446918722 76.08212199465515
533.5831477145576 88.51160603801432
520.3820681338045 88.8170176124874
513.4625571696756 91.92817892765363
520.0589287817355 104.17933944923391
512.3668381729856 110.01618908658824
524.3407282890566 121.04398938027751
522.4057971202516 139.4187624195377
527.3028324354394 137.59074517850178
529.2799395180451 154.58734854822978
527.1473012590344 155.93473905778944
526.7975109545586 168.41770295380192
534.8617605826429 187.14428218327728
533.7278381034616 194.3411497822673
536.572069112237 199.4570998659352
527.2852082471265 207.43329195164876
538.1692311954845 217.5392627669081
546.4143763950082 227.02350085702065
555.2835783249219 214.2767913711526
573.5206080221691 224.3175964951324
577.0231460552053 220.02738722967342
577.5501365914953 234.66876864472468
581.9375700321165 240.4904342587427
576.7274635483117 257.77768117038363
580.658031380524 263.1072066849544
574.625052127053 272.4630003844906
580.7092869971106 280.1601577378461
586.3272730725489 300.7645832510841
584.2710506173906 306.74399385269805
598.282513214102 308.32944063914636
604.0466747614547 310.44209860358893
615.1638496576951 301.0331151420236
621.5425750207386 303.5438868418141
636.7080683142906 288.4007926746205
640.3915000340586 299.4849247574378
654.5369850487665 294.2400196079557
662.4716544094598 289.84977314339824
666.7758655259488 290.27269852309826
669.5083436306184 277.33611340241316
674.8257419006471 264.3107774695296
674.3225028115207 260.20610803092165
670.2281587232975 247.77813765523882
672.181311707751 246.28869174154434
664.8926490791473 240.5472608069673
669.1493187844221 225.338448946553
671.6745703080601 206.16187184540874
667.938696478882 201.27257539600126
682.9342654440994 195.34099071887954
688.3473295133542 201.2541116591009
708.4482855556864 200.05067120767035
698.1100226331006 188.5153920738295
702.5064672350048 184.05585504469008
695.2006779820418 168.7929029909703
693.9603775582168 161.95278310118474
693.9968405710756 156.04099232010884
702.5894553150822 140.61016053919707
694.6055988282343 127.32789375238858
687.2288721598956 116.54316002399233
688.1450213059242 112.54235135717644
685.1529910499231 98.20334808479505
685.030332259468 84.13616278890015
679.6231920535286 81.75186282396702
683.063321420867 70.14452166742771
684.2140962148552 63.387656877282865
685.3609586069274 60.59437397616739
670.9960157261532 62.35964547258443
650.5264684310021 63.00166883133842
644.3145865728503 57.0741624838585
637.498517415943 71.73854811698547
634.169426180591 68.60149757864295
607.0652576884919 75.76296830846192
609.036617710853 65.01643177272824
589.0042894057505 78.63787115385583
582.576911115019 69.79734142317213
571.9173916118334 75.17852891678363
563.7567477223082 81.06044246361726
555.1837933205999 78.68209109809689
543.9584656523901 88.13184731716291
539.4512154925751 78.80574182874244
529.3506033812523 83.94196754884382
517.763454095085 91.69502901213488
516.9721881145113 109.73607569538198
520.1240961364329 107.1415656586878
519.741489368722 118.29687627861787
522.5234610809978 133.50999749588703
539.8327967961732 127.5282162868611
541.9444041197304 133.1044214673967
552.2775129040568 130.85775841206743
566.105115641495 127.43538124673253
572.0475264208621 122.3651653844692
585.1315575186604 118.83178590076503
590.7424151027557 120.92822151417798
603.632117526192 123.97390501669025
614.4850383296094 114.92416679033678
622.7114316858816 119.35781426708212
628.1747803388972 119.9516724348956
639.9974810471954 109.44370193074178
643.6220551761576 113.94130089850078
665.7657948710897 105.12949422917323
676.7822942929682 111.60992781399524
681.2376941263652 96.33020102913851
684.8685547363706 100.9690725495137
685.5918535236054 84.99822846153384
685.8003822671544 84.66049667275382
684.9167422346602 68.8048025437911
680.4513378964185 62.98113311362846
669.8885728427042 57.80691614199666
664.792140545526 62.413762771436346
645.8200223297229 65.81747131034096
643.6322405253995 67.51862023775143
637.8567550402286 62.55455488237777
624.5208214525031 69.25162110227356
615.7969584866162 63.75504454988497
603.678944531725 72.92683844267123
597.6905923889792 72.41471155949253
585.7424383894495 67.34043596089325
571.5982497442633 71.49495780011276
567.8899975502173 79.89790391859538
552.626726428513 82.91207492018484
536.9457860144732 80.24540293410922
535.3593187186622 82.79408439652335
527.338300220029 85.32692852063064
520.47340890737 99.9621615894845
516.5905414833327 99.96048000335881
518.2879532160756 112.23739303825074
524.2404286603852 124.38569603311453
524.905420723564 136.98803653711775
532.8618802522559 132.39112016985857
543.593751653734 131.29159764306266
553.4132995935474 128.07396237280298
558.4445100580614 124.41709255226257
564.9292288632405 121.49874847405472
581.0011588424516 128.0422578968463
594.7405102212326 120.2595562629753
602.9498621570967 119.22538227913319
614.5569231612002 119.76617444239054
626.6621392377936 116.09971910360738
626.8567310698411 115.96199678527307
640.5984814338968 111.84682436866453
647.255791379544 113.44161504801343
661.1905382238261 114.22792942085583
671.4556977913059 108.42685202728751
681.3852551955737 106.4436714054694
681.5322633884556 110.42599241617187
690.9220105038584 91.69133534862928
683.4668837719073 83.63049989600276
684.4524503907974 73.5648931352606
681.2512455527433 63.210193536100725
674.5722182471583 64.88700376540507
660.2125112332639 58.57252888872418
652.010849212189 67.59964700259943
648.4381915914706 66.51721689106944
633.7160992663546 69.22515493160466
622.3880479625183 64.63251821896469
623.2678650052554 76.0399798726686
608.9370268197359 80.0308655722021
585.5418723881502 77.2166540512689
584.8943448452973 81.35850226344414
573.6538127501782 75.13111556062339
560.5508126476426 82.88546636399951
553.2449559746652 81.09413432798695
548.5415178269175 82.28411297889475
526.8500729990532 82.01772074789278
530.5772242559317 90.30693664295785
508.25275329404417 96.72250357363805
524.1722099116903 107.08874178237963
512.5899430473073 116.69745076127066
512.5284304509229 121.19019201847227
519.2364421542146 134.61837985409196
520.0698802931779 147.41316047724214
513.5350374346391 158.8646004419501
524.7117317189359 163.21990554451264
530.2245874035767 178.4761180897544
529.1011815515382 178.9762072596851
532.8107452837919 191.77303463545553
535.3700135632816 197.16870661983208
533.1983167387283 207.7173718860779
532.2427613167073 219.13655837058593
541.1191031185634 230.80274033883072
537.0780320541992 238.58705976241694
541.4648589259187 245.9983150184253
547.7408555126937 260.4172787247107
548.8187844633077 264.59337935970166
544.0064931407614 282.0962783892117
546.4351367716522 285.32372077919246
549.585277260008 301.8110070639165
550.7404802822731 310.02535178075425
553.905435270807 319.32775002502945
560.785150744083 339.2875123437807
555.2515134188627 341.18740721159617
556.2600593850124 347.1029117439902
556.5215110916293 354.8779350175734
560.0789746449112 373.1236253374076
562.8928356551849 382.9020689252898
558.3020741061174 390.01834828544304
563.4203781762124 401.2164629430467
567.357545329911 409.2626440379947
563.500478991726 419.8791551363545
563.7295255821532 433.92013736897644
576.6924601638251 429.82799122093115
575.1271314103476 447.8006508174661
574.3674841841336 460.0571116549157
572.8050359569527 467.6496952209781
573.4947249626258 482.01247257503513
578.8154643943074 481.90317611332813
573.6288634062518 494.8304391255416
572.917939479087 508.651526047534
563.3111998724444 506.59032840872646
557.5484866183776 513.8823418418293
552.1753453796853 509.6538369158594
542.0150931796684 515.0752222650505
524.090340126032 516.3731930285642
518.1658622675752 516.2579945205789
506.59733126016334 522.2859509828654
501.03614668449063 513.144352898207
490.7606759544974 523.0620345847781
481.55138287899354 523.6348368123274
467.4795316904554 516.0443090077686
454.7002631337651 529.587935331416
447.0714916981696 533.280169985156
443.8415146804761 528.6186946276624
423.05272713252106 526.7814127538993
413.5504406869968 529.8291304269115
401.6570807368177 530.2636059727646
395.6597017517887 533.9802027053908
387.60308677396756 528.0400117506238
381.57793320891557 542.7689905439512
377.0580669861454 549.2783140680293
371.2282918133615 559.9406566420491
363.7453356698189 558.0974281560225
355.84435574204497 546.2538154620535
346.7661443572983 543.8664065947012
353.1550518124823 535.2433916449105
335.27487421924883 542.387015434887
327.6132901866946 544.9195275645488
317.34127079497165 541.6261462359296
305.4324221981534 555.6700551414156
294.681943180813 544.7645509252638
286.7910168384685 550.9536731170915
273.97165899594773 555.5006691409212
262.5237762605288 552.4432595981044
250.89095704270937 562.8762546417253
242.02471483765336 559.2411885042968
240.02798382669906 562.2370409990389
227.5084845839931 560.981977198369
215.81991609920257 567.8405978071885
209.3256906413816 569.1979033701713
201.4082389976886 564.261536870878
189.61551345391936 567.5553759535651
183.61884407936196 567.0438857326203
163.1343382060197 567.2327918407389
161.71066143617605 570.9754925018146
154.18374836523208 569.3676097066954
140.74207707209345 574.7862455669399
144.632060372187 575.0030317193551
132.78502459807635 562.4144660127947
129.30617320043805 545.3091214186354
129.82389742922524 545.6520765731624
116.19459440872666 529.1694429886737
116.55049605181806 516.909417907422
125.6962357381207 508.3831257876627
116.75542434230499 499.047223217901
116.31037586524711 489.31636087541716
116.82057203185893 478.4988000217698
113.95103644154722 473.6175252199767
113.25907164745347 462.2133348701773
114.61999834529196 454.5499317873081
115.19959848839231 439.6462463411149
114.7913817943532 431.7663393425967
106.13584625418166 438.4749328176126
93.86992466212685 429.4868740862516
91.00227813458967 437.0002481484335
77.98698600560807 432.7774391657641
68.30742810499721 436.99532368245286
51.857945318586545 436.34011811356817
45.853085014462806 439.85094572367126
33.8920726042644 438.09953401578656
26.937457626271154 432.1855321795105
18.689512144645303 437.6151404886615
