104.39441096641703 1944.420819553897
106.08441375750219 1960.2424088506755
114.7029123266051 1957.7494358267656
128.8336880451588 1954.3950406720817
132.42247573975453 1942.8946909994463
145.87913480712933 1957.8241946375085
159.1564752069251 1955.5267568009115
165.01436314511497 1960.6410284611552
170.34046587791298 1974.1997662799565
164.0509759907738 1984.0155300266374
167.60276417855206 1996.6530824141428
170.07569659357782 1996.084778561838
173.3012960203592 2011.5676225874292
162.43521769677037 2018.4964254365973
144.8200184211921 2023.2376956582816
139.26408185971843 2017.7575706485688
135.7226913757886 2022.5759574789142
128.84243946923795 2034.441163822141
124.29076540984687 2047.2610066978154
125.60895312963447 2055.3062596330324
124.16431771424925 2061.2995570687767
133.0604207048439 2061.0295938248755
152.08428875656057 2061.0440631866218
158.35116260853397 2062.0443969646567
168.12978718666065 2065.9453062577895
177.2833887956139 2063.131990418501
184.94481077833106 2067.9526928532005
183.7498634930807 2055.4179516650715
190.79917969799496 2047.4853818914385
212.3238280044505 2039.3672496341378
215.02880830218976 2044.3700790194432
207.06667935270036 2057.2777884732927
209.43594074272542 2057.683624560954
198.24496535148603 2071.9720042727795
192.4923862503028 2066.6007048296256
200.09813814243694 2054.648801421712
195.2490083581219 2047.027661361134
207.78227480229404 2048.8094658725545
213.13204593609052 2048.6983989501255
212.31912973084482 2031.3077437074849
216.20130184368074 2023.7673495337028
217.74873487792362 2020.983519925275
207.96760176108359 2007.8135814372047
214.5554195656081 1999.0711676710375
215.50091425664905 1986.481316869486
225.2712114313786 1980.4471001245797
221.93358113355592 1969.653023458567
222.99484353267192 1951.9355359010187
221.01152785003939 1950.622368878635
218.0617976242903 1942.3571870059927
196.79506619305462 1939.6650784072738
187.01403165283665 1941.4351548193968
176.5993321175936 1938.7341223899593
170.64839795908975 1932.4441213596358
159.6531938265268 1936.2926700624928
150.61955184777895 1938.1540538225474
145.30967587260383 1933.4514533221309
135.14834012680652 1940.847130270296
119.43074932496987 1929.088646181863
113.60932596225388 1929.9947633789616
101.55787593033588 1935.367052641894
103.51994631449882 1946.6238483371444
117.923184322397 1953.2229941400049
120.06382962537067 1950.139445692702
131.31484344028178 1958.1994523248989
144.78005238006276 1958.3139886258748
149.27538835250797 1964.852493955399
161.51024183755683 1961.657925769605
166.15608712894192 1967.2195178978488
162.08866367084877 1971.6868543265311
168.26165206500397 1986.339396635708
166.79700224254702 1996.897766151769
160.14616701529522 2008.447014486561
157.66686926259666 2004.9012029277321
153.33653943393884 2017.8433427501739
139.69153055046615 2022.8279121670314
137.21508171465993 2030.0832809417968
126.08690111725959 2028.8662804731985
123.07413134826857 2036.771676028929
124.17736874786203 2036.9188141012266
126.55341442795414 2063.666863323784
134.5456953076992 2062.066216596279
143.30900835765033 2064.051881631446
156.259894845525 2055.7550826187253
164.3003901544547 2068.792054499922
168.133269898601 2059.5460938429032
185.2522851521587 2069.157832520094
187.62269907876268 2058.416125598507
195.8923236461762 2053.5964021801897
196.5545405959756 2047.631574850472
217.89128621948123 2042.4257339325586
211.2563136628696 2023.126336712554
212.61481669801842 2024.4775801330875
214.69185093857357 2015.2028984831795
220.2503234352893 2009.2557514696205
211.62435578777104 1999.823611639247
217.63718938267155 1983.8175306424748
217.1982387665282 1978.5495733156988
222.18327914235905 1957.496191826985
205.53446347501992 1961.6977727224264
196.09974395646935 1963.516631277288
177.02991018605135 1965.2231391750224
173.45062500124192 1955.7347854581278
170.6615845959502 1970.1836573293392
167.22152514834346 1978.844853476702
167.14148971525933 1996.9435743350718
169.53259143801208 1995.1606658908233
162.04831450894122 2004.2146949304638
172.67028903827574 2020.0183325992957
154.3346517280848 2026.3198862131942
142.0117197149765 2019.9747906534658
130.60162909633178 2020.90067672132
125.72819272571034 2031.2199166599205
133.98023811489432 2041.6339440486577
119.22163733621258 2052.547468545815
123.4062073964179 2058.4031510111245
128.0455763052634 2063.7407646239894
147.81165242181223 2062.5444984174906
154.82252563000137 2069.8149920077044
163.68750658878184 2061.066314043831
178.93168151308146 2067.7301361766254
184.74932901889943 2073.6909213038157
193.38763841281832 2054.2685823888414
188.2464598458863 2048.6129870893797
201.25465347196396 2043.4569740765362
209.25208976550104 2052.512735607112
216.4565162782095 2039.5402295032998
214.5537472523679 2027.6513694047421
207.9986487255222 2016.3319106017
217.74587460960709 2007.7695340401995
214.60320440517927 1991.0273406941894
218.54018882510513 1988.058413919487
223.24992780801534 1972.4292129843955
219.82518989592486 1966.1208916306055
224.0078055330991 1960.1686994710292
222.97203707669405 1949.0961359013493
213.26353589300862 1939.7677539657566
206.06773403183252 1946.594660332614
192.56634322504038 1939.9343250055938
175.46014758868543 1945.0059316307108
162.24806673787742 1936.6296010893582
166.32424403691 1937.236399005889
150.01127555759788 1927.0765866318216
141.89154408678576 1934.2085727942379
132.76444526772087 1930.6269800853731
122.00135921301548 1939.7975931473154
108.63139130489762 1927.5470301694727
100.76483466497207 1935.0491103493257
103.66056608641695 1947.3359529650672
113.17876720183699 1955.312529946659
120.3922341232217 1952.6972346751593
129.63978508099473 1962.379640385259
138.9216134525878 1956.3552404139716
154.21009878439432 1955.1367093257431
160.39718876330758 1962.1174082664966
169.31140444206744 1964.1006864054707
166.3950937556192 1978.5980502111624
161.9514223322793 1983.9808639767818
164.9516168623639 1994.1840418525153
162.54472145510138 2005.013015492173
158.0250334346369 2019.3902082083614
160.37791010054045 2028.0655650706467
147.3363158370863 2029.1777472512833
129.23564988039607 2017.1662439240915
128.7926775948134 2023.3589255919846
119.48867378365978 2033.9213780625264
123.00874044041782 2040.0461213004687
129.52939046751334 2057.8820391211375
130.83831767629485 2062.117893295382
142.7667211791543 2055.0080123361654
149.76529681428596 2060.7572472003853
160.35544615368642 2064.9598254939306
165.64009918958763 2061.237258684575
175.7319706214146 2065.76066942485
189.82275029756275 2055.212653816652
187.43390351824868 2050.39325333179
200.68724106840193 2045.237073574471
212.04753921267414 2046.79710471795
211.44553334909574 2035.1236954849173
217.3647923613905 2025.2215774974452
215.08481188680952 2015.3764868739531
217.26041027416832 2015.0576167366605
210.7948420708398 1993.7126736612631
216.39689093341315 1982.8130333510728
219.25713301808355 1975.5112564657932
220.36734275954294 1956.7774995342045
220.16324983678305 1959.0470250450014
223.1811054312629 1943.5645545924065
205.67182587833156 1945.2327037154848
197.66412644672926 1942.402901366958
189.3665375308345 1934.1442639361126
185.4352183958527 1940.6444994026833
171.18997349536446 1937.5992804051775
164.14336658494153 1939.5814137219986
146.5045836140062 1935.7508458456284
141.80647790135058 1930.3481810966482
124.72280707798322 1935.2971682915525
119.58448521067696 1933.705758473004
118.56887219114854 1931.7666015918785
105.50568658291924 1937.8289849695227
102.01302700455491 1951.7193752411167
104.78036382869615 1954.2904449085133
124.03930539789842 1953.2567191180015
134.72014689606343 1949.6887980682468
143.37274927583377 1955.8139939096166
154.16084636450222 1958.190023230904
157.64987197585359 1964.2071499708607
171.96720282548108 1958.9870172161786
170.5181237738973 1976.8631654723579
159.7724357589398 1985.8225640040157
165.72691308123197 2000.2504427026665
164.8352116621799 2006.8068249726964
162.54617029454423 2015.9797403289615
159.05049135637523 2030.1537797815135
142.8466476679745 2020.0648331821176
135.17483425170826 2027.936095173713
127.88970214359796 2026.1012058070567
122.36685895615821 2041.9180185040184
124.96451670317835 2039.941274968992
131.95317289854322 2057.996821208074
139.84272371481708 2057.381873964264
143.674502086067 2062.199007950331
147.39796722029868 2057.9417814938283
159.7440280759007 2058.0672269352062
172.3929332768091 2060.0105799996313
180.8193156057897 2062.1315362991218
194.82603040018205 2056.695423002204
195.16865714024976 2045.9177533034078
201.4155457345165 2046.792218742031
210.9421884759457 2043.796728117658
211.98129936720218 2040.3917413381243
216.74188684770053 2030.1934273909803
217.05282309782262 2020.8473127028064
212.31041391431737 2009.0400956450903
217.57481774710035 1992.332982428354
215.1333907192343 1987.3876334825723
220.08543659873973 1971.4189161250333
224.4030422440816 1969.6465402402291
223.35679444039874 1955.5315921499218
219.31346292901642 1941.51983284655
210.4280762757091 1941.0884181096842
199.1860786600268 1937.7311226929835
184.67107242529218 1934.7239163509025
188.42169899459154 1941.081117791702
169.87763151280564 1939.7939743023062
160.5704297077511 1939.4520617947785
152.48986344891952 1931.9888999595846
147.34523064721932 1936.5892549760272
132.86293881793193 1939.4545575996954
123.14746539857771 1937.121978489315
108.46283292155074 1932.2790097368018
101.72394425443915 1932.636389582877
111.87362746045207 1945.5348995741244
110.8189718889764 1952.6763679246042
116.86153456978813 1955.4357832964135
128.95024955469916 1968.405591030041
141.0073560688684 1965.307614057421
146.5213676498856 1962.1589673792773
160.63920417675533 1964.624566442448
164.76805811283396 1962.5419572418296
171.95544408388642 1979.523226674907
162.00583322934253 1987.0456508445466
163.4937150794044 1988.0055637041755
163.69381437227156 2006.5293942889602
160.61795406557133 2016.3048679351273
157.11333398738006 2030.1488073997368
140.8958860050964 2021.3429497822003
137.27476673524822 2022.5036564006675
128.9630127742174 2017.778560093942
116.13049489663683 2036.510565942079
130.16050467720143 2043.9618051142
122.45193263374341 2052.3713552897448
135.0278236641392 2054.7458499863137
138.3389924675908 2063.437211504552
153.09846631982006 2067.31351829901
165.0345431555435 2069.9663187465567
174.7039096665123 2072.648393195535
184.20520032243957 2063.825794741295
184.8276070549934 2055.701105472709
191.00563391654697 2049.0189312567986
194.71593900054782 2045.4960997844591
215.9185184629734 2049.8113502411875
215.0661354435291 2035.6762599929239
211.6752103549343 2027.3285326942257
217.11079967130135 2006.5517162090564
209.86993229775777 2004.9934838019244
220.0785566040415 1992.101469932458
216.77195553456767 1986.2854308528374
220.28638791594722 1972.492552326875
210.24747166460045 1969.19167114902
208.68628712272843 1973.99736384371
200.4481272619671 1968.8338761450818
199.3970421271063 1980.9094916934196
203.89882287852174 1999.226422628055
192.14255565042998 2005.89019272312
201.60850948735109 2004.8186864910015
192.05380505083826 2019.6443678118062
194.57378107855726 2029.7641249952903
191.06514744858956 2046.4314884724074
204.80532643803832 2051.0246801688963
204.62944445118995 2044.286517916195
212.803983713963 2027.2812263835901
212.39731546995216 2023.6540908591317
210.3183108371165 2012.9720657807395
213.7282024307313 2000.4126383376097
215.56787739918693 1995.182207213398
223.77866206053622 1986.4758662131874
218.27221956880138 1975.1599021984644
225.1192550655103 1958.7639015135596
221.60661532223412 1953.2603566581608
218.0445367854152 1938.0845032209006
211.2714588107676 1946.5590554080536
197.73454615920545 1939.1086021112021
196.00409926596754 1945.7003372733782
182.5651182276897 1948.2937683093746
177.75586988856068 1939.9906757764572
165.24587661696762 1937.7530510856948
154.49804331353937 1939.620796162708
148.62546637101855 1937.1867321712225
125.3312554413778 1932.764095278174
116.95776526428996 1931.0986944795427
114.21681327885507 1925.2271552899713
103.93282936465084 1943.8506682631153
112.38315846418087 1954.3442151573238
111.85903769560005 1953.7991051959725
119.82513088638184 1955.7996107026697
128.6268334820525 1961.2256597536552
140.593069294387 1959.2406820573685
152.41387527061698 1957.037457248998
158.50818927993728 1957.8514698605386
169.77894273490304 1972.4534329998776
165.12648974879548 1971.8140608810559
166.39116348457532 1979.3916821973694
161.4970689339708 1997.3421166401583
163.31315074502072 2010.7251373790173
163.13922914108045 2024.3279662189461
149.4898896350076 2021.8843333201114
148.1841217281902 2023.1920673281656
131.65427148274662 2016.7865389446915
124.47959626632314 2030.3705968101378
118.3614760809668 2044.401562343142
123.11173936471116 2052.445731862037
125.87625040543207 2054.9831276583564
133.49736778236138 2062.6465214725995
142.26160002459483 2060.0930895575257
152.70387152971747 2059.9807107242495
159.63221048373111 2064.407656196504
169.69135868291102 2071.123298110249
187.00856359232378 2058.1109597878885
186.57925071110586 2053.557505977599
196.57141281282713 2047.2068120185686
199.19304456237813 2044.0241657868842
207.16635044833384 2049.135840477606
208.8229146931637 2033.804862168573
212.69465422514241 2030.8578714091186
207.3422503626602 2013.1622797851428
216.2110935387884 2005.568241664553
220.55079614050172 1988.8756909947808
218.22121186535895 1986.773010826991
222.160757691503 1980.4673525223416
220.0463383796509 1971.357331883726
215.84613217431186 1949.0559551627273
226.69569092091353 1946.9221617933688
210.7502713017831 1937.4436188902241
203.76792647260274 1939.4145964580334
195.717737706757 1934.0591455702768
180.8648952675369 1939.5790726620821
169.0126392748704 1941.8562290879074
160.7696835009836 1937.3317333002212
147.4634036575484 1935.3323889747228
137.80295454628913 1927.958906638839
126.62515726579673 1931.1513789972435
131.85549685626725 1930.6530448053243
120.0189790081721 1927.0268809241902
102.25046377839526 1945.6670696807573
109.71569204903709 1947.7526428774331
107.78219209795127 1952.8195486709876
125.41551571653939 1958.8612738311085
133.19965849133774 1958.936331598461
130.34170556892585 1958.1954438360117
139.5130496721424 1960.2448111127346
161.8106765767074 1959.906733049983
167.6013408170874 1970.064521767204
160.3636139089357 1973.4946880615917
167.85465237971212 1996.170436539341
160.40896093825725 1986.92290630841
162.7150633541004 2005.3586280936117
166.64973246976575 2018.850408927319
155.10987766428372 2024.5403091436522
148.26477863045181 2019.607733817915
128.8663012587335 2026.0455462964762
124.64268170525563 2019.3941810588292
127.91514953578354 2037.6264215902484
120.43865631691851 2043.5585334453413
123.84207324815401 2050.3357607814723
135.73498832333323 2056.481397368716
144.83121695652332 2065.438307938262
159.01049191099315 2062.6011499047395
165.17551553581697 2063.3554403450885
175.0098593422945 2066.147214538111
179.66041221412272 2068.128035853293
193.46235961836865 2060.494026326078
194.00211903646854 2053.1872045624186
206.4917147253626 2045.4657819138959
203.0349860689953 2044.026740851185
215.7857142020537 2035.0723192235093
211.0898521876097 2026.532859830002
208.29217644922034 2015.712337506669
214.61481809081363 2007.2109834137927
217.08758211568278 1998.7483118074663
217.3425376159047 1986.6371731953252
219.9475492547849 1976.2159078126153
207.73236947420233 1963.3035078308517
229.42817430859913 1954.1087284719833
219.37969357151405 1946.038285899847
215.9828388511151 1947.5501219622513
204.65086609293178 1948.11477314222
191.7943028961878 1940.4706709955503
182.99551225649992 1941.576881951537
168.07143119646668 1943.0351356150734
167.29169892224218 1941.4120996609843
152.13359325039642 1936.0131430137237
143.87592989584778 1927.2217614251865
132.97744699872476 1922.3359597214655
117.79708327994575 1935.2562517187669
120.38891719202245 1927.4966871656459
108.50499119262173 1935.494618861739
102.33132080391995 1951.9379608175261
107.44239960906721 1946.5351342615475
129.550186424868 1955.6893796010884
125.91315352842341 1955.2580984161227
140.25240375179445 1959.6691420446969
153.42825697745997 1959.3014799094478
165.04354784463592 1962.951126165545
172.14750638402944 1969.04953979189
168.02956962037211 1978.6153965267786
169.66615103719258 1982.7267513416152
162.9495743103134 1995.2621367103022
169.82196639364926 2002.075442804628
158.70257601262705 2010.5704175517258
155.58949511299718 2021.3782021594925
143.43472203260467 2033.3930657338708
138.9468147451497 2023.9923177883325
133.65212198079556 2032.6710071164007
127.85222744774796 2033.9288092134013
127.99105392804184 2044.908388898609
123.65832155008663 2058.330075935502
134.03256272941982 2064.846143762638
146.59762787025656 2056.770564953786
152.53599153138134 2070.1099385755424
161.72776925197118 2064.8711293524148
173.3430556612012 2066.9000120965065
181.77827401137128 2068.073251346795
188.43709318062312 2052.3189989216676
189.4512802619474 2046.6348542852168
199.92237803022985 2040.932485036889
206.16390963335752 2040.8436773181693
206.52581406758108 2038.563923753871
211.54670586926247 2031.7524176353936
218.025370057937 2010.1726064614902
219.56415788274805 2009.4572145353618
219.17575531730637 1990.0071904809263
209.62262827246056 1986.3246091342962
222.7834569866807 1969.2093119969377
216.24678559890543 1976.9382757171866
205.8758365811633 1961.4869619892274
194.1931207235788 1958.9945143716707
179.46059620038207 1963.7349993954685
175.62575459473672 1966.4085175731702
167.320852146564 1971.656584784668
162.32563390663913 1975.335176511249
169.6374172857477 1986.6086081348308
163.45583821847768 1998.617977476947
159.1270529420629 2009.7957396569448
163.05315064013922 2029.093944476113
145.91491689674896 2025.4551827764526
144.0840689880778 2019.0813520453632
143.13753554777836 2020.3637145706355
126.39922613892003 2021.8642746966339
120.53706950856893 2038.4837101356852
114.89976281665724 2047.581390320412
129.1852527883486 2058.191335597555
133.0083701559675 2063.184422583254
142.7161910290896 2060.639697628841
153.15800250453 2068.6831003260454
164.4099689311472 2062.70362718647
177.07283004350955 2068.935133510898
186.48714310431419 2067.266016630371
191.44026853962177 2054.6223272653406
187.8332191470992 2048.014636295396
198.127859152135 2046.704600016704
205.8205512369917 2044.3672790299065
208.1803983973977 2052.586784268207
211.44339870017822 2060.272000140179
203.2652397066443 2068.657488747955
187.9096656687667 2073.1118337296716
189.6341575187414 2050.4246350850854
194.1381264622731 2045.0722516751478
205.99956611655875 2047.0740413460264
207.46763480780152 2041.6430481778364
215.49933285049664 2036.5997063097323
212.04657763022703 2029.266499068504
217.22700720476055 2018.7730759751905
207.28610696308414 2001.149896985349
218.60267973523813 1992.1601313694082
224.0037555580369 1986.6749379994808
220.02367189384054 1972.9058788364582
223.92613439794783 1967.512997091403
220.3753846490056 1954.8273537511773
216.9443675753058 1948.2424007576328
207.49728992098466 1937.108595857385
198.19216052865423 1937.9987048592411
195.6388016638336 1940.4829825738007
189.50231844046866 1938.460932991573
172.8498395960674 1940.0996877379268
157.69989044241288 1939.619531230531
150.65390825360078 1941.2581618230872
145.75161829447794 1940.2385986556978
137.68349994534626 1928.5346623685296
119.52675396193287 1939.0476035902127
111.54293632223292 1932.5357177986957
108.00628702138926 1934.984865282874
105.14315646080753 1950.5031897958008
108.83140420814003 1955.6982244116389
114.62976342692897 1949.7389791719152
132.32906226871657 1956.0666316623092
136.4462863316822 1954.7188362732718
142.79198891495022 1954.0178462287136
162.80235848918142 1963.2753897312919
166.68819248720865 1958.387938587156
164.6861828014232 1980.3361127473302
170.06022064158168 1983.856172434704
165.446641964307 1996.2715601453535
163.70714824971924 2008.8161899468475
163.926654224258 2012.4828306447287
152.34741045758568 2027.599869922715
141.91534937590063 2021.5572959822496
130.81001567575032 2016.9748806471737
124.05919995040857 2024.760691045303
123.20045619944663 2036.5290023539014
124.73310931060078 2047.8076355801174
128.61771620531724 2060.593855848743
135.22054140954322 2064.952994982388
147.20817573131455 2065.391179254448
156.05361772062722 2066.380990225623
165.93716065820445 2063.5042173536212
170.30915942017376 2067.3754396119803
188.6980730428341 2070.0363916423826
189.96419509173907 2056.529350856818
193.37189368402414 2049.2793207727177
204.24749317191925 2044.3116566838319
208.59295707012922 2048.5455739418317
205.9147584569799 2060.8830851885996
212.64553364958596 2058.9638213193957
196.33938930760925 2060.0011625790526
193.4874245374619 2061.4382220261095
185.25931524076302 2053.511999874922
188.7684931404208 2049.804972409653
201.21991151916765 2044.7716591198505
199.987083206795 2044.1738191163706
200.5222171978608 2055.3991679103065
206.99394134377167 2069.4676069457623
197.00050695127206 2066.9159571364053
196.76270133024963 2060.79180885188
187.94978055744443 2060.2869744036143
189.14261281574153 2045.8385406376153
203.1140123689866 2047.2060338503113
216.33658737982327 2048.3857088863106
214.12058515186567 2034.4905918586335
217.596779003363 2020.135473991289
210.326078613083 2012.6349365134386
207.70522757123982 2006.0770783497253
217.03878567714452 1994.9498056391612
218.12694358318092 1985.3862312102585
216.17118022278967 1974.9222955383584
215.9360680997254 1967.6203367787948
221.2490385044147 1954.2353006159028
220.25967175032602 1937.498971062957
206.4301169938801 1943.9648696627396
202.74227712059596 1933.5879398989334
190.8158063485425 1933.327407801704
184.38241238298167 1941.5576959786686
170.98279932437302 1936.7841193011395
160.8393231219288 1930.8152814953855
148.54802199999634 1936.9498065901219
142.95795845703915 1936.794834003295
132.54421025913652 1936.5222240456142
125.7105878746134 1935.0176489126898
110.81409971579978 1931.9118821391603
104.2148226631268 1931.6481026651345
106.34618757872373 1943.8349757869587
120.82068235430938 1958.4934139156971
121.82250159157705 1949.598303713816
124.28209826428662 1956.4105682964305
138.9806763376407 1962.3679747481322
147.52738311085142 1962.936781460502
156.01109793347797 1962.548941505982
173.37517009830773 1970.4609267997744
168.92100571928478 1975.35741797904
164.01460646407625 1990.4487014910112
162.40037542268468 1993.5842144685175
169.27442928940562 2006.159688300892
164.7622991900185 2007.7091968625161
152.7960458691595 2028.372018629736
147.34293200890812 2022.999775791251
133.3103220601684 2021.968499163309
121.55157590252695 2024.6638977950304
122.11164274078506 2046.8110629931336
126.34734232539199 2045.4585627342865
121.93626543776676 2063.149260144003
138.3941131093308 2068.142011246224
140.53528639648772 2066.943464921419
155.7721152151617 2054.4393177046945
158.2287440208436 2058.4666185045953
174.23125375206328 2075.655530125555
175.27825179771116 2064.296359525837
194.0337210105126 2060.3639070821564
193.13825770123722 2046.9470489472892
200.86469756208945 2044.7539280433589
210.25714616941113 2048.775097190063
213.38036358160156 2038.4156948866676
208.26650430420366 2027.4733577572267
212.61258427654292 2020.7042670565152
205.7569053395765 2004.1520497085937
212.70211931591345 1997.3455305056357
220.19443351195378 1982.6822724332276
218.5896074902049 1973.9714542327144
221.65545778848104 1964.3842116023718
203.60096398023168 1970.3574695992731
199.08131470888708 1978.1097599507789
196.2770738013122 1981.3275749660652
193.1894035298177 1989.535916654392
203.13731361028726 2010.6447761559891
196.135631313131 2016.4770205123143
196.72031282844222 2024.585103666123
196.7828965210345 2025.0412415998587
185.03741512167213 2036.3441071868297
191.86954391924448 2038.4784888186678
215.14038274724962 2043.7102218792954
208.937925627566 2057.4885570302963
213.97378189962933 2063.6483112672995
196.99485094632442 2070.3756392012538
197.90452833230657 2067.161173898184
188.7895666107472 2054.5658967053446
189.39136384245413 2045.2106336101708
203.80482037394773 2039.908788733383
214.9443017045072 2043.1855386914033
217.18263828963023 2030.9061044710334
218.27795106941412 2017.5078505132767
215.4478341556535 2007.5667632589668
213.45380560639634 2006.020567098998
213.1361583620744 2001.3210754575784
226.0994451693252 1982.2819486390172
218.92679852254415 1980.2286740332752
216.3331956554938 1970.6018042807611
194.28536843474313 1963.3145315982613
202.34286837435673 1979.0674260899452
197.8706322047383 1985.292786825079
195.49133389640008 1992.626458408679
191.60080825683704 2007.6630167980964
209.79388612297856 2017.2399656995383
194.05065653253095 2021.1278386876086
196.42227662760467 2029.5339650374558
193.17773787993772 2040.1455971492614
200.0257222177707 2044.015916918983
209.75887411318348 2049.870152488619
208.6636000755175 2070.7650286758217
207.31193555166237 2070.7774985809933
194.49066218577363 2068.137335918383
182.99962352248426 2058.005933939548
191.30928322452166 2052.600433567349
203.8018071980844 2040.049810125183
210.60843485604715 2046.422805261219
209.54405846730376 2054.6195968307625
213.0245237055689 2056.555463731781
205.43912587281045 2065.3781393477266
180.18743175273565 2056.6238035185
192.0638783154151 2055.599919018465
192.10123335392683 2043.8461135792618
201.01341603894136 2044.8689606492553
211.98802634698944 2044.6480049122858
207.1077518805269 2062.166312560361
214.496976151826 2062.8342040305088
206.99762997780584 2077.5456549023625
185.33500602972316 2069.960396137192
190.7681244046662 2060.7209378144603
193.08536006210312 2051.02111613352
202.57715420079714 2041.2197283699422
209.87348019023642 2044.4972673059324
215.4121458567825 2037.1832942375854
216.14873233037613 2018.7996554007318
216.78140303890228 2018.4578054674823
212.38588618923683 2006.32646101703
211.3925078170933 2002.8423927417089
222.76466605704593 1986.3846075823853
211.197433917706 1973.7667628832303
217.59371538619106 1968.0817856454767
209.86444102908484 1971.954529578531
198.44722702822983 1966.8679020697373
185.057307229314 1951.8938323232017
172.16958053485632 1961.2543363992484
165.05743362746492 1970.0924236496153
165.81813315999472 1974.5610291442501
168.00221608284312 1985.9496906304576
156.43103503077637 2000.7471152817964
171.5735450197666 2013.788498268676
161.58063305418884 2013.47011949251
145.26801337880698 2018.1572521759476
139.93130660578112 2022.1872137094117
131.19699163662997 2016.0431963953376
126.32836671892682 2031.841078472445
128.5252352070394 2039.976327518182
126.10591612403152 2046.076571907372
132.03860015192805 2065.150795205568
136.90463434366572 2067.2756313329432
143.10212021057302 2054.9637699553755
153.5742746836 2066.1488351155194
165.17500363291526 2057.7123836562646
179.6321393162632 2068.4406178026125
188.65889702675307 2069.3262737183836
190.140865831604 2055.217588493911
192.82497854026565 2042.7104726547109
210.2937829663077 2044.2952906817316
213.39700764147847 2039.4388872421898
219.78545679414256 2040.6943478790017
212.22883890391788 2024.7145159562565
212.1440099453935 2013.7443290973997
207.72317232437908 2013.1475806483163
213.2620934125573 1995.2553657563922
209.8006096496082 1981.60757567478
221.78416941459636 1975.890998223638
222.91656117633818 1967.401522189164
221.1072167979085 1954.5201409629335
217.06582230022798 1944.1001176139996
218.72035537183496 1946.26314357519
201.22351671725806 1946.8228829565633
193.21251378431052 1937.376980352697
174.708630367554 1933.5561346499594
167.66606459915846 1936.635233084666
165.19282129258227 1939.0469232683295
150.25250203714378 1931.0408672915632
141.8859436882956 1931.5587402988888
133.59824174968517 1927.9719060612442
119.59147480899502 1930.3792846356346
111.03685120104214 1928.038006546349
104.09241638146793 1942.4297857713475
105.05855760114838 1950.29340042492
105.82112064612046 1953.2163000935846
124.13032271247354 1960.4097087503112
130.21730468553906 1955.60250495537
137.98541006038818 1957.5607704637066
150.9113629775296 1954.886187316933
160.14067150223758 1964.164956710375
164.47263248165646 1960.585665998195
172.78004384315005 1974.853837867191
167.98015755583316 1989.4063806786291
167.92071977736308 1998.0386218792457
169.63675798938152 2004.062789152757
160.37470099678464 2018.3199787168392
152.26426023897906 2027.5161265472789
150.7747420473332 2027.5505312471455
134.79562319013624 2021.4164850845768
120.46616223567663 2019.6291487240103
122.20809283974978 2034.4554732629833
131.15333315704135 2042.1438143032603
127.33805088154011 2049.20320466644
130.20159455484023 2063.8433469356737
146.7810827309733 2067.4280446137127
150.88151243943167 2060.2536279424075
161.34196786532797 2066.0658312438013
180.79882132067317 2058.778883898758
185.4205956410335 2059.858193327082
185.68902474263325 2060.65739499564
193.52836402594323 2050.1119690139067
194.3575214619652 2042.2403960054346
211.7329365202196 2036.9642706728084
212.77782410655837 2054.3969297517465
202.3780679854881 2064.7768847216475
199.85561721192002 2070.8194060306864
186.63655137945213 2068.532251413284
185.21823518344237 2058.9200704457885
193.87522734462314 2043.6339426246736
194.54045540469315 2044.1295665945672
215.46491236811997 2044.0482601059032
208.19784555624142 2051.5421312271565
209.3291899492512 2058.4373654080996
196.23399382423756 2065.9783116327712
185.0349644767393 2061.6512198045043
194.11676674513524 2065.7159327681325
192.96342716762638 2046.20431015181
200.83370815183395 2051.557190870111
204.6989786067029 2041.1342437244293
224.96731896112314 2052.830189188086
205.4808216494919 2063.1558434808703
206.00742233023772 2073.134021113372
189.4192203739949 2065.9259603569117
192.78976927219637 2059.336127490215
188.10580072851047 2052.7922950905454
204.89272687517138 2041.5327059901147
205.53321544153607 2049.1499746032564
212.74131299106213 2055.879635544318
210.8499814791319 2061.726646143427
194.64165542875273 2071.3435060648962
190.44070017529128 2067.143512349809
189.6528325079379 2056.9454462168283
190.22689103208285 2049.065739801166
192.9303773227508 2046.722368588498
207.95832540919827 2046.54881595062
207.24227210754725 2057.5991680981733
215.50038854345084 2068.856139456781
187.9384912352266 2066.6098612712767
185.7840347686709 2068.5986103485766
187.11768904259105 2057.7705827490454
187.95645332417408 2045.5882123794045
197.92690228000006 2044.9791098750793
211.42025504726766 2043.2160719462022
