1537.4584854973891 487.2325074904488
1497.8953112760205 474.8586252142881
1493.4617253299286 442.88148876775773
1466.8618031520011 444.9835351960101
1460.8535394138544 468.21290655069197
1476.3479914119657 443.0861713238895
1466.8999405611978 456.68475063697053
1474.5493180841606 444.3227319265233
1467.5255326525266 466.0438791786581
1471.9131815589806 434.53003105079404
1463.900173570305 465.88474452954847
1475.3445437593887 443.55529881139125
1468.2483398998702 467.5380339411977
1481.3285650589712 444.0860376560632
1466.0031917261795 466.0616910121981
1475.0833173097474 439.30902709392984
1467.4924092503757 470.8054951941165
1479.503777440766 440.9445664205095
1464.6718623691118 465.2047267526151
1480.7914098795477 434.1477653410944
1467.7837479008713 471.4796877619967
1471.2463187479498 442.3901820622624
1457.237813447566 464.4816143800053
1484.8415630273812 445.7221458489042
1461.6290322059667 468.2956518782726
1483.2206782518883 447.1350346528864
1465.4066922917914 459.9967352284697
1484.7710259157147 441.3817242380335
1462.1901441186317 477.15763938521
1481.3479855964522 441.1495546210303
1461.7918970757687 464.37420979328385
1476.861615782209 439.9457869871029
1463.4325224120803 464.9015837619825
1484.833019057669 449.29227603697456
1467.7276269707434 470.6871849825975
1479.7031019169494 442.17739019736763
1459.3711771567603 463.46902094776294
1474.4829603260177 441.3794534909872
1460.575912910359 464.14212218230426
1476.7751942598302 439.68336740209037
1467.7963550876125 470.15438924034413
1479.848334130675 435.89514219740374
1466.066172754796 465.6948116716242
1475.851553430566 449.4717972989186
1463.4039974710581 464.0322491102174
1486.0779617810367 443.60284189831447
1465.9157979958045 469.3454188702828
1479.4058970191725 434.7449004679373
1462.8401136671048 473.35674641229286
1471.3366496182011 445.0101742881337
1460.0417434950994 459.24648379478765
1475.5656985309192 443.43335669273205
1468.8169910720906 467.3951820636641
1482.9577036992575 431.30430522297536
1463.8354771509196 465.8759215207957
1483.317252839578 438.7931490738696
1459.3454509515632 471.93454941146234
1480.8384613986766 431.65853457623814
1468.1497917549918 466.21731676715035
1476.709962081697 437.1863536330539
1461.858998520829 460.8290068192258
1474.3190307236675 449.02040484404836
1465.1756267828248 470.35711834039205
1486.8496447425016 436.44324666153983
1461.3474119325385 464.8180218589797
1480.319849166891 437.16917933492493
1459.1749677415119 465.9652810630316
1483.9352992995227 441.0865910029102
1463.3352765860975 469.7393749723936
1478.9403456842044 444.7970773851791
1462.5261032594528 468.12421882436195
1483.5255571232133 439.23327131140786
1459.1300838659358 468.30962600722773
1475.7116408125812 433.14703144579227
1470.9489425880254 466.12208185869974
1478.4868390318882 437.3028099883226
1467.3989312243123 465.8625681892501
1481.0948067709194 439.481872852232
1461.8601388762454 467.8839325965922
1473.1346042422585 432.49706042974395
1469.2032842868746 469.728378700592
1479.4075342768526 440.6770955567126
1465.3961649142302 464.15322685360775
1476.0054090984804 445.0965808721877
1464.5412797815832 461.8727214616347
1473.451134334656 441.6919252526072
1465.3551553251318 464.27394207619403
1476.096737221749 437.16369572842433
1459.1715527891834 465.935012539612
1484.7196150249022 440.85327951566137
1461.9013051353036 466.111224809713
1477.1549954542536 446.7793392587898
1467.6981199815677 470.1255406964769
1479.4388135469565 442.88979507824473
1469.3030565253666 463.81089676132143
1482.5891813648827 449.0213328166702
1465.7114839717613 463.09079646241105
1478.9488968881594 440.3253211798323
1463.936423346304 468.24849921840246
1481.7231900592433 444.9104713058981
1472.9441006127433 471.8017646622932
1477.1740676849472 438.63981121607964
