412.3890509938313 1503.4437595239312
412.46740830784245 1491.6038978863155
399.91870611021 1490.9952019580846
402.93566058109275 1489.5005913646773
414.5847720544978 1491.180282432148
421.9640054993775 1503.778516502204
425.55078725599213 1514.5003790587346
417.8750770732969 1512.0329771080721
421.7377064040709 1524.2816525444464
416.97859278936386 1545.550556990279
418.3414720511999 1556.3522246720165
409.6261375409064 1562.6291492784956
402.9261964621569 1573.2755375960974
389.29420391150546 1571.9453988061152
387.2159394739184 1566.0668459667415
373.3173193838316 1568.5364073635683
364.0562688110489 1581.6872494891727
368.8407086189941 1589.9495545082104
361.1509475612597 1602.4674931040602
361.39480811504416 1604.8191140364902
353.3547629863035 1617.4504950428152
356.1821858011002 1624.6855577715273
351.30625292005055 1634.7671224685057
344.482175086545 1640.2152133841848
336.05835168040323 1651.5328583068606
346.51444003940753 1644.3023512586071
359.0688966984085 1634.805685441887
360.8426310184199 1626.821422678791
364.7733920442401 1616.9674904706092
361.46042570361254 1614.8002504575659
382.7378587375738 1606.6600971283995
389.9916835080257 1604.5181110768558
383.58060058527303 1598.2520193372497
372.916575629816 1592.0552741545164
362.0236546201315 1595.7776392196752
364.59743958216734 1597.6429756129082
350.0695836064186 1618.6403598167315
347.28271323353175 1623.540317583693
352.9380724523441 1631.1034528760497
346.68128686441867 1644.7570019528825
339.40161834137024 1651.686974820024
335.83774031614877 1662.322738382196
328.69384459674154 1669.8416678243073
326.0881549217841 1676.7813533225017
339.0600227008657 1672.3419975366562
344.0389342657336 1670.491568319849
345.5457505422765 1659.1956038265075
352.57283404753144 1651.4362439000158
366.8815807919289 1650.7403486462567
374.83621549194623 1648.112465442239
379.7655395849382 1655.1222177453353
386.1043342856717 1656.8941607450424
400.1769238197609 1663.7897844774932
405.65085834862504 1679.5148129075578
407.99307387058025 1684.1426534137845
409.51965850125123 1687.4403046775974
404.5656846651432 1707.6267206132404
408.06142534119584 1717.695236071712
403.5195011247354 1719.8860400559963
405.7799328480414 1738.5532877229161
398.98379145884275 1742.0958651486626
402.906841836924 1752.1480060106335
411.8907462417208 1766.0677006980156
399.95603859758353 1779.079318451024
397.9007511184037 1787.2408580546
401.68008326306216 1791.8564468370573
392.6399635130429 1805.1014598517984
387.7958992507235 1812.137562591689
402.7048164978358 1823.1605936080919
400.87891231937607 1831.7782569085098
388.1483992943182 1848.087017996733
392.311862206866 1858.4855262902522
389.9442621252564 1868.2934883383919
384.4493538906955 1873.1784478082286
386.69462289106 1891.612885429249
385.5769363643069 1895.8015239469673
387.8540255399998 1907.1748459764021
380.9917146930284 1911.3124317164431
384.115995966017 1926.3006180674524
381.2290283225298 1924.8216225855967
373.0325518168853 1945.1885608129471
362.6813273755416 1939.3523853868146
356.9079383981761 1948.7269148084752
353.2128481238976 1949.5380072217688
343.02994794671514 1956.123215318848
323.6387951085985 1960.9184392047136
310.6171596445916 1948.5120586358353
306.9195332145077 1946.9817209401665
296.6588844791766 1953.2604943998904
283.93454362969277 1953.1411716296689
278.4781793911743 1947.5142594267322
270.8491867947786 1952.7618891338202
257.1538386558559 1956.7165014490142
248.27585474626105 1946.953684803208
228.78478122121862 1937.4963297729814
241.96528832191535 1941.4959244376937
208.31486786101706 1942.782844870579
210.523061115519 1943.6594490249083
194.41071682187015 1948.9466033016374
192.37863831617938 1936.4959548198258
179.93898795318862 1935.5101618303797
167.9585390024166 1938.3313244102576
162.61477588558526 1932.0586605240317
145.84042755457023 1934.138038837955
130.30276816265243 1930.241836941793
128.58499655886598 1936.7441254887553
117.22841550129307 1926.2223278091587
106.37902526621613 1933.5476721102289
107.52719025493028 1945.5915371829087
97.07226961286122 1950.6863709270822
107.73351911884237 1956.7876572006232
117.86862471665856 1957.105154268348
133.48512024449593 1953.633553066294
140.91552412651805 1951.1603674677606
154.12723829726585 1963.9175262399158
160.30825713493238 1963.8530829622398
168.96680709732496 1968.6117240211352
163.43980371502633 1972.355827889024
169.30640947815334 1981.711203374577
165.4098279979011 1993.0263270880903
164.737790978518 2004.770984702938
165.22538681197008 2016.0251781517077
158.23535557950825 2024.5335394766125
143.82072206041897 2021.347210506401
132.0868175044516 2030.4973143704303
117.05719676750049 2027.6280295005604
124.87355597767602 2038.6991569400675
127.5875488686093 2051.6527594877816
124.9900868837674 2060.8122968077446
139.291466447658 2070.7947068501367
146.03608900656857 2067.57908296961
148.74163316445316 2070.629340138768
165.36190723182284 2063.950306644138
171.81473331035338 2062.461195574952
185.61073416360648 2072.995751072928
188.4193980876293 2056.9901022672902
192.49124451082236 2043.1132191848542
207.70040290552984 2041.7291892354935
210.30765954499537 2042.656332901152
219.0610241808649 2032.0057163429626
211.8427380518365 2027.0871830503133
213.557867782313 2010.0979985659258
215.03573880704965 2003.0178717395454
220.93150993481575 1992.247152513102
215.75269051201715 1980.4741281958295
208.8546281216921 1975.3896517945948
211.98118048591994 1965.4491583939407
204.80309736819132 1965.1830266563297
193.06772563685254 1965.9250334664148
198.20914230477953 1982.5641553351886
196.63652688806803 1982.9304659808208
195.87276179530872 2002.9509868452558
190.7679238321075 2008.2047030529634
192.66547423935236 2026.1822113993312
190.95597904799675 2032.0926025105143
184.46565010103146 2042.1505820376256
204.3156199713939 2039.698366773253
207.95097410924868 2038.6947078306493
216.94898510290628 2027.5963791521162
213.348176730881 2017.2208759837981
207.5864640604537 2011.3098562702962
213.52996918853486 1999.3034344483467
214.96045220324595 1992.58894712276
218.08010269266325 1982.281128242458
217.69730020595324 1976.4456011140799
216.61030591250758 1966.385071388481
222.91064409680283 1952.0918423189144
227.63408981649417 1938.9714129978145
208.97636622493587 1938.895986205724
202.7984367940088 1941.8114285392508
188.8865981402328 1938.5106850533873
181.18762713183503 1938.4103959766146
172.78665582193528 1932.5802956437444
167.94130210107755 1932.404309246269
150.93344351185502 1941.510620881566
136.12299711093843 1937.2189534346574
133.97881166437648 1932.893324701633
128.80516460606762 1930.3626213324874
108.8623196094904 1927.7013520861246
105.49033000584703 1935.1474318081223
102.51194395168142 1950.1611850630763
110.43015409037449 1956.0604624640719
115.70771186763609 1958.5557012501808
125.01926506908565 1952.554300847656
137.1476074639484 1953.5636477786475
149.269288657067 1958.6932524376264
155.4214309746514 1967.489385495688
168.84439600995367 1967.550495651514
172.70444581214215 1975.8805309503741
159.9512266500618 1994.625228129105
161.2744102930388 2001.474066904815
163.8843628461557 2008.1165442225372
159.78071594895468 2017.466065384183
155.53589006318944 2031.5484798015166
141.7576977308141 2023.2628745289105
135.2030822072434 2021.7169259652053
122.02105191743425 2032.4599153543568
126.84830193137078 2034.004813100619
118.06406218721386 2041.0364926437696
124.31313069255374 2060.24690461534
137.10359640167846 2058.019255677237
144.62254346626943 2067.5022734951076
153.5497433071185 2066.280315626116
158.04977910761545 2066.1110945897954
172.87483306432293 2061.939960289869
185.57124588824917 2061.7018710280404
198.41166081289336 2058.1259071170443
192.70349551905656 2057.2582629773915
195.38141478937567 2042.342967794781
208.2024365754014 2044.895000150491
208.66614313997212 2063.0056995213263
209.79872036860436 2065.603468741657
204.96560812070496 2071.3159626833058
195.87773734965282 2066.153415405996
189.29692478126734 2063.4612260731237
190.87108475722385 2044.8657232950488
198.23750930614412 2045.3837498102419
213.07300306394743 2041.190796650815
209.1594661841392 2048.421768811194
211.37514268328846 2065.854557648527
200.99009313108968 2067.8185998777394
189.50852306335418 2062.6947966246557
187.42887877245468 2048.23228453345
191.36312838840206 2054.0339671975057
193.51351090618243 2040.8822615999163
206.0869878141263 2040.1188639647944
209.48847243584333 2066.2346519220605
201.9946976930005 2071.1888008700334
201.20715986463492 2075.7373535335423
180.49190368828133 2077.0278015644194
192.07970090305258 2052.329889196389
190.98607965118964 2047.9181883803903
198.85691015075932 2041.2741309601017
214.41529509366046 2036.4150115936711
211.77280194714214 2057.239859923938
213.95918372653105 2072.945692338018
196.49825961391724 2074.4210619523406
184.56602200911172 2062.9890904806944
195.78832251727835 2054.528754864962
195.28439471634442 2050.773769130433
194.09047228253095 2049.91421253643
210.39404853020352 2048.8887697451005
216.68329679317003 2034.532286088086
218.39187288560345 2027.5124752557629
214.70131955163245 2015.0241116477362
216.70115342135324 2003.2693121855036
221.05289435139474 1994.4171425401037
217.88393484134252 1979.6052238009454
219.53427150019712 1976.0227562056327
213.28246958544565 1961.14853489718
208.1190492384152 1966.9294369544273
189.0655217416056 1976.1514862112078
198.67356067495174 1984.2152885928515
195.41442223941849 1990.4113649321132
193.85765178059745 1997.6843471018208
197.11624557533412 2011.9269781224482
181.0224251476803 2016.4010113457693
196.13372450959872 2031.3885154951165
190.08226650641305 2046.6267393584346
204.16090667986552 2041.114761933968
214.6958975561723 2036.6960335818076
215.26590837390606 2037.685653292438
210.58598130834403 2020.8845966223828
214.14324619011273 2011.9874964283467
217.42890422269087 2008.0109722050165
215.60940849560976 1988.4741455222445
218.5908693759973 1984.6639417763695
224.01198170187538 1971.7357360485767
208.731487859068 1975.8123383942786
199.24021274081824 1972.8713721382837
200.05474136061488 1973.9669528897728
203.71555855298323 1978.6433881695955
193.48362411167994 1992.7651707425857
193.074841690293 2004.994888615352
195.7636187548269 2016.516186525081
187.14538261986854 2018.7053076758434
193.98710611801667 2036.0827067906662
193.6222266210338 2045.956067662082
205.7874537784523 2048.4375369284967
210.0628377868723 2041.0028561479924
211.7609973808971 2024.8548443777356
214.64782151120002 2016.9619852615424
219.29537116052123 2011.7610958386283
214.3255560682517 1994.8555352978258
207.56570655229956 1985.5345301092734
223.20605128702164 1987.612181948184
228.0462435291802 1969.9753914939845
221.37650373084838 1957.6014551487337
225.9406886981847 1950.6491775250336
211.06467125572405 1942.3425729534158
203.15432369086847 1936.3954282499078
199.2083749869453 1936.1629773040531
185.28748013262788 1940.362665615546
168.3643933596982 1943.6727831497135
157.84188333521138 1942.300383139059
154.19878195945063 1938.9171110938285
143.79677838359075 1934.1605336692423
134.38756432022154 1926.068950716817
131.1527786924256 1941.356388502683
120.82646848109832 1929.1163023327886
103.20219503082052 1930.5923933304289
103.17251377213438 1941.240968577171
112.25251456005611 1954.0443013030845
113.0786290815139 1956.8128037202737
130.48515100289612 1956.7461059906486
144.30088909684866 1960.361427471804
142.40527221863888 1967.0617193338053
156.12499061664025 1961.1862328124882
170.44333944990038 1959.8848588242588
171.41929801888386 1975.627575710136
169.30101888553827 1975.1259420050044
166.7152351238512 1994.6211922259274
164.11662104472398 2002.1495401346936
158.6794250449507 2008.6545724507391
158.10232767090798 2017.0565143372824
147.42785154309183 2030.355651839192
144.87498009748012 2020.834029087276
134.5143671413969 2025.130554595276
120.13985110172881 2030.3852393254492
120.21647084844038 2032.526834225187
124.50558224956922 2053.605099539059
129.6642917858962 2061.28134303766
140.2620237564651 2058.9381104201616
143.96565956423802 2061.937945431901
166.86048761072814 2063.571369359606
170.61500700082422 2063.053716220036
176.4910658605573 2068.775218299005
190.62260975672302 2063.276679485338
185.22630169313703 2065.812215847652
186.4049808937381 2046.5874728900262
201.11212765389755 2033.7809769983885
208.5260435239908 2054.717176984222
214.13928462475494 2039.436677657022
213.58074353717768 2017.3453221749253
218.04357826401318 2003.592766381514
208.91908365678384 2006.7725791966066
211.77368036789085 1999.9273973809593
220.70335721273705 1983.736783455387
221.79551212946976 1972.0007488419753
213.33824543787935 1966.5071602988066
207.036778460819 1964.4636787140532
193.26710707204808 1967.6601304433327
204.56178223387064 1983.170510039289
193.77011597711805 1996.182318275193
199.4716286583422 2003.4729151622405
191.74875264171303 2019.6783326079994
198.5261601944944 2024.0954768959273
197.67195172319677 2030.091944110963
188.5393277130575 2041.0560726406127
209.0162009363773 2040.119903990683
209.49652665584455 2046.245481971028
214.29725800867146 2050.224901037308
212.71147430269812 2071.9687798164896
194.6709755284631 2066.08932451769
196.12839366629666 2065.2062794759586
190.10335042607147 2052.9470355503986
191.14404138492955 2046.4798577018064
207.14272065058006 2045.985468377631
212.74778938993973 2051.200858531143
212.3917338636882 2038.2961875381548
216.24756249401912 2024.9310308703066
214.752561018325 2015.146631853913
217.53635328571548 2001.192615977458
207.57144582981073 1995.1588818516432
212.78939850275108 1985.025894177487
221.41968401287443 1960.362545535734
221.16640696665493 1966.8187567894963
221.0959435593062 1951.5892590209462
213.45621837279242 1937.8276114752086
210.65122559761937 1944.006120817133
200.26611615023236 1941.3583307487822
185.8863667340658 1938.2483169155648
186.80801317166234 1936.081612499626
175.35468036389264 1937.9979931077155
157.9079341509371 1937.2366642693855
152.32357759689188 1935.6165085005537
144.43344515404087 1934.8205686493745
130.89136856490725 1939.251300862982
127.26857738676846 1934.2595850939147
113.63891500797749 1936.7610431043672
98.19140653933823 1938.4447554694293
98.65752426334386 1946.7234442122751
111.04573710921444 1951.949079027813
121.49635461157013 1958.2753211965
131.87486330672698 1957.9220765936934
151.77446335888854 1959.5041846450097
155.73683402712007 1959.6980579337373
161.69331297648958 1957.4475737634004
164.94263046718797 1971.9492176705635
167.55225467858003 1977.0387231145648
165.61695942395926 1990.83754031051
164.68216875717212 1995.5369488856193
158.46562665099364 2005.7488915198703
158.71765638493628 2017.2930443833222
147.22996405545058 2029.9405671304735
136.57432134662912 2021.520179295055
135.33354642697043 2017.491202639155
134.4758654129841 2030.9258039123592
118.89877908681214 2033.8787248176604
125.27280750313065 2051.855297088859
124.61473108421379 2057.6660524098183
134.8644716400376 2059.808579990703
141.27493234789875 2062.786628979458
149.8815423464831 2060.402564979215
157.50874689575957 2067.1970153669217
176.3073302717795 2068.109194327514
188.1173435398059 2068.8207726238
187.2650721277231 2054.613466328644
195.96435296773157 2041.867169157681
196.76062446891552 2036.8951593329784
214.9077340197772 2049.446003281598
211.90131394713706 2028.5779428643727
214.51163466240612 2021.3371984679388
215.90255119631712 2018.465961495173
217.3343256021211 2006.5918444378333
209.46489285650082 1997.7861438224525
216.57346377351692 1992.386272338913
219.27130339291577 1974.7319047210985
220.34092096073007 1962.9782438661448
222.29242170553724 1956.3775987075035
222.00798967254642 1944.442682736219
213.36343052662454 1941.2284268038313
202.22024117229992 1938.8883021713634
191.34146901560482 1942.1282076113644
178.53014807478203 1936.671607859405
178.42280347006735 1938.371211012903
165.0629075930057 1936.2634187376152
153.2661841072729 1939.2013758915552
138.01611942411154 1940.1375490802693
132.14640185131603 1936.496958231484
115.2924743591541 1940.7867553091457
112.80268519004755 1930.3583978501629
94.08352791941851 1937.5906905978964
105.31115967817071 1946.1792687676375
109.80599474553694 1955.2256598089352
120.7362117948021 1959.7318978632227
129.81392639748634 1956.847098339812
136.18573374258656 1956.3529105135124
146.1728508265297 1959.8109648426364
162.9713424033103 1962.0128313741347
168.47618023755362 1962.3931986497566
169.98092268463245 1975.9618155985554
162.57516743123992 1984.8015694623484
163.78370247046 2003.1160361859233
164.60268274375596 2008.2773042862675
165.50090459032063 2015.7842935567612
153.02514587558215 2021.868236755547
140.80582400616998 2020.5701619149954
134.52634160206352 2023.4804890659564
130.4668278074879 2022.0189942286554
122.30206201125813 2033.2875141396964
119.44875924697743 2043.3972082109576
131.22784429530827 2067.8204775308313
134.93740116675986 2066.4551138133743
137.49026086883484 2058.9602202900433
154.4592557444317 2066.731532861323
167.97406940320465 2062.5077500137013
171.7953389732243 2061.6489079873395
181.63917340707818 2057.3724972024784
191.20883426516318 2056.096137129389
193.8601210613782 2049.996238572845
193.0979429612078 2043.7994854604624
206.92993139088279 2039.6204419222486
210.25122349176928 2030.662101732674
219.19839665073204 2027.848459889599
211.54654611258348 2016.4497241080267
214.323071912869 2002.62505280705
216.69440170346684 1994.844493825288
219.04057959717792 1983.393889029308
213.9262303670107 1978.4614083090835
224.70128208435796 1961.1883742740447
203.52871087095554 1966.078747804897
194.64744541598284 1972.763014087061
196.13170047142336 1980.7541622637032
190.71587801542245 1987.8455277917187
197.60460774837077 2003.0332673559808
197.07077310618152 2010.0498550228324
197.279094676611 2024.0965633817905
188.60987294238683 2025.4303791296459
192.29341646323869 2039.490575965243
198.22227206315077 2047.5672680781822
218.7132339361833 2040.0680544538116
217.0110434405698 2033.5379860039768
209.9952770240009 2017.6742100531746
208.85091434927722 2017.2788894861599
218.25173803084292 2006.6299402708864
225.27840976076325 1991.3991891204148
218.12780411029465 1978.1971248736525
222.33063648693764 1974.0738237710104
218.30454933403436 1958.3338352733501
218.12725414563695 1953.8914162642534
217.14547876122444 1939.7661420901195
211.74272401762263 1940.4538671408748
200.04134752029287 1937.590513783461
189.0753216710763 1936.6722492325325
173.39044514981774 1931.5074069384293
164.85646679263763 1933.0462324722826
169.03491938163418 1945.955587164086
151.00924178516016 1930.3260369644304
149.8357617422377 1923.404468146779
135.04183654160744 1926.7854380279528
118.10846431754265 1927.8189609697695
109.50152740564342 1930.458473861435
104.52687387004345 1945.5719532938745
112.24408202265514 1943.5692500096388
115.48741185473065 1955.4531579476563
125.19175795035605 1964.4985323446347
128.76103561245472 1950.1394711458963
137.89432149569961 1962.9126854590775
146.10607584548887 1966.0339210419766
163.73877346810045 1965.8387584565858
167.30327672257846 1970.631799676563
168.19125540314266 1971.381244641099
168.46744716574105 1986.6240949643354
169.74764158935494 2001.403574401554
165.31836763701747 2012.9205861244138
161.62664685218758 2011.8203845420783
154.94209787403784 2022.635767974427
137.48736158065404 2024.8408033859864
134.19389256037553 2033.9356810390152
122.39684826357902 2027.0826686215562
131.21701171416228 2037.9358327773596
120.16786825352976 2044.7181320406266
125.21670422740236 2054.464356169061
137.99582925807144 2060.9507973227574
144.70831131722952 2065.860975622528
153.21187039343184 2053.339460486551
164.0859465323353 2067.5551216561635
173.01314173201916 2064.2566321509225
177.82756222207664 2058.846683833015
186.57379566382744 2052.1098824340847
190.2482894936726 2048.768942133191
195.65018528794675 2041.2676310108675
201.97010681227627 2039.356376786644
208.79071820884525 2051.752502082735
208.0961259340718 2059.665527818478
204.22386275332062 2074.379364634399
181.21478033954168 2064.651882853498
197.57475143244812 2066.3877492653223
195.446024556561 2044.991384834362
213.57707927247014 2035.4438940334219
210.19651489727525 2045.625295039531
212.5141080679751 2057.2831469683433
216.00422640707524 2060.140236759644
207.96803834453743 2069.7824163172227
189.25627117315895 2068.716011885795
194.6480793965841 2052.341373863199
185.44519323901872 2046.6074009324589
198.9006763854373 2043.5882146568285
205.97019543666667 2051.0426475077165
216.79878130497568 2035.601108525605
215.6700457894737 2032.2656961721923
212.8281764032508 2014.1549372484615
220.42985799699053 1996.1084023094004
214.02160966268502 1989.8573619728302
212.12795499607475 1987.0284237831459
224.48805068627942 1977.2434254135014
218.7704508639984 1971.836576519382
216.26408264050303 1960.241480165143
198.21802665850575 1975.5746001338948
199.42257459720682 1985.1339246593623
194.03575102490296 1996.6540958176008
192.94997634145105 2005.2928142601074
194.54811842359732 2015.2915579354633
196.27470342624792 2022.1097050094502
195.07163626898947 2033.273996033455
193.1160979625157 2044.3086900998223
200.5204049704692 2037.3884716112361
213.4703349686916 2047.726288098705
212.19097710781432 2033.9233641506476
223.3457796961437 2026.8484559056978
220.35664547238918 2013.3698223431907
219.10763749674172 2007.5035933957606
216.21043006689064 2000.7901542436114
211.30745795217499 1983.467141313322
220.90924210024042 1970.3589492809351
211.46554965837998 1969.4649836543385
200.3734478887548 1960.3126047255362
192.4936755524629 1975.810757805386
197.31186373974347 1983.9997742277649
195.4932544285388 1994.9417495271007
195.47718890151788 1998.9681423948227
197.27359246029638 2014.5340783219729
200.50039047703936 2022.5202112940492
187.109857402464 2037.527101887013
191.99984231621838 2046.8537490595147
198.69076320576076 2044.6724621588025
211.46149143144973 2046.8359295947535
205.18489972989357 2055.0680477284923
203.19996015524973 2065.8142653587543
191.91193971131062 2065.1340552001993
178.5773122025597 2056.8444195484853
195.69367868466122 2042.4398712982807
198.65689674337224 2048.163504636211
210.35048126345708 2046.2555833325177
209.99553424514946 2051.920777189458
215.75371807556564 2066.5715793962154
199.56523792890243 2073.34105130825
186.2055977500523 2075.958980782463
190.4957157297075 2059.3604143953335
188.07057980909758 2054.543702043325
198.67409869068047 2050.883911800322
204.72775273523487 2040.2720204306793
217.0140210905716 2040.6752793334663
210.33783978437492 2028.4058437349463
207.2385051922152 2013.4100321919302
212.97416986259938 2002.6389664925634
213.1235109277833 1985.9826746362824
215.89429576424038 1987.3286233415968
211.99186601669996 1970.0734807689635
220.95616666710418 1961.249422321392
215.83912186638406 1956.857454614569
223.1334829531182 1941.8389028679985
209.5719020509622 1942.7252778420357
201.85408925383456 1934.2046298260098
191.6394669306221 1936.5238136418113
180.19167559243158 1942.1229957342925
172.07878058365836 1931.1470357964824
161.40717477437622 1934.0751735201661
156.69043348450094 1930.3740633012483
142.5829549705895 1931.2453274054087
141.61149257154696 1933.993489438417
120.93345067931253 1931.7249554487523
111.16889956937526 1929.48552339882
104.6331184707546 1939.1889138734
97.91928465851474 1945.9300959147085
111.45799951759307 1949.8921162289498
120.92311024373178 1961.7701461946424
125.17298881564247 1953.9277874294387
137.6256295748448 1953.9570324944411
153.95574327235212 1958.7937778264657
163.76833708952802 1958.404498724338
165.32203486474197 1965.5137249956592
166.6531783056237 1976.8301335949484
170.50177911177244 1983.9622300500662
165.66210340434483 1994.8230859906648
162.14039098946716 2000.0290287774092
162.00869499492208 2019.3474618035411
155.16778133984278 2016.64185180974
145.66967277275214 2021.4187739101808
131.18435369472954 2013.4895967939246
125.422121275649 2026.4601917078508
131.19287717422836 2033.904439343027
127.93760863491309 2045.6655693731173
128.11122580548957 2054.8279459290106
138.2770911429856 2062.8905907895364
142.19507739713907 2066.310680755619
152.69756301335076 2071.104747000364
167.47106117499558 2062.507532778109
178.2358433836161 2070.5042893498003
186.21317609599103 2064.9721917602324
189.12346662048887 2051.335562491428
183.10330816872718 2047.3522182109969
194.5008072209466 2044.0637493859886
212.96593959807836 2045.0950820070107
213.09978416503662 2046.0493126265367
209.55004626830083 2021.5908417268097
219.39839089828746 2015.990317136226
219.20334443744093 2010.0878607062607
216.32741381276762 1998.561217330454
213.84741537949347 1997.0099690674717
214.59403881224532 1978.620540513139
212.95710793797372 1974.3761110432501
209.94660996975895 1962.055382360161
190.19627568317242 1960.2857719136032
186.78159122697426 1969.0443597605222
180.47744049408485 1964.991688556284
167.31393042922585 1973.476593754438
160.13583204244878 1969.7454933408856
162.03595813184197 1987.420706987481
161.1880549968318 2007.053370081739
162.77085758447473 2005.971500719712
162.18935280146297 2015.8823457588153
150.97834494380265 2024.53997695815
141.25959854486203 2021.3153323352883
133.80116427724124 2021.4695635023022
131.10983817670575 2036.6869229014317
122.42739525187186 2041.0307978191781
128.38620913796916 2051.169812315529
123.75409994862557 2062.237921678836
131.51872938947943 2066.1037429122566
142.1035351034097 2067.284840044434
151.20397620962768 2055.760434827058
168.6061782203171 2063.005225733483
172.15272395815975 2058.513000467163
187.0037714031003 2070.9711513561615
191.44532786367208 2062.841152156494
188.02693233433368 2045.8972041130316
198.45406668902004 2048.757138057214
211.79187639630572 2044.0581221718392
213.44546251733118 2041.2691756139645
210.17695147095566 2032.2396532579864
210.86888249785918 2008.167230362898
209.75188981655353 2010.320878676494
220.08701084300353 1991.1372149749873
213.84263215400898 1984.8601167120373
217.05937036170315 1974.761445971597
212.8858013533235 1964.3396979666375
210.24624509344235 1967.5460954076498
196.62795095885096 1978.5319239160133
197.67725947620588 1981.3753030323412
198.59368607568908 1988.8358389639525
199.95683040559223 2001.2305995069755
189.473115324496 2015.5620682643548
199.3803069220733 2022.5948181893282
193.22210406428437 2031.0511661397918
195.64163178733273 2041.7639906080776
198.57201336523096 2045.7267229493768
206.2295528247732 2047.789582864936
204.62075948434884 2062.6744342981474
206.58666894888648 2065.809767313517
205.69124663871003 2065.419536630614
185.67834250163062 2065.958495948349
190.00835769383 2061.1145969810586
196.57985836462953 2042.5561546444612
201.4331941987959 2049.359522633012
212.32648606057114 2048.022206913828
206.9030571117208 2059.252364171443
206.23143230529791 2067.6395051999634
191.62570535060246 2070.1587186056026
195.35052508656673 2071.1829082502795
194.92069745146225 2060.247914578196
188.22722743255812 2043.299280083752
201.9699264055046 2043.1574933110826
207.75149189179814 2049.035192134206
210.28551669161945 2058.54498664619
206.00858180464093 2067.451295010915
196.26418297134003 2068.0491683925015
193.94333978531057 2059.3377907996205
188.02216509443664 2061.994331985661
191.78484154654666 2049.9032646288556
202.85750218578107 2043.8858184955218
215.37977897273078 2038.9842950042068
216.71823277748123 2034.2761909823755
217.45473854824877 2017.8235571587854
213.94571498454772 2021.0034860503918
203.76505116747109 2006.4954809115352
222.97717336566447 1996.6331264545138
220.87360665837122 1982.951570447158
215.71300429919066 1979.3902849788467
218.76713780724432 1965.6747818709516
198.47405854962156 1971.7250239122675
194.98819801222402 1964.1027764948385
187.0541944924416 1961.1755290447852
163.9808621902524 1964.3934849581867
167.95446529287656 1975.079514746172
166.31237134228067 1982.0612901067766
154.6966625006578 1995.7364822692234
160.05765075078443 1994.0063185737442
165.5136365003539 2007.505589175675
162.2569381308843 2019.054128929538
156.0668903176558 2024.703788397238
137.1069646762785 2022.8508157313026
127.79926100803667 2023.2008611407466
