3407.536275606099 2310.389947875668
3400.1758356430864 2301.6452674307025
3396.389669132324 2288.2205348362118
3384.7354443983904 2287.2648391224516
3380.62190689453 2289.6126140172178
3369.913080942781 2280.429583409156
3360.167655684925 2286.3470553692587
3354.3828307597646 2290.1746222074366
3345.4256326034097 2285.111817838508
3332.3965776282116 2295.2614587237463
3318.651398117587 2285.7522677840543
3311.997906457514 2307.0322845355695
3301.7649910907126 2295.97224252194
3288.605715479356 2302.305517555065
3283.361095280253 2299.847480946988
3276.3332479491346 2304.3204973230904
3264.067771584514 2303.0082245265303
3257.1355227808167 2301.7714322192996
3246.6272564958826 2306.7119315325976
3237.6900225865384 2308.060991990394
3227.9212585916216 2309.1676412213337
3215.227237298164 2311.2283588108435
3208.076838904839 2316.9909097978916
3193.55057654558 2308.9728132838677
3191.127757817439 2319.2410899454544
3172.7691137366187 2323.859151675481
3164.5891193577145 2324.869601452961
3161.584493876738 2329.256247760554
3145.9541788470924 2326.8066959448047
3138.4958534747216 2330.167281366086
3123.374700759168 2338.701267124366
3115.602190179816 2330.5086112299427
3105.0804047080887 2333.4520768790917
3101.0500266958293 2336.5365531048014
3084.7046741915465 2337.126164827151
3079.0195540323484 2343.8620058148476
3064.148607790513 2339.588628498106
3046.2912705208096 2340.804935456372
3051.5424971297666 2331.125797641154
3049.796951658995 2324.672797739707
3047.1873045755397 2321.2945745968927
3050.3506992293014 2306.7670776063
3040.3192441721076 2299.202437419882
3044.0050870536443 2291.970554643844
3046.661632564296 2285.085031340494
3044.1661104743357 2262.1215775305295
3034.959035989005 2259.00071590353
3027.933171062114 2244.321205614432
3037.4185992247853 2236.9675970813605
3032.8336296830275 2221.0158866008805
3026.715467543965 2221.9380654133497
3028.986649574807 2203.922716099037
3026.33893604752 2190.5338804342473
3010.6004909849303 2196.0294137451497
3002.471802872814 2195.3382225646037
2998.446939314048 2183.4833860619606
2993.0180533573566 2188.107732061716
2980.3095800997585 2185.167227845147
2973.8931777959933 2186.652865979129
2955.1549997174275 2187.3331280443576
2954.207396794883 2185.523975097236
2932.036130990899 2192.8850646999176
2925.968587198044 2189.424239710853
2929.674127819612 2189.4498833264934
2922.2746906881757 2178.906205344459
2909.082458932833 2168.7734092876976
2907.212988291691 2163.2738540712953
2903.104512442383 2153.7801640922103
2897.7909303339857 2140.7201293574317
2895.757010338339 2136.498185605734
2886.7190664814066 2123.4799749069616
2886.689476905864 2116.6257773969855
2881.007377187114 2108.1132603344113
2881.121338914757 2103.317192569362
2873.713188472346 2092.3265818731634
2864.144617019556 2083.188720869286
2864.6275190828615 2078.783878148072
2850.5619783549146 2059.9542720444515
2859.683870701535 2055.03285595254
2846.8347606139573 2040.6116657943983
2843.414883168851 2037.9861084541715
2833.440164681789 2027.6165872949523
2829.082980989495 2020.0891470073054
2822.8304931310636 2016.2082078909577
2820.488341767353 2009.8269425091794
2831.314642445877 1999.3956584578607
2841.1276195157025 1996.6210814653155
2843.7605475533032 1986.0162470048522
2863.1636030698205 1987.5495576746719
2866.478424218226 1973.99530387185
2869.8520056341745 1977.272139349919
2879.7200830305765 1962.5017112493963
2893.026474326162 1966.3919115941853
2901.7221815961566 1950.654313483848
2912.4740133842038 1954.4364028668247
2914.985947955418 1946.5994518080226
2914.260051995701 1930.3419738188848
2907.631012306989 1935.70402651997
2887.02724306925 1951.666044617289
2886.403161861002 1951.7427378810642
2881.043381046709 1952.361271211528
2875.1557774349567 1959.0180763012872
2875.5812795250845 1954.3605885001127
2858.8351744360857 1967.600324482657
2844.715668036176 1976.5836367332884
2838.8921429013103 1970.24502755381
2828.5897151003965 1986.4408766496003
2816.677011330252 1984.3679550200072
2807.5629687717997 1998.0597140879436
2803.423020239384 2013.2708472102051
2786.4156858812676 2000.0426221963683
2781.501886231521 2016.4125088670742
2767.9774051317977 2009.8881145287414
2767.833107056143 2015.4600321589571
2755.2334055609804 2022.4879827775592
2744.8901826110064 2040.4527673973541
2740.9028243690445 2036.6583306366515
2734.808572755797 2041.8495361723058
2743.558873517754 2028.7848117906851
2746.4821210225405 2046.8966473095345
2751.7768471993163 2054.060233022956
2747.117349468232 2064.512029963059
2752.1578753091635 2071.48071048178
2759.6305504175048 2085.4485640094363
2759.5602678253786 2090.903095521195
2751.8731325585054 2105.733208920515
2758.495869672056 2122.084894778555
2765.3522483361576 2124.4693796675765
2764.294155828378 2133.1985453342613
2763.81471068161 2142.307163262654
2763.688052612975 2151.276766575193
2775.153126258201 2167.875529212451
2779.460917016613 2166.2363374709093
2788.6736340490297 2173.7801330022608
2795.0987783043224 2181.911694474627
2793.882009065452 2188.6870476030053
2806.2687115207164 2198.9929148533165
2818.442276518027 2201.8533155533446
2825.948022222866 2208.382787923948
2836.294729994719 2211.0880320036063
2840.9458373871794 2206.7815711277867
2842.7686299053466 2216.506092126648
2860.5097617445276 2213.555951953616
2870.0631330533033 2220.7228771561336
2877.126544299598 2204.5431980562676
2893.6778604383157 2218.819608749259
2908.960249903613 2207.5844040868924
2909.71198988317 2206.8666871417286
2923.5831603646584 2206.8349056951224
2938.884101046967 2201.654225948236
2944.063395623788 2199.1246316459797
2953.4183873600414 2208.5911902923212
2964.919454766798 2204.384406917911
2969.7395937197266 2196.5137024436413
2982.011262922851 2200.4619937019775
2987.743106372652 2195.5106436548326
2998.6759884053595 2196.6495882508457
3016.96012972465 2190.7275973903083
2996.71109967391 2191.363177668454
2991.485735851345 2196.4749413964073
2980.1041591502258 2186.367869994973
2969.540488351588 2187.9574797539867
2956.2597103794724 2186.769595750179
2952.0369358763337 2185.8877272097225
2935.6115269166003 2190.8181523137096
2936.125166751948 2197.9453304348244
2914.3903828329844 2193.479953310776
2911.085065528248 2199.8978137992704
2903.2868367586657 2199.092920738828
2894.559244632281 2207.590848058047
2885.186523052061 2202.2676424918886
2877.7081748351975 2194.331604217623
2857.79617177022 2211.225525960839
2861.202958847926 2216.080102254195
2868.7693718304 2220.2754542879748
2883.3176759853677 2211.8945533311007
2888.5425323116287 2212.8192104802056
2899.9546296571475 2211.440107917943
2908.337047694947 2206.728296267297
2917.1121193102754 2207.8683881534125
2928.0979068558763 2206.1346302624165
2932.4589089819538 2202.963949260009
2950.8094971727937 2204.972892306411
2952.0534271605347 2197.6488813382402
2972.1477837775174 2197.552910577468
2973.4990927941853 2188.1639208732095
2980.6083600131874 2195.1104786959763
2996.035884721383 2189.7043194152616
3004.495766207179 2196.285339241321
2992.687149088475 2185.348490499539
2997.8275323076646 2193.0422346758533
2985.302084430868 2189.057298391277
2991.3791872945735 2184.1035756106207
2994.420852478569 2178.027853938079
3010.7486014329616 2177.3449862355046
3022.822618180225 2181.5846555467297
3028.4250064021853 2178.6845623609797
3034.116014624592 2174.2126553951944
3036.481358075279 2176.3394607361065
3060.1652259640036 2178.8334103171337
3065.139449016067 2169.4169524224208
3076.3301216019095 2170.6164784646758
3091.611658259809 2172.876464576934
3103.75308052606 2168.8925917937654
3107.309066215403 2161.486480133319
3118.1297771011473 2161.2965237651383
3128.8635725439376 2163.547244019379
3139.9993931329673 2158.4919668831867
3149.041036173628 2159.2396333389274
3157.5825501574877 2158.2381015980914
3162.8826391499074 2147.3363182749945
3177.265874744009 2154.827291020325
3179.951815333054 2150.251689414579
3202.1659241287716 2146.5413924209706
3200.5931515344546 2152.9555421645287
3210.4875936714625 2148.7117148269
3231.699859327386 2143.99361526855
3244.6226812948667 2139.3692534916036
3250.2183078654225 2138.931610074659
3257.842574005125 2141.481914674012
3259.8066022339676 2141.401655471397
3271.468022187227 2136.5990792748207
3279.9486285728194 2134.0360790310947
3292.560414410015 2128.827304100418
3300.4976906736492 2131.524156467965
3311.488714716311 2133.955082569285
3321.3273002292053 2116.67988314874
3308.4994984126683 2103.2865486863275
3316.043831865605 2099.368195014884
3304.670796988082 2096.4339902791694
3304.578029270357 2083.4211669163483
3295.0722145379805 2067.2664191863764
3292.904488436246 2074.1556487456155
3276.4646160325783 2070.672539660975
3266.948050455845 2071.605898001929
3262.353243066402 2075.722790000503
3250.5928014293722 2066.772532468839
3243.2073471146114 2071.0526228658423
3233.290291055878 2078.0469943025664
3220.315878886628 2077.201288658743
3212.0146375300856 2078.4777936050355
3206.7145269341327 2080.213434531085
3192.160767261585 2092.0065488793716
3191.1365603923637 2096.8091509523097
3174.9386016454423 2083.327300220516
3168.017156894371 2097.630482274608
