392.51499141623395 1000.0249474387118
401.03694202162103 963.3978002294753
406.74957830850707 932.2253855640739
424.5855311288083 913.8628653278172
439.2617029541996 878.1557229187739
463.54188415106626 863.007415166839
479.43108559966345 847.6685674746104
504.6174034986022 823.1515148654854
534.8182326951973 810.4573303522118
554.2462725668546 785.3237833437545
577.2429586185597 764.5029638522981
602.7705594774391 747.9267851190863
628.424406462738 740.2188386287719
651.4552576918879 713.4605468371292
670.0113279411304 699.0331028196678
706.3739480970318 671.5005809105122
735.7821166073118 663.7070447936798
748.2957272861656 655.3914542757593
778.5748478331755 632.4456379133743
805.7543498063641 628.2980812823596
837.4899547347457 619.7958805770813
868.8019381621752 623.3752858310044
894.9693626077556 617.5300096862951
928.7180775914163 611.057368672707
954.3976654277819 605.0984066416131
985.7197626824287 605.5042197629768
1021.8371573641854 596.5481833874953
1051.1569970257376 601.6514177587147
1076.122050530854 595.7269900950912
1107.329320061008 586.0814651896025
1129.3948252116604 580.606287796119
1160.5606097069433 571.0554556815688
1187.6952031621508 579.4979203261379
1223.1072106389595 574.1165227868298
1252.4044833272585 566.9746428904093
1287.2764147901132 561.2533065580001
1310.4250601613676 555.0809647445394
1338.8051731713106 549.9873360772722
1386.9339127979536 546.664083941658
1400.6479672658998 541.227771266648
1432.046323671944 543.7860929843046
1462.2264666350054 539.8608384008144
1493.4356621005152 539.5362330856697
1523.102840237104 520.9869274629184
1552.770276946229 522.4061200607454
1578.2736933280105 524.7796826832858
1605.6488852863858 523.2683880120618
1644.6326184316354 516.8376437489827
1671.390000756695 518.793426356635
1706.46486023318 510.1740534471033
1733.7104200707836 506.4243814387396
1760.942850717179 505.46644008769897
1792.2232984072393 498.55266780373756
1828.1138176944742 505.132720811053
1853.1276883068936 486.1834222295637
1879.4680082702898 494.56129135414346
1925.3342988457102 485.14194747615045
1934.9108468090342 485.00967628228284
1961.8847190526092 490.4777485776265
2003.9949644440737 479.0073166653926
2031.2582270290347 480.2170117040536
2056.593356489538 481.06050507607085
2091.013567316613 473.7487226348409
2122.683565033404 472.7679810844458
2147.9579862066703 473.67297487749636
2176.1003365937636 464.4842438923519
2204.650272352724 467.75588129523305
2237.893388062452 465.3333941689118
2275.7616736259624 470.95799470310817
2301.049733024849 475.48588008968244
2322.2435475633215 489.30644731018475
2363.612536767616 504.1674991287878
2380.339746706739 519.8435566858888
2402.2364501227094 535.4299404311739
2435.384617058811 545.4077203883045
2462.244441738277 548.7068378753238
2503.0484664006435 538.9456374678829
2510.32285944061 519.2209181120302
2516.6737450991086 484.15868130835946
2516.4823342029 456.4545773769997
2515.518967772173 430.38969463204313
2514.6800553875883 399.820077467622
2513.4247371299007 369.24056239199876
2516.8519234136047 335.48506917816917
2515.4594489162687 308.74435805390294
2513.8155168285125 270.32992412809216
2513.0181352100894 245.07846266186561
2504.0482649758715 213.34249251098353
2502.332995569312 190.30899441319426
2509.5408558942613 152.06799337050853
2540.0643326206196 176.75781924685936
2545.8225014270574 207.06733019399334
2550.5094441104043 237.5826223073378
2541.976943547143 257.4476313198652
2519.650244848124 265.91273498127794
2487.141818161975 256.31824531492066
2455.380889775807 256.4494548050518
2422.755046703626 259.8400131003219
2391.6377476538014 252.2973623090165
2368.9199497649856 260.39036735919893
2342.8498392714387 258.8129818599256
2306.5180908068437 255.28602247237438
2294.5267616974393 233.74504921687816
2286.426671517625 191.74817860985914
2301.4976916595406 172.90090004709617
2334.0357140106457 176.58816269643603
2361.158296552726 172.06436462864966
2397.3418564922163 170.72283659844084
2420.7584539905256 176.7663003183154
2456.9985530843296 174.75425834234676
2472.158794416883 194.21840757828738
2463.5827829402137 219.89774121621454
2475.6843473767226 260.31522650500926
2442.8883415472837 259.3121542427449
2418.6584032383794 256.34468793270037
2373.7898903555833 264.22269695425604
2347.838406737945 252.84305887570568
2319.532204770725 257.5908394236957
2292.946601149987 256.3540577114365
2255.3662585343345 253.0688071594233
2222.6739714170817 250.4797592234911
2201.4556819885047 255.09370056452514
2164.2066983253817 252.79099240561675
2140.099606085009 252.49900525005043
2112.742689542664 244.58727335370264
2105.1708916357015 211.2237675716163
2086.3618363438695 189.58503226311245
2063.1120819490034 154.90140310852814
2042.3186295305286 133.36146487433638
2029.8687517420544 105.35423473060972
2009.7612729580455 88.67037614985378
2035.3358788777216 73.63899810049506
2064.697976762862 73.27771687974305
2092.593275675466 81.44522908405193
2122.6631143859768 65.52371987892603
2150.929712872612 75.42765919166601
2184.551560965545 72.65683477919224
2213.501443352268 76.22555174496497
2245.859605210973 72.00616833434759
2280.2729600415696 70.4426064041217
2302.786574449471 73.0791241811472
2335.839919329643 77.83031419872796
2363.5679460685064 96.92959307666936
2377.5188104869126 105.2449287034281
2408.557740703253 104.04714967716646
2448.3668822733302 111.52745832751317
2470.497205668996 107.26397465161651
2506.9423818051405 107.1661127690333
2527.429586270403 113.73237269034371
2565.9930376782854 121.22630776432648
2585.5841364781004 93.61116192132684
2590.591537272576 61.68768588328383
2619.4222712153814 45.47366929372141
2649.7772544576837 29.889313020893326
2671.2733497590634 16.33942708806218
2640.3053825399397 3.150677400146165
2614.609596280749 -1.006448971920328
2572.7305729456757 7.137755423390203
2558.3763655106727 16.582011789806927
2525.5189343905704 30.618711520904668
2506.506319950824 55.552998268638504
2508.6736043646397 90.674260918632
2511.8639728416297 120.86847066551032
2508.6369465640487 140.28753634390566
2497.6178936692286 180.49041871539654
2508.4737963121834 207.86544282189482
2499.596720539865 246.10547703241528
2507.3519010526425 261.32484607571286
2507.387971280783 288.679127989673
2501.300064595518 325.3636244281638
2506.420133698294 351.83717755133966
2497.8906767066187 380.48125016032816
2498.9309610471223 412.09043884713657
2473.57029514988 444.7379457794128
2462.5934986021093 458.1317147698531
2424.3667828532202 471.6326289123316
2399.3746817552055 476.59716653262035
2376.444917324123 469.3399366927611
2342.3635002274827 463.2343225077446
2372.290122047276 475.4883734053337
2395.4393984302797 475.1760967301322
2423.707675040656 499.6378325073058
2450.8442262646877 505.5085903619711
2484.573990726582 509.9803122655068
2511.29854485654 523.378868002304
2536.130484855825 515.355898782128
2570.4805802625806 518.4236825558884
2603.0908238288093 530.7518948033796
2630.037881833119 538.0099424763204
2654.657648458949 550.1539918831938
2687.745657015288 551.5035130848612
2715.31385341284 561.6078199670167
2738.815750278668 576.352673152628
2772.811290068937 586.1022259099186
2798.5859834667563 596.1433202308185
2827.4318815434085 600.400951574694
2855.9348395155657 608.3835545905683
2887.9403281056316 610.2397800231561
2904.196476439994 622.26120245465
2891.138918661794 617.2518079136687
2854.0775358693422 601.1062952460331
2828.465590677346 592.9612760082335
2805.2920105076723 585.3919473442103
2776.535232404112 573.220082490784
2744.296076171674 560.4474381120457
2718.02689808116 548.6543372072141
2693.5495901498007 535.4909950841939
2665.148365524918 527.629692238312
2627.0889449642077 519.3728357810527
2607.0047458448075 512.4087918285259
2582.7571147045583 506.2624472919462
2555.1646844610736 489.2386463716949
2535.5698219540136 452.21336433269664
2527.0279102175105 427.0108677811444
2519.7745079728115 411.11197316284824
2516.54877238729 371.2434603205378
2515.7409016281117 341.99337817771186
2514.1572597282766 312.15272524975353
2514.3925452981152 285.1205180736736
2510.137377478339 248.3794193048102
2509.5018064324977 216.76660425466838
2515.663860686029 191.40229624403528
2514.120133311206 164.9085174521096
2513.3390632645783 135.56773787325773
2511.1832407526726 102.5954651941318
2521.7313633864246 77.93272142101496
2507.5709772951936 104.80379113923138
2510.323969168071 134.31428006888447
2492.774576466461 150.5195329183729
2486.1775140303207 186.5643752910189
2478.1649255390294 218.43289446401639
2464.900285965013 248.85314597057447
2471.3324664380025 274.6025980571768
2489.875619251971 297.575830709658
2515.5187623868997 296.48567637630003
2546.191676075628 297.4318332283751
2577.348819130894 299.41026079694973
2600.5026125591626 298.1055564327203
2639.481379279521 305.19078406108525
2663.4189818471264 299.3206790398009
2697.3465165526827 294.18713253367133
2723.256902474939 288.988045250601
2755.348191122874 287.3026974159591
2788.5202664841872 290.1376967541233
2813.164944454039 295.0547250303401
2845.9107368191258 301.304112879849
2874.8032249078005 311.5382445257312
2899.0174172753964 329.05937456831214
2921.1784464544244 342.2633376273186
2954.749922019525 360.07705181340157
2971.8360858943283 371.93418120358064
3006.462931591797 380.219457527598
3018.194961345749 354.6132167383178
3044.2998025235256 341.4470213666885
3090.0891650374238 358.5209525347469
3108.355415290315 366.41803946441325
3136.0056336120183 383.47586263844414
3160.4734786521276 385.89072757282474
3192.3322835796093 402.8011918957296
3215.8727170170155 411.7672300968159
3250.3874759545715 415.0854373374711
3275.987605542822 426.1907815100576
3304.488389223019 442.06003179162906
