2381.865826752775 2712.914740827051
2392.990681609281 2712.978198713204
2394.698252240009 2719.232430721655
2395.2152049792335 2729.9233157135636
2400.5176277670535 2741.8215014883035
2388.448713441208 2744.0988271020797
2393.808917262059 2759.7630045125743
2386.5354662829373 2769.9329304678754
2393.6496877876793 2768.2784212703104
2395.90469281601 2782.358549813948
2393.621030261276 2792.0867904711
2395.2771811168077 2803.2710918593575
2409.7909978420203 2816.3526498673646
2408.912467923818 2826.7893254002524
2411.229643896127 2833.2459053455873
2415.051053758407 2844.27555927289
2415.879455803653 2859.556072941197
2416.72255165194 2866.0381536271716
2421.6454719498897 2873.849093667999
2423.5578082692755 2881.835746123666
2427.2509857708087 2896.10485594761
2429.7445099050788 2902.7544931865264
2436.717602597656 2910.3393707230052
2439.4310157747277 2915.5615296988008
2445.9317318198314 2915.504227205843
2461.9870305014947 2909.0451173551005
2470.986435791276 2914.4881140278876
2481.920734635068 2909.3169031874554
2485.4906144968145 2901.3653217534925
2501.1774600869735 2900.470222451568
2514.3847132040246 2905.5942263775096
2512.0960698212657 2906.4693636786187
2531.3288750927527 2901.0277325199695
2537.351940816153 2898.2613152523018
2541.131488462821 2894.821373748636
2563.4823661365253 2897.884595528377
2567.108436442015 2886.780299880551
2581.1350558297986 2890.7599465792323
2588.1149942924194 2885.6530876549823
2597.266186490106 2890.4431672773767
2603.03703685046 2891.3718678921946
2613.8500860791905 2887.3813845497148
2624.9070755107296 2881.7799337889173
2638.352102572879 2886.710134412152
2652.6177159452127 2881.3605882249426
2661.2929154967355 2876.056121126759
2666.9717096590502 2867.442820693326
2678.7154788068783 2873.450840180877
2694.0650183275193 2868.273010984909
2699.811551362818 2873.2274754206464
2707.766657462614 2873.088320768013
2708.783462350175 2864.8185421337407
2724.8595634403773 2855.270534709536
2717.131802035446 2850.332387569822
2710.7173725629946 2841.9501803809108
2714.783309410472 2829.3393040408196
2701.069303506129 2819.483754275033
2704.7892330714185 2809.117305854012
2701.067384258859 2797.0933648439404
2684.4642008500277 2791.8801301780845
2689.0201281493123 2776.077560258912
2686.18664676421 2769.75008730275
2674.238657236045 2758.0540767297593
2673.0743268576525 2758.079710449129
2674.6564170736983 2742.8227956467817
2670.2678052975944 2735.42767293166
2670.9366732880553 2733.5704280923233
2666.143248310286 2723.379320751353
2658.3304866426706 2711.719824711191
2647.6111963676217 2702.158059268599
2643.4852838986612 2693.4770896327473
2656.037604597035 2678.8500872624454
2664.4656131321913 2681.1628962988852
2671.4188048164056 2671.2146445838075
2680.1469877256613 2677.690263920349
2695.426300477696 2669.533362054572
2699.1673301757965 2666.6111695196996
2718.206841089908 2655.138604650308
2717.4283527039775 2660.1339006053718
2725.233467312602 2654.931631149578
2743.8829589323163 2644.558126797557
2743.290642902114 2647.6674939846357
2745.533969241656 2664.352027161096
2760.557292364369 2675.7441272941182
2759.715511100164 2681.933849658689
2760.343537120295 2685.0438980045114
2758.26685509715 2699.435936801565
2772.314442828258 2698.5897000181035
2779.0163679637094 2716.2696328645625
2776.6358358814796 2714.5437203080724
2777.4169976696007 2734.265179022888
2777.477458246752 2749.183636749893
2787.3956765503503 2744.1632520627722
2788.4310389228876 2759.946282780477
2798.671533550557 2766.8765911939845
2807.558642343403 2779.679072162382
2801.995552217558 2785.264845527093
2807.161009758372 2789.4797780061463
2814.114186789715 2808.503394012041
2820.283820034537 2822.04596501183
2819.6585812272574 2821.455893571159
2817.718478720924 2833.3004475935713
2825.525911183707 2847.8720033095774
2822.250304102636 2846.8661487913264
2802.0316430035978 2853.670705786691
2799.011417888299 2851.8208238396155
2786.9102044951965 2851.547715914346
