2790.7726019590978 2731.21101108174
2785.013330082943 2764.304537608255
2807.3090307428965 2785.721418927562
2812.80299692945 2813.545637215592
2828.029963959401 2842.458518658748
2798.842868489697 2849.268840398408
2767.774680146097 2859.993402380673
2740.5996013609056 2868.958439699631
2710.0862643808696 2844.827653478657
2708.6991954744526 2819.92499370964
2689.7002325944864 2785.693264197192
2680.3959705375564 2767.008757347635
2666.408414683241 2742.6257858787094
2657.430822028572 2705.8363017053525
2654.2917394483584 2681.1447595210557
2639.736277832401 2654.3363824004937
2620.015516841685 2623.104528538052
2605.4756192536656 2597.323804841642
2593.2631953332707 2571.558876597087
2605.344234549785 2531.717127520972
2628.825495486849 2528.3150970612737
2652.357935407007 2527.3933530018376
2685.4868812380255 2513.655545259755
2696.1425127728066 2534.371370383041
2708.81670366383 2563.179110705045
2731.5747553168435 2566.5967947347767
2766.5777847442923 2566.1718943237793
2792.1199469071894 2562.9120696410137
2824.0548944282864 2589.6917029460765
2812.070027374143 2619.3497705961904
2791.6832166270533 2639.048524464812
2760.7276174713825 2641.714730062945
2760.4184292997434 2682.730433692005
2777.092072123611 2694.4628066005125
2810.174715734528 2684.5145592110566
2785.343241616271 2706.24487258953
2786.0437458322717 2748.3091179329845
2795.937183131919 2768.7428293542603
2804.2963004792427 2801.741955082345
2820.2431982155513 2827.582342790503
2804.14304867512 2855.3402598510947
2778.4666321818404 2853.706946015561
2746.5913440399736 2864.3143833067284
2713.886444295418 2847.207437460325
2700.8069239970923 2817.2501338099055
2692.121735216775 2800.4168938446232
2680.6951190204213 2762.425120396603
2670.7477471295633 2738.6951471006537
2655.4772672034683 2714.6619934474556
2637.9676147223504 2682.5962624740246
2643.173953258027 2654.7691557102908
2621.185926111382 2629.422974822011
2633.324833517272 2611.427172515654
2665.6551594851926 2592.9385833713404
2695.771372557507 2577.0262584011116
2725.9648480372925 2587.863934251062
2734.6778873472613 2620.564290515999
2742.8905406021777 2641.650131530257
2762.7088288973196 2672.0262137960635
2781.3278997562975 2695.1595044075416
2811.3470718977624 2689.3684496039846
2793.0667914759406 2712.195126143351
2778.9317948446037 2734.632244729161
2796.1597478268914 2768.889126598757
2813.8709352426986 2801.494396806692
2811.5737687900587 2822.699331447685
2810.013416117243 2847.5761193796993
2776.1056819143737 2856.0676062591574
2743.90603926839 2870.026179045309
2710.0264893984645 2868.6994914724196
2686.6244702879094 2873.4121164355206
2656.1797569349233 2875.8917818133687
2619.4465476720416 2880.9591180477555
2595.70684650507 2887.4679467479987
2564.45005300543 2891.54092630992
2545.1149306361485 2876.712111135618
2534.3599776043916 2848.52485794438
2524.423318622171 2822.068557968971
2489.262786979518 2799.383608357267
2468.2314795606835 2819.1375353404524
2436.34521373503 2825.45752386614
2406.2420127359806 2831.6761268784458
2398.2284553171344 2807.126987440437
2386.9419055507383 2774.6541899645094
2389.339619083061 2744.198592223584
2399.6722337472556 2720.3723394221415
2425.756271953998 2696.031191894484
2410.821468804527 2668.409761022265
2420.253803548381 2633.575742129281
2421.6854896518444 2599.29293144116
2436.7570238427775 2572.691825385275
2408.767257040547 2573.8676757203975
2380.575779168081 2567.085875619219
2343.6232400055223 2569.491635832303
2326.0715008010325 2549.1672457053887
2319.197951974077 2516.9006186811207
2310.649259210443 2484.3184096159407
2298.6867732670485 2458.0015372139364
2301.2437850556557 2429.4232586932785
2292.7001006262726 2409.8014675575473
2283.726691448144 2378.874281259445
2292.066358574134 2348.5867665483643
2302.131799840914 2320.198847829807
2336.021227445471 2340.9314570815427
2362.9298312416718 2356.654808638744
2373.899183179549 2374.0365206047095
2404.044405938494 2404.828981506263
2429.215884104347 2412.299370268343
2463.3223334615413 2414.7077157956905
2483.8845184120933 2419.0821701116247
2517.7234847791947 2406.2263547172097
2534.1520652640666 2423.833271399086
2542.1591740820127 2448.8744371803427
2580.467755128272 2464.8890067968955
2606.2580686051147 2445.0729070438647
2631.3486983859225 2439.940823643241
2651.442681052425 2443.180705242978
2672.0487980802473 2482.9142189311083
2692.012429831205 2503.770227504773
2700.652300354624 2530.708574374373
2709.9659324514914 2561.4434056699465
2720.9039294858935 2587.3795748433754
2731.661264556895 2615.572298893201
2740.7445447195714 2644.517019490818
2751.618617168416 2673.966104620521
2764.0609642514564 2690.309309831851
2772.5018642829423 2712.56196419117
2789.159281413493 2743.8246732897396
2802.2088532191106 2769.640006851868
2811.858792580367 2802.377723073062
2822.7535766905426 2833.257029980753
2800.0205984734 2852.2227690109885
2771.6107990816336 2860.117673606353
2741.782357382273 2856.0793836455973
2706.4680547388357 2866.390637988696
2686.829991318329 2871.326806700722
2648.128676422338 2871.6608416048725
2625.164987067923 2882.581579782833
2597.913928950301 2894.8177218634223
2566.026966248497 2889.7578981646043
2536.6365387900664 2872.5375100016745
2528.619457511971 2842.677701885476
2516.039381333889 2817.742336005989
2491.767205260101 2807.5859219688973
2465.0739515824926 2819.944326722075
2433.0985048032476 2832.3570800326384
2407.5783616631907 2825.329304034476
2394.934037490742 2795.5200225395847
2391.93126717698 2767.379838937169
2392.1140440051204 2736.956736236258
2407.218332365912 2708.161406361269
2408.325231713715 2673.2380106811947
2410.1711802410055 2649.5394838760244
2415.573337733046 2620.8976129170283
2426.6210135188303 2583.967346771375
2410.1885529171414 2567.571877871122
2377.452223738556 2560.54634169327
2351.0676103790347 2566.2923964058637
2352.331721797445 2593.1821176825015
2346.3860866989558 2627.8200231664405
2362.717793499472 2649.2288070422464
2375.225414273225 2681.912195950472
2375.572315644325 2718.6919083330463
2387.6116956381484 2745.5399645014018
2392.539640781087 2712.502209848214
2422.135709570294 2700.1953165970663
2447.4614363463247 2689.657593956699
2453.126187471183 2657.348736950344
2442.6294211102368 2632.512431078877
2454.144127033197 2602.9033451090713
2484.333210475758 2598.321399503065
2484.5662782571535 2563.3438421365786
2480.9355759287373 2532.0519532805024
2492.1671559898746 2502.6409651751947
2513.555449402812 2490.335738938534
2540.532416056062 2481.446317940857
2570.314474929357 2494.4707784772813
2582.7709741178196 2521.4181046598787
2572.5392695746573 2548.2524226844967
2545.498770797308 2564.527647768112
2513.422410377355 2574.8813585256726
2487.5455520494083 2568.6161951289596
2470.220383795573 2542.0771080903105
2481.388983955417 2512.1757182889896
2505.906362931206 2493.5031889950346
2528.773154354474 2485.3989299436685
2561.5899827594058 2473.0076847938935
2581.8594872212257 2463.9129772746264
2613.3347454744367 2444.9428326698826
2641.617854657177 2437.282606849891
2638.5491862508497 2405.3909703365803
2617.4020084779836 2405.1364507630715
2589.71835989807 2419.240648419644
2559.4535824327877 2435.76662821853
2552.0636032410143 2463.575515785507
2557.179756143285 2485.769328708632
2572.7801495480994 2506.74047485183
2586.1014515211295 2539.3575942346342
2613.9901949669993 2528.4577867646954
2643.130522153522 2515.4940989382153
2676.6351714233565 2516.294696092363
2696.0868475042744 2529.5358486099103
2701.868400432464 2549.581523184681
2727.6431283128454 2579.2561623667025
2754.378826196747 2566.36729858425
2785.839024427822 2571.160371247291
2806.446024574741 2585.627627403383
2813.4136678834984 2616.364286598318
2794.398331005322 2639.9332129752474
2770.580668727205 2643.5995522675175
2752.2459525010063 2673.510874696334
2771.709060051934 2690.181933677261
2807.4779570970077 2698.4404745793936
2838.3216085888484 2699.179150025825
2806.22169656258 2709.711979128527
2784.02100841321 2733.4894036343685
2793.78036948792 2758.0273539752598
2810.2410824890862 2795.4110121444655
2813.273393433178 2823.106243607821
2823.3970812627495 2835.195701564833
2858.612037750468 2848.07166740844
2888.548653650281 2832.2570629734587
2915.2327625822713 2834.5728710009407
2916.7372842454915 2804.0432285605866
2906.0569687476072 2768.457340881584
2922.0948791794985 2749.5452967827046
2931.782618992255 2724.7257934585155
2927.012146112258 2701.3201829791915
2928.779584148413 2662.8654933549433
2917.268529531775 2633.3780591123764
2919.7141514331183 2606.93540782978
2941.9337506455977 2595.2358721646424
2976.7593442411217 2584.7602654120737
2994.9785178808493 2587.794417810697
3043.7699619068426 2567.7646136333847
3064.663337913409 2568.7335763817823
3091.688126407182 2554.444564140709
3080.823116531875 2519.777576085623
3086.020825268375 2501.7006529299697
3112.1543757524146 2478.6651365754533
3137.8526770435155 2485.798651034817
3176.1995044012237 2476.985316217756
3202.254042989572 2467.6490506968116
3227.0718922548804 2464.4742446032024
3251.434948545067 2462.4485339658218
3288.8310814390456 2459.539500948736
3315.846376746208 2452.808191525702
3349.151191867097 2444.4060095904306
3371.721941248962 2441.3719940114115
3406.2891517778157 2432.670018477191
3436.1053860724946 2436.4121827090385
3467.7147602963823 2419.1075284012204
3464.3177558018356 2392.2931265885104
3444.170657891252 2367.282604781869
3415.1108124307207 2355.4454701548084
3388.186912174366 2356.939140651378
3363.185486124686 2367.3846855440434
3335.728807338051 2370.321893830111
3290.7674663487 2376.4336179833713
3269.072628517473 2378.4879457608185
3245.2142573550514 2388.52620261188
3209.18338305471 2394.792190647877
3207.002717326 2414.7487853402795
3208.6283005629857 2447.2462476341543
3238.0529892640957 2459.9532683425405
3264.1380305366897 2457.0430096270397
3301.7380600567635 2451.9077006245748
3326.3763876709086 2446.834221867277
3347.41676788388 2421.13988643399
3346.6502013420168 2402.0176449236287
3335.833543318497 2372.9238816560796
3309.125949496504 2367.016694372572
3273.011687148472 2377.4857556909537
3241.5349822544495 2387.256142202017
3216.004151220434 2384.9646088654367
3197.898856262184 2417.7708728821594
3206.834226646249 2453.0238924728087
3211.5602671717434 2469.872432702155
3221.1560412080757 2490.635278495814
3218.007693222451 2534.697839439654
3248.9376368652115 2534.4793035538173
3288.8764182827776 2539.658274775561
3314.5790347138686 2528.265131881853
3342.4626144952454 2516.4698591658466
3356.835825429218 2498.708982633482
3357.266764657819 2468.9735706073025
3372.2955835409934 2439.1679974399253
3408.927993805899 2439.371996517788
3429.1024564000436 2426.777247968215
3455.4829834195666 2429.705257828282
3459.222205888543 2393.920918419063
3449.7316807391803 2367.8762807611806
3460.1897307146132 2348.659373281264
3488.248061130839 2339.6209050551324
3522.0418212101745 2333.4193276679316
3547.8957890895394 2329.1382245203795
3568.464402891824 2309.0723855405818
3570.5764229815004 2272.9241865778167
3542.33777530146 2247.215739253318
3520.3825251348862 2260.221285207611
3482.8044646549756 2255.5914665879136
3461.478319575361 2260.435755925413
3429.8594498285256 2285.3427052066354
3406.5124159105067 2302.2401693815928
3395.25206001118 2278.459871503803
3359.7724897047406 2283.7148499286272
3326.929634650059 2292.074515041523
3303.194257180701 2297.0646334063254
3277.7446859592983 2300.1585019760073
3242.1297596053146 2307.4305149648135
3213.548460493788 2311.6368985661748
3180.9792746788116 2298.4881278821576
3181.4091177113346 2270.6360178211507
3175.2020278895293 2241.976560523863
3145.977288190157 2240.42910509
3109.7061898821175 2252.71765890568
3084.2476650477806 2252.548223936208
3060.980859394683 2274.1004436793014
3043.2366452569695 2291.3437550964113
3054.527210933652 2320.1870044703296
3028.131524048007 2349.9123643116327
3038.039788908914 2376.2383945976885
3042.984638195533 2413.801244789717
3020.9054210904355 2423.9385256858977
2989.133580813695 2426.4346028934383
2955.501181753432 2430.746999491281
2925.626251748569 2432.4899072711514
2901.129395118449 2442.637296053176
2881.0663831259917 2409.04775194017
2884.2678430192395 2385.4587714019667
2874.6473359158795 2360.75135858889
2869.8424793840754 2330.817663941497
2863.298278557063 2305.702387861993
2859.565484980664 2267.5660231792995
2860.2264321043926 2239.098172880371
2822.6725468659292 2246.8897789684797
2794.121172813719 2264.870802566777
2765.366467516162 2287.312713824075
2753.9502026155055 2300.4902721419285
2721.857604950086 2317.680368525398
2706.6012203046066 2325.1631860901616
2663.402864428214 2344.458772490913
2638.234573901457 2351.0571922737745
2610.0327793617316 2362.8721573004223
2589.57527671889 2384.9158845663455
2556.1797474715986 2388.3076060244375
2526.986943058255 2397.3562087770024
2536.480596599212 2433.206633499675
2544.9654672143515 2456.1583707487544
2558.428665641505 2479.077505553077
2580.098859952069 2514.967620441157
2597.188552537346 2507.6473229669305
2623.501883828586 2494.9743174653263
2657.969103331828 2481.6626149593003
2685.3598200777137 2502.736511146312
2700.478094731678 2535.5054956890826
2704.1936129715414 2556.534686800601
2712.824455567366 2582.7559975474574
2730.5262893617805 2603.367600149374
2736.7048095557398 2629.4997873455277
2719.19941522059 2660.7422455226842
2689.9515357602577 2668.506724418931
2657.750943826188 2678.6617399158913
