3335.8398361118516 1831.4430815930932
3308.54884237333 1845.8055466741935
3274.3926007401533 1854.8447404324186
3249.234254805548 1863.0694169892627
3216.630250138208 1871.6641605897894
3226.5763255008314 1899.1936848879336
3234.3323880835715 1930.0117727397596
3214.963937983002 1947.9243576083609
3187.6299590851154 1957.9425316790944
3155.445011123259 1941.6791687314244
3146.5220638162677 1919.9271544702694
3136.723418885196 1898.56482622366
3120.789975430555 1869.990744268416
3112.6620717850583 1842.2108752914348
3140.962001885596 1820.6652796758476
3164.1335719534263 1807.1489273752036
3183.07076944113 1824.0886895563833
3195.765072262044 1856.1641735251815
3212.363406493465 1876.2207149196813
3232.477458532813 1916.9239421828092
3225.336278021094 1929.6975719546494
3199.996901039005 1949.6686018040944
3178.8102152334454 1963.985334058821
3152.8826225383295 1981.7331787412215
3133.8544447171635 1999.1809895248866
3090.923244572116 2011.4096274582503
