2610.425099255003 1240.576457227778
2614.421540538542 1249.0947421681376
2632.625619792606 1249.8325753885802
2631.4514049844934 1243.6528724836885
2649.9688873736054 1253.0977920005562
2657.1852168284568 1257.883838296672
2673.5351917150665 1261.7192897733826
2680.105779378692 1261.4410876249583
2689.25498526503 1270.7560994712665
2672.470935249738 1260.3418704662297
2668.669675005665 1259.6460184386892
2671.099549733346 1253.455544668032
2651.667212469458 1242.5832083309808
2646.307882069921 1247.5530794415565
2633.557442425484 1247.791977506267
2623.8476816748384 1233.2684768779773
2616.4167373123805 1235.6839707573158
2604.513544993588 1229.6119828323237
2591.1385466797187 1226.2509112518724
2593.669718437297 1224.4555979786278
2574.3242422399244 1216.2456616034651
2571.9374412762018 1212.800175523266
2563.4712552115025 1208.7997830509148
2547.108351836947 1202.129610202449
2544.7754509853735 1206.162045872456
2521.3503681393413 1202.4079832733362
2524.2271758053676 1189.579394649301
2506.4549795294006 1194.9029432090954
2502.690100126106 1177.0319471807743
2494.597882482821 1179.4868439999598
2496.0128925400622 1160.4706920793524
2484.4933294574007 1167.6893467150337
2476.2431689612945 1174.1575718204638
2463.409644248447 1169.3263656688002
2457.6020347310828 1163.6005159521305
2444.9149335841794 1160.3260557268393
2437.127778819191 1153.9334396320019
2436.7503896197754 1150.7703654714592
2424.8693161503043 1142.5450421871585
2416.917918474555 1149.0889137069032
2400.5601498111837 1131.191636890696
2395.3324884052768 1141.5256998499146
2391.4229117160985 1122.0631106713602
2379.8331485191457 1125.5391037731465
2366.6267029870155 1125.3667908045186
2358.528678536508 1114.2067105141355
2340.4191678084503 1120.5636279773407
2343.6918575326554 1110.5622666793747
2335.9880551716287 1114.3482703096813
2319.255855031125 1098.7334627233397
2306.87698281792 1092.5136588681687
2299.0189945100315 1094.1796120011168
2296.492238307093 1092.290999195369
2286.43963767288 1084.5515861951487
2280.391485710435 1086.825516484647
2270.197137128883 1072.9226452486896
2251.700768615192 1076.261667184012
2245.567237841597 1070.7792039920778
2236.917461447138 1073.0102748650468
2233.080634972558 1060.6937723059195
2210.938210776637 1050.1977846611694
2217.458357344087 1054.273387399771
2204.1359774070447 1047.9161172542947
2190.3974010398365 1045.7670589261263
2185.83713894242 1039.266385243025
2176.2941009026686 1045.0674302216662
2163.842397526969 1036.782755208838
2161.8553254471894 1029.4617524095438
2152.7842185508975 1023.697742083652
2143.5258615741013 1019.1678221436746
2135.826566400677 1011.9282569604172
2119.7999648301106 1013.5492989472635
2107.6938315626426 1013.7861675460516
2105.8044530254947 1011.6890481330468
2088.691167304985 992.0944531299128
2090.6875355581715 997.9641890514578
2071.6470950281196 984.8150509430014
2060.4030589944687 990.4685421727864
2059.427033151346 989.3440147357867
2041.8066436328143 980.3107792537674
2042.9923660542881 977.5332535591871
2030.5918534028863 963.5277086255774
2015.3690852398913 965.6276215440281
2016.2578550436524 968.3957328449386
2006.4838903961281 961.1572705302752
1991.423191209036 959.2684857883576
1978.7365864684205 953.7531919682001
1965.0989753338936 949.0420245889039
1963.859082044238 941.4889792593638
1953.1957138282467 944.2819100695369
1948.3664930345851 951.5757323555266
1922.7721044556758 935.3913273995975
1927.4679770898342 937.6151568885186
1916.4700270971198 937.862192008658
1910.1006378434438 934.1142597884963
1894.4413625228428 935.7261701276609
1884.7789755704778 931.595145186094
1881.5913889206272 929.113522568131
1859.9557416117475 922.7932750317167
1858.9202067038643 926.1701370191741
1843.171896586115 917.133064122313
1835.5758483738307 915.7036542041169
1825.5268434161424 917.802127265997
1816.3460394243707 917.8992512783192
1814.342062493708 906.6314186003672
1801.5895941827673 909.9295486581871
1790.7083381390999 900.1018725268187
1788.0257423725914 899.7147857997413
1775.9255755569939 887.9196250075255
1763.254664457345 878.6979680844189
1756.9183259774777 877.1240948749044
1747.2151487447832 883.5791631089219
1733.0639454807654 875.2666686634001
1734.5714119195532 864.4469232996132
1718.6748991408099 863.2205963503412
1704.8839772172332 862.2751964386855
1701.4045663823856 855.3439263941806
1693.667735539614 857.5909847390387
1682.6110716956764 846.1312390575412
1672.65809590299 845.7653053710328
1669.5356620366551 837.1820082156817
1654.1781341114001 842.6414097137956
1647.3877477168896 831.3487295943844
1633.3273776601134 825.3638279934747
1632.2596880874128 822.4353483348629
1625.7346152761024 826.2933267277806
1602.2875201419965 815.1181001422638
1597.5906285532603 821.3336419208358
1592.0786545943167 804.0561336760867
1580.9718803474368 811.2932736507249
1576.5100427020689 819.9994231045954
1573.8954246715912 835.8661520348958
1573.9128145166542 837.2480644419132
1569.7441596048154 843.3533923179682
1556.828748215129 847.1945001718414
1553.995704671508 866.0206852461415
1554.6005695430413 868.1313398112908
1558.9220705532432 889.3083103003378
1549.915101084922 891.1522785577201
1548.4696876692726 903.8794692062553
1543.3704553514006 910.4261131322952
1543.1554370125205 918.758092369134
1540.9318659881978 928.9496690989032
1531.180473902697 938.688973009075
1526.9266600976518 948.6633593551232
1530.0885086470585 956.8936625829468
1524.5386559273095 971.251218616039
1523.1364028146193 979.3016403773757
1521.8499742803244 989.7210797578723
1521.6657297201527 995.9266567806064
1527.7788376302938 1000.6609835461459
1539.8406006324108 1010.2936710651802
1544.3104737825759 1012.9859836313033
1559.022049268155 1022.7919322299275
1563.4289267426666 1020.2788326081424
1572.5671932695493 1030.184432085745
1584.3447486355712 1034.2204817477593
1589.619145168978 1046.2569922352045
1596.9233940744045 1046.9474603776596
1609.3975158535552 1049.2241230525685
1617.3660077600343 1055.7205040039194
1620.5550027041925 1056.4217176536845
1622.7418102115867 1071.0196792919226
1633.4221501546529 1069.0397073515717
1640.432850951198 1078.4156750571365
1663.5995547450448 1082.705615385597
1656.3785440781508 1090.5795214398609
1671.9264792911067 1101.7847070390596
1676.0085562486754 1104.7954794162981
1690.0401093234552 1109.5067099619907
1697.1306348252783 1117.5319845215568
1703.3472813115775 1115.1867386787583
1714.0582808072393 1125.3343839111901
1721.4137129156384 1130.9291190432477
1731.4962723168412 1128.5408700381104
1736.5375505972017 1141.827924090761
1746.2457238021 1147.040226394424
1755.193032390427 1151.396221725405
1757.5708200070726 1153.9913087845935
1772.2079952300362 1162.1484772417905
1772.7941441669561 1166.8081038494624
1789.0638899845803 1173.2736483387846
1790.5298305341064 1174.2096605044649
1800.2471087458853 1187.3684219833167
1817.4546407027465 1193.4742064481507
1818.6422573264697 1194.7193758453275
1825.348560729694 1204.4415158289153
1836.5259250876165 1208.3668456272262
1842.0613442211657 1212.6081847595801
1858.083935382691 1216.6552266630438
1860.47449920058 1235.5125562911846
1869.2551352042315 1225.1334179646017
1881.421062524077 1236.7467007367152
1884.9029223793912 1240.1445584925802
1887.5953233525515 1240.4140148113263
1906.6834612028922 1252.730123089894
1910.370566284145 1258.5528974707943
1921.292841123386 1265.840554978118
1929.8294726702902 1268.9497546943887
1930.381757664378 1275.6541794556592
1943.5527784976164 1284.6967655302012
1952.0459105828988 1287.1988812096677
1965.7273151397392 1286.5518671284683
1972.70457957699 1290.7287124407128
1978.5947444630892 1298.4450777282116
1984.915836030188 1305.1767342873416
1993.484430001742 1309.8477449956529
1995.6388811887828 1314.6675924690815
2004.647605094578 1327.8503664693542
2019.468892526899 1326.5840068765763
2024.737345576193 1326.9167777004109
2038.5167672256812 1336.353785542622
2034.2340654440995 1343.853418866009
2049.1980267776494 1347.404756033846
2066.0210306177596 1356.3670513174432
2065.870878236751 1364.6808326935231
2073.148644803992 1364.4966014506037
2083.1890108657267 1366.1391762319413
2095.797312029252 1372.8193371822877
2097.741610110431 1375.0883569592718
2107.486377783912 1387.1312045176132
2116.650673790523 1394.942731993534
2130.8881531790275 1395.9727986276189
2135.843375462905 1407.554723440121
2140.8489049411987 1405.8217462287535
2150.1533096582343 1420.0458894858966
2160.0993350568533 1425.5073626024437
2167.3267077401338 1429.7762263809736
2174.424513559036 1439.73519865781
2182.1947123969835 1436.5782373321533
2186.3410139610405 1444.0928286901958
2202.143236957936 1446.8789430394002
2211.397455103004 1452.013580882816
2213.601900929933 1457.895034819488
2222.030139371399 1465.1899087574131
2234.2357315094314 1470.2243691802094
2240.949755379546 1483.0780271803471
2255.780059886347 1483.4909628499734
2257.0764213754537 1479.4393300057975
2271.068783189611 1490.8647908692894
2276.523986924431 1499.7284594704997
2282.6755065731604 1502.4174908664475
2290.6261634806633 1509.7147638737295
2305.794059583754 1507.2344048363348
2304.505114683666 1519.2415848768896
2316.7673801998635 1518.221989085358
2319.9894527717033 1532.6602745135656
2332.579528498374 1539.3495542594676
2338.3034805517336 1542.9523102391272
2347.972240842734 1546.146092564652
2354.102584847816 1547.0377985420791
2372.2030255066857 1556.571403367855
2377.6998536175306 1564.6725189410379
2382.9363763802307 1568.369349371123
2386.783294876604 1582.0927503257374
2402.199350264261 1582.626692211752
2408.5458430207864 1580.6563872888141
2415.6693430492037 1593.735746892427
2418.8647361996336 1594.991899147951
2433.5760142235163 1606.6184258976134
2436.0445124655594 1609.978716744751
2450.3753413279032 1611.1781995986826
2461.6162256754424 1606.8046523859616
2459.136290697878 1604.2011767173615
2468.23465525085 1595.1236793517528
2476.463669076457 1583.659024979097
2473.642692808638 1562.931824683527
2489.209278180498 1568.9702169460134
2492.1140702721004 1556.9195906830603
2497.951215672432 1552.0598755184571
2488.9089482567597 1544.459811422007
2504.451806722332 1530.0345298515658
2512.380997637366 1538.4402456770736
2520.145715580117 1535.799117804702
2525.0795765410626 1535.8560770616502
2547.9762376867675 1544.552583888647
2549.1744970788327 1551.4496016808662
2558.921757659041 1561.167883511259
2569.0533504257733 1561.8593315432734
2575.0529475061667 1578.050522618448
2579.820399201168 1564.0771297083213
2584.9635956888533 1554.2180671159222
2590.1497024820887 1549.516196215057
2599.463906265014 1540.7254153274323
2596.1154853397516 1534.3452820680527
2608.4904172281945 1526.3181741750586
2613.688327752102 1518.1263128687294
2623.674216006739 1493.8928510695353
2613.36500038091 1508.67381463404
2595.749946191634 1490.2540157435103
2593.4016815229106 1488.5591061574669
2582.4784635573524 1487.0171180800085
2576.3567044382244 1491.4707924632146
2565.808832111137 1476.4289825595329
2561.362061760659 1488.3839828632842
2553.646325975408 1497.4016487337055
2550.1695835444843 1505.1387868988945
2543.6489833985365 1518.7078942645885
2543.2856104795655 1522.8381821782814
2533.4968521966844 1537.3543972370728
2539.3796585427563 1549.616387803885
2543.727070198084 1545.2812090670873
2551.23609949989 1559.5665508943794
2567.850113905079 1554.1976576765303
2577.2669748208796 1562.0461933272463
2586.4955090890644 1563.6439806031105
2581.985166365771 1577.6448601572572
2581.7398655219968 1589.4938833942692
2573.0630968820233 1593.5433989779501
2571.052474127196 1608.213164470547
2568.9648931146808 1615.6126989450515
2560.962671376022 1624.9493982526915
2556.7670421811563 1638.2138355553066
2556.9564916371532 1640.3689988360813
2568.8190325523033 1639.744755009627
2586.2442530713233 1652.337200150116
2593.1076490908754 1660.4514805812037
2590.0400220723973 1668.884856224034
2586.5816202205365 1679.5008369059299
2574.7438459563855 1682.9520102687115
2582.351614576597 1684.9081821089167
2577.286775162521 1693.239826423877
2559.0735096560943 1687.3333493247555
2545.6813106821196 1682.641349936088
2542.6445623943014 1674.6021594543802
2540.49074781595 1671.1579378224
2524.352571444388 1668.400279013111
2519.328420733658 1664.6508162656896
2517.0531647703788 1654.5998492365131
2506.0663234211993 1650.2167929496081
2503.033181824067 1644.2310270588002
2484.928939545573 1636.1091547719689
2480.944335289594 1638.4569149735153
2471.672210069199 1636.028526534353
2462.500430254279 1622.4134120920114
2459.7742732800957 1616.4126971406936
2453.899962978483 1608.26266361098
2457.7523703231677 1602.2941770127277
2473.1414372078834 1592.7915815325398
2473.347746148745 1583.4195659027728
2472.6498378915444 1576.1242023563914
2482.2281762733346 1570.126083399574
2491.7059456568186 1582.77605564325
2491.2825365233102 1589.2404733621338
2496.700341586597 1593.2573032436903
2483.044674477847 1606.795697407449
2482.758925553612 1617.7719664452509
2475.2032289772783 1622.1007332105492
2464.4844515363984 1623.0323303736177
2459.5386353177973 1622.299553226539
2457.848112737214 1606.1841212592233
2461.029527228995 1597.6449802098596
2469.0567263009457 1583.966620012897
2470.0619146355493 1577.5653340540084
2476.8626067636824 1566.3331010165527
2490.1035664860806 1578.957000299569
2497.998548677006 1559.2945106729792
2500.892007023309 1543.5317957278583
2498.964474675924 1540.4602364693096
2502.133910813922 1531.9052866359548
2512.448683624173 1536.2445181647242
2523.6775904371634 1541.475600285171
2534.4749824178707 1537.4589400123643
2539.26946651141 1549.377511484129
2553.247770951497 1547.559652208729
2559.639619520198 1557.4637683864319
2569.945754606165 1559.3241002758623
2573.344577412849 1558.1399608782654
2589.7783580741916 1566.6735088976566
2585.7068183378424 1581.0545018270748
2577.5269568827503 1585.2631687868138
2565.7495231474663 1597.0203079873547
2565.9251460949777 1609.7694555694954
2563.659960863882 1615.8737312796563
2562.687079961602 1627.825530451844
2568.689671035854 1631.5408022083343
2570.4581297630857 1634.7238536360824
2578.528739717738 1647.9695386569965
2587.48701054692 1655.7508746875174
2590.229614075301 1653.2573255300804
2599.3319454824823 1666.860077269094
2590.4458414394708 1667.5511917047854
2581.240834738536 1684.5472821989636
2584.994893587803 1690.0875206761507
2589.5544219668295 1712.559959634967
2596.760022839046 1708.0758284599685
2602.287533334872 1714.9497642234444
2612.955747786263 1718.876629138327
2608.47951874647 1729.5249877597535
2626.308720696128 1731.4918353896746
2638.195768800485 1736.8434012310104
2642.9913071597357 1743.6539039994097
2649.5125220844407 1755.8658192725245
2662.1595426408426 1760.9498220974995
2671.1550186760387 1765.3053109564933
2674.810539278935 1767.1960963842232
2680.1900240347045 1780.8874994303405
2690.707203049008 1774.0781102644567
2699.4581416298347 1784.1019464653746
2711.101261593512 1785.846871588531
2703.7291769201283 1796.3488659131885
2698.3921549913284 1799.4778256894938
2684.0984112493707 1803.0211761857531
2670.7859070373834 1808.4621479061389
2664.3082614625223 1804.4924966887115
2655.1500608801266 1804.2243009488884
2640.631425347552 1807.5640521229652
2638.6004033412137 1805.9433438982348
2625.4738566387996 1808.4171528750244
2616.0132915529653 1809.8322230509189
2597.932066376565 1817.0538136336165
2601.562049967391 1803.4853811707387
2590.5292571801083 1815.5650667290608
2601.244895577004 1831.1744313684849
2594.536675420392 1841.514828309321
2592.0733961050346 1850.6392305111629
2598.897176853785 1866.7725685859452
2603.6406716463293 1870.959633579927
2601.84739541834 1887.3784934889122
2598.2099936443715 1883.7688593724465
2596.4103836017557 1896.3599884059429
2601.345082122057 1909.5152396761346
2598.303137965171 1916.5124477482052
2603.481080696717 1930.801630740422
2598.4417997465343 1942.1049570191574
2589.309750495168 1943.598543693874
2587.5299898642747 1949.5734604740285
2578.8988435948045 1954.4929652513142
2573.7336394135305 1964.9560105587923
2555.8673396056643 1964.7135471797299
2538.7244618238988 1965.7370621181735
2527.7974934385757 1964.5153758459765
2521.6307815697733 1957.1109276465183
2518.4411881837123 1962.5269767840466
2517.1312699805435 1966.4819559544567
2498.0276658934945 1971.910552080703
2489.2608411607894 1971.4265470187454
2474.570387745317 1967.9076040176396
2464.3047394737596 1974.6370290642749
2459.1758467281793 1966.2319206408806
2458.6088702942284 1955.2780969380085
2444.08774534076 1947.5406256525598
2444.833912626444 1944.1213705038813
2442.304719520016 1928.7660858966688
2440.4084033394593 1927.6528585079236
2432.3553179205223 1911.3246561711883
2424.545200163802 1902.5691062853832
2425.341668360765 1894.8739224893454
2426.9832512160247 1885.4223568244847
2408.7324683960182 1869.8659311699664
2415.2081352765495 1868.8077453894562
2417.6499242149403 1858.4711544819784
2402.365917285476 1846.6834817424217
2402.392764753944 1837.9776969687193
2415.1326918382388 1831.9737821537608
2418.4177808245167 1832.090949077108
2432.2846260201027 1829.366246672244
2444.5679280336826 1825.3809315708713
2451.2155089370353 1828.110070627773
2458.9667239551604 1820.4880055417434
2476.002552208556 1819.4733016204718
2480.802100349001 1817.73740893833
2495.2985242964755 1823.0419671256332
2508.7973149701024 1824.1089887528115
2512.991745607683 1822.891036144478
2521.716008199251 1817.6707596345123
2524.360094561978 1817.4827544344698
2542.8943813208048 1815.0897378920845
2554.0610036907456 1820.6925345655334
2559.256412707124 1817.8419279325694
2573.347802170764 1812.621021434728
2579.2757511201594 1811.0839755465367
2587.2741248170382 1819.597543946039
2590.0053531563935 1825.4747788996965
2592.00818909329 1829.1860432615342
2589.0848551813738 1842.1140953954048
2594.9036710296396 1853.081185547112
2593.008432102391 1863.7490574004844
2600.4402149531384 1870.2608990168142
2598.4554715771314 1885.9703282475216
2592.4374217151426 1899.1437601675652
2601.148730933624 1902.4958893192552
2602.978963136938 1911.4047966777578
2598.8678820651717 1917.2260754190117
2601.5922265015406 1930.1295618950217
2592.643002224131 1940.9986140586732
2592.2558353604677 1942.1262068316028
2584.944153995968 1954.4916198644637
2587.4129370167343 1967.8544902330798
2588.18320684667 1970.6441147554171
2592.427322594479 1993.3136398316253
2596.410309116714 1997.2288611038146
2601.530247446462 1993.0970264711882
2600.782594973905 2018.8708579249537
2604.2442395683415 2022.2776531342072
2600.466721310551 2035.6717288206387
2591.298895405458 2036.450704450965
2587.630330584238 2047.7938391553544
2594.1472832166187 2055.858834504689
2600.404650864079 2063.6815905285994
2593.2981802546255 2081.60605530617
2596.0297825654666 2087.626566544113
2606.026781161626 2101.5483391792786
2610.358329636334 2103.6662394990985
2621.9489974275466 2092.794753132945
2630.385286514488 2095.2831442400266
2636.277195212512 2091.537242511336
2647.777792573212 2083.4555251388715
2653.248234905914 2078.697864155066
2667.0807966916263 2072.0184804950627
2674.419652170666 2068.378595197929
2687.121371858346 2060.454300646201
2693.5534275240193 2056.203473088014
2711.8882790348744 2052.4575887723404
2710.940460077001 2052.516483960248
2721.066652562671 2047.804502221631
2723.1382029088363 2037.0544500376434
2743.106432641285 2040.3445302906473
2723.568841395299 2044.430404661082
2738.157188976437 2033.3537300918279
2746.922670640886 2035.267051423332
2746.5303805073213 2016.0484415502503
2742.2214760583115 2009.6403528185906
2743.7817799399586 2002.8825181409497
2738.4092142804416 1989.6990755514214
2743.690000510345 1984.8901082859127
2733.1662150208354 1967.0380633315824
2728.6856072289634 1966.6287121088365
2732.0430784637438 1949.8727190529908
2729.706670501728 1941.4221155308471
2730.4601592086206 1924.348529710687
2731.4007322502866 1922.234274604091
2723.5853430436414 1911.409160784244
2724.169258982587 1909.8640870335641
2720.3066540176387 1890.64552729317
2719.450041045817 1885.5912352153352
2716.371048564104 1868.052047550096
2716.420606951967 1864.402476829353
2715.49722400204 1855.8299863116108
2715.033891769559 1845.6091800871834
2712.6841641721826 1844.7005946084082
2706.0438455417316 1828.7277136451316
2705.822371539258 1813.531711118183
2700.311379050802 1803.7198004166896
2689.5722385798053 1800.8100343097117
2688.31804508756 1802.2002999198319
2666.6255128989874 1811.6292396062952
2665.721606015977 1798.189999795537
2650.9739820154887 1804.3310856705893
2644.3957421755704 1805.4491130328258
2631.6209034016033 1811.75751311862
2626.1653727639714 1803.462887550531
2619.2524714107817 1812.4701756215086
2608.195151228827 1806.2271743866227
2591.5424710311427 1817.0993324321005
2590.709488121984 1824.0924493413509
2597.21982306194 1836.366681344073
2592.0331772388513 1845.7712902115516
2590.126292943043 1853.3273207902507
2593.1097612166627 1868.1937200383963
2600.749417358696 1868.1720122847737
2593.1145744527594 1883.0531844824304
2596.8475101454414 1893.2880206591524
2604.672267654359 1909.6828200330235
2608.0557386441706 1915.4063914519538
2604.1018911858605 1916.9870516886285
2601.8114133419967 1928.0841242875485
2595.46110424879 1937.009483227412
2590.8851480366043 1951.3306441658422
2588.983064659191 1957.819204687975
2581.3865855257445 1961.6156463922155
2562.1480020490753 1959.3150597096846
2551.929411391896 1967.7503806571026
2544.4663894672467 1975.4700091254315
2538.2438695496044 1962.765033686212
2526.8276439057136 1969.2045909812446
2514.0570693858003 1969.1453834335362
2504.9311763442597 1963.2623771638591
2506.7642354268087 1972.6855866817916
2483.157440720919 1973.1423815163666
2474.0793707090756 1969.197341068324
2469.80843307464 1974.6451384298814
2454.692548854163 1964.433254273239
2454.5402686511957 1958.2183966471614
2447.2423125122828 1952.193492652099
2447.905074394629 1935.7182311227048
2435.8234340276013 1933.4809332196935
2432.300154342461 1920.706052879678
2428.80528095863 1910.3926590542771
2433.054127999187 1899.5193906218815
2424.9804356071286 1899.9038103286775
2421.556527857938 1885.5865664205335
2413.8777520239873 1874.6050347816436
2411.7267244600966 1869.9860997725725
2410.585286621552 1863.2559236759112
2407.8833093175876 1846.7576691676372
2404.40593288739 1843.4494558655704
2398.46301087498 1829.8839129015767
2403.636462462861 1822.9537915540473
2403.5902740697584 1812.7941557725683
2400.0911098254046 1796.1889105809344
2401.017172526011 1785.1132392117547
2395.04442072129 1776.0330558970252
2394.7785838207456 1766.7769873691625
2400.7324586889836 1759.9224745593206
2393.6537450483324 1743.8094523668617
2393.4714044733846 1736.2343040731191
2392.4403644330687 1727.6441885722838
2393.940317573418 1716.23326212145
2391.574824946088 1717.0874938961467
2401.042040044456 1715.6532484205145
2411.2805438841583 1722.794977534391
2420.7635082567913 1720.0195324521267
2427.468578717029 1732.2019457108738
2434.206993150882 1728.8997250539305
2433.7457575207336 1735.3514623308824
2449.962292272946 1748.5719756900114
2455.5584828716956 1744.6420706689673
2463.087744777189 1753.5026799083273
2468.6098135470593 1762.1700954087205
2489.079033445757 1765.3274383136034
2488.787453329801 1773.5542154592579
2497.4874552157294 1776.336441525917
2503.254401480884 1784.0841792483473
2510.989884306146 1790.5061298149005
2532.8970987791613 1792.8796449645492
2533.509646335909 1807.5928938172074
2539.244311982935 1806.5906645838447
2534.6896719365554 1806.2497289326514
2551.1397513665197 1815.2097508607235
2557.912663524249 1819.147284538851
2566.9961046024373 1819.7956843885834
2577.5898981656273 1815.3516129816376
2589.9652228889695 1813.221859987924
2599.0326444876846 1830.6282523256023
2596.296506256495 1835.0879655960068
2596.9710093579074 1848.2730361746862
2600.8994690869868 1853.7646141957725
2597.299285015285 1859.6451989279642
2605.0689593338766 1866.3092445064883
2600.364194460563 1888.7116833976677
2603.589841728573 1889.2059349390602
2603.862371637489 1907.3627040271385
2598.461111761039 1911.9117272297344
2603.523198731908 1927.9025135109862
2603.4612389685326 1931.4564181955889
2585.694596632724 1942.3337940282693
2587.3455283585126 1950.01263404954
2583.7786780584984 1961.7306376974616
2585.9154827114803 1969.2635075935732
2579.404163826993 1981.2180144219406
2583.0554190893567 1988.68728904623
2591.593861513432 2002.895185744966
2602.2922880341703 2004.7135211174711
2599.39954152031 2010.0228899853446
2601.4703016126946 2015.8375825349312
2595.385002088278 2035.375844496015
2589.5848023668163 2035.0414222201418
2587.5085456363845 2029.2440549296532
2587.224838545932 2018.352733976291
2580.824335557823 2009.0877750195004
2590.1302072786807 1998.2870674971489
2593.6004840191335 2003.4620465353662
2597.053729522434 2004.2826788848422
2603.3923097212783 2014.1134585058783
2602.443502451954 2026.0747115983995
2590.5577875360177 2038.649614953161
2588.9068883999144 2046.0616124097894
2593.793111823727 2057.380293256158
2583.217521770599 2065.8648759219177
2598.426594629927 2075.674394396574
2600.250020206764 2078.210504519205
2605.265121053771 2090.7392234089234
2610.116143051765 2099.594347657805
2596.0748772738793 2106.3164200960914
2584.6006812509536 2117.451408064601
2576.668814711758 2117.5851540081794
2573.6797895594705 2121.710748977326
2567.3134661706113 2133.3986201232565
2553.2666312687106 2127.546459295281
2547.267125143252 2131.042591354426
2535.2045845084763 2141.17137051422
2527.421351774334 2145.969811972013
2523.3994202229715 2145.305611969796
2511.91127058175 2156.9345573500373
2510.2895144750432 2161.4057711726027
2494.8866570219893 2164.7098504906394
2484.8706613978843 2169.0596883978537
2471.417500215804 2159.148868395883
2473.5282306683907 2150.161947044142
2468.251265633396 2140.0675625576773
2463.136853112066 2139.525950079178
2458.2247534953476 2129.2891407983066
2457.5256361976867 2118.122914103874
2449.778646636649 2111.4154422265506
2438.460230307779 2107.4624618005937
2440.0885146399028 2097.6578452827366
2431.7380796523394 2091.875801005499
2428.622391832263 2071.4016976677744
2422.78669963596 2083.137211067031
2413.8962953742403 2083.5706554198223
2401.743485530075 2090.1019167962945
2386.761637271814 2090.481469700753
2384.34069508102 2101.1845289341913
2375.278351142284 2110.021093711687
2369.4614566605624 2109.3839695551974
2366.8178719824723 2116.9070237616615
2372.0965166571427 2128.985464496146
2374.776249159642 2137.1085818586625
2386.5442542598394 2141.754125014173
2391.12912987781 2146.328043682185
2383.3919455490977 2166.943679934861
2408.050398298924 2165.0718448508424
2399.8045968920874 2179.515530945559
2403.0960201761304 2188.7530428892055
2405.621573561061 2204.928560122583
2408.8779070453184 2206.7912231709215
2405.1349266947686 2214.9356700213293
2404.111262357572 2229.8999475632104
2403.5585136857553 2234.8837691432705
2393.4001018086924 2245.740701380804
2394.7223985713263 2251.7760132920284
2378.2088218300873 2254.044428228798
2377.015935023803 2262.106865777635
2377.589975623971 2266.2226921423858
2380.6093210453228 2278.8941131976435
2384.0146209440836 2286.4256944792123
2395.763340702764 2292.378428929989
2401.305357317438 2302.8670760108666
2378.5205710753494 2313.777191180541
2380.092138330935 2312.911781513186
2370.8110848262068 2326.3070036836493
2367.272881989542 2335.086760300169
2361.1117270099107 2336.854932778619
2347.804291095049 2339.564123955544
2359.437990250719 2351.5353722948403
2370.535606288284 2360.6275535814125
2372.4107052869394 2371.772689612971
2378.2960667292523 2377.0392596332854
2384.838437441073 2386.5996358398993
2380.6115657915016 2385.20825138899
2378.992153909688 2390.338733806586
2372.3432649726333 2409.2584410751547
2373.8767173888323 2405.4767043255006
2347.3003250631436 2425.9292280250665
2346.9775528310943 2430.1453867741266
2345.82590878899 2435.4565382040423
2353.923939980099 2434.8885641158704
2363.647393429664 2449.726506962766
2363.7905264339756 2449.267837573062
2388.0612360641026 2441.259661442316
2388.4441871649606 2446.4316355904134
2400.3906350187076 2456.6567143229863
2408.427066242359 2449.312077697486
2420.0706318804323 2455.0340041982063
2425.589393848677 2462.3458826344536
2439.6749295811273 2460.7661472369105
2453.3284705343976 2466.556043067475
2455.204956689461 2470.8430315225146
2451.753635707111 2483.9113531976154
2451.256822626902 2498.5675460790817
2447.761275925181 2502.954700275798
2445.061519805634 2510.5621233004736
2440.980098048256 2516.010787716727
2446.829428751427 2531.4417817262256
2433.1054608432687 2537.563511006743
2440.7471134740717 2548.3602242928905
2428.498674998513 2558.947233746365
2430.8393501846017 2569.6649987025644
2428.599282265134 2575.9099324862295
2425.836322783334 2585.4399936715536
2420.3306390491744 2605.341178360208
2420.52631295658 2612.8511524456403
2426.7202364496866 2615.185011494845
2436.425433010538 2619.9248712463977
2442.298071276657 2625.09031637225
2443.2827978201362 2641.506494382204
2444.486572169839 2651.5136979769695
2449.2146216266733 2659.2746591462314
2461.370902129987 2666.4194556313455
2460.0793393443064 2683.154067358154
2452.6357642905286 2677.0722973568895
2447.5806416162163 2681.4252668825516
2434.9431190743107 2692.562117259869
2430.497153765857 2690.415750438049
2423.1716620336706 2703.6702371514557
2415.545484787701 2702.5249154731355
2401.273570485678 2714.896400144445
2395.9053454989785 2717.5012987981904
2398.0935072136585 2725.9377417206774
2396.9536917815326 2740.804016786604
2392.3018319111325 2752.199743256117
2380.1798337977334 2758.6460066002032
2394.9231801213155 2769.089161392131
2393.5553545303555 2778.6429431221577
2394.4796498806154 2788.2632604755936
2398.5432190312977 2797.506471905777
2403.3454447553004 2811.5376364394965
2403.423722078356 2817.3501323034116
2398.983261017967 2827.0975797838933
2416.292792997131 2836.647836461247
2411.498731520371 2841.833244367932
2413.126299201503 2852.15950775313
2415.3606833927333 2867.0139123231897
2412.8903897946407 2880.9793846460943
2425.1918563100885 2886.59093917475
2423.717378509278 2890.114884279606
2427.1045370746533 2907.2158725982413
2430.3588864520284 2917.0696399030403
2438.2971766766414 2915.499284366035
2446.908015240038 2918.3098097346815
2459.4202924200486 2916.286038774396
2467.994011576553 2908.0923160098064
2479.4116303308942 2911.3161076609144
2486.0583805135198 2910.463903929477
2500.3179383614215 2907.424914374699
2515.9113383599915 2907.0859583591155
2515.6812756741406 2898.3470030449375
2527.8500856547284 2906.6015032003647
2538.179980058118 2900.1634162615246
2548.1487483286346 2902.111047496326
2558.803115312192 2892.323776932498
2571.108738697711 2891.002831906571
2580.508477651324 2889.9111560643105
2592.0056302684793 2888.8679922388164
2600.508534990567 2892.210392232246
2610.998725300038 2889.6068426996444
2616.5067848895014 2879.5608494212224
2636.2036610949563 2888.172012431346
2642.9749333062337 2879.7442900748206
2647.965577575724 2876.0194704769733
2659.833857555991 2869.473294442857
2667.0120696273925 2878.70773305066
2685.1277660273972 2868.092220904912
2687.426338919979 2876.724476681904
2697.2425647261 2868.0685748786996
2707.278610804788 2866.172581151082
2718.05972680258 2862.977824895867
2721.630266280451 2858.7410692980084
2714.1671448082343 2844.357956429352
2716.824458142896 2840.5160002798816
2708.5697755729157 2826.658481658471
2702.7542519072467 2821.748579482437
2688.14437226618 2813.6152672408366
2697.3541016777335 2799.1478787289234
2698.3984206390596 2785.284292137829
2698.4434327961158 2782.93753165707
2707.802661846192 2780.14271873239
2719.029023050665 2774.6662417362263
2718.0442132217854 2773.285480467291
2733.0561610411064 2765.9710797126463
2741.227220546787 2770.3972041646434
2749.790608296802 2765.640601179492
2756.181303317134 2759.218243899473
2779.133473691592 2747.1967832913456
2785.4453448563613 2753.620323071193
2791.1759138342586 2745.463066040985
2788.599387892472 2763.5737600645966
2794.7355735829533 2769.149544920839
2800.263693219752 2778.7896997826015
2814.696742878922 2787.0778345745534
2807.3345418113554 2796.777414188037
2812.316059761016 2810.7410167511816
2816.047201355676 2818.831824278042
2815.823494621304 2827.587930132981
2820.382625761167 2831.6924243195567
2828.8429928514847 2843.018218069764
2836.688894625712 2844.5820827745783
2844.3441598442773 2838.2686168754685
2864.3536424786485 2844.3155914332274
2874.9912493311867 2836.4852858979307
2879.3616315299146 2832.2072186264463
