506.41840498635696 2438.3173264044794
499.20809044545007 2477.342269238868
473.0153899433527 2498.7226360474515
465.0096339567978 2523.071425355904
429.244764761604 2541.1836046136686
409.6033187590581 2557.90993432658
377.2946297376659 2571.2413863655656
354.30616437756794 2583.5118320398387
322.3142581359207 2592.5870402585206
285.4628425366462 2586.2912277302366
264.92812543726143 2588.858628084403
231.15358036775947 2595.727799855446
199.7485594608576 2593.219440837419
174.30475546782102 2582.853152261511
144.78120648275774 2586.762372589446
124.207051364938 2579.196619256049
86.59706245163196 2577.3334568545647
59.20111405641001 2579.3730110911724
55.67996052208201 2613.500711644952
64.15291226200665 2636.132552808267
88.81627785267982 2661.8069984183876
105.23680166567989 2684.88649806086
119.011065709747 2720.9373660493584
132.323712363611 2744.258199211966
144.4744930966455 2763.0138605041557
161.86674373723832 2787.230797473001
172.87957295670535 2813.16090933014
195.5498103223224 2850.656000018542
224.09460705452688 2838.610869704994
248.74031676462573 2816.55838434149
276.74831945070866 2832.2934407695802
285.78484192191013 2850.158335348267
319.1836957477621 2848.602325282901
349.4797253001807 2827.6171874240435
348.9114288684275 2806.840641146953
333.5509467849122 2775.8278974754144
357.9997511862275 2755.3180767138
390.7261013962964 2746.452538442832
399.3026648401982 2767.9027255306037
408.10222804075596 2791.289658384088
386.8852467882552 2816.8540486238803
366.59343647795123 2829.3350654460555
340.68558578723537 2807.4625561213925
330.77340101125634 2773.9633635659757
353.38795642138547 2763.7536996621056
388.86717601701446 2743.814093649781
395.5028906080691 2770.6380827705098
413.36013665792814 2801.1829825273994
384.64272617226635 2809.0780899240895
358.67793656851774 2827.624534197263
345.0280727624855 2807.559760832341
335.47884087010556 2769.5148065727526
314.9343116577538 2743.117749793735
301.69111301834937 2719.731616883463
296.3504592511472 2693.5333261539795
318.55343013493075 2675.7152600211525
350.44334989966194 2658.3315583961976
384.10621953528977 2652.6967086801383
410.9066501708366 2648.107953217256
427.68052102432904 2667.8311414892582
452.6195876686142 2687.157462481628
453.1815633153133 2713.8498620677706
470.62405306395 2744.0044783405897
480.6389523122593 2774.446926100781
445.1187650287232 2787.845276708043
414.6605857812376 2797.932570028518
390.99967381805095 2815.0451954054906
365.01842961012727 2838.2692451114635
368.13294763833926 2860.918905737171
380.8738029416733 2879.146107703771
391.2491608107984 2904.796901267809
407.40411613244675 2932.2820894567753
424.37338645775657 2948.966196236966
457.5726449662015 2939.7249712588596
478.8403984457363 2924.096626203217
512.0378654177273 2918.190741389822
543.5872329288767 2907.1911761185406
562.7063173115014 2890.0755580269806
592.4677800356139 2872.6651093209357
592.0269683343915 2837.351217321822
602.0892480503953 2802.961802144932
609.1646735684478 2778.917730080338
626.2890889980374 2769.824744550195
653.8463389641053 2745.120133776964
681.6974999240256 2738.9709530329415
711.6061342165708 2722.6586431378364
737.8607989073137 2709.084864783345
762.5258715797046 2727.0246904981636
782.2460837867684 2747.357779765829
785.3684729697803 2780.471625807906
806.2564408086885 2797.447839175514
784.4845161932228 2821.719155741379
788.9362543829977 2838.552439178412
798.676642557519 2876.289500807884
803.3608819050846 2900.59096461475
817.3294593988114 2922.5569435898883
831.5892961134064 2954.8486708159407
841.4530562610462 2986.249139741569
848.3137978375144 3015.31234528641
875.496633694934 3027.295843328378
897.1903748516133 3011.737268145283
922.9367038014675 3003.221296916867
956.7073037113197 2982.4107937061253
985.3440537878802 2973.604198702286
1009.6477331260521 2963.708028516841
1034.6649650799152 2936.149565744683
1061.3953430121405 2930.3838074190917
1083.6120295369271 2920.217053894983
1113.72266025493 2902.757275878312
1138.7716658791092 2891.5945057134586
1162.1497908450508 2872.4440164414605
1156.8430964942456 2841.364909592693
1144.0465989403178 2806.602642792661
1129.3829249874643 2786.2708333722394
1118.3893000484188 2763.550247594231
1108.7352237751513 2740.693494300422
1100.9428482594546 2708.9185520034284
1061.8242592668712 2708.6601094610814
1038.743911300217 2714.961939190032
1008.6691927901742 2729.394992749673
978.5130664041948 2734.529327434018
950.2997372700315 2759.3567625072546
923.8107519353567 2763.01960526643
891.513535533617 2780.078801588978
906.8593219620593 2801.9951973523507
922.0871029732672 2820.4756138241314
933.2894068034498 2854.576541413354
945.1255714445178 2875.8594089044755
959.6864225689459 2900.2085461266724
978.2162829118494 2936.5989024743662
994.548929055264 2955.868643283958
1018.2010235665902 2949.1095109947337
1031.8565289032497 2932.5624070948656
1072.1872948003327 2930.177572376794
1092.5592089486843 2903.340486190975
1119.805303166807 2900.429153877264
1150.8509034716087 2877.667536985517
1168.33937552554 2857.3223328484246
1153.442891637952 2826.5970729913083
1138.1320043539154 2807.4795680717216
1151.7747055571488 2774.7400634501982
1170.3590661485903 2760.7236599557264
1190.5854518772132 2781.407265854043
1210.142796158098 2808.058203021911
1220.9103260380562 2830.878607671559
1202.2820765367326 2855.32197447998
1171.1118420240866 2860.2229422358505
1166.3535690834628 2838.6413645068374
1146.6446310462684 2813.814915282239
1122.905009786228 2787.063314634847
1159.0175148819778 2768.607975844616
1188.518949273775 2756.39703990289
1201.8263079599744 2783.4371334575408
1221.0970577072915 2810.85782915827
1220.8499553760414 2837.7278839500996
1205.3429814033088 2854.2936293313237
1179.2725624584114 2869.763119503516
1162.4289117418948 2840.580835277797
1144.966239255547 2814.7847514415257
1130.8569907025176 2787.570739038795
1095.9615377676623 2787.5107195578726
1074.9627219911815 2801.0084104922466
1048.2436164526493 2812.1777591117543
1026.040943518369 2797.400822925502
1008.4374197725059 2766.818235736957
993.383566084713 2750.734286956758
987.2991820625197 2719.395277752316
965.9641252676603 2696.522258943628
963.1001962014299 2664.0939210351344
947.0669405805049 2635.580160380907
927.4217218766331 2610.5757859059668
918.3132115369389 2575.0989187504647
884.9505274809599 2581.3537123705432
861.3435604182752 2579.196777946136
838.5095395519015 2598.109812247698
818.9007729645949 2624.019765714943
829.951496448483 2649.2721810088365
850.0644870042153 2673.9876703581094
860.9426607820258 2701.302738930888
873.3323878626057 2723.7796570471555
884.1588758623856 2757.3301092569286
863.3803260317006 2782.6982311895154
846.6487916177418 2801.0773240053345
814.3810054269779 2809.809961097717
777.4341430326588 2807.804358905442
788.145430369256 2841.3671184673185
799.6866185673842 2872.4378102658266
804.0309352050294 2897.7186941428185
828.6054586821823 2927.6779119500316
835.5654774352403 2965.7807514386195
838.1580715519743 2986.7936969896477
848.2795672484651 3009.5778158733665
872.7525979592162 3030.7051770034914
899.4288198815237 3016.02983312993
928.6497493301277 3000.3499475553003
952.9802042798135 2984.2045497444146
980.4080136522396 2970.561027448212
1010.8421989916486 2963.8327525456893
1036.0606611317469 2945.1450932138023
1054.0249165907956 2931.790284268943
1088.8912347597927 2921.3378905335403
1113.9788897894305 2906.8295404920586
1137.1659283474494 2881.907969054922
1167.0136887739077 2871.1331278455036
1158.7592504025051 2847.518352721216
1148.7058456972131 2814.356474717986
1130.9191923199648 2792.010811200216
1159.8360297923944 2770.938628186081
1186.5139264669751 2757.9633505957304
1214.116393807324 2744.5280165626414
1243.3304798478957 2760.779398884378
1251.2293567606634 2780.457413348155
1271.0820362371066 2807.9407535870546
1304.0827260849328 2796.4379102056014
1325.8173098082798 2786.9754415717916
1342.2080634755855 2771.175701893088
1375.8768977810726 2759.998041745346
1401.026011057498 2744.3424354904046
1427.9582282317403 2735.8784526908785
1451.9897064228417 2714.2681957749005
1483.2555125903634 2695.950741179477
1507.4666128974584 2724.1940495347803
1516.3175234525954 2744.6327184046077
1550.215409154222 2747.7500018564447
1582.2488781868876 2727.1580692257285
1607.1031472918314 2716.3271381667414
1593.0347555837336 2689.9795833884828
1579.4330783727316 2665.675598586406
1578.5638593823373 2629.5861268346775
1561.4295659940515 2609.740822009107
1549.0884446266105 2579.785535610393
1523.1431385014052 2584.0849817919134
1501.6991566537872 2603.1677164377616
1508.1556492166621 2631.0620994196993
1546.7260771162682 2641.6529475062002
1569.6011624488215 2614.0407877468515
1579.1888438241212 2592.179342914709
1615.6426252582446 2583.6212778543213
1599.9966295681907 2554.066954125785
1591.5965004681482 2524.7731256647153
1566.9222616263246 2504.040154687877
1537.8843594840746 2514.9349233632547
1514.9488959471753 2493.5931624732125
1495.869909761605 2469.888011710277
1479.6487249714626 2442.2490633686575
1459.6646531904582 2429.124431782018
1442.78289712928 2396.3761725556224
1430.4516297643268 2382.6730146346154
1411.8943533571176 2346.265994260601
1393.6159469950985 2323.1486556475966
1380.701225942853 2306.1557644502045
1350.510950901837 2282.4200426955827
1339.3304772876456 2296.7645739557092
1315.0369574029507 2279.20698372729
1295.6294925402422 2247.296592756441
1270.973138133915 2241.2410709939213
1250.4896052738002 2266.068214737033
1221.0200088704432 2284.2088189648266
1188.958535726052 2302.9748137604806
1167.0137698886854 2323.5666181880993
1141.6399598871217 2334.2866374786136
1117.5466456534828 2356.3051527192274
1094.455687226925 2353.319884465598
1071.4025864302753 2324.930137306879
1055.733176296268 2295.373838811524
1040.939932653726 2277.516612049471
1007.8753925968527 2267.468115928608
984.4223737348036 2285.662765612349
971.4314997679808 2255.3694656152034
972.0024772061074 2226.3922001930505
979.6802213686643 2193.0977861982565
983.6355459603701 2168.4198940268016
983.5647761042459 2134.403505148757
988.1834759893298 2115.2452823405147
994.7121929917537 2082.5582720916987
990.8692989212775 2046.0306874197506
1002.6347368969491 2014.3479335009565
995.5145463215846 1988.7212445809027
1003.0281274756436 1965.2775144787893
1007.8619005930273 1930.3769287017049
1005.0609232648412 1897.4293749475125
1010.9222751064071 1869.1102148288812
1040.0264695870264 1851.9723274668104
1050.5598437157055 1818.688848801418
1072.602344360879 1811.1938689203882
1096.509875848097 1787.1912962964668
1126.5140485523116 1765.6756442315882
1147.7365429372596 1746.5228354125177
1169.648968258975 1734.178741813378
1189.4112072242026 1705.1754703138865
1192.4502993319643 1675.5235354641002
1190.5492414945188 1645.6376755266565
1220.6825696203723 1622.912951565315
1240.903393487231 1606.1853379321753
1263.3905097195684 1593.3134466341794
1285.6492341730577 1567.0682893895728
1286.3355067688174 1551.2570355865657
1265.014016917956 1522.7979485563849
1262.8394889744511 1487.86276231879
1294.9884197017077 1475.533394029687
1315.5271006689443 1452.2562838858605
1342.0871230704254 1437.8392708858614
1363.7300785480438 1419.6980050708091
1388.2579420537643 1425.6013939245472
1408.1402922146924 1448.627674334076
1429.0655836717622 1471.7677591689257
1449.9688651059078 1500.1623790859037
1423.879580945891 1513.087454603701
1399.3218003818165 1530.9731180715687
1371.8545145230828 1554.5332642072701
1350.98693990929 1575.5478135953367
1322.7493420696912 1585.0821597698716
1304.4681349167572 1568.0474375376339
1285.10865213789 1550.9029715495894
1264.3568926661176 1526.7130924600215
1257.7451466346986 1495.6503221937564
1286.28652805047 1473.4830613403042
1308.3460247792077 1458.977339892201
1330.448535648627 1440.5744693946267
1350.3733554471462 1417.1783068947152
1386.6828102747609 1405.5418963373204
1413.3576297867828 1401.4393454839733
1427.3191612494968 1418.4003663996377
1453.2291377187514 1428.5291290259083
1468.7294009493564 1423.0989044257633
1468.5886289525874 1386.4555175037974
1455.2723493423337 1368.9416545147792
1454.844043534451 1332.7053015430106
1484.7990667926574 1323.411734580566
1506.3199951765998 1351.4803668876273
1518.7800489701344 1377.3365533579756
1500.9572811225494 1394.8311972526037
1478.6714078189373 1396.214033848212
1452.6930786058683 1371.6167296929573
1456.7878278676983 1338.584494576012
1485.4445537084077 1319.5399206120194
1502.9753934133294 1339.6630585573287
1513.2975602322863 1364.3496867703504
1536.045179649875 1378.544286403785
1563.204954556284 1415.257875559173
1583.0652731000912 1428.6660988052363
1553.2380633599348 1456.9742923045637
1531.907498644676 1468.7626549472682
1515.0618720813138 1485.7755272101076
1489.153504147497 1488.0746476133781
1463.3084910609055 1461.9959253603377
1450.0982853843864 1427.4655057364955
1482.4400362917763 1413.1108741996404
1465.3067931652195 1386.3525740788662
1447.3444681123096 1361.2071333453443
1420.3103422056286 1364.616453108834
1405.498167699461 1393.8682726998102
1432.6457960906616 1420.3151914741252
1466.1700155425879 1429.9403504538159
1481.6706561348183 1406.0813542510787
1470.5258573581348 1388.057335927734
1450.0607330981036 1366.3269656648447
1463.3494050282297 1335.8483646556015
1485.8858412393465 1310.177884282096
1510.7191477647866 1298.6769542861039
1537.7861236521546 1279.9085923394302
1556.5554095601256 1260.98349160767
1532.7888394506904 1222.8885907690722
1558.7021727089154 1213.3915792073394
1579.1857894951147 1233.1036322034138
1587.1558502193004 1257.5716788561676
1606.2380659054797 1277.3846284850786
1615.2076512162662 1301.494327520887
1585.6236137020303 1329.6721984112703
1563.979928138898 1340.8036151521394
1544.7770986562857 1365.704628486334
1513.7110041048786 1385.807195241307
1493.4924176694333 1402.958513703748
1472.9390752519396 1380.4029587852094
1454.5269309600642 1359.4096005275012
1462.8605968120246 1331.852587839772
1492.4658741619958 1316.0669374609909
1512.2504621127534 1296.8338336327245
1532.081429777184 1279.5038512207148
1544.9997727961654 1252.995386621731
1535.0297390338217 1225.3255314775804
1551.8090959126491 1205.7178550665444
1583.9895276694815 1210.3292082148296
