3352.539557708427 2227.449941734002
3340.421300564414 2250.479316325888
3370.10971507191 2247.982173949534
3366.841617753263 2206.866229647403
3326.1088100918387 2218.534709647508
3301.202165258868 2226.633222861313
3265.6192973119114 2226.7668414189166
3244.8680826384807 2226.4402326365826
3209.437037792816 2234.2638093941646
3180.367927636411 2244.442871191714
3165.302750751846 2214.067666460309
3163.7941266685134 2183.651945597077
3131.0072681450943 2167.7913321456685
3105.7418323061997 2175.3312359538722
3074.3395294439665 2184.4241145284927
3046.715135883076 2190.479585256726
3016.8789563938544 2193.804752108883
2984.3074454064526 2206.5291803555547
2962.1402087652245 2198.0765365119855
2939.174916828247 2207.559818195163
2892.1030505498525 2211.015199681509
2866.169297091271 2212.135967437754
2840.9790450410082 2214.1773264455796
2819.1623282879596 2198.934706546385
2785.9664499400255 2182.631382907852
2772.462840304992 2162.808832877212
2759.7860330233048 2125.287726236516
2756.900311760827 2100.2742257911245
2757.301217526169 2072.2739313744246
2744.752361445376 2032.2257515119475
2748.9749003075594 2016.2431148161386
2745.1694517310534 1979.6053454788987
2767.807846070284 1959.6407077278825
2798.4250274450733 1944.9263477903962
2821.864079242635 1927.4117564602748
2853.667961801942 1913.9014188868214
2871.628659626383 1895.5114017818448
2900.813434414283 1904.4663792112824
2913.4210699761334 1937.0784216947357
2887.5079513668393 1947.2517542135106
2862.130185550902 1961.4317142716986
2841.3214947271 1980.8545320469968
2814.457980385471 1994.0224505122485
2779.223544335666 2007.4465128232357
2757.161487590609 2018.8651934776128
2748.141760800795 1991.6146828339922
2745.8977391103735 1969.9394266372558
2734.2060819190447 1942.1399956851458
2730.7855861498297 1910.1149788731827
2722.688946829815 1874.0942585583268
2720.5464924561893 1848.7596897741478
2708.8256194682485 1814.7481779515622
2713.4508953417894 1853.319623441122
2713.6723927286407 1887.0565066000795
2722.6715178353506 1905.3830064570643
2727.2525240635823 1936.0151435037424
2726.692993122945 1968.227646179792
2741.884760406393 2006.1694881343992
2739.780090416989 2024.3352168274084
2724.1855677349067 2042.269479357388
2690.4521619970687 2056.5988782537415
2668.626796944368 2071.6249431856318
2635.884800101322 2090.013802616329
2619.266225148551 2105.2125075619733
2613.0159031399908 2128.676176769659
2636.783200395263 2148.886798423889
2664.012733666193 2165.9399649012803
2695.232223587422 2159.190159069834
2714.4266559301245 2169.8946325503293
2736.929341408064 2192.0423270603983
2747.160522141408 2219.2105654111074
2763.977866643614 2238.768597588239
2762.9600212551254 2279.1220943407275
2743.810812021349 2299.4724770320504
2719.67126281374 2318.1420658630996
2690.326267188301 2333.9252514039645
2661.8977764961573 2340.706393907972
2643.9461466811467 2355.7796561715104
2606.460297946579 2365.6355511422976
2584.0365652428645 2376.9142348706823
2555.885798366976 2387.227165604266
2527.761525604319 2405.9893056683795
2537.010487288431 2432.7931361063133
2547.6531111822187 2461.671833555009
2562.2516430284536 2484.759113257649
2574.8790417874516 2513.5869375023744
2589.556243119449 2546.302009023968
2613.3790506035953 2534.523530857695
2645.616921623047 2530.9463381053197
2667.3134206168143 2509.6289265951987
2696.0254002494744 2529.9244459564384
2708.391483522447 2559.7532199078164
2727.238892537718 2588.016399432979
2731.188770668943 2609.8510824063364
2745.475178632072 2639.0128645561413
2723.377573892074 2653.701358277013
2691.280586630797 2664.5253857317884
2660.33942374543 2674.8986141148134
2640.7515369236953 2664.550012801007
2629.5949461213654 2638.2419213089297
2623.1319771140998 2609.3978006723273
2662.1961558409675 2595.8588071813706
2693.6927435451307 2581.858309676197
2720.218293731056 2589.2254353373305
2731.7115474800125 2618.4059426363942
2742.7259443583534 2654.0565138470693
2716.042280495085 2656.3412245607024
2684.568104689506 2673.2068035057064
2667.722950025399 2677.6984124391893
2635.3240984982376 2655.3592311655248
2626.8832156286767 2634.7329006079863
2614.6452491599557 2611.427330970473
2599.143727459372 2577.324802605859
2592.3957073679653 2552.236584221681
2569.6198945451624 2553.489618840645
2529.646304991807 2562.644961422866
2510.6697066768415 2582.9971711174767
2478.407860651238 2557.9223556938364
2474.7911063056667 2526.845145274629
2485.8580259378937 2511.567862405384
2517.9023800025907 2494.7494725102647
2542.2751209096564 2478.8460207225294
2575.7859298716494 2492.28795693685
2587.053065041769 2511.5466241139825
2620.6651246686874 2496.6664655597892
2655.6813803562004 2491.2963188810695
2670.3220994571575 2486.2808063742996
2689.2732383726584 2520.1259521263164
2697.322866542462 2542.889135867442
2708.4351333102077 2566.56021000987
2745.2789793895763 2576.62871423783
2775.367583474722 2573.345792831523
2793.015748519715 2572.2758226104693
2797.5076843794236 2538.6687509581034
2792.6291861651953 2504.4348237936465
2766.3745333580296 2500.684573958297
2734.8930302553895 2489.379935750556
2710.54191377876 2510.4563889809433
2698.7493367207685 2531.2373400919996
2704.8785041945525 2560.5002530913985
2724.2604847528164 2587.0844863913476
2735.156104507298 2618.321738604721
2744.8078877216885 2641.1018506740634
2706.108595001338 2662.252626935033
2697.973748846037 2671.1231262341057
2658.7335498788125 2676.6289096229434
2636.8249329931778 2663.8111943587824
2625.688811526638 2629.892445216304
2632.520121135793 2610.139746447642
2661.430702651272 2586.5112678706473
2694.3495014121604 2583.6478755392136
2730.6541705892614 2590.655699349936
2732.796836860029 2619.1786750986903
2739.550584024445 2651.1161794863606
2718.084141627114 2650.7308970828594
2682.898313613948 2669.8123512301336
2664.316924189815 2679.421052003054
2638.8890916494693 2661.172419890811
2631.608451540436 2632.549983654393
2640.4849531491523 2604.590636938535
2669.8140471937854 2591.7178256315146
2691.347917873636 2583.0758271635946
2723.1546790430234 2580.107540929896
2757.4670058994343 2566.9895019937508
2776.8852531342136 2571.9768901418747
2805.6228697606357 2544.4688897896053
2794.897564777035 2524.9738020349055
2777.2544122558284 2496.422529066842
2754.978898341069 2496.7161060309786
2723.098524065625 2501.691220963017
2688.959377093802 2517.603633915717
2702.2410494815895 2542.7957114050714
2713.2986897055544 2579.156200920858
2745.172677259189 2574.2390538333298
2776.2032277099393 2567.6648187646438
2807.7278946480524 2563.9797300731047
2807.1226901277164 2598.1346585893957
2808.0695319890237 2617.87632036983
2792.2435852659196 2635.3196214743166
2760.4353765547953 2637.6337437297907
2756.6887455969572 2675.8909485744116
2763.8869626378887 2706.236967534757
2774.825099596945 2727.577528845909
2798.115936390137 2757.1140881293218
2803.9655236621024 2788.6814769061834
2814.5256448037553 2820.585716718668
2825.639981017707 2839.051637159692
2852.2776623014356 2844.2515879818543
2890.073923147212 2838.653448085573
2921.6604762599163 2835.8648926439773
2947.772372454617 2828.141199037614
2973.961901334715 2825.7747062892768
3003.194827573394 2817.7245213626497
3005.9296537587297 2784.9986302376346
3010.0117956669374 2761.127077779922
3020.8865501686782 2728.181778592155
3057.6471116667153 2723.701850821142
3062.6219778731793 2757.3696529614663
3071.4091740944286 2782.7385624951507
3070.4936351315055 2813.895732816145
3076.524245495505 2849.243701304711
3088.6112437009156 2869.4996117376027
3113.2005443552025 2888.40901072458
3141.9641354512332 2870.9091502901456
3142.5010806532323 2845.9918814249772
3130.5644984451483 2822.31684901872
3128.4584373922144 2782.9515624178034
3123.7823608961576 2751.847250598619
3118.34144441371 2731.122094053235
3113.300250408368 2702.620227971196
3104.8101935565905 2662.4202325264273
3091.271849592782 2647.8246550795857
3063.554392014804 2660.7566797078634
3031.33521609432 2627.1141034523657
3035.3722919171623 2597.315593828262
3049.454335836227 2568.073341200908
3083.5762355379024 2572.187029104169
3080.917791717156 2537.1030030784955
3081.4511398002164 2505.0575589143764
3071.808312864192 2483.891589812244
3071.5931621604936 2452.896568130943
3066.91700630833 2421.7450094411215
3060.614568685889 2394.737211656553
3048.379960127627 2366.7847377318567
3033.6091034004994 2344.907111662225
3003.0270423659267 2339.1197655951382
2976.1253373473146 2353.3950068993804
2928.6826420719317 2357.231872233929
2913.251155000149 2358.6984821748465
2880.6324597751986 2382.116318615265
2873.739625372159 2332.3621556414137
2864.516012847876 2317.4414185934884
2882.0033654380527 2298.693529672612
2917.4851438188143 2291.1835707714627
2939.307214539301 2282.7735251183844
2967.6470633123745 2281.486881149506
3008.070331358472 2273.742574959786
3044.2433373804515 2268.3066248198966
3045.915609943627 2300.6925483811747
3054.3308005712374 2327.0573556282375
3030.3748527810694 2352.210757252504
3038.0745244443688 2381.232640813754
3035.6726771964527 2412.1299496233983
3067.9903143715464 2414.859342128272
3104.124197922978 2413.7550151381483
3130.8194816978344 2402.230819821992
3157.1364441937944 2395.561020057827
3198.218145775291 2395.349138260685
3206.4719407215484 2417.5445064576697
3213.606504571305 2445.845889310631
3241.1128560617753 2457.3201900926124
3270.7273064256437 2454.8474261257693
3297.037823000139 2452.736306669552
3330.3796618081183 2445.498889872478
3357.573637826284 2448.651468000963
3389.4874976338006 2435.308604593893
3413.493339540676 2435.922135151908
3446.6453368828297 2428.4438305885014
3469.8756619538594 2420.9670742101134
3457.1627209089656 2395.9675845671195
3442.822634196379 2372.3598207138975
3421.6375923424202 2356.1249761827958
3390.255921849597 2363.1595644536765
3360.1504055532896 2371.6067141968288
3328.3821294183576 2371.900585023778
3304.908560458175 2371.8656728729557
3268.675463496286 2369.0411970758782
3243.2662121964004 2388.110448690997
3214.9439778718447 2385.421543418627
3202.1304117787267 2422.2531849029906
3209.407322251125 2453.7540353295403
3235.7013252481884 2461.3321263409753
3265.1910286952016 2452.894889806205
3297.9793713085123 2457.323654857373
3322.1869639695115 2451.116531140969
3355.080546555067 2445.639571350447
3385.630363506829 2441.2841026432147
3418.8022484893418 2432.462761600459
3446.0387722956925 2434.1440466615927
3480.6090537203063 2421.858953135838
3499.7196104537356 2411.0987335075833
3535.057644887362 2413.9046533244054
