3174.310448034696 1664.11429018412
3155.4232462535206 1663.3793116807396
3155.9489296722045 1696.35356900006
3133.809046721383 1671.9107858324373
3153.0433135561307 1693.7034984502372
3137.5407657460823 1675.6308397317616
3156.1176658015597 1697.3732389919164
3138.4094661863337 1669.1124005921981
3157.9193877003854 1689.4654121429583
3138.352667689263 1668.0108299761735
3158.472736997565 1690.430225299086
3133.2158021593846 1660.6852767031148
3147.360884216622 1697.2112369867807
3135.5224335618655 1667.9629363836061
3154.572331379226 1700.1138127463655
3133.8711215079334 1670.0240609534299
3150.6654093151838 1689.9222786791186
3131.037134297673 1673.4468597188754
3152.637008233268 1693.4968104034504
3130.3453827707813 1670.8973084014401
3156.4190945786377 1690.2403347847296
3131.270199022692 1674.3103824858295
3158.952272090978 1697.6898381192623
3140.3544225672595 1675.0277058901872
3155.479317441374 1689.9016548723557
3140.2918289189765 1670.2373680907695
3153.9864341528732 1700.3674770507016
3139.2627163182815 1664.7859903182105
3156.330944186622 1697.051910344479
3128.675906189307 1672.9147848704552
3153.7386600721834 1694.765400056059
3132.6762480191937 1664.2381263401808
3158.217819494914 1694.488954860953
3136.48676373516 1665.600723218834
3155.6632768750555 1695.7204662264267
3134.3921100268135 1674.8046793669084
3153.888385494 1688.1740892145801
3130.4934305333236 1674.2973773372448
3154.264108740334 1687.871549326492
3134.8271367402403 1677.08053906538
3155.861150464875 1688.969501759101
3144.3634884457024 1665.9801930727724
3154.9173936515563 1694.5092405468192
3135.3094656248927 1672.5659776018065
3152.6763581290807 1688.686980318076
3140.6730106844184 1666.022139258848
3155.6193513703383 1693.5705569428656
3130.130859456459 1669.292904356917
3148.2993444101267 1698.3423704206225
3130.34114547563 1667.1361845959404
3156.6639000150767 1700.4940025475373
3132.4091578266566 1668.7416840941567
3156.391104361233 1689.7519362424785
3133.4168075787848 1664.1097280779927
3151.9813232071133 1694.3766226692342
3128.370761254463 1674.9218690741804
3153.6311810673997 1697.2444738768809
3139.8999090820103 1669.5319583050737
3155.800635494948 1694.4179728297638
3138.1525867031496 1675.8709581816113
3156.6714670037563 1691.2408694479952
3134.2863645643406 1671.432383864096
3151.781670842002 1694.0576033299587
3132.1193797174924 1659.8691876730347
3156.25695330232 1684.443099959801
3144.653829794167 1669.4973691508658
3151.39394902825 1693.081054823847
3138.71624946417 1674.1979338228512
3150.4446197824664 1694.963802498343
3128.9691389276863 1672.8793282668055
3157.492710590226 1698.4711033481044
3139.0936458838237 1672.6548824279364
3151.673478564696 1699.842723199405
3132.764973021773 1669.155567412103
3153.4913295501156 1697.9265159146214
3139.9282079258155 1666.1455557119455
3148.211438901719 1702.1062428837347
3141.4301019648146 1670.1918363027878
3147.310184563081 1695.7818645599398
3142.414583227905 1666.7726354142565
3148.188956943363 1692.720649695096
3144.8277569040206 1668.0098305996046
3143.9571763834056 1694.776034958029
3134.941236330446 1676.2949193839493
3157.2866172027225 1702.2991037013933
3131.6215799467973 1668.0598086422044
3156.586562498219 1691.8236596368954
3142.4364563942218 1667.7783730625554
3150.2166795351955 1691.2873054575473
3139.101798847328 1668.6350606512844
3152.105009506268 1695.3494227322083
3136.332934171903 1675.5007517122147
3153.722274853253 1694.0313912656973
3140.121522439642 1674.0287878537163
3155.64670429169 1700.2568811655287
3140.9226784492093 1674.53272948619
3147.7411548199193 1691.2076999243845
3138.5867877092883 1669.0409046101722
3155.886606273476 1689.6457198770274
3130.82775808109 1672.5111775147009
3155.098602220984 1690.456241482701
3139.6096861573633 1674.2236056130623
3152.052799500632 1694.526878949683
3132.0988749632047 1671.6141771386406
3154.8418216155083 1689.9656747696188
3143.410281462617 1665.399196914063
3154.720008437887 1698.2426601284885
3131.3725305901394 1668.2652401885798
3161.1585706647597 1690.964835937781
3135.6851386598173 1674.8806767589826
3157.4572322839504 1689.2138432673187
3142.2793956708797 1672.068880516449
3152.1642217406797 1697.6997369912751
3139.1507728976694 1666.9519113828826
3150.6257038841754 1702.3256337971598
3137.084247736091 1669.7071616378682
3151.334950141563 1695.6812711161747
3134.3089674368957 1668.9411717125383
3153.009387566159 1690.2578190868176
3142.852931214944 1668.7080001033821
3150.979225914218 1692.4768975483296
3139.697173569956 1672.3303424897633
3145.6717268889943 1686.3041763227964
3144.812776344188 1664.6706800735442
3157.5093870857445 1697.0298967333047
3129.4917296626904 1672.5704635765135
3153.941538484746 1694.7302940922668
3136.817211517376 1672.4908181408896
3149.637026826844 1693.0521967974014
3134.6553241426923 1672.9629008674133
3152.355714460036 1690.147301329688
3140.2065704093498 1678.2253145547825
3159.073954353197 1697.4902890184687
3132.597249586033 1661.755321108703
3149.3560531516378 1699.7863448926696
3138.810582942057 1667.9528725868945
3154.8828210913707 1691.7595578228213
3138.5696978244723 1667.7843422368967
3160.1384485542494 1696.379629436232
3137.8537148311643 1669.4327731232336
3153.8199018114433 1687.4834225158932
3141.1029192464134 1673.0909777403904
3154.7294447775175 1698.5630588690508
3136.4482570248174 1673.829770825739
3155.947780361218 1694.8825975982409
3136.3507125351266 1677.1659742784843
3159.2794235442407 1690.9427911156533
3139.677401689149 1664.7881203818831
3159.7844830180993 1697.3663490159013
3134.71529395134 1668.133870641752
3151.463955482133 1690.7816027032422
