2224.548727871603 1217.0734627211725
2257.1425172035965 1208.4155174598945
2279.4282565459325 1230.5594101588038
2300.552146596044 1232.411741711354
2326.5667636573708 1261.4449995756586
2357.9821846593077 1269.4337562541637
2377.7385069826255 1269.9233932837965
2407.6841702977918 1282.2472360254715
2439.6843271798075 1295.0822124617878
2442.0748920795068 1326.5740808815954
2426.4982539671264 1356.1893999415774
2412.6378671705857 1377.1593618322768
2404.8732911772363 1403.746429362783
2386.525466876722 1434.0787567822626
2356.4441540586317 1444.4730743399707
2347.2145845993764 1473.1751282945572
2330.1561105032606 1492.3067511260147
2308.2653556747005 1508.0903720609795
2331.458182290896 1532.802826178409
2355.666434158402 1548.1814204199236
2373.916628880808 1560.1512974817967
2400.043427747323 1559.3846190388763
2420.2376094574656 1530.2156414163017
2429.9340915928556 1512.1420340586944
2460.6792630086857 1513.916808941012
2490.9433840904376 1522.9191900845547
2490.4400414894394 1546.9531728929262
2474.9690877248267 1573.018936409198
2460.185375774112 1596.9247139401746
2482.740416809623 1599.7904507902851
2457.1909074721266 1608.65166424853
2493.2351573433807 1594.5016789693725
2460.361889193997 1609.9154476330345
2495.201514363521 1596.29977057957
2458.4921181281416 1604.6673465247347
2471.524890458449 1628.7920733727944
2495.999070802279 1646.7158697324294
2529.5598797443595 1667.4609371448666
2545.355711447133 1673.4166648912956
2572.0320294195044 1694.0812565484357
2594.2973789245307 1668.2254402049548
2574.994376495935 1652.8333861137503
2560.5483096391954 1623.5509787670335
2572.9061490940903 1594.1474122929162
2569.077519210201 1561.5666023970919
2539.9756004106384 1552.2676059248688
2519.6894225866995 1537.7799517162157
2489.089602650988 1546.811130269074
2471.918958733623 1580.1990842232658
2458.887539982755 1604.9214553844258
2491.4047566775557 1599.939871358836
2455.709377619743 1600.3817142267842
2474.040914563744 1633.8900714732447
2499.8728780801425 1652.4387820359975
2535.033931121589 1664.3609892778827
2550.671992869825 1673.719764695184
2571.4013469607166 1694.0075976085889
2599.5938510756855 1703.4370290777672
2624.2420359389166 1738.144163109391
2651.3147938919083 1752.073621758961
2674.2291286986233 1764.6836063182832
2698.8164633660604 1778.9762551655479
2702.4981607849663 1809.3081677398031
2709.4045237073105 1835.4852235719084
2710.0255197730426 1865.9452879118494
2721.454887682061 1898.1843340947514
2728.7306462025485 1929.2022897144166
2727.9864205180497 1958.8306318854854
2734.826038342762 1988.1635024352654
2743.5749344467886 2017.9536488020967
2754.4429553915215 1994.933063720855
2762.8481689773353 1955.049070451813
2783.3822479299233 1948.5840201460483
2811.8951663911275 1928.5144794136188
2835.437875481582 1920.9383200604173
2859.650999645967 1902.6179526619103
2880.439339969748 1876.9420135532437
