248.51218322805275 1670.609996230286
284.33961308623 1676.1611395783066
301.2233986518189 1679.3833239667747
328.66253147659046 1653.8263249232893
334.70532228286777 1629.0485129240149
328.845458426645 1598.9416339482025
296.160319832317 1581.7835488543153
263.2021212606249 1569.6837224904355
246.95586277787152 1556.568321540245
275.4236214493201 1569.0244427604223
306.1125370448123 1576.0491161113039
332.7727236992824 1584.8786402510325
356.6731552050054 1595.8871737500665
394.4938127167719 1585.9927920596895
416.80785264291234 1600.3369684546017
420.0319927073978 1560.8930640363071
429.671202112459 1544.6227996776322
428.33687174201816 1510.7617204067608
435.46366189210823 1471.6378643118073
439.7669816574712 1447.6882189535852
410.27600262523464 1431.0797027659485
389.00583328441564 1418.127371415813
357.65072097671083 1438.2780305856436
334.5273513083721 1447.5237137933702
301.561302494548 1454.1634780974262
278.8369539622152 1454.9370400843777
249.3395099933904 1441.2124764935322
232.49749239636662 1424.2895667886294
230.43363214587595 1448.8419210085037
244.53978746673488 1472.0436964978032
253.61744514424987 1506.751267158291
239.78488676734938 1483.2707957064918
227.81546148255933 1457.2962066415291
220.4918660613937 1429.8724859454996
203.92504255616484 1405.3716119424896
198.78647485997928 1370.4204098342198
192.6834680077243 1337.15328317325
192.35969293855572 1309.6688200521562
175.1717546998738 1333.16407349314
172.62186965327456 1358.9756560415474
169.27088823555613 1393.9848281125323
169.31626257154727 1424.8336672663463
174.6200923688061 1451.304547405425
183.21016536473593 1481.7902420470282
181.96174530230303 1511.9626255384535
186.59248132408618 1543.9268718715743
184.52751650661588 1564.6600130169118
197.23395995288183 1604.578344531983
203.9594243641097 1623.813653174522
237.6453365179586 1651.4150022801202
250.27136702714077 1663.8051932934309
285.21348054493717 1678.8026769518372
305.6096419025557 1672.8657969942205
332.5707759552951 1650.3025015327037
338.07919742727495 1615.0827380207365
317.2323208652405 1596.867284460725
294.2100554859881 1582.6658642846523
265.3110398370873 1566.2921549965372
236.5574687775249 1557.310762866516
269.9307698437872 1562.5530560927245
296.35340239524675 1559.2139540122091
329.4937608363629 1574.6502465351687
346.88070897078563 1600.016900572407
350.26230859306736 1614.251631614689
339.9370915272754 1638.613086773698
324.94911585611976 1669.583206163643
358.6335802430003 1651.7241421001793
378.0986804257576 1648.8411246366943
407.8811077856308 1677.68343632725
407.71004792042896 1704.370859123887
414.83598076316264 1677.3974221095293
413.1948887464269 1649.2939310583524
420.11190544193755 1613.0918311409928
419.85445427853057 1579.1997868086703
425.30803823385264 1562.1030625766782
430.41997030502995 1530.435563746476
434.17771242012407 1498.6905486395656
426.6701270773609 1458.0880127036826
434.7388609532982 1435.7148350162834
406.5712379873526 1420.933636163682
372.4102995544934 1416.9357944645683
353.1792238225024 1445.958233119407
314.5950815189151 1462.4814332913115
290.9415329924942 1462.3306677732885
261.6637241479372 1449.946612850904
244.4384417845422 1430.7791476498999
225.71137555059653 1402.9160527536599
226.66014700347594 1431.247387276456
244.96475274547993 1465.3572656922572
250.24105065819583 1496.090856316717
258.1284587709074 1524.831766816965
237.64353798649736 1496.977595282486
228.13079407964264 1468.6036721828325
218.55387555364447 1444.7403389468388
208.25419370390776 1413.860013079251
191.6184428302968 1377.8065597733307
203.283768562738 1350.7075694273153
192.22743293565608 1320.6148456210396
199.61648121495045 1292.5298092015619
206.3014434691988 1266.2834643167503
214.91775387536052 1239.6199829131197
227.62751614453526 1216.9964384371842
249.172848083278 1192.9906498921616
273.38436543588654 1177.8385083302016
249.77962264900643 1190.344410794154
228.00278965880867 1207.4459127012499
205.62519928431092 1222.3380393450466
191.9439736929954 1198.9027639059102
197.84297270157245 1170.0332125446896
214.013613075056 1131.4953436419507
234.51173995024257 1109.2868387047877
254.9546082160963 1094.8058615787586
267.61855027182565 1069.6059934603186
288.77184896439013 1041.7151001784293
307.5853268268753 1019.8893439190125
326.5473955896014 1004.8025036615934
342.8479510490594 968.1169096117302
356.40805304397736 943.5287127223024
376.46131572448985 923.4948663795692
385.1752748277469 896.812203881336
406.7354745554601 865.8497888551485
417.509961671616 840.1237953703521
433.68252541772006 815.6159345728706
453.830456804321 805.7526131099959
481.2135170618434 773.3373519198269
508.9287582074345 763.4701804734115
533.071813316472 746.0462225334265
555.1026624931684 724.8858443288511
575.9344219141753 708.171980125225
603.8562508591524 685.1339644817674
630.7254569008057 676.3158465776412
654.0980535025957 658.8321918612367
686.7817965521082 641.1056155924821
705.0375033905027 622.6326683005746
724.7278143730897 600.6314281003171
757.7856046364619 588.5085304960904
774.7055561604968 574.54436327783
815.5021567848734 559.6328269612193
836.3859201505493 546.4258262426845
862.123783406154 535.6614137272558
880.0297941346038 514.2594205079008
916.851802307441 505.39851606201415
934.8472954761668 469.04353153925376
963.671136703957 462.96997618618633
979.0568960144919 444.8094754648155
1008.0550385196782 425.6105578810596
1029.8307347126472 411.48361315630734
1045.6483624791113 388.1106743324813
1075.3069047224417 372.64135637830736
1106.3314512979152 359.3731316372187
1130.9508274531916 347.88094519874915
1159.0190235512566 329.075417948806
1189.7924057221128 306.09758979314347
1215.6654300157993 299.710898144027
