2501.5489515230634 376.7888848110671
2503.7473767294105 371.6367177964131
2499.3638744770965 361.20366132564465
2501.2136605769956 345.5555162388206
2499.4467261755362 340.4002515380481
2505.6483306441996 348.66318157116757
2509.435709927494 362.2617277540424
2499.9821069699274 363.74689452786595
2508.1171394755397 371.73590484776827
2503.540888357391 382.6912443815223
2501.9508734993624 397.52584998463453
2508.745998267986 405.57375458768774
2496.5054498853287 418.8138577428236
2498.40995730354 428.77612918233825
2486.905196370679 434.3677200830379
2492.484738797038 441.1487651630498
2483.6459669265287 451.58886236395597
2475.874421514652 461.43540990650115
2463.861152465435 459.5557019142094
2465.763172613537 481.5603690807602
2457.551670790049 482.7717403449021
2449.6337756262446 492.6241411013301
2454.3865518447974 505.08617833783137
2452.6362659284846 509.7287285916452
2449.498597348049 524.0218615754032
2457.1334468837213 533.349701340588
2464.0698120917104 540.6142016067159
2469.13512705659 540.0640993289363
2476.232615210665 549.8663296192996
2471.4608539504397 549.1157710372478
2466.9325165823557 540.9012512933825
2459.5829407562114 539.1565099574473
2449.602160343715 535.7735479201234
2443.4758614683046 518.0793977395955
2442.9934552464583 508.9251716849547
2438.5650642393343 507.3116760649516
2444.4071417348723 493.2435536707067
2443.658423549485 481.18505947959056
2441.854161748779 469.29397275943575
2460.123260623311 457.6237748731922
2458.341223813052 450.7660887905607
2463.8703994135494 447.1081099268161
2465.2879260466434 436.35218695408327
2456.8579409014224 432.80170956578127
2458.623218786175 434.9293887478554
2456.165164699311 448.4033570501126
2453.9918271067368 447.0336571852084
2448.0907122683093 456.2991344666163
2430.516786925188 463.2608958794678
2421.7090010176116 459.3513666268081
2406.3103620418083 461.3202556660736
2405.9419800440396 457.41097355493054
2397.0045640322705 455.13456782701826
2375.836747479655 450.4918176677321
2373.2182362491053 452.4263574262509
2369.36026358483 448.3451540375083
2358.6633364977206 450.1982133611489
2344.6605956038925 440.3855511635669
2333.561914645892 440.80752322719
2320.660260259245 438.67515921180166
2314.087772321461 443.73413362184266
2312.8903714877783 444.1125930305464
2292.1267111721318 440.9939896987388
2285.6177465639225 443.5764649456707
2278.7449517296754 451.4425040515299
2257.7665984783634 440.4940389289733
2252.0317712634724 448.1703251382554
2237.5934589337307 449.60741871738287
2253.132826680565 455.5045291215208
2272.292555106553 447.4751832169412
2273.00324386073 452.38284829088303
2283.0695327709263 450.9457913228282
2287.3079590290117 449.2534323126494
2300.1375865132973 449.56058636591024
2306.935962886707 453.3427118617906
2324.81165361567 459.4418208474568
2333.025104600179 455.7317804826806
2342.7448136073613 468.8355055449912
2358.8347473969925 468.9696776653602
2367.503524241046 463.70963962867233
2366.9624131947335 477.958935063749
2383.2143692078507 468.0979172247
2394.9456880081125 474.27804602532376
2403.9079871247995 477.09718439571134
2410.197392980824 472.0397546740325
2423.5471667682973 472.91377653626967
2431.828159051259 472.623925329243
2431.059662766114 474.78000780507716
2449.641932318319 468.8318644552795
2458.9073543517547 454.8497922822098
2466.100404635639 451.20652001677246
2477.861835746453 439.98065416456296
2476.7087069982795 430.0053852179486
2479.67489432442 422.7887042193236
2487.4329450308624 420.85741930145053
2490.814583628662 409.7996765457611
2489.722679256662 398.9028697887442
2491.0029788854667 389.8682623021806
2499.323038369783 380.8648925278329
2502.582109284939 369.4883520509255
2502.073333363898 352.32580225359106
2499.9505879895337 350.55729714515553
2494.7533472486684 334.61893340081235
2513.419051210035 339.4395411636817
2503.264342407484 319.0691611260256
2502.2914883789163 313.3775428056542
2504.655538892233 304.0252854177236
2501.1838264387707 291.8867358453411
2501.462785342961 280.96651963786815
2504.0820314098883 263.21424876734545
2503.281665202472 265.82812121949314
2506.294122264058 255.866901276384
2499.4019038522906 243.12136854679608
2502.9042535837893 231.80992385488588
2496.7798906075946 213.91828245643057
2508.4097436878824 213.67996170079982
2503.693157527525 205.3988187694837
2508.482619594384 192.05604954949598
2509.844465743579 184.21717532106922
2499.5682213965797 171.35792023376396
2502.144069290619 155.5941997848333
2507.0868563360996 152.60619286460224
2507.2752698273034 143.42940252950717
2495.986425726498 133.38016457355891
2507.5009225822955 126.06922260406888
2500.7892426674966 110.2728853937486
2505.332044350099 95.72496965408445
2509.2263047039196 89.8073144617729
2501.4640887039886 84.44703003215093
2499.208799942568 68.7648305300468
2500.872565077184 64.25550490381167
2505.225949535205 49.738925858815016
2507.113669882166 46.21802540048425
2494.061943121804 42.39616644429171
2480.8914007498706 39.61598253304596
2474.1575126867915 32.563443088965506
2468.409638548467 25.62491929619211
2456.7595215339998 21.384401796740605
2451.3413174460375 17.254836033750564
2456.5968363264224 27.284271322406447
2468.4587322736515 26.908747906509518
2469.563305988063 29.668585341860847
2483.4757487682064 37.1000944672425
2480.032258129444 54.44559618526444
2491.790446871123 60.91788760191274
2490.1749766386183 72.4033555363161
2499.4160224647685 74.20778198709722
2497.28058194092 86.7961891030461
2506.6824039164676 91.40779959859995
2504.088103434555 87.0678279021501
2504.2143075442505 71.12321916842023
2501.557083858648 66.80017348303096
2499.648433286135 59.070410606692256
2505.063546542449 46.3450885992079
2486.3160288453423 40.512636005120775
2481.7800535979018 39.985306392402734
2471.731138564686 35.28442109938137
2469.3227166691977 35.157276772548265
2451.497202065204 19.40759816091176
2446.077187904135 23.53367910290826
2457.081013485978 21.921346381247318
2461.095160074942 27.260669034002703
2473.777574656767 29.340228315085007
2484.4993171486994 45.09348069336577
2487.0482385519267 58.96998244684472
2486.5458960701017 70.44961611041563
2499.8033811811547 72.2783531297336
2498.049784242172 74.3336974859726
2501.491211522975 90.35817408577039
2500.1726612566463 94.71451629547295
2504.2513924429063 86.80273854074287
2506.122253757799 78.67475351060645
2503.7371869689027 72.32996661112315
2510.2663475054414 56.98268639009077
2513.533323047337 53.76456916470183
2506.5695397374575 44.238478536373584
2516.4693638079284 40.78393693754433
2529.426574895785 37.32669060681069
2542.524799703779 23.42972134528773
2551.4891078685064 20.85235160018113
2556.8180954746817 12.780826163577352
2562.230168228624 10.171601286288464
2576.3561827476806 13.4664902019233
2584.851572290123 1.7105375876166633
2591.3800628452295 0.8288009348126266
2609.399141184402 -0.41314946461621815
2611.363863075473 -5.0978684367941085
2624.7753304274306 -2.886822357607514
2635.2336322301308 -5.128049265116978
2645.562353044233 -2.069028382727552
2653.9331769180003 5.051154994529362
2666.9663296686444 7.884598630930022
2675.977332108815 10.17783522043078
2676.9456979007186 9.835247832982176
2686.037226594992 17.347477468546067
2707.48294438661 14.404719176615131
2702.5132767076443 24.128970577673982
2713.872927867417 39.700029045447245
2724.1061995769783 25.955571894773556
2737.496272529678 32.19607040722115
2746.4539211101255 35.89718669495745
2754.6090859179753 37.63474118489287
2761.0201334327335 49.128396428204795
2762.106060695805 61.26186473771897
2754.836287038971 69.58921307848877
2749.1213867970605 68.67580792052334
2750.0016419018425 87.45540954543279
2746.8891998853874 94.86341180109926
2739.9443311746318 98.30424890193471
2738.624618096276 111.03012197739216
2723.3600442787347 109.40361085068082
2709.007437934866 117.16602037143826
2700.641404213905 106.05318578482458
2694.340198159722 113.29962824592164
2682.1108071709223 113.40276052187048
2670.1658652463348 122.37263637701436
2664.087970179956 112.40042732594615
2651.40989066584 110.29838808285265
2645.0326060992647 119.35085080838965
2637.655615903301 120.48932381608157
2626.120353534886 116.71947569137942
2610.061703112701 122.05769051674702
2602.18407259305 116.89411528013099
2591.809889612085 114.21298624284438
2585.6409190280947 108.34397166277395
2577.2663595274744 115.0637442210017
2554.8464189965066 113.64688972171001
2558.5755899456467 113.111583019468
2543.4825803912217 110.01018917893582
2536.4938737417115 104.8047409294409
2522.041815669328 117.16724390901587
2511.1885247992122 116.24142907694716
2505.437277237477 115.48016404765944
2496.511617866699 112.4716672712587
2476.5719758762943 110.46674474558928
2465.5624887800896 105.91580747699076
2470.3239750583507 115.90611498635707
2454.470657828348 110.88188832508301
2441.111868911786 115.00636524766875
2437.1196053316303 111.84253795915913
2424.2511737616637 106.69254788658273
2414.1873500255697 113.32947137809415
2408.161678482206 113.0828760803104
2393.104732074556 115.88367470338102
2381.9882519316902 113.50198165318963
2375.824968295694 108.7451343860586
2365.3008938215876 93.8681972383508
2351.888122937053 92.86993746695983
2355.459670159285 88.12609904875822
2349.609146499269 72.98411957594627
2340.008578650414 68.79758921825851
2326.442993357444 74.7857687247975
2328.26862619637 70.7695335274416
2307.154852854803 77.86358227135959
2304.326546031654 70.40378001386398
2291.0253097869227 75.61394169283163
2282.524308910018 67.47909925161052
2268.7687877466306 77.3661191755416
2258.6673847081674 71.54559235749079
2250.369782740527 72.82515876094317
2236.203617724074 73.28989980251728
2232.7066867262656 73.77662373616548
2212.8461723992746 78.94898866421872
2216.497041820579 76.26983403532131
2199.1948433772664 73.79843547840295
2187.765146085558 74.820662768641
2179.210734014144 75.75933826688927
2170.368198789991 81.21567464223631
2163.253718572672 68.9182976938535
2148.0116784209918 72.27189634197998
2140.6308287478 67.20676305629826
2124.9940856833227 70.77954872071038
2116.101559377469 64.50791045926537
2114.2361199343345 73.67785823202509
2096.9009575759724 74.8540617736411
2092.0433664759976 81.00037160182178
2083.426305083324 70.09539425179224
2067.463457089407 71.23453554636464
2046.161820838637 69.712244915188
2049.3247145943214 76.31468063973304
2039.0857983712767 77.10096388136085
2028.453634548235 74.57607223675973
2019.7343258152846 77.33855424479066
2016.2154151961101 72.64646216196851
1994.9341684733943 84.29940237429241
1989.687270091183 79.42094817959716
1992.7108976929 66.7014686086521
1980.8289531104435 57.40739469973606
1981.973917426988 55.608375917460855
1972.001316878549 48.282389929835155
1960.1831010646226 38.84961663387746
1952.069204686818 51.019175643428945
1943.2845451325209 46.44713117290653
1941.9879180571982 57.402809442570785
1929.6884770316758 57.8955059303719
1922.8933193209318 65.3880973843853
1914.7541368410607 79.790021844475
1905.9602557862854 82.5490828595025
1894.7937479645502 82.1038081509426
1883.4028607078967 95.69615681653292
1898.314834250413 88.95936654705929
1876.4402737029893 81.84558586636007
1869.7753125706668 73.52484169239179
1856.012680750054 70.0413654043696
1844.3230230548572 63.943983168459106
1840.5248479276263 61.338799903947596
1837.2932230512104 62.633533793265386
1825.7124469414655 46.35424168473206
1807.1133364118734 38.58224868498748
1802.8178143934113 49.197167379719644
1793.230621627662 37.69404679134821
1785.7199210722538 42.96416685646672
1792.6487714518655 51.18307253861686
1796.2432038023187 59.745295049079715
1807.776403781386 72.12602465768126
1820.0031146098884 74.12811599786104
1818.182361659186 71.5163023128097
1832.2080698031352 72.58794757194919
1839.50820552286 79.06087660690517
1847.4289946113058 85.24258195738499
1859.2259261255701 92.83068782813393
1872.3305901085928 92.34991557133498
1882.3629011801054 101.04703936197211
1886.5120712433409 90.8731182451838
1882.7737397707217 86.48439838727293
1892.7932851066607 79.78892101671566
1897.8333027032404 70.25808439477368
1909.2988328701424 62.9901363726822
1914.515120167667 55.28628390709348
1915.2759053907876 42.78557325213761
1924.304100588129 39.87616929264016
1938.1081491343434 46.15635857840356
1941.40101496419 27.47263790412285
1939.108147523579 29.360564331800816
1916.9200823889928 21.45090112882152
1914.4185500180843 33.85676855372328
1914.122025712118 32.825366309846
1908.2763140091652 31.22498094022471
1897.6791377028896 48.34337290969146
1883.732828659915 41.523513337053316
1882.8329170312638 38.2235492384214
1881.1098814708698 34.34669188284399
1898.8316600980568 20.863264774092904
1899.233905529845 22.730171095719953
1910.7892252614924 6.2931830854127355
1912.7715709639344 -0.5284741956552921
1921.0632753596376 -3.403576898362587
1926.3485755644247 -8.08705655419297
1918.1556453758067 -14.991974176333393
1916.5340562950314 -31.535946453016557
1910.1323484431605 -32.42362289767022
1901.10644281186 -35.608389102541004
1894.768027015528 -48.11455699183549
1892.8603360999093 -41.358954895660275
1884.613652703633 -42.56654467803919
1879.2616523039333 -36.45749248174824
1870.8159275635583 -19.916537807570954
1858.0878410089958 -31.78433782340454
1851.7159940990416 -11.712824875002681
1844.3912676176267 -7.598150644671726
1840.2932773613893 -4.453119423831055
1831.9662387514275 -2.193010615965477
1821.6087596648433 12.622495735932574
1814.640688066512 18.25757768238961
1799.554704592041 29.891828165185053
1798.8301691740946 30.992530620436526
1791.9816844119873 36.763977912594875
1783.8697574648538 47.76868057640636
1770.7015405570967 49.2713808834064
1772.404655109055 62.02645840770512
1763.3407701389197 68.18027296970327
1748.982893439774 66.83147105604402
1746.691038929679 87.5339149242721
1744.13766637593 90.43029136969061
1742.167995913925 93.97575353763703
1743.3038099229223 103.08224277133442
1735.5052839227096 118.0715657495786
1727.7878222238373 122.86189880494422
1719.861310104876 123.39707934492321
1710.1888554708696 128.3858645386718
1706.8203289957135 135.0302999594229
1695.084652854351 139.501224978235
1682.5543703071398 139.436357852767
1670.6435477750242 145.95965736189393
1666.905288628494 141.7397260712687
1647.477339438693 144.62095034379195
1650.1238451555396 138.48005014995013
1629.2242504427124 134.50076825775557
1633.8301525020138 128.43939971570614
1621.1381694934867 127.08030136756015
1616.512145997899 124.18161809456086
1608.9352058876025 117.24392680282487
1591.1150965022546 125.14893135201616
1590.1605856154858 108.82721444024646
1599.3394541386658 102.93675424761228
1599.4153776008966 91.46566647666738
1608.1443360713833 81.3698518514783
1606.1875097406162 80.19144784252778
1623.4113242972921 82.70726016297237
1629.4177096250546 83.88778099503969
1638.7304671872885 87.12514358118894
1652.0414311626046 91.93607131583126
1660.486473937608 97.36856077183967
1665.4683538129643 96.7358981284635
1682.5113348791829 87.69462619508143
1688.3070702419989 94.59696917371991
1692.2725613942216 100.06657536113444
1704.5986757610758 101.82637989352406
1708.1495108808504 104.13606865176708
1727.6418330847284 111.4347285486592
1726.5704861699737 117.3899427121544
1726.6470781770581 118.07660762473401
1719.4964719360867 110.39276976217599
1701.133781461732 111.32095635510319
1700.189767741188 111.9216278811853
1686.8060876242187 96.97979227863263
1681.456986782277 103.46137389173121
1675.841776474906 86.17918357530799
1673.6156486586895 87.32261587027675
1678.2642409398834 82.5334157425907
1681.1137587084768 69.34744297370138
1686.9458318100349 55.795244015784014
1690.159842326625 45.16137615368221
1681.6405690970696 33.62641320551614
1681.6354510401645 35.97227418349352
1666.9093105336676 30.90831189475408
1647.8388236298188 33.60770064469344
1647.0372575148963 27.947216208189758
1639.6148924484546 13.004760692457687
1623.5817524307047 19.092578191900685
1620.1013616938192 22.555138583544355
1603.1292116801199 9.621713499830037
1597.526985519667 4.2134275802552565
1587.5823909711619 14.11945818475808
1581.9030327619812 5.435187867246732
1565.1706546420692 -0.961780456182808
1559.1924257617482 3.308640202820989
1558.5440279601555 11.876434089093394
1561.4575449207164 25.203090126517736
1555.034400928276 30.3481474260877
1548.8618646713714 40.88135447398766
1557.2475467436902 52.40824457130204
1558.4119623645452 49.520386653957154
1576.8202386915902 54.23414454552715
1580.370709633356 58.576718740305296
1591.273594586412 60.72552973195264
1599.4545475917487 66.7675757120612
1613.000268415175 70.39203062278
1614.4838920562506 71.52290242241622
1630.8023793127966 75.43825452670856
1641.1588474784417 77.24017650553918
1649.5975094868447 75.3585528422095
1655.8990274747105 89.57165474365945
1663.4803946941295 92.35713395829526
1674.6561494021278 76.47180226959978
1673.140795287299 74.09390550491969
1679.599945503679 66.34765777964252
1687.14385060169 53.887846522092445
1690.1599729339391 49.67813163050025
1684.622441266152 37.14442166780228
1669.8892711390185 26.775943035579644
1660.4410836160296 35.04435194851629
1658.9730476708507 34.490230954781346
1641.2350393358608 22.10029958457946
1634.5265417141243 18.092441804019444
1627.586728406294 22.825212987008385
1625.0132380701407 29.73624760623207
1625.9220195641938 44.26498575663427
1612.8061624303853 46.09515060620446
1614.6799861355676 56.70928690574385
1616.5010628440125 64.46283058469625
1618.0699273823275 68.48452456695138
1633.2700917776767 80.45496540602613
1641.3585120842324 76.47815946067772
1649.1675856639704 84.80869338319357
1657.5591507405459 82.47612075137768
1667.933746481795 93.46873725165946
1671.4898124573447 83.5849601775827
1675.68135208662 72.3961831237933
1678.8982257015057 66.73889409898986
1689.2320066542256 53.749252109740105
1681.626196940665 37.775443960964445
1684.4790725146875 27.718460438505716
1669.8578011586862 29.246088712692718
1660.2255195825503 26.518432725948756
1656.0664900599274 29.823891533695196
1649.9371179337472 27.51162612506377
1629.2259972993445 24.149413974658607
1628.8811728292567 27.309617176727244
1622.8455412543108 19.173508076712004
1604.7901960729077 10.759449858603752
1596.5021136836187 15.35232190592044
1586.754496771153 9.705989245720517
1574.7100165358706 -0.621069433376789
1572.5810750635671 -4.942421650798721
1559.2069210589907 3.57594560585445
1556.2131714467494 13.752298480880363
1550.5125773217917 17.116653531294645
1541.8849994641885 32.10671048524002
1552.5732326055472 41.79735045449695
1537.95249135067 39.50500392941154
1530.6244891448812 35.61813246690516
1513.5434994644263 27.43927698338581
1509.3346206391227 19.484825212277904
1497.6922202042635 31.416183982810537
1496.0259633485937 15.967089187594055
1495.4998832999213 6.707456457772253
1484.2967731731876 -2.1489680301193204
1478.4929189034738 -15.603214991355877
1480.7670046454323 -20.473337053677476
