2401.806852416088 1701.5874351417956
2370.9954638482986 1694.0841378018745
2349.9433894044123 1676.9433799218655
2321.7332910860687 1663.7620656070228
2294.692073407749 1641.6925233285117
2272.2730051439303 1621.0573315540073
2249.026352823606 1663.4914264892313
2251.322110057673 1681.6618116080845
2255.0766236944514 1713.8164787314963
2257.7323292090473 1746.5322601011521
2264.0928714822226 1769.4029382975648
2261.9606594413576 1801.6392216799102
2262.4774891027623 1838.0424523030315
2277.054300808095 1861.4772822686346
2293.735023643727 1839.3659489682677
2323.0089814508115 1808.6096943979921
2321.3248172782455 1782.4474445058643
2312.4594120000306 1750.4317326064663
2309.4871807051077 1726.3858085764539
2304.646126991731 1696.3204132009632
2321.196142459359 1659.1932042037172
2300.30660605365 1642.812616643793
2267.7760411027753 1629.1758005592797
2247.6302747561467 1616.442151390058
2210.7227832625017 1598.8530630515606
2191.9328809170265 1614.2564980799134
2161.634971796558 1625.5430117548324
2161.1307495786345 1651.379470349542
2170.4540239255566 1684.9912433126917
2172.533916799459 1721.590670540644
2171.766367802159 1748.8920365654722
2177.1403444435887 1770.9792804258752
2204.891679519122 1778.3877951449772
2238.2111436511987 1772.8853258812535
2257.4534884509285 1785.5890928771764
2266.242241847877 1814.407554848858
2257.4477300567646 1852.1882664320742
2233.823240151684 1865.2436316007186
2209.8828628056285 1851.2844339339092
2245.7544073208046 1844.49466983297
2226.1387627717168 1868.0921944906024
2205.2962354868023 1846.3893022891752
2162.3377667385994 1862.607874285243
2136.3540895693177 1855.9774842276533
2102.816363689427 1860.8653538557783
2086.4239023615705 1881.5874315523029
2087.8243623110066 1905.7609476808905
2067.0120097420536 1935.8922477042613
2041.5432960399646 1938.5334390651417
2022.0277821178825 1939.004091460305
1979.7111253449923 1940.0887516498242
1949.6482704736466 1941.7243984474642
1927.6941873868248 1965.6869535134765
1903.3918027657 1937.7966819866494
1903.812160429356 1911.3787813286351
1910.0014286376932 1880.832363113437
1944.2421383224905 1878.9915971489597
1978.2575716091333 1872.4686712523035
2002.557022587885 1865.4258700874748
2035.4407152214692 1868.5305190805016
2062.8412854470266 1864.8891818325826
2081.701894254767 1891.4340211241981
2092.0420765821677 1917.9248049349076
2113.2843644817976 1936.1326346837322
2138.3656771683613 1928.2456402100954
2159.0576082043895 1904.5309815990554
2156.862608550246 1869.7490077335813
2131.7421475487176 1851.8765593092019
2094.764307131744 1857.3301188428923
2085.2697652902034 1886.0748536176914
2093.58998321482 1915.7148841829694
2100.888427341272 1949.756793466299
2095.8799304195722 1979.366362408888
2100.2405618499374 2008.3927567419726
2112.373337528528 2037.8701780089511
2105.2179762288215 2061.3049488503525
2069.5615930814047 2071.53082783246
2050.3140143310115 2063.2193847751832
2040.2082830261243 2031.3042935862059
2058.929268111785 1998.486387005235
2092.6390997563544 1997.745478621277
2102.577964969035 2018.880194241108
2112.290756237187 2050.758937782262
2117.5912437267975 2081.926166274844
2128.570432700127 2113.3613970290244
2138.58750673754 2134.592415766449
2141.068190254414 2168.8520723318647
2155.4722397275127 2193.2420157741444
2163.552816526703 2219.3241649421616
2191.782345796849 2215.9534703260592
2204.5370730773834 2202.3367271106013
2236.5080506432564 2218.446534229083
2242.9318037509956 2239.4277124969767
2254.217346015767 2275.8925982616574
2241.8917143067556 2311.0326144320634
2212.9507583873437 2316.197155061602
2178.761694311216 2329.619449245603
2159.652078754045 2309.1293871939934
2149.141880729089 2282.7610109740763
2137.5439190135585 2252.6824154725327
2161.3536335804056 2231.5206220182467
2182.68408305426 2208.7759568512865
2207.2047813360964 2199.2620291755543
2236.958018478865 2182.1036436187082
2260.7335737896337 2159.9766534229716
2294.396339272706 2146.096791202038
2312.143355194453 2142.2768968677024
2345.1533909801337 2121.6127532681
2374.3664748931233 2113.8043200345373
2395.89019840919 2086.1855121503104
2424.094368511302 2077.1577645285697
2448.8044180506217 2100.6884685193854
2452.631019663621 2129.9394491386547
2473.169991230585 2149.547889916064
2499.9690019508225 2159.5114085376263
2524.2472927428626 2146.1068521565817
2515.2451770802804 2117.2929123830395
2508.685156933235 2092.0015858554334
2496.03868119268 2059.8411854394744
2475.464348887846 2042.358092651283
2443.3751815570026 2064.4853913083134
2434.833110762854 2088.7035548534877
2456.927316289874 2122.489910886508
2465.860772099343 2142.223398935702
2478.8560374055232 2166.625433078717
2509.9211255709592 2158.866003760691
2535.9735032691933 2160.0922472670654
2554.812264498293 2183.9043786126117
2557.5403663961147 2211.995385550145
2567.3766571859883 2236.334919046065
2585.551675063421 2270.2376000085537
2601.9983552068857 2289.3964281022836
2614.079100068262 2328.751519216998
2631.0863868757324 2345.1080860590046
2631.3702239141435 2377.9244946334347
2644.3168437474415 2411.436485278384
2638.0973545713705 2438.228525998816
2622.534523298831 2443.9899419020844
2590.6514210743753 2461.213216667255
2563.809952427407 2470.330765478101
2562.637298303 2503.0008065599027
2590.1780180595297 2506.6524680860816
2621.8170383616743 2494.5427177688453
2656.175200157923 2487.2171742017904
2661.1354650380504 2457.0546787071376
2657.943648580531 2435.7810074803897
2629.737896007961 2443.920026291841
2601.8146533899658 2449.24841419705
2568.3437299121515 2461.5418256127587
2544.557430091511 2478.281715440735
2508.80787390572 2489.0117910649014
2486.3277389976597 2504.2196635492837
2477.410241578633 2538.139964048166
2485.6039957742173 2563.1258606882625
2487.7956577887185 2583.6149205424513
2455.91041054537 2604.9915935193676
2436.328217273357 2614.0728172602576
2428.2203685602285 2583.8477405817293
2398.3823550078487 2574.3112463983884
2372.0936213927835 2560.7016367674896
2344.057607815863 2572.9009203150126
2327.4061093087907 2546.3682728066306
2322.425223272972 2514.2788335035034
2314.6683628824503 2485.369731392326
2304.759618892713 2457.504526144428
2295.395479631044 2422.905374722305
2289.293355092655 2402.898006781827
2281.594394143811 2374.974409536094
2276.4865281348125 2339.5286681398065
2265.0065021653563 2311.309150493652
2242.239371685975 2303.185480153383
2207.221096533766 2306.2557215435845
2186.8151696277096 2329.247204685883
2159.7706263543705 2338.226506443109
2130.3195447949197 2355.9683417392266
2109.9096285488686 2374.2378616545952
2075.5159442671657 2382.130730898381
2048.0706300265015 2396.7463132698813
2030.2206994239702 2389.1013621778634
2008.9057987860274 2365.3871150638156
2002.4520129339023 2338.706293525495
1980.845551407521 2315.5822282071904
2006.0705934712055 2294.0825303710976
2040.8476388435886 2284.649714718151
2064.4052088692133 2278.8165294533915
2086.4585851800634 2260.56212299822
2123.2249286071847 2251.511588947429
2143.9248895382334 2230.568971009701
2180.194271907013 2220.1666401745633
2202.0948907275947 2204.4668073168127
2228.735269668475 2190.22026401232
2232.9949340024573 2212.431501281208
2243.3274387362717 2243.287956147609
2251.787648235865 2272.9968310302343
2241.6774350813134 2294.29145698843
2207.455809269217 2317.43099324852
2183.3273787857024 2330.7989344531948
2167.333658899754 2307.6688568140685
2151.935282540148 2281.515043295566
2136.6448498223294 2257.5929660371125
2156.2136022425293 2233.8690734619177
2186.231891582321 2215.670411553417
2208.943399205508 2197.567417845052
2228.3390781261496 2168.809640413734
2222.6651394115447 2141.5189216322015
2206.4072760085055 2118.483965037956
2200.3947194154302 2081.7555644437844
2195.228186440663 2052.006646717428
2212.9954255052166 2028.0584793884625
2238.4457865544437 2018.192774145516
2262.912710225813 1999.2240356331754
2288.120613539992 2005.5750439857356
2322.9019556230764 2009.6103065306106
2292.208709906795 1992.0004900746235
2326.71934016787 1995.2620374404758
2348.5788933284293 1985.5120770957528
2369.688187960733 1961.4917903243984
2385.1389438597935 1938.394804539534
2366.685810987182 1967.614005580923
2385.9255390519825 1945.8473087267287
2427.025588914753 1936.7803447882147
2447.5762764760443 1947.371914799624
2463.694876422056 1968.4248952284179
2488.984105081821 1971.5752635080455
2525.407343752197 1955.5172808877237
2550.4751517612985 1958.225547013144
2589.311206334286 1962.5025722115893
2601.4360921918865 1924.2807525224591
2601.139519989842 1899.8833530374384
2590.9336501223383 1871.808537197349
2592.3971603806053 1838.7724043413336
2577.3229133603336 1819.0958531504348
2551.9958531543125 1813.3594920137357
2520.5821443490613 1793.543801778443
2500.91939338159 1776.0195140713122
2482.8722179673473 1757.6088349797812
2450.849988171526 1739.63796611968
2428.400801930196 1722.060119351829
2398.7422870518853 1706.6253639318006
2375.865214474382 1706.1669840745506
2356.780382126794 1679.8269572158856
2323.2430067908326 1663.2333122433533
2298.7330217583976 1651.8091435494828
2275.499088429399 1630.6544471342106
2253.2297763262186 1613.6387655484705
2220.5375941655852 1602.5866216957781
2190.992210452903 1602.7153648961187
2171.991683085973 1620.468303322453
2170.834761160264 1644.3326595905385
2170.444977330605 1680.6293338475339
2171.314889773167 1703.8300575893697
2170.0590035089776 1738.11789657182
2177.556092235174 1766.9537748317175
2153.7335083882053 1778.964596005406
2147.233771947554 1755.7929769775749
2136.273997859917 1729.6293705359813
2110.2875175470454 1711.7397739227342
2077.068360472772 1711.4349210956145
2074.8702020779924 1686.4422857152147
2040.475135649819 1669.203398661713
2018.6579269635993 1663.0194800430893
1992.3529384743422 1640.8245900700986
2002.2656476529767 1613.8606249780512
2029.067330425185 1595.3617807196383
2041.1749323734564 1569.9758681545063
2069.682146151744 1554.1744067148416
2092.884845868408 1540.2884676550807
2126.2789712466615 1545.2269710747773
2149.349430933658 1552.8657647169755
2175.5895245560805 1568.002836875502
2196.3438153464367 1587.9095236281698
2179.5544739675056 1608.9632323056962
2156.6594706222095 1634.209120666338
2139.890228637239 1652.6230987650176
2136.09629356045 1678.6811918309133
2129.1220295857474 1713.401271524543
2106.5163719276893 1712.682682272988
2093.886533438724 1678.1736207797755
2123.6155175395525 1666.4242349774972
2136.730353603009 1686.4541970419843
2116.9953061324754 1716.2093028788386
2085.1774686326594 1714.1770843878385
2094.0883201831757 1684.6225905405404
2115.385939863136 1662.553502554968
2132.9851283604053 1687.06973041349
2117.0685410074907 1707.0638947833654
2078.616311870437 1713.9414269853025
