2162.4141380995316 1065.6023960747416
2169.8626427382947 1070.537819140808
2177.0168196002674 1075.1419384983712
2183.0535211230917 1073.7697198756746
2176.58645102026 1067.1288072859677
2173.5660403937245 1048.8407784053304
2182.619164414437 1054.5343713006735
2191.955537022358 1047.091141186941
2186.8739316737633 1036.534337905245
2175.781529712825 1037.0925903645334
2163.994809864855 1029.6087698854908
2174.9439238238347 1032.9690670754
2171.32358541924 1052.5632717146402
2164.5227164506923 1055.7847437634116
2156.9004185734925 1064.9444387565973
2143.093216226559 1066.202015907835
2136.8772974567605 1054.1040189378223
2121.3505168930938 1052.3819707604541
2125.836316195283 1049.1165756982168
2102.2225552147684 1042.6959461485017
2094.184510222844 1035.3237535813964
2090.4895523180517 1035.332300169564
2083.6807414032223 1031.1726830508505
2070.5072489867093 1023.2558681879125
2066.248226754492 1015.8089742842297
2061.826419036587 1015.0927605901959
2043.5464265070493 1012.1534430569686
2027.552132406151 1004.7260158747297
2022.0335535731278 996.9119805075725
2017.954812581721 999.7605107622611
2003.6744907476398 996.0112235534576
2005.1182682231536 993.0605098119548
1986.2559359536615 987.8568452882122
1976.5439234058133 984.3854921545376
1976.3598434722182 995.7726155896348
1966.8789535662322 1003.7680405574118
1967.952613813015 1007.9937116602022
1964.0883758359382 1015.983255717168
1957.3647877986768 1035.3690705591023
1956.5400640758392 1032.8510688170938
1944.5696134856487 1044.1779965189505
1953.9384031645236 1057.517920485506
1967.7151935522468 1055.65691136505
1968.4454543907277 1067.2038967656006
1985.5616957317507 1071.6173947034372
1987.2246404467626 1072.2398070438728
2002.2844397927922 1081.7988184397857
2017.4917084653694 1082.5711511550853
2024.5451409648776 1082.4980866720657
2031.0676569924626 1090.2025778888817
2040.2803490813878 1095.2999595578087
2046.1524610321358 1096.7632961831982
2055.0141888538574 1090.5277084532709
2068.1138623122397 1099.9242080585666
2077.2374260980164 1097.7998973912304
2089.403247793717 1107.5419644777564
2099.6792667366985 1104.682199098617
2103.492971772243 1110.4238704166664
2105.460658577828 1107.9080160092387
2127.006886193771 1121.7225593436638
2127.6862861516106 1122.3371077262873
2145.129228901079 1125.5079900994624
2154.5329532385513 1130.5595237197313
2158.525457523283 1130.6520140648706
2166.5352757979335 1140.3740895951914
2174.8249072195845 1140.7773753762044
2190.839625698705 1149.9341653143722
2192.608508224888 1152.4543578098164
2202.860690146815 1156.8837968069372
2211.8880668617753 1165.1660675121348
2220.647074311974 1163.4122179898259
2235.5760424011137 1170.6939791415234
2235.4147698162524 1171.1754810847183
2244.885690607883 1175.1592078925542
2258.6771602344684 1177.9752920785745
2272.825013671847 1190.1158356055678
2277.7276998723464 1187.1517858815873
2277.9269577640885 1195.6240398126647
2273.996207023053 1205.7938944571788
2274.9821917330905 1207.4901981519392
2258.064056101999 1219.4093587593607
2251.387193059163 1222.4507136777509
2249.2446806260423 1217.8700947816033
2232.655989705481 1217.916160841134
2229.2452376851143 1236.5826582917302
2229.908783682813 1244.9368232922338
2231.523213758655 1257.470919837163
2225.0745013407964 1263.3889589345413
2223.5579953499114 1266.1056265214997
2214.3559666164024 1278.0278177209248
2200.4949962467263 1288.0576882149921
2200.063383436493 1285.2298480385314
2202.1867138357434 1278.3524961232117
2198.597403070041 1265.5967762783962
2207.2989700135968 1261.11803540073
2211.7940398886794 1246.5218252130571
2212.3987335960933 1233.9215351770195
2223.5166482767977 1234.0085331459904
2227.0204420501964 1223.697460006108
2233.405591323888 1224.261100661893
2239.8962981237864 1234.9415008317285
2234.1983445872697 1229.262163325506
2234.9634925208657 1241.1428148233688
2223.6923244722566 1258.138419474174
2229.2613863388233 1262.8453841655526
2218.9784638872293 1268.3883753583366
2209.60696036139 1287.2310203723403
2210.1489767675153 1294.4444948842831
2196.2682745941997 1279.4118806899628
2199.6623515789665 1270.3091893262856
2199.7350612799382 1265.937439228297
2213.291483350155 1255.0351981400797
2207.573966665065 1251.461178412594
2216.4845646156386 1235.4181827412515
2219.521798119367 1230.4600672618976
2225.465033568558 1210.7517532784896
2235.887134961759 1219.8202627635424
2236.2422678600756 1225.0747910347302
2232.3752511740877 1238.3851340883316
2231.3444719259446 1246.0973739048832
2224.8980621235382 1260.9494231197102
2224.828580661647 1264.6528030688098
2217.0557157922904 1273.7413440891098
2215.2739287647114 1282.9155777574163
2202.0743727511795 1290.5485262069617
2198.972405279791 1274.9616943946648
2208.00296748423 1269.6536262331806
2203.9544352642242 1259.7270924648453
2200.5946816206238 1249.1396731091509
2212.3287066975104 1237.200156440623
2211.7844257213505 1231.4987370267163
2221.2635042028423 1220.0585277005705
2231.5481995620444 1220.3181414017056
2242.9788162339223 1219.8504874733617
2240.5230992065617 1228.511932303328
2237.2308866688586 1240.9417619180115
2226.8500771110853 1248.034636255175
2230.516878503084 1253.231844487754
2225.881755238119 1264.3296922935501
2213.4696073617347 1281.5009698522683
2207.157331612694 1287.2820150703121
2198.9740737360908 1284.767890472708
2200.181592073046 1278.9300911659361
2205.766032772572 1271.0935556234263
2206.2242752899483 1258.5246681500912
2207.510583466704 1247.900799510642
2216.0833893429563 1236.7401055503753
2225.0194592616012 1228.2648995350826
2221.311750141069 1221.139767918688
2239.2724505434167 1225.4841092685888
2236.8553664026076 1218.3545679573313
2239.3672653265917 1232.2461799814635
2236.4731800157006 1237.3250806796877
2222.1761616918634 1248.077542970908
2218.9671690264217 1262.3109720633524
2222.4968995717772 1270.000273636445
2215.6819685354785 1275.9199260834403
2206.1424166188126 1285.692620147627
2203.8746296079125 1281.0763748393385
2196.622459372599 1279.3025858798715
2207.163404636314 1265.3777581476866
2211.7895197403573 1259.4514236024297
2208.621876274306 1249.759980077249
2216.3209880254262 1238.101802585976
2216.7695054834844 1231.3999907987916
2227.911609541526 1214.9609935280089
2232.847839577496 1220.6249558798272
2244.308162255495 1232.4328108029617
2232.168222510686 1230.203077229296
2233.4132779173906 1237.5548203724413
2226.3899504941924 1253.512504803684
2229.797917410479 1259.175162616923
2218.5296962952234 1273.2456481799943
2217.2038756616707 1281.590853578725
2204.907025967788 1284.556024169329
2206.7276695937835 1285.5285967696425
2191.909514209272 1274.996607930255
2203.5815140108166 1275.2844206245804
2197.994320408285 1264.1074241617755
2210.721132820038 1254.5741437102763
2207.5334731894104 1242.3063347974576
2217.083995140167 1234.2788708415915
2216.9065890644483 1226.4460299810305
2228.941280546634 1217.3201208498192
2244.2505499487174 1222.2427031385669
2234.6006126880634 1235.1986485912385
2224.731301711492 1239.2440467267809
2225.3780061483035 1255.031049312037
2230.3773255048 1259.1816399732893
2220.7064909770515 1260.985783656766
2217.175543463794 1281.735042921355
2210.952222695997 1288.3537887022899
2200.988903819803 1289.196411108472
2195.5942621877693 1275.6870263434525
2188.4559581610206 1265.077178750838
2206.8071374311503 1256.8211887703671
2217.9135033325133 1250.0567777365397
2208.6703696763816 1240.0655220925269
2225.5924684167735 1227.9571527137161
2219.915718067475 1219.7932843647066
2233.1439023868593 1222.440131476683
2238.486914776253 1216.7566444152967
2235.0696621557304 1229.9103691759492
2227.7074670375378 1233.6457032286298
2222.3034884442254 1244.3819896469533
2223.019277247306 1262.6088232227771
2219.81049601454 1267.5677100507635
2216.8021855720835 1277.9826325542908
2213.8975091268353 1282.2460528924714
2201.594549973209 1286.6644654071226
2199.146703793727 1275.5123240201563
2194.4990377651748 1270.5363769818264
2198.371240351704 1255.9474169849748
2208.4543495576854 1248.7566500074427
2211.4941250277193 1241.1463264783765
2214.9292834830458 1228.1705397333483
2225.6142872299924 1222.3601101280112
2238.4890281122207 1219.4255064024228
2239.2583055835444 1222.2954241615485
2239.8268997780806 1233.9940037102842
2240.1685198287564 1244.272143258088
2224.4638105873987 1251.1639490106002
2221.2086867679473 1258.5539951611158
2221.605421885597 1267.7031852562584
2214.4656359909272 1275.4354814912388
2210.7504055126433 1282.4968792880113
2204.3093403638354 1283.753640167781
2201.625723239893 1271.4395981809496
2202.9071113882387 1270.0118062632628
2209.539353679341 1262.5994922222667
2207.2223521154156 1250.6502353157596
2214.4402460303895 1244.3014670858845
2215.7668996673237 1232.3524543689866
2221.7701241760205 1222.8982392271275
2236.6814525884024 1214.3182894549943
2242.013875719977 1219.3979103538786
2236.8682503531054 1231.3814713782917
2230.0660897880725 1246.2175112278505
2228.714115873431 1246.8797639525415
2234.8015850334723 1254.7481669354006
2221.314396589025 1271.13767013981
2215.7311370292864 1278.5672332682202
2212.63612060782 1290.9226522369636
2192.9834682802075 1282.7117474877593
2192.819644472384 1273.9726792195054
2205.8119807586845 1269.0957829363595
2197.300943214372 1261.4943970391066
2209.461520746979 1249.6822349720608
2214.92198721889 1246.2194392141607
2216.7128286883385 1224.9224440522687
2226.4875675422054 1218.747913921742
2232.9165991625623 1216.8824324753018
2240.3478307462783 1224.2713229647406
2233.3542176265823 1224.3700117595536
2229.151312549243 1238.2620441229788
2235.033957781413 1258.066288890486
2219.7945429794677 1258.2392407342916
2221.004732545657 1267.3367262533989
2217.074009568756 1278.1421712768079
2214.220718671714 1286.5920319659494
2201.3651068251474 1278.138918266992
2201.11489010749 1281.6033329996335
2199.670726715062 1271.4195056875126
2207.1154795021494 1259.082561285909
2202.031645441977 1253.6956827446315
2212.4627415020614 1248.6274039786167
2212.7175038460196 1228.831085302664
2222.487068545216 1217.9766006700343
2229.5761232446266 1212.828456215368
2242.0073216886544 1222.0546710200347
2239.4151412669726 1230.610772416218
2234.105978635507 1238.1776781935155
2232.7357287516766 1252.5619748307124
2229.034753687629 1258.65997060703
2215.459742368988 1271.2382977022241
2215.0051785112837 1275.1681523284694
2214.485576689013 1287.7819208240824
2198.96997148286 1293.6609212109825
2196.2282347997384 1282.736450689977
2203.062609047192 1271.82732084235
2209.406908393937 1261.417039412222
2216.7480324189855 1237.556721146571
2214.748913235026 1240.274517695595
2219.978504267515 1236.4387819768106
2225.156284324878 1217.1566786517894
2225.3589002449467 1223.4066255565533
2241.4658924395267 1226.9654457164115
2238.6203168920733 1222.5200062247452
2230.49059263778 1235.8654567934886
2227.0142410508506 1255.1661099691562
2225.646225409018 1257.105748297768
2218.4594307273155 1267.2574529475812
2212.1087346692275 1280.9367054819043
2211.4540341209236 1283.6563152947022
2208.876003061044 1287.987037978507
2199.1975181063385 1278.7950670014661
2206.3274384545407 1271.1763482636318
2211.17802119548 1259.9290193211036
2209.431030878745 1244.778225730788
2213.0414856285092 1234.7073997349166
2216.58839041889 1230.5509628791474
2219.1483090216707 1220.2403616275928
2232.6743195586328 1222.1564836118064
2238.506730937767 1221.1781050304965
2238.9778994993876 1235.6247823816102
2228.855779767483 1241.3430723874574
2229.4888516339633 1244.0740257415769
2223.641645460639 1254.5167983313702
2221.4447754402536 1267.2871136638787
2220.450852779748 1280.6390864218217
2214.0224312001224 1286.1291390228666
2205.559764298657 1291.7503593349609
2190.2831053000086 1279.3943466270377
2206.3986676413133 1267.3424692811614
2207.1538558875923 1263.7770492351226
2206.7692687485705 1251.8803830121365
2218.677972117879 1235.1672791776896
2216.6341129916486 1230.932134422814
2214.146108199441 1219.3585770005702
2231.6353240534886 1217.0728374157688
2234.824174844946 1218.6241436818752
2233.7078806677578 1230.7797303364582
2236.9991491723836 1228.9974799607066
2225.0354435629797 1243.1803624158747
2220.354359333677 1263.3294224461392
2221.2603436883633 1268.8063813611157
2214.6507423770854 1281.1460623040114
2212.0856144672134 1288.7563939924685
2205.6085952547674 1292.730489666053
2198.158430458252 1285.9696716458743
2199.5011534137952 1268.7558131344147
2206.928189329306 1260.2268237260735
2213.983923402134 1248.2508510323262
2219.6556267824276 1237.5569722323853
2219.130294616043 1229.02861485986
2220.2332599910733 1217.3391862887067
2237.515278148545 1212.8352441638644
2240.7742198602905 1223.6718311871102
2233.929484744226 1229.773465971251
2228.613576903242 1243.4390964438765
2229.148990957178 1247.602644413708
2218.7913041361467 1254.4641279187183
2224.2506825016344 1266.720028440885
2212.518015613843 1274.7075880423974
2217.041097626121 1290.0663552434492
2199.3648308252145 1280.3004905436744
2200.74020385291 1278.1343423226642
2190.5617051003123 1258.0692893081382
2203.2159808027372 1259.9288124049501
2208.6572866225797 1250.0391187895377
2216.5671491220687 1248.051715526203
2223.75733411953 1227.3439781159395
2225.2428694993873 1220.9493276366502
2230.054355669044 1216.840600190692
2237.1782452565876 1229.1912216925784
2240.618201657956 1232.1942415818376
2232.491387171518 1251.324672310886
2236.4965319982293 1255.1313416438816
2225.2742882576867 1258.8008434213345
2224.739609921214 1270.044211377868
2219.46259567143 1276.8997216758157
2215.428363796387 1293.8718385665388
2199.5467279862487 1284.609495373107
2194.1176388650883 1281.5703437286923
2196.46415328704 1269.9296974984402
2203.862233856181 1258.1430393813157
2203.0944628555053 1250.252340964999
2211.179706953745 1235.8977276764417
2222.7465928437214 1231.2963561854208
2229.1506980272256 1221.482234290566
2226.5743703811777 1216.8571138781626
2243.73599907376 1221.818013636969
2232.99337469348 1228.6910898996
2230.0893393510432 1237.4257310623432
2226.4946700969385 1249.9605973935022
2228.7416322566924 1258.4665305539331
2221.1682316271267 1270.2770362527792
2225.914008345353 1279.008685073575
2206.129727917012 1291.5093538081303
2199.731527568863 1292.5119064407484
2196.453503547031 1279.2482221847824
2200.784890635926 1272.4839809278665
2198.22283301264 1262.1747000173455
2214.0697519651835 1254.7498087280148
2212.2976094528094 1240.4343330226484
2222.0128468554335 1224.1986212118456
2222.128267715473 1217.7442739300836
2232.7516516524347 1222.9235090581885
2231.8979886003235 1224.6913902957256
2237.2870796053166 1232.826661808012
2233.751439662797 1236.3653386698888
2235.401942914626 1252.8733942566978
2221.3662255324734 1265.9087170748558
2225.6906317370513 1271.7726382157362
2218.1062502984696 1276.3196124725055
2222.6768614497732 1292.2961266100556
2198.2719961697494 1287.1734567788728
2196.5762535795034 1268.7252324375143
2198.4846727040976 1265.745631317075
2209.3426664329686 1262.3009392904844
2205.581530468435 1239.602773620796
2218.434221522483 1247.167519040067
2219.9867440897788 1224.9589161949498
2227.732985225873 1221.340420785727
2230.0526293341345 1217.8507490733612
2239.1198996229277 1217.747482510496
2238.030250628491 1228.1168728731393
2229.2984206339574 1243.5717379027724
2228.0943011902223 1248.4618246201783
2218.75695694847 1261.2783941913779
2214.7145454311 1269.9390826161996
2223.4180454450593 1281.6775662848102
2214.912978524648 1290.8169608452245
2205.2863494711273 1284.7601996534604
2198.2718753524114 1275.9055362179251
2194.4435292062803 1266.6165420394752
2210.5573099668213 1254.9700856549764
2204.9002425132935 1247.490527016475
2213.224135756457 1237.9801130468484
2214.438318129803 1228.488546013384
2226.729680937104 1226.6325107928963
2230.2138535036015 1214.9611419791856
2241.6716817169263 1217.3473624563164
2238.980376103103 1230.7089867047505
2235.3994560599685 1242.2338188291965
2239.8884988131035 1254.477817196902
2226.205926345606 1259.0583444331282
2224.467440404554 1264.2433989777899
2205.479446732442 1280.2576253883337
2206.634972241585 1282.7197008270214
2202.584066939071 1279.8668786798114
2203.429896335643 1273.7101702846226
2203.5768303970844 1269.7109433933047
2201.2586100680746 1252.2168104636576
2211.18885232721 1239.4115770875646
2218.0840212398552 1246.2472713868729
2214.976120450104 1238.053667809392
2221.3676138465476 1225.3044805719012
2234.8383044284055 1221.6142248274393
2243.1717201767597 1226.0204086998845
2240.5473952046627 1233.987602811398
2223.990726368205 1239.0153842188956
2228.0662071995375 1249.5846623803473
2225.2480761398797 1252.589838293327
2221.784176107196 1267.1823853021156
2219.897840177691 1278.2956297246324
2217.0291970809994 1287.1932124698635
