2970.565445186195 2179.9449917652782
2943.425127294235 2197.3418699689237
2915.6284773741163 2198.4362450119133
2876.5832481303833 2194.049343256567
2851.697893359728 2212.822546835022
2829.3827477217797 2204.921713784901
2797.105639537699 2199.331148810568
2777.7240589575513 2173.3686138557946
2763.393907760178 2143.23902211914
2765.214593416902 2116.011273930881
2753.9316100773035 2082.102245758062
2753.2348553322954 2058.7997215486694
2714.7494217319954 2053.721245312461
2689.522603878209 2059.690650154436
2665.948638150479 2065.6876673700526
2637.3265719142673 2089.4625451353777
2608.620347361487 2102.483956437544
2598.125376501299 2076.129676199013
2592.231258075312 2045.2310282544988
2605.1715766521597 2019.8516069210398
2588.5629560033267 1998.6782887277416
2584.294160196035 1966.1278779979623
2600.7693607852316 1939.1511669946408
2602.174067177944 1899.364455134822
2601.8123001021386 1879.7018955822125
2593.687843633385 1849.5822328027093
2587.8009860997363 1816.5305021573674
2623.873868981025 1807.326982125777
2652.2885089739075 1812.369905384363
2681.1101401131314 1804.2883290442273
2710.2010123839846 1805.0674453500324
2714.59646678973 1830.0019618396877
2722.8908535817054 1865.416541029902
2722.200905271786 1899.0646557173231
2734.5170190187437 1919.4329625362475
2736.9638961434675 1950.5992785176022
2744.7151795350474 1979.3711600478541
2761.68965867264 2008.2983834723088
2778.9525777175368 2008.5231081389215
2806.692655751283 1995.780082782664
2837.2485844944567 1981.815560895773
2862.4437644095447 1970.817691768834
2889.3348500978746 1950.4659417254384
2916.0404451064314 1945.0647690270775
2935.185898331672 1913.9447633777597
2960.4969583837656 1906.0302952527586
2988.85718543033 1889.1198929506986
3018.418758752641 1877.487737039212
3047.090217268047 1857.9665454965925
3077.382097874335 1846.3836242239017
3104.6126942801884 1828.060141160984
3118.207318391649 1822.161304588945
3150.5159702393735 1810.4368491791706
3181.124567080643 1781.6342161440311
3195.512162659104 1764.3600175764034
3175.0871002848735 1742.1457689080412
3142.556337800312 1743.967368037705
3117.3799090411117 1752.4682640670328
3086.3870191825586 1754.7917432467482
3049.2250789101063 1762.9201122032675
3027.8639370057213 1769.3730451850768
2993.617415746499 1770.9790685564542
2956.4743000156604 1770.9501553422099
2937.6820330064265 1774.2049261124484
2903.376916553199 1778.8487288434271
2869.118985243113 1781.3313779822433
2850.3433829846936 1761.0093306876531
2848.8268639070534 1728.1278715636995
2848.719161066702 1702.0281812099684
2847.301953573525 1675.9504553121142
2837.55493445761 1642.1051851133984
2842.558454718648 1615.2351974322628
2856.8657623540616 1589.0259839310233
2868.419431387672 1567.695360241688
2878.0182862882925 1536.1661643642362
2902.5637214427484 1503.51430276384
2920.8508826995094 1514.8173155340653
2951.1269822179024 1520.6800405950803
2976.1878879052315 1536.7989824592073
3006.528594315318 1545.5335990829867
3030.4302362770745 1559.9728659971047
3056.7673842041854 1573.3957088766576
3083.8174413825263 1591.882974797505
3112.7231381480533 1597.4378927034513
3141.02258296266 1607.7361580217437
3163.3593383910106 1626.9760983190527
3169.366713818071 1657.7615181178287
3168.6813791017894 1689.21130967104
3175.6338736799544 1714.4925542152166
3177.08344689835 1749.837762211698
3137.810684968638 1744.0091295049597
3117.476631254499 1749.634103503992
3081.062532071232 1753.4079221864795
3054.43544211675 1759.3410020161314
3025.665254687924 1760.6990513200315
2989.290431742832 1766.8257830627272
2962.7425017006844 1771.3244405375729
2946.2911386366873 1752.419662851189
2935.179613426081 1720.0918246620197
2966.9209368546776 1709.6476847162057
2990.6004988740724 1706.197729511409
3014.4872777382047 1690.3616456444322
3003.908270681159 1653.5070470304026
3010.2291282504407 1613.928201248679
2998.732464887021 1591.473860771056
2995.038837909 1560.8272620317487
3025.8232308586403 1561.9080046596541
3049.735070363638 1574.7176709890189
3091.901575577089 1583.118004333946
3112.8669397964136 1591.4685969983632
3146.6721206303514 1617.743839466284
3169.155320865241 1618.4921826414607
3185.1760297991195 1588.6115801063058
3194.1879966283764 1561.938652817783
3204.7248975186367 1532.4655318664065
3209.1012906985134 1502.62131287329
3227.0348155765832 1509.8435052771881
3267.0108067759766 1519.0519121168213
3293.205983376478 1532.783767160453
3312.807426193402 1541.1591537648833
3344.1721054247114 1558.78438755226
3368.9872367153703 1572.4252674792526
3403.481551044732 1574.7966088424198
3437.649737961202 1577.409470610117
3463.3811633604896 1576.2814065307148
3489.5700644941085 1589.769729060857
3523.856204581153 1571.3560405625278
3550.5234785574853 1576.8340219277413
3576.6952801540183 1590.293422238703
3599.65267730208 1604.9461360932514
3593.497994734849 1628.6381316971808
3568.92240587046 1605.530223835313
3550.4816226495172 1606.0949772812269
3522.7756287554607 1594.4431380111387
3489.273121123716 1598.8915855500998
3461.8149718450904 1587.2117780637652
3428.585534671551 1597.7553900317082
3396.265074641044 1597.2052942672306
3373.5281715642436 1591.1706519550207
3333.652285734441 1585.3486949421917
3365.883836986464 1611.927181913516
3389.677743248606 1624.965609999276
3419.3373979641847 1632.1092198760502
3451.087443088663 1642.3134804117728
3475.8065149691406 1647.9123424382306
3505.3069536471958 1663.482175460226
3521.5418985095916 1688.3434427480408
3497.5286167075087 1697.6240054800792
3459.933009705573 1699.8250391442164
3433.455034380628 1706.3689053412118
3407.5460768682856 1709.9190310538438
3376.0485164869915 1708.5097006427447
3352.486873220961 1693.174022979287
3369.9647882519907 1673.14972339315
3392.9085809579606 1642.3469797350435
3413.224502316457 1623.683375746577
3433.7402089475386 1641.882969421204
3477.240141415761 1647.0254127006122
3497.193236855761 1654.4877010830737
3520.9654957418816 1668.7889565032533
3552.313055216636 1661.1698273113443
3582.8502860308636 1656.2152555695498
3619.9232685632805 1668.9216334166174
3610.2972946819423 1704.6871810103664
3610.128565900029 1730.7014620052491
3617.3354767046594 1759.9451967837933
3612.2488754760548 1787.4559316981006
3633.263603414545 1816.3803829925819
3631.0878540953727 1850.1790500125232
