1774.9813165712321 132.59388850761607
1794.1069289797165 133.34098325255925
1833.5536405109033 149.7936333080872
1860.2109539386715 162.41947926782697
1885.7316313448814 175.4473221627161
1917.834899666479 185.6970810569971
1882.8830760479902 179.05776994927663
1853.8789278259992 159.97279387413593
1833.72501675373 157.76495846830278
1802.1780611570655 147.93864632024878
1777.5000008986028 128.91392072008517
1747.8393398635721 127.6535466906953
1737.68180313732 94.44997272271152
1745.4571364985645 69.85201149845594
1772.8558701834195 50.73415106153554
1803.513287945753 66.18232439427408
1832.4365290451765 84.16452953316794
1858.996241151445 87.04425352699508
1883.4353083146134 94.06513980572697
1916.131611268632 65.95505792067489
1935.3130815464199 57.9815949021406
1958.5374999312307 34.39237631183189
1971.2301142292536 56.984630461493445
2008.044422564287 83.02018119715689
2032.107760681124 69.26622053663252
2064.047852951953 76.0893375426053
2097.438852168753 68.04015410285717
2125.651741537049 76.30158012377694
2155.902128004687 83.41119349128807
2181.0840750661514 70.21054726061365
2212.9017747535854 76.24754782075158
2239.4476835326873 69.212826549825
2275.9823666453162 71.24390334663593
2301.4884051477393 79.46084849412469
2334.7116548393124 63.08882337219219
2365.152821210081 83.45811288731679
2380.9758711015425 110.45525624579969
2408.761050591304 110.42714768566117
2434.3414185228485 107.11986445152573
2462.9863895932695 116.04754838200301
2493.6996418988797 115.71296213592595
2529.0576630466308 115.32185506969942
2561.510802035933 116.69952295682182
2582.097731491295 96.88666121169601
2592.565924486489 65.3880958077715
2621.125836214772 39.04865691552688
2643.5441790249056 25.154036681465058
2668.3479123011552 11.695344296154808
2640.4590862152368 4.826541684852337
2608.706902666591 -0.1807024891124982
2628.832115408247 -26.746582727766146
2642.3687292548934 -60.212180432273776
2656.7263150788995 -18.158405454520093
