3238.6926001332527 1943.4665630698516
3271.8084600664865 1932.71113342171
3297.2409539833493 1918.032747578788
3318.8350415680907 1903.9750470494348
3359.652010279202 1902.612589304384
3372.5259862374182 1924.5571666108247
3374.213104899673 1956.942480451254
3405.9786507049107 1963.8237091454434
3436.439229938958 1964.3727169974472
3471.390549607661 1958.3388233920539
3489.625112974307 1945.738026369281
3522.819418582242 1947.1496074640877
3550.7016373573815 1950.6621666177368
3584.1267331972867 1931.2049463199885
3605.031852508351 1929.1701976851546
3635.6280293989444 1931.1712086777648
3647.812418795553 1955.8918002382638
3655.818883170729 1995.6282069708827
3632.041177527709 2008.2778714061744
3599.7538969142606 2017.41860283483
3573.280806998624 2008.9690070807565
3546.79408481491 2020.9897571484375
3518.580128820022 2012.934295977526
3514.2032410742186 1976.1133125438023
3518.0864363019928 1949.4805847830012
3562.380034697673 1944.363747661827
3588.185210637291 1942.5143852899225
3613.913737527955 1938.5796686985518
3645.0883142877037 1940.343914409132
3647.781604409858 1966.6215434029746
3654.3021886063957 1999.149562105845
3663.0336890723634 2024.0117302164708
3673.2994261317335 2062.176763506948
3700.3937888488513 2057.7441204681995
3722.8503868338103 2057.0770146530535
3716.158797359736 2033.2796169529915
3695.6132340964746 2005.0983020543592
3685.2397613141493 1973.895444120359
3669.590992736188 1945.1015522805847
3649.944751773957 1932.9727256113244
3639.3160073238455 1899.2309240425727
3635.8343297856845 1873.1342420093001
3635.473452504225 1899.3123780855517
3640.94492053444 1930.365218365958
3647.173351972022 1953.8151243351408
3662.8254911259105 1982.7105791651159
3665.7562156633953 2017.8379247819666
3664.7100366462855 2044.3395996410986
3648.9692642114724 2068.282586322893
3610.150309504665 2077.69568162642
3583.2458493704125 2084.8610875440318
3555.695440571734 2077.160703586181
3534.7743885956093 2074.5892890745818
3528.3025195314444 2041.5757997276141
3521.426214592229 2015.7198169759804
3513.725748952414 1989.0752827715182
3502.2943793287936 1959.3783013652676
3543.30551725634 1945.7523232761619
3567.8148306350295 1949.9406174360035
3600.7276153245484 1935.1417743438305
3627.8131612760026 1932.994100181528
3654.283794422282 1957.0355494041855
3651.226473005555 1981.6753620345266
3632.6148048377745 2005.7047763718936
3605.4813609444586 2011.1588569097344
3571.349957723541 2016.1687936566507
3544.7223087473026 2022.7995788308706
3516.5171825733246 2023.5041717829804
3486.3355714849527 2037.5153883080366
3461.3469474307517 2041.151966988906
3430.087324714373 2045.8102367344738
3399.264400617378 2048.1835825840635
3378.2453420772936 2033.1473001494314
3367.839398692486 2003.2938866998759
3343.096373310194 1974.2521213019515
3317.6511574845013 1989.9590812562233
3293.278246082008 1987.7431463218431
3258.323926559932 1979.5094012608185
3252.601303698013 1949.2831401805781
3266.4134625199817 1922.8553321050988
3299.5140700613747 1923.4062364174526
3327.1843388843413 1920.897235952875
3358.429604636342 1908.3438296097083
3364.5704629228935 1929.2822351148302
3373.610630622673 1958.5310034022923
3360.9453865503015 1979.0347788431447
3325.370997726282 1984.462406388503
3300.8820844055017 1987.9622928356544
3275.402918749163 1990.9878372434362
3261.6286449361255 1972.8031935901297
3240.9392488725634 1946.3310054205526
3208.8979855111447 1941.366333529927
3189.4712803870225 1955.9225284468466
3162.5773376781417 1972.0192117830686
3139.2610804575024 1982.650203832115
3109.3235626125233 1996.8488680896253
