2439.190989236531 515.908946487923
2451.839449111977 503.5764139957047
2442.0680281870964 498.7830489090931
2443.7705389686225 489.59141641295685
2442.9496345478174 484.57769443577376
2456.246676076616 470.8532794326871
2454.002791491373 462.0790899381984
2461.362203617759 454.50393260794027
2468.413542250386 450.09211823627317
2456.788238524968 426.30466900642597
2466.4324221878346 415.2705884757286
2466.2072794008564 441.5320165650685
2461.6776294571 443.32949492933915
2454.540262848864 455.9961425743244
2445.84242096963 456.8205972964673
2427.7471879513737 461.211946869624
2423.2568794695103 458.0199264917386
2410.5958120723935 457.5889962955858
2401.1926231762445 452.0455930792187
2397.023943890411 457.5116351199385
2387.6806515852318 455.2361019700023
2372.0476835654194 453.7321885767084
2363.794285009915 449.468664373863
2350.3969619981517 449.2270087966078
2349.4927746169797 449.6351338646129
2339.618275845824 443.73398876916644
2321.5115349306247 439.07714755333996
2319.0806275571035 444.08226288971184
2305.4445480701165 442.69114115619
2299.1200023090946 444.84926384371033
2289.310642745725 438.8683484325106
2267.332089636362 444.4828646313832
2263.7888045464 447.7642488858109
2244.101958825579 450.78903164464805
2248.000457783927 451.48714937359676
2233.354721220433 447.7334630254271
2223.9075067305102 460.0511512723476
2222.6859343291007 453.137009734696
2208.1883919623383 457.9915819795413
2196.5956120558412 449.3765066823942
2183.5980959782532 459.4156831872089
2172.094819403694 455.5314806421309
2164.957900485266 458.30180623436564
2151.3023786798803 469.6832627194351
2142.401124041408 461.07245393977473
2133.5443138324026 460.1129441793212
2123.2833708107864 466.5582078878855
2120.953717388467 461.4986663753064
2108.7594035981697 465.89883456053974
2086.2364070776994 458.5880542859404
2090.1377654512853 467.0023929305118
2076.1620056184297 473.73006912321847
2068.0602613527726 467.2430831693191
2047.6035894236559 470.94915993804284
2050.2492478296813 469.2152559343426
2035.614694534804 467.3061238488798
2027.016341178477 473.481104978588
2017.5506204956312 473.7009760542081
2009.369904503644 477.9452551212981
1996.1355510300532 483.4423369116991
1995.617569314041 474.1643029687277
1988.0692182353253 471.660212646393
1958.8837378164287 471.72339842021427
1958.293000979744 470.1919839044222
1947.0702725822853 477.6772192794837
1935.002192335797 481.50499429621175
1931.5740661396976 477.170386595197
1914.152775001299 474.5175277221481
1907.4320600903773 481.9468438772031
1894.5035590860066 485.15199482381433
1891.651231345697 486.73523788469817
1876.1319638237285 484.50562825008853
1867.171729359205 494.5516899663394
1856.352579256362 482.62715399244195
1842.486006591818 488.55852238136066
1845.920970576837 490.1283251135123
1829.9017477774369 489.6049172798696
1815.8020439399722 487.69819257473694
1811.7239284368964 493.1485426153632
1783.6148246044622 485.3215152904395
1781.0904899461057 493.06674305158725
1771.0329082983153 490.32288397739745
1767.9298716072574 497.65951285743296
1754.0978721995987 492.76344685151474
1747.3950706471403 497.9316868344219
1742.346696424277 492.8499093994376
1721.647445662694 500.9185843759151
1712.066309506688 496.56984571353047
1708.2378192428657 501.73006614808014
1698.7454710398374 493.81071436431637
1688.389596052918 506.72430139653494
1684.074530554527 504.8034211492258
1670.5960496805742 504.9042111510207
1658.0362407999696 506.2497071660633
1642.7762444106882 503.09066230776244
1639.1205532796885 504.7537056866418
1631.0753672184783 504.7388500789875
1623.9644049238707 511.3333462787865
1605.4132729876185 506.85150583680235
1597.8093442226705 510.56951305692894
1589.409970509903 517.2466950629926
1573.4793463699918 514.9845788941672
1566.333641205325 512.9647302758641
1559.3098897602774 523.1772267792028
1545.652338310441 518.0438898616543
1541.3832169914035 524.7075291940914
1529.459691224817 521.9200637894902
1513.2562590176665 524.6402033318947
1500.3248582979923 525.8316116730957
1490.2752230252547 521.5832824864614
1483.3212849373433 521.3179324090268
1477.3980802344129 528.6261011874673
1468.724605854299 524.26664068198
1452.1111016563582 531.6630182798466
1448.2512551178338 535.046410166674
1450.930720385144 530.1582416103611
1424.6426206188085 535.1345881201545
1420.8552244116577 535.4477849346467
1410.5526623063686 539.8278659089283
1395.9831896999845 538.2992099691259
1385.1052614441319 541.2992771859989
1381.7728172499083 534.8379694756113
1364.1274070988254 535.3123717681551
1365.264351595074 543.6688011216162
1349.6145720646643 544.4154427183828
1341.7849028690641 545.1872421411025
1331.7881770886954 545.5756349304768
1323.5419969023262 548.8964826881955
1317.600673710066 545.9146488749725
1299.8352208814454 549.9785344716241
1294.613186997479 559.0831684216713
1283.698030076547 551.8186572810924
1273.7796831145272 549.436049640154
1263.043968542334 564.1213770112835
1252.8536271220576 559.4211160889084
1240.3510369489454 555.5640584250314
1230.9255604783896 550.1203472872377
1225.0480666828703 553.2608784117433
1209.291755658419 550.0765567393323
1208.4961614709384 563.3565764669867
1185.9643377296372 563.3003728841142
1180.3246250924535 557.6960660017496
1171.2537426525746 562.2022256398297
1165.1153885156434 559.565262305585
1149.4359298808324 555.5911103578615
1139.4563157942052 567.0571934694736
1124.9781603564459 558.7218783578292
1122.5151493615886 550.3484168943829
1124.0140600567854 552.0006993771908
1129.994959697206 543.5433308286365
1147.2810253358575 546.6511956851316
1152.0637327591571 540.910076640608
1155.0942712145945 543.5109429833606
1169.074739577833 548.8079622076684
1184.4235114635176 546.325382484071
1191.5772556666625 544.6875646821164
1203.8113373680644 546.1966997524357
1211.6063316130962 550.8937280512351
1213.898059679739 545.107461860392
1230.3241052143178 542.5723785183567
1250.19050792661 535.8544460263374
1250.227342062304 539.0694658561405
1260.401487622491 539.5245157929269
1272.7574632183446 541.1462773441032
1275.180242832094 529.0420783196006
1298.7871163234263 533.9287894997449
1301.1577194396557 535.82976708913
1313.820453640598 535.0114613850413
1321.9675001075457 531.2615357368594
1331.3643692817789 528.0119101845874
1343.2903857074477 523.3502214907982
1350.7844254565066 503.2516572648438
1359.7364222028698 512.9125064436117
1368.5870142144274 509.9457448278316
1379.0897617466348 512.8423170694211
1387.7323293028599 507.734494182017
1400.489043473576 510.08821283187814
1411.4574415580573 504.56285120044646
1420.3824036418998 508.98678609824515
1425.4617848477278 497.567158673462
1439.991349743222 512.4930197375692
1446.1300690629503 501.55237152152137
1458.63169524259 496.1867749984013
1474.396034147817 505.0304581414356
1475.0421011380324 493.20467642064034
1491.773886204088 500.37434589593653
1494.8338210204538 497.0112590540875
1507.5816049159323 497.71669392033766
1518.6254702432223 492.3475997027815
1523.6420345241938 494.63495548252615
1540.3143487016107 485.3337594785156
1541.5731421557487 482.3807309647827
1543.37259501259 474.85860371960234
1562.3045791133645 469.8490603927001
1562.669966621299 462.8087143834684
1575.69945924659 464.1654810476946
1585.1661862022079 459.2145198004617
1600.4351930035575 460.22678643389986
1591.6974053178344 444.52913300907113
1597.1275997925336 436.6717867580345
1597.3352363423814 422.6718478091574
1595.3461206899874 418.03855614135813
1591.1600771771093 410.1730441210996
1590.7835134014006 398.306945492619
1595.5082975925288 388.9075727759067
1587.4444146608428 377.47085207531234
1580.9196992332584 367.52700413944007
1589.5810518607705 355.06648249144706
1581.3165661578996 353.7284440657586
1567.7498653398052 344.1850864538312
1567.6255675481696 338.7448454998654
1556.1596799601978 345.0660712600126
1542.748208495727 348.4728452532705
1539.7919629539322 347.6828568105136
1522.098141480662 349.0950015040969
1513.9754543099805 350.26652487908086
1502.753775747128 354.7975284517006
1507.3953543535945 347.2008854437824
1489.9611446164215 353.11016608751936
1477.3667243938355 358.4501004269565
1465.4770688368797 361.62378681212584
1466.0615970642016 372.1222905390832
1465.964881361516 377.88856340526087
1462.4937844150204 378.549109549326
1453.1260755441403 389.84233216125756
1440.2744914587613 380.35204234208373
1429.339642274537 386.4518820160101
1424.098333149452 391.3197020634889
1415.3064652925748 393.1698680939509
1398.791435388152 392.56780850112733
1390.724740435495 392.8736473110988
1382.778177861951 394.8581028284721
1374.8598982609908 402.4491108410163
1363.2603175513548 400.5000443255349
1354.5700561163285 399.8401551359944
1340.6669350587572 397.0791650427904
1337.9633376298623 390.5569231052033
1344.3985689308536 385.6169936079248
1327.942589349879 382.55468460310124
1312.986680488162 390.51135093711844
1305.1462135779216 385.16142816974116
1292.2364648672649 383.90677282889146
1285.9188335601632 385.38059966857844
1277.9811382204323 392.6471748484755
1266.043666920537 389.5257983050916
1250.8514282011336 394.625447670471
1240.1456712534355 395.5837686656946
1241.55121745665 393.758968391046
1225.8562867991373 402.07312831549524
1211.7642393438387 397.7482582992454
1207.3330536235444 399.2412953665475
1192.6231772945755 400.90289059762017
1185.3095967563995 403.09786501910884
1173.0869819901852 402.0829230709956
1160.8182219842522 402.43902544935344
1161.222913556347 403.04844619124106
1147.1811766692663 411.05511107725897
1138.8910840112533 416.12965155013546
1124.9126502288823 416.10839585756014
1122.4160933784751 413.4727559338906
1119.1851124068417 408.30925614578473
1113.5116959301045 396.4151391241591
1105.7307073084592 389.3842502279628
1115.7028657185172 374.68268996372854
1120.964567028919 362.1666749559339
1122.525603845898 359.7808136404281
1120.049089556475 346.9073299474889
1119.1101606472955 343.5473706416289
1120.0658554524823 334.6242170031543
1116.6230200640919 317.6977878264918
1120.8641846505006 315.1947482513355
1107.7253369393766 304.7902958182391
1094.6237479342863 300.9540877832227
1090.523782662108 296.7867663386473
1088.8170815409053 299.7667058523575
1105.8744811506735 291.6644728989442
1111.5666397857162 289.8307308729175
1117.319868828581 277.03095306296836
1121.7314609894086 273.0584174736125
1139.7822034769677 260.8553271916629
1145.169422228677 266.0542871092858
1147.484572341121 258.7110533740125
1170.5201061757136 263.8632850961497
1169.6401676562828 263.2377289088381
1182.3784225393695 254.3802916846085
1197.2798028667644 255.4328377035867
1205.7091900508874 254.9634751143081
1211.124167972364 252.07750007648667
1225.4974348383876 250.4972101932633
1235.3445126683382 249.50804534400527
1248.3146342886548 248.8291280419287
1245.2232702366491 241.35520442248597
1265.9944238004803 243.72496688469255
1271.3035489735296 237.754801248792
1286.136702411227 239.5595766933417
1293.5765984599004 233.19398880396773
1303.2594218911267 233.03190404673924
1316.281383218147 233.6901095974771
1315.4968301771648 247.7936470049783
1320.004194621443 247.99560982729506
1330.7943893755826 262.93931371878546
1325.0114139238353 269.23780677870207
1320.580227618873 282.61576321848884
1319.1471932049822 294.1645449340172
1324.3759002477907 300.27852829985807
1327.1216173095017 310.90553152624176
1326.8630352433909 319.468228448246
1326.868836473514 327.7015735641124
1327.598241898682 336.0277083196299
1335.5766920302249 353.9636267622729
1339.6422039560955 365.9484732014211
1331.1847729775259 367.8919208382007
1333.2434039511948 382.3593151236625
1324.6168421890156 386.00259446057197
1312.3874779268858 380.82306171720285
1301.79551805458 388.3636251223581
1296.477450027183 381.2415074547042
1280.5326325143403 393.7377466868537
1278.458717060956 391.7684420010302
1260.319339654002 388.9351551165163
1251.2399886245425 389.85799158931513
1238.6217024205916 387.74926315596144
1233.8904872059404 391.2568664668835
1224.9260664769104 389.36118010869325
1210.4518352837988 401.70124999834593
1202.440397781642 407.53541306525005
1186.686980259378 411.08664177832105
1182.8946243854423 398.06506880336985
1174.985504268163 395.17198314018117
1160.8462899216272 407.70141386432175
1157.3957085218494 407.42625025491907
1146.4526988609648 420.8090875531434
1136.2777560508227 414.2813338526436
1121.0892993372486 411.9993551099382
1112.2782717315624 420.7848558776666
1103.3163153305586 408.0165277267245
1114.7889953612703 398.4169035707958
1112.207240355056 390.81791049249864
1116.6110308968716 374.46642999215715
1119.2820830830308 362.212320159844
1114.38349509677 355.71623042335267
1119.2309645424477 342.0032620920256
1112.6503603235194 335.7128475870341
1124.6865730260859 327.88526086658476
1110.6535937808685 317.91050872244904
1113.6635285517948 310.7683252943176
1108.5659045499642 301.25351818861554
1093.093230523518 298.0363482333804
1086.7244998426672 305.0277540019044
1084.0255568804732 304.02685117839377
1075.563453732956 318.0950250711456
1064.3874316964088 320.11394217201166
1052.7977662766818 325.10629157245626
1047.8227607629074 330.4138817049507
1039.6819049790117 334.45055381599
1032.8149582930184 344.6458426162507
1026.144688805514 349.5302505744203
1012.5050136023243 352.16884669002746
1010.5616545734605 361.1118734128776
999.0006107061472 365.28252409421725
996.8472226621988 378.67329922609764
982.0258671528417 386.0499763018249
981.0586157960831 391.75898804832786
980.1159193483926 395.80988653468864
973.9427770594073 405.9298895901879
971.4064592835663 406.832784220249
963.4305106700555 396.74047495150745
964.3226870470738 383.13336613800493
964.5843697896584 378.67481351273506
972.3415458225938 378.159461823522
984.595470584896 366.4995358675393
979.4654278806432 390.28663673126334
977.2734016741292 402.4035724307831
975.9523549942339 406.6974100901467
973.7878231928406 407.12403740011405
973.6522279869982 410.3409544039672
965.2185430663792 392.42108104632933
978.1334802181393 384.94052350732204
960.6685561446492 378.04459902295895
959.0324651252257 365.627135165355
968.5810173255531 376.8049624270546
982.1432528829101 375.0406386650121
986.0429262742872 365.2606229002653
981.9245330869825 384.61935164966684
977.6527765488777 395.14066461565227
975.7904393576684 404.89048842025124
977.8599336886483 415.9249452090042
971.1242931451568 406.68451278684137
972.9546279034016 393.67082315960477
962.0810830489619 391.72368434621666
964.197544845783 373.43286962293416
977.1499648519009 389.1126757652812
986.0434077242832 382.01655360289027
975.363763502036 388.3104899402199
983.0947665397249 400.5909597274325
978.2347191103529 408.17127286904935
966.4603058878713 419.07034171634206
968.6289447458743 405.38684404395246
966.2525956582127 410.50182076162645
962.8399282265106 382.81216775028946
967.554391342614 382.09425579291917
963.984395211335 366.8275091037246
966.5399271556016 360.60002022259215
947.4156837869931 354.689213651171
956.718743462373 334.70152338969547
943.2764494560332 339.4282498148299
942.2351647827958 337.8144415989682
928.8616441694849 339.9135670371138
916.3889797873994 341.88069022865386
908.7608820443014 350.26490219136264
891.6945383618361 346.43410692417547
891.6510551880552 340.29486810390716
884.9507483815188 348.00774210526953
872.008136115613 349.0459905241936
863.802500433209 352.089742890326
857.6509257638571 345.26915141519044
845.0651839927425 350.11596570640927
836.4915852778012 348.9110986413324
818.17945231503 359.1665336997923
816.8792955874632 358.19843891005803
802.4826029038888 365.5649409702988
787.748556942082 361.9609356445962
785.0164431846366 357.62828455447186
770.2442027029106 362.05558027894375
755.704007885428 364.4370384231521
757.4086207763675 365.8942155192023
746.6043955312052 367.861101425233
733.160586624965 371.9080352915713
734.401253383418 360.7291504496475
725.6870183449753 356.47077698489073
729.2083884876304 342.81679025759246
729.4589179640413 323.3004617617008
717.8670230216709 320.4868765740889
715.0200576827197 311.87690704956265
720.559619401074 295.94308294716575
713.7858169156789 293.95520383699466
710.8054560112868 288.9565132066145
702.9668244455719 291.599676040556
691.4807392919671 290.4862532598594
682.6674427843366 290.0713596340498
676.2117924814997 284.57316243477754
671.0398826800681 276.3290305196356
674.1448523446684 267.8801811654853
672.589475334728 252.7437330389137
673.9617191527616 241.45087825248282
656.9754908943354 232.90137815093226
670.2377265221533 216.9688798141626
668.1250647566675 211.1285909694548
663.6676857072913 202.99338600969241
671.8618065992742 207.02113580741496
690.5637557048108 196.72970056802427
692.3304074304837 195.55322188321983
699.0244391447452 186.10890736446478
702.4900808537411 182.39816231331912
698.1397981108249 165.78574310807443
691.9606118869003 158.68610892750968
699.6924668042215 146.42057814979526
697.2674811490667 141.7719806599142
691.4067140978191 134.2933215084048
691.1694391159085 120.64618793209702
690.6367194025058 114.44669569520767
685.2297714379009 101.37745412476892
678.6737404768061 84.93707717479853
685.5209780410028 78.19096084702909
685.7097772052175 73.8323765109131
680.6067435139582 56.74743386703267
674.8750223344117 65.84138451614513
657.2301861613777 62.79968578541668
647.4657287126519 67.17118360466944
639.4244134112407 67.79069447121934
630.6663601517015 71.03993959929113
622.7817828977 68.03446747555215
614.6393611750907 64.91277736760404
603.6706844549822 65.31588539468703
587.0172519824164 75.25081618367255
583.330981064545 71.95581418843236
567.8898105195449 80.75962609547679
567.6468644842015 79.23558902226688
553.6205176099546 86.58674116892468
538.6185269093799 79.17142484707728
537.5586253752939 89.21056362842631
523.9346531747573 87.9634928989496
514.9844437192962 96.35641231890907
523.9008260741645 96.63497184312918
526.4083678706089 114.24085857776018
513.8849347893353 129.06410806769395
526.3522094540567 129.7326872793628
523.6812467535775 140.64351622639734
530.8119208109063 147.19380692095868
531.0604138310782 159.44540140923883
525.3057591884397 165.13221138119684
537.6662752524464 183.37966049465314
534.3476127223395 193.3186487770303
535.3132183478194 205.4180744852098
535.6544080398281 210.10644452863582
537.2719487139913 216.9294361981533
550.3890430865191 221.20106890053322
561.5431082150516 218.9163529233627
564.2152096021352 215.74150061610007
577.6776232440777 218.89913754485184
589.1474008835514 212.30231856027717
590.3473282966249 214.2678064709258
606.9039492019947 211.27262711211876
614.9912996201891 214.19094479763783
626.3763459908394 224.1561768155029
629.9945813652573 209.78960491439406
647.4554611388138 208.18789458995292
658.6707756780371 201.29976415080372
662.7359545533316 200.5033646815681
676.621544073178 200.3055045004833
681.8808817829596 200.59105322712296
696.2851787094042 196.84139177109782
697.2796401266846 189.78224798573834
699.1583337585655 180.22344365992993
707.732913478361 172.35152965365575
690.6685733018453 159.5357450742854
699.1142404261864 152.3617896339673
687.9381311994512 137.8154790008432
700.525778258163 135.77309094500342
691.2407976414643 123.42150294806441
689.3152732358022 114.2278073773681
691.6227202976877 104.52885814334836
685.7020647637972 85.84748649179184
686.1260658973597 83.5783357390172
689.4411591928634 78.61443696785288
684.4569334039627 69.16496080813661
677.6959729678745 51.691957405643876
659.2821899642348 71.21767117482474
657.832325545106 65.82600561560551
646.9511190826669 61.17288651891379
632.780049711802 72.45620133521422
621.1427570630672 62.635564603691044
619.1638191102198 68.26051591669545
595.5675308703902 79.52055671658675
592.212764077709 73.8947141825625
591.6168569526303 78.38691011928651
569.8156484331748 75.41569806221648
567.2256388514629 84.02928997893578
558.2483494713255 79.50317383884632
547.6529665652052 77.14099009998779
534.3830475169619 85.27762728352056
524.9956650151366 80.20809909330313
516.7683783950228 88.72209160902429
520.1460099237399 95.38959559927386
516.2259897083968 115.6133839153961
522.3618817812849 127.17156783643011
523.1985749466825 134.29779889818522
528.2992312526991 134.3192921999612
522.5809173526645 157.04368501161287
521.2249595735992 159.08572402236717
529.2019634144306 177.42117474619465
532.3693325744305 175.73215388771405
538.4246984095539 186.51311049786483
534.8808821891727 196.3081607823795
528.9171125760878 212.51541869698752
533.3526953003653 219.0740657518266
534.7364447058454 235.75797848456926
533.2967685966415 233.88797434261016
540.6032401732456 245.30677315933667
544.9546546486038 268.0260697235782
539.0596786386808 263.80678805705236
545.6186128487597 284.62252408059163
541.369068795513 284.26473946556746
549.3184205868176 299.7269868302593
552.9209579871921 310.2902764322041
556.5421691409083 318.71335869982573
555.7990893317434 317.98415992923026
558.3707992903117 343.3469272960643
558.2435616175128 354.05283065238325
552.32906536733 363.65499252257644
560.655721978002 363.01888835784825
562.5786660906925 373.6129876059659
564.1833000893362 386.52703178355466
566.1245934799199 398.09111422105207
565.3137401156515 404.01119126427693
574.0079845258463 414.6877824196355
571.1927444231452 421.0900809301211
567.6800904086069 444.1858070037134
566.0001803710247 448.4782589324398
576.3348416922189 454.4762001424327
575.1608966528556 462.99539771796975
571.1392816868441 468.07969558999434
576.8626733658917 478.0280982999895
579.6594468813685 503.71068429719173
577.0358985651501 509.4363846058213
563.2412449836928 506.16307971791565
560.139150416498 505.3417146203973
554.0239359261609 510.82450451087027
540.1220137934808 505.2932462585434
532.7956661823474 512.6217918380224
519.1978062638011 512.996737393775
502.85117562206216 513.5922853797383
503.1784816376797 521.0275199495914
488.6059429925953 515.1249870542514
483.5451096976625 516.8905358918001
474.81892207049646 518.5920418207878
462.9943598394937 522.6512590450156
457.42125321669556 526.3698524252069
438.43154969473767 525.0943700025739
433.86844959189364 526.1267831811705
427.04011503266094 525.6462260575489
409.4429148551507 531.6257382232506
403.1301426076292 533.4430349041069
394.39246906399495 531.641803689759
381.0333891275853 535.1542341847739
377.1432517319373 533.3747891228873
370.35867733313944 519.3050017778845
376.62908940431555 509.284951388299
370.973358264439 499.53748164890413
374.693730106983 485.1931132497469
379.4907291437402 490.0163271268139
368.08413731481636 473.264369053599
376.3049214197246 453.56877291979174
371.63994344229695 444.2719396801326
368.5460519134766 445.86250663636207
348.4383951570614 443.4382316355125
337.2795758298743 444.65976249006303
326.4211385003691 455.97682176821183
318.20938637838583 453.3602920215243
310.25474931052236 449.885527266106
297.5858199860872 457.7201806135814
292.29406787778527 457.03144017221905
283.45313777092264 455.52784659704866
268.84602631007954 459.96305150138517
262.70353891852056 461.8870637374133
250.21954923322517 463.55358463291424
237.53405366341036 459.0321989168838
229.8112323336414 476.3043087759637
221.24108517403266 467.1349343861441
207.90148243419708 468.9221577681602
203.90614420870418 474.58748738441795
199.86283998415243 458.7845461722998
207.1943181110995 455.0181731396919
204.95963754581794 440.70453631550765
217.73323117463033 427.97412204912234
206.15148207849893 427.6882805412728
209.5416598858117 412.4040032526507
213.96007755053338 399.47422267793416
214.32137409364265 390.60660606838456
230.88690530101837 387.5435425745115
226.79157619695664 373.70218496145804
228.94720072004503 360.69390765914613
233.00543402215533 351.5785123969657
227.6705406108466 341.0593070912629
235.1482993728869 327.56942787012474
243.38122891936183 326.13654215008177
236.8227845278471 323.4381843524095
252.9202624014183 321.9053662587436
271.44332523096 307.71124300505187
267.9020860196078 312.11205599375177
286.3242558211891 314.1565170314759
292.67229412891106 317.60516082675224
300.18908871046665 306.6172761881928
307.87901627831803 308.9173013506774
318.13738990208947 307.5426915030075
326.68808943577676 297.8715727577152
339.48747236722676 303.94528610059155
344.35217807706084 304.45456604240593
360.30805812170576 298.30000379914037
363.47434339632764 302.4219011983795
369.6093560168376 303.8233265325992
374.6947108889398 317.47814684964317
374.1012498924979 319.1684534860248
369.5434636904272 336.1392260430785
381.08692668385766 329.2892428904885
389.82014036997157 337.6942668075409
404.6073465427632 335.2009732020695
402.1265464821112 336.508975465002
420.04580573818237 332.94488036194065
424.2500366203237 338.55448762964977
442.2470308774864 331.29450966982165
446.04855558045136 324.89098544197344
459.80100866405314 325.85803629862727
461.652016539901 325.7911124847931
477.3279373522898 322.28781478537985
486.99612881288544 318.7970167178483
498.2355970180314 320.86249285309157
507.0029207932812 317.2772185109874
518.678823481011 316.22705226462375
525.9915472836614 309.4691006333446
538.1413858181446 317.80803224363086
544.4328664990857 312.308513410928
558.0898835567332 321.20647820197416
558.1541244113843 332.6919879801974
559.1278881013326 340.7614320228887
555.5998083602115 359.14848293228545
559.4396347010022 355.8452714971211
560.7819226123667 372.009934229989
560.6392673913319 380.803722450419
560.0168338224101 381.5898704577411
556.6697086178165 396.378867937763
566.7234840549982 408.7784614889552
565.3171361403818 421.4316416419761
575.4180991165595 426.99851601700567
571.2864907813791 433.51307327206
574.280499945271 441.2643195783775
574.8446932181997 458.32204948113565
592.146311438838 469.4509195028043
574.9893859119318 482.9068286405269
582.2543343930757 485.8829241921454
582.6429267036356 501.84675885252176
576.3094150306491 501.4685416383832
562.992906570222 508.4928101279453
558.7210827859861 511.8240327734643
549.9846676411436 510.33982172208675
530.2588865049538 511.0361709877258
521.9907265431742 508.13828187965316
518.134284769055 505.6760693647771
504.4982665893279 518.2153618769528
494.6572950845541 518.6282359978497
477.8490607543774 522.3942794850138
479.8919838905053 517.465240181139
475.73802168472633 520.669669497322
464.24463758286214 521.2490427164656
441.1214615200827 522.7042425122206
439.55064023990457 526.7947064780744
418.7787804078944 538.8797458773964
417.43015719280925 533.9780311081682
411.850766397297 535.1110637529472
398.24479313144826 531.8319874732309
390.92277441575277 539.991806666665
383.0395511496411 530.1219617000879
374.84250266735535 520.3885498854481
377.2057235055787 523.1319874826879
380.01425976196447 501.0284679466551
380.65825650190965 490.9943919327655
369.086691114216 480.54513253955486
370.92894564393316 462.9046053930037
375.66221888568015 467.1761776108885
374.2082400484958 455.31434934550583
372.5496410570842 442.3650462117951
362.45148766984613 446.0638814298885
348.67152848426696 448.23054628837366
334.70528741052703 447.3741650158905
328.7873294742712 452.375346459235
316.1586704411099 456.3448480554594
302.8964864647813 462.41579632404455
296.81504172157827 457.22460535844925
287.51438413219614 453.4878953821904
273.7558704757138 464.9568426697586
265.54672534886475 466.9483225384864
260.4322530677187 455.88125394082175
250.3006809242378 469.14372925769067
240.5289605549248 465.5097580197326
228.5836087653839 467.87170742814715
220.34315100035536 470.28143688846086
208.0091735275109 467.2831019762032
201.2589131642091 467.5643483148263
208.62605768424083 455.5758979157347
205.03328935431475 446.8415601370675
208.25535320631897 438.2679836790004
204.6569311272593 422.61167149503046
203.8770343093154 414.2925676223277
220.16150683709117 407.78053572600146
223.16673244278627 397.007423547968
224.95749656687235 381.8093639789612
226.12396428412129 377.7407155022697
226.14164622617452 369.32047363902575
227.77164360339418 352.181963694506
227.12426946639778 346.61036958118
233.41888240987666 338.7419353407876
234.28535383046236 331.5383648001807
232.26735586849148 315.43663082703057
241.14093940380272 308.0660007560497
264.40556814968903 313.63916274509256
264.855233058533 316.62114272233663
277.7329070568163 311.4629226080648
280.355671034785 307.2386405833541
297.9346934112778 306.6634170970099
305.1580885797901 304.2185413488548
326.9932428850644 302.08871473272393
324.7095423035841 298.2650955184032
335.9704444156583 307.3215109923844
337.62140149805697 297.1663092442009
360.18745978104175 294.1929598869824
376.99869371368663 298.2736227064051
377.32574468461354 307.55122716619684
371.4376618004904 316.03486223890087
370.70456611332094 315.47198483078023
369.2904408801663 329.6169989431878
383.25546830612336 336.3079679980178
388.5558975425169 336.889766201565
395.9502028849405 328.1371552091571
411.2737744104975 326.62824823072276
419.87152658947014 330.13587145182186
427.6886950638817 333.5884710082407
433.7921695418321 328.2434770837829
454.4553293259869 329.38666214328555
457.16505061075605 318.8304710559139
463.73826528942766 324.925438397907
471.8750672529909 325.232630569379
482.9467592867628 312.6730963104665
499.7692521237298 323.74738387694646
510.50436929848695 322.95039998136866
518.7814381688726 321.5805425987714
531.0226130574864 315.214154375387
537.6458828559024 307.7592210858029
547.7875227790528 307.70092032393217
550.0306195285424 319.27040979597416
555.4249975979411 336.8412844230987
551.4595764961542 345.1193724002937
565.0385442896923 348.9637237671937
556.8887928893383 355.5647931667937
567.7343825725972 371.9280647022978
558.2662808191177 380.3019326202567
564.3083655567732 391.2975956326309
574.5580100496963 407.7825014784098
567.803551658512 406.9777697741667
563.7424429193989 418.3736489873198
575.1635481539284 425.7690208840039
571.7020351377512 435.90761304207
578.072133480249 448.3791257630654
573.483753660004 458.65431478037243
579.3735749610039 467.91676582066236
576.3910450173253 482.1467410583241
577.0582192940714 488.7561900442417
577.7253454285019 498.8852639021301
587.7219122410846 504.5867327066024
587.4124471434752 514.4191424357841
582.0580207342457 517.1779607533405
568.9846410429348 527.7032672386716
561.6277906588638 533.5998743232605
549.5317550299671 531.6135964124379
535.9503439926203 527.3938929310598
529.0849846259763 539.2707293203634
523.9774863018263 529.2501895196945
511.6686613572164 539.0561941413994
493.3614099643184 535.7314373169916
489.1256783886976 542.2596144760641
474.60319404062153 539.6230752904074
463.9896278952566 539.3242044755445
457.14260320264816 549.2502718077777
446.29438104277597 548.7930384361387
441.65734199886947 553.5762035088162
425.49976838434475 549.1820130828509
421.7319841741185 550.4514989034309
416.4237498375475 554.908182318427
394.3572826901623 547.8159467498597
396.00168907536187 555.0939784662081
381.1248232426037 561.7242709063763
370.6034155292826 553.0052945986528
363.76924838609574 558.2641922035479
350.40258652455356 558.0132538305322
353.7263598866588 543.6221021191443
349.02900054969206 540.2412140939907
334.8571193110106 540.7298882207559
311.82755837130424 538.0528444890548
311.10936492182435 544.1602433116859
298.66796269809885 548.1534812819101
288.8928041682972 549.7891617710844
290.8657323291699 550.8690323215512
268.7132022264713 552.1929829031388
264.95175050282387 566.3157586646665
261.283141571279 555.2557981383653
241.14554513418443 556.485573353612
226.2214578295258 563.1390737668871
221.9139784201287 562.9978032251048
207.05445641639486 553.2691147717363
208.44835307201694 567.801428090919
197.32393559369257 560.216926758021
184.31280423490162 567.2212072954047
174.15079965016633 570.3000627334231
164.9969253397888 568.7595924258369
150.04451140618465 575.4333697947851
142.59616079178863 572.6650402587866
129.20808699679066 575.7598008981911
123.07207255445266 575.581623920968
113.74192369657291 585.0140117873516
104.31069416154945 579.3193829351569
99.56710771620317 582.309044007486
83.70776671821513 585.9685375565609
74.8635890280541 593.5183717122103
63.85941389539985 588.3388983883127
54.137014289091496 594.1526992818701
45.666188073299146 593.6786041116427
33.90963314781299 582.0571005435645
40.74754313342365 574.4482392184053
31.424277988309115 563.5364710532372
35.04694038782541 548.3504296859943
34.951975912192786 542.5393930890793
46.18981126975742 538.2606365405135
49.42754624660023 533.3453981812386
60.34437767823643 522.6094461637293
68.2570824835537 524.9065986166484
86.31520864368586 527.7504190158907
89.96269966198385 530.0068257379592
93.10932311688333 524.2417389061616
112.20306663355913 520.7195676497347
119.65515911826665 524.3358788646144
122.40999133393709 509.61784733305774
118.51079483658182 492.48757596384314
113.2506259065968 495.34524301448533
116.40977513587445 480.914337376017
116.07944863079476 459.2894133102354
115.05129616779887 456.33679573848275
113.44139330647322 457.3652047088131
119.30538002984284 445.99048283106066
110.56280046065066 432.23221104916877
102.32375168546258 428.09133257843365
97.17518372764995 431.8389411095968
73.87135667478574 432.1828134633496
63.46789974318697 431.4971653908829
57.07884806994974 437.51358198434946
57.68431787541533 433.2085516277888
34.134635698547804 433.1623367286516
31.349149395350054 440.90752513208713
