1617.5924048998104 2564.3034001554674
1629.7511603228565 2599.2711307683776
1657.5032216783118 2607.9091504528037
1680.9744835452568 2593.2074356077837
1715.348619366268 2581.458059504404
1734.320568055255 2602.014383387054
1743.9452322072377 2637.972012976506
1758.4139179279548 2661.4369518414733
1775.0611300091098 2678.3531440347
1780.3654435180138 2708.3422518903863
1796.7384974756676 2730.9643619130284
1808.8847062128345 2761.7101682012494
1820.1860478150713 2787.7270114919925
1842.2391605096043 2811.5645501797976
1850.676173911237 2840.4132378576364
1862.777029555342 2866.346253638452
1888.2758190303316 2895.4344901656523
1901.0048898900286 2921.5255986693833
1889.04702908892 2948.6478231372416
1863.3353759287086 2965.948417162396
1843.2680844656636 2993.9963622018176
1825.6770965887422 2969.816779748846
1816.5539706176062 2944.0261552935394
1806.6233675145854 2912.419725197721
1774.2184895645105 2891.903280534395
1765.7004967947441 2858.6976918813425
1755.5382676649042 2840.107284302233
1737.4621740931302 2807.3584535300433
1725.6637536412493 2783.7480992656024
1704.4186774562934 2756.3376054909554
1702.2635376846483 2728.896669295623
1680.3926761657417 2710.345032688441
1669.8347171127145 2687.681022731272
1654.997942219428 2650.573790936493
1642.578343607559 2620.1809208324175
1620.5853824868352 2630.615925921268
1590.5350057692021 2641.4629621755366
1567.4879997572507 2617.0983170736326
1543.7255905101993 2635.32346371137
1520.3198445183004 2631.6056640397796
1537.6948608716377 2615.786424840223
1564.9087656926424 2600.4775409657295
1586.6435442165582 2588.098737746298
1614.5471324906428 2581.9947986230522
1628.1611709778163 2606.7886064162417
1662.3126577518153 2609.952240844698
1690.5532080190112 2592.7332786543484
1716.9184288327508 2587.4469170535654
1741.6196078321416 2565.9429999186614
1756.492537522671 2552.907208260401
1791.9281575221091 2540.386758871935
1812.6537533054725 2566.561584434994
1828.241585316687 2591.0130937897547
1840.57506389753 2606.9518287623055
1850.768507325829 2645.1108704316293
1870.869192964563 2668.2797387554874
1885.2014575655903 2695.009286715841
1900.080861254475 2699.0721972356714
1934.6280272080992 2694.4457054945283
1960.6643111028645 2721.014865164108
1967.0058099025982 2735.2422294558864
1981.4824634583597 2773.149637933675
1996.1676743492085 2797.4959435953742
1989.5691079969865 2828.185730192157
1967.1332948105132 2849.8278086624696
1943.3779030682883 2876.057067027935
1921.951412492173 2895.8965523516836
1906.7879033183408 2917.767097903982
1878.3625406466847 2939.586924705988
1863.5159911805374 2965.548933496497
1852.70812725601 2978.8244513838304
1826.293372295364 2974.1759463836256
1806.9199954351195 2947.57829805103
1790.75764284533 2917.7749212061585
1782.4436652900235 2882.3152759614172
1767.5346191207477 2863.936839974594
1750.9705858847476 2842.6453660534553
1745.038007097052 2810.8966029084163
1725.1886141887614 2792.9922773361045
1745.919036982341 2755.425017660797
1765.2294993902408 2746.901275707946
1787.4905795437498 2725.5776364896096
1802.9703170443813 2757.000577281807
1819.2459781840366 2771.2719633855513
1833.3384014045023 2804.9112864228077
1851.5229779443357 2829.0636999095723
1868.1365063925691 2853.6371462141938
1884.108306314271 2886.173492242226
1886.3155989259803 2910.287740706513
1886.882710209296 2942.2853635725583
1866.134564165309 2966.892735918043
1849.4288148037683 2989.7015925757964
1817.7246913506842 2964.876914530357
1809.2674310951074 2938.722363357125
1800.7556680480964 2917.9938341955963
1783.6421737622345 2890.862052830128
1773.2386108540568 2863.8057488386585
1754.308616313563 2833.5768112105575
1741.20812696471 2810.9490347526357
1720.3450162369268 2785.795402248791
1733.5539253186928 2756.564969680662
1760.7655038621215 2735.8286920117685
1786.7559938476566 2724.0927805297633
1815.5487755529043 2724.1199810037724
1836.4214734692744 2704.6051206448133
1872.3178532936518 2687.841189792418
1902.72812810958 2700.275685561055
1925.1893904795863 2682.9294295016184
1948.5780533949562 2710.806181647966
1962.7754596816083 2735.977653908073
1971.2854783962116 2761.2888413776814
1986.3803600253693 2782.7057162231604
1999.735332525894 2819.051201326424
1987.9170165447224 2836.710649103398
1957.301440814708 2828.4951501805153
1936.1471157162607 2797.0348661045346
1921.5986907182812 2779.2099707194034
1910.771980785146 2754.262562551567
1895.4294704288443 2732.7184935852592
1906.5292985493816 2696.143212361153
1946.024911334519 2705.9880620872136
1955.6104058480842 2717.4713918056586
1966.1467096618337 2748.7007648137774
1979.5888722521277 2776.201700553013
1994.8244745544926 2804.062515533846
1986.8639135883036 2826.6223528891705
1971.3202700644415 2853.366927042529
1950.4330903577052 2827.0099322579294
1934.6703922531751 2797.842359337464
1926.5982822055385 2778.448787840616
1909.3933945446825 2752.705042912036
1898.3210710521996 2721.048464151161
1905.7714378613534 2699.337926346223
1935.8486037510588 2678.9111612777356
1959.0249744443672 2665.241105721486
1957.7720010382527 2642.0735716392323
1952.6914979167998 2619.1203746399838
1932.4161729471582 2588.849302429537
1927.7910478198771 2556.062730839512
1915.0393341866745 2531.5109891858124
1887.6008003557974 2510.167847950252
1901.715923992644 2479.68599953658
1931.9830862723009 2460.1456286930816
1953.5574818855005 2442.7048540834007
1952.957630981335 2420.794903146991
1972.3565996292023 2398.8245213076675
1994.846457261411 2389.4821235982517
2016.6718317061404 2397.375916713253
2007.5344358091038 2422.156935869487
1973.2349707908454 2437.1472139630587
1971.9886544272817 2465.963568296563
1986.7600316476094 2488.046928292413
1996.731539002666 2518.926759239059
2003.1933373591546 2550.3121260739517
2025.3011093972148 2572.3021785571223
2022.036089605231 2600.6800959656125
2042.8142781053907 2628.645231614985
2058.3220650896014 2657.8768256351077
2062.4173413926774 2686.536597989098
2082.325674009006 2713.899639153296
2100.105900554601 2689.9484867693864
2127.8795258816426 2678.220400596444
2149.4468519067364 2691.2820207928553
2170.842293660546 2714.7043467701646
2174.626307103606 2745.8464101126838
2185.6905697778607 2777.3588874431357
2197.536211555767 2803.9988744004836
2210.7738752911428 2831.5468259381423
2218.0302097428025 2852.4084467808893
2235.3038460410835 2885.497634447266
2247.796485042489 2916.8523460272945
2258.982591225903 2939.0077200534665
2234.901699128734 2949.43138845141
2206.6570064996304 2957.273776690686
2182.9677441916924 2965.2721810290714
2144.003696871387 2969.021519101631
2111.0593203712406 2965.7939249177675
2102.4771130218637 2927.131782730356
2090.7458879785077 2908.6877650725296
2083.4053489363328 2879.6171931332456
2066.5067278411975 2841.9433154507124
2056.5470755940564 2828.0294072762645
2048.06429394089 2794.784969969304
2011.6395053068845 2803.758527720588
1990.138287538501 2822.519826495838
1979.6050652413933 2846.498149090982
1949.8693786888166 2828.5843056535027
1938.037650860489 2795.462722814583
1921.307699453809 2779.321914870701
1912.4177544340453 2750.6667523199453
1895.9220560505585 2720.532991472431
1910.7730896186836 2702.0495273327424
1943.8948396900544 2682.5893038343856
1966.0416893916376 2671.4184787709196
1982.7781318255602 2688.532267605194
2005.343998383025 2718.740854907842
2022.5970752541618 2739.389372767763
2033.8553218868549 2762.002684849575
2059.462294112917 2753.4708653112934
2079.9354864931047 2730.6923109158633
2101.656640601697 2708.29966883523
2121.6257068443674 2678.459881471408
2136.134344092215 2666.983263172136
2155.9343538811063 2636.9108154925675
2174.928756989547 2621.3527438769215
2205.4707414329323 2623.59479260918
2225.2113556573013 2663.517111997156
2231.7134481690787 2686.346062590747
2240.232728802092 2710.4979909415224
2254.603054626953 2739.8587522853104
2261.117519504918 2766.586895465395
2280.4134858476887 2786.7250899351693
2280.6056599874264 2829.317235717909
2294.961379945148 2852.535728204438
2309.0011697788127 2882.2796285922345
2321.0487191418483 2913.9082812325305
2327.3386912060255 2936.81321832006
2364.201123106335 2931.917198474899
2392.470720825499 2926.931979772634
2423.2452954152127 2927.776805628059
2457.7518600237263 2915.142728635812
2486.222492974512 2905.7874185414416
2508.82314518198 2899.242204135954
2536.46065740189 2894.6351936026276
2549.7166043990474 2872.662815396798
2526.920349859881 2840.731281466392
2513.2832783795525 2813.0348052044624
2486.0970836734045 2803.1715644315295
2462.751198217962 2819.5540662595663
2428.8053500801325 2829.502461950985
2395.9570754503525 2820.869086782929
2402.4460851323925 2786.7025450785654
2381.71603173682 2758.860547883513
2401.720384943023 2730.495806622651
2407.494455820408 2700.6545670885653
2439.788506082721 2695.830408472453
2455.2425272288156 2670.8717770501653
2446.4885403278736 2644.545440600235
2436.3802562619157 2615.739343113763
2432.7174019446165 2593.6216377119886
2409.4499473406217 2571.8605571540706
2380.864190458173 2565.4418628658264
2353.594378522733 2569.9212722214297
2338.6267999301317 2608.9347191932343
2356.699736868874 2626.2477462424818
2357.1859504006443 2655.780923230589
2371.1155866965096 2687.0373179529747
2376.674052887916 2716.7162699837704
2383.1955494217686 2737.0080868802575
2394.109488884658 2719.646749942923
2429.2209303766517 2691.7631319576735
2415.9554136982647 2671.629393522734
2415.946710281129 2638.1346521546766
2425.3399269458614 2610.556249275872
2443.8253845224203 2598.1646026611684
2480.8973547323294 2592.9926916542036
2483.9938674108457 2567.2151624939484
2478.765388454992 2535.7044470298183
2483.223646975418 2496.193287411152
2513.6923464572483 2485.0244360629017
2538.74036475726 2475.233912953479
2570.6384538830343 2493.7319036290723
2579.7568618827454 2523.0617711977225
2613.3179060176526 2543.3503760068775
2630.7596874161795 2529.0029071023287
2655.689740775239 2515.9696880885786
2692.966826761438 2511.6362074303765
2688.754103292663 2542.0594012488286
2709.1558411112355 2558.9719725467376
2733.429167367761 2577.5277099966906
2765.7216601929667 2565.343429351394
2798.6763124172903 2565.0790344816573
2803.995785933523 2538.396052130563
2794.563349490151 2509.334953095716
2769.8223267163844 2502.352592786126
2737.760335374285 2500.056979308022
2707.0126334112597 2502.7787595124896
2692.8021173791462 2531.2921234797886
2706.0350091494356 2564.9310176583526
2723.3044212743307 2596.471030653908
2731.6592530324774 2613.171245293124
2746.6233918739667 2644.948328820353
2720.135463654821 2658.0691201618256
2687.7554857965383 2664.06765214409
2660.42512473887 2682.9270191109586
2630.4294631334346 2662.4589362629204
2625.2489276360043 2638.305355533244
2636.907531305236 2609.284148208261
2667.016588428995 2594.588765731927
2682.622585566423 2582.56442128083
2714.2481651848025 2583.003185224917
2749.2683392166036 2572.1152292446354
2779.2398006826133 2562.453113903663
2804.55207075895 2553.913989820464
2800.991326225119 2520.096882728619
2775.109611659402 2507.1244828666295
2755.2517777377784 2495.2649535686537
2710.4424315483257 2501.263545347767
2687.27932256042 2513.877680774387
2693.532504388001 2543.727571111839
2714.841989911125 2572.709977444495
2716.9265493056873 2594.056005347035
2736.455699006188 2628.8030911695873
2720.284903839283 2651.4310801245756
2704.421159586851 2664.4476525258106
2674.6595457663784 2678.6081969457896
2639.4392534580957 2669.488824086721
2621.3881211546704 2642.019550869883
2610.4069328159126 2610.8579330476637
2602.092966291105 2587.238940033017
2595.2122441809524 2554.9939559262016
2562.1181830760356 2555.6947605066593
2531.756399782143 2566.6911991972356
2506.406117731773 2573.7881585391883
2488.316158982917 2557.4821065969145
2484.9622311453254 2531.9347196814706
2482.548799610878 2504.847728519957
2515.476062557083 2490.92400503087
2544.1814078430384 2481.9305670921585
2566.117531052381 2496.421847514142
2575.8864046369135 2526.382127643263
2571.7885061385077 2550.979625897283
2546.131067058212 2560.6803092209575
2511.719778971046 2576.955259278229
2483.8454440675223 2573.0153670134814
2480.732504630655 2537.541243384689
2479.5838721562855 2507.42364732009
2503.713297431611 2496.661810068703
2529.1027751351976 2487.240731527095
2554.8043473321227 2470.403625992927
2584.0897806623593 2460.3354988717256
2611.4863391344893 2450.8571663087578
2640.899857993336 2434.6047310205827
2649.170791091594 2406.2025775336238
2635.974506217287 2381.4391589486268
2631.317479725212 2351.7116930899724
2612.106869749817 2324.2208857499295
2597.2173856601407 2297.9619927687436
2585.763847527782 2270.0638523537323
2572.145924336308 2242.6924182110783
2565.0661722509853 2215.1680288683056
2526.1839526225926 2221.55994498293
2508.1681399540753 2249.8902196683466
2487.876871473261 2265.092640579832
2476.3652309483173 2290.8185251993264
2456.3219393392214 2316.1454257018613
2448.840297828775 2347.2136246544655
2471.296226939786 2355.5118704531205
2476.7608432505835 2379.49759532508
2461.151096600151 2413.4036553814876
2491.0097568258784 2414.7150114012
2528.1230330362805 2404.1542123611616
2532.4019269314394 2435.6694760332166
2553.619877652984 2466.589632102203
2579.0044759339803 2462.8424927458864
2610.7528789192106 2453.1981020754747
2636.2801128973056 2432.4876792189966
2660.8882905160835 2451.3615592096294
2675.144653006341 2479.640884412021
2681.726963752661 2505.0850752906326
2696.9322600910673 2530.3806637337816
2713.3919091730854 2562.955370912049
2738.524904630317 2570.658355357394
2757.3586281832454 2568.8763440111375
2800.1926512036925 2564.1306679780973
2809.4932504826743 2544.7817736253355
2798.785169154945 2507.0150828489486
2774.688779645788 2495.117427880681
2736.644812781187 2500.220611980263
2705.473621296917 2500.5596121970866
2705.8025123200537 2534.056719386661
2705.4452758745783 2562.192633702055
2734.444827368438 2581.951496061988
2764.410052913747 2558.699923934626
2789.9718360699844 2562.9530346743445
2812.454286165605 2590.020976666804
2817.744507131679 2619.748991651283
2794.7383292949316 2642.223082992948
2762.7420819370063 2635.0885014163077
2757.2501011188647 2674.060417807541
2770.957960359455 2701.581039712809
2777.2434684746045 2727.1628555836555
2786.6325516104635 2759.440631532574
2800.7135489987036 2787.517539058382
2812.668713183626 2813.6221595876937
2824.5910517571883 2848.712687728965
2857.9389863149763 2838.500753947278
2888.248724156288 2840.43486566107
2913.1683013423135 2822.672462218894
2918.002201023351 2801.7290261062344
2910.338830933415 2766.9404373479324
2924.7144705155083 2754.692681972689
2939.688178345028 2717.6382102641237
2931.582175990586 2691.1340897588157
2925.948222325232 2669.903722018415
2923.631617517331 2643.05915953546
2918.226687830582 2607.574291449381
2902.3642830438725 2577.8167108072844
2899.7214921194004 2551.5745975247137
2898.1348911248883 2520.1660682008774
2901.7081400933066 2492.1618151595508
2894.0653517074074 2458.294301753795
2890.194529013869 2421.3465594891295
2886.8656912944357 2402.831064196262
2877.7357732236583 2365.0024642524363
2872.665282685035 2334.4657062152896
2868.685682192162 2311.543864593227
2880.102796085289 2292.004741556264
