1801.0124659368653 40.061351005521
1818.3853599741576 21.2111260334051
1858.83459988745 -2.9588539422645823
1876.3138042813237 -18.51431388806367
1902.7307810063867 -38.774257779868066
1866.693371501959 -25.971635085179017
1845.9111427443588 -19.411880633224847
1824.4226726136885 4.320293521646725
1794.4207912050113 32.95404508692017
1792.6679106054307 56.537326118849684
1821.0185528989407 68.64944017413576
1847.6246324198523 77.73567249260304
1865.3649605847347 97.29805266270733
1907.7547697933157 83.49120973432068
1929.0144189324662 67.11242045678631
1956.1964056678785 50.228290915066516
1970.4482732450551 53.55350346376045
1998.4480884990755 75.4966887567933
2023.8009619534391 80.41567001382026
2053.659806183804 76.7816602005356
2091.796725164047 66.53863482802129
2109.1795544271363 73.72668207410672
2147.486926069998 74.68613064899694
2172.9303874208726 74.3775558480089
2205.699344886025 73.84623231567319
2238.022840627196 78.50426994531966
2269.482793545206 69.87541615275333
2295.586773718565 76.66430316298516
2339.614968900657 68.33754009173407
2355.057747995099 92.15380216465923
2376.1537601820482 104.20095919670024
2408.6536928193104 105.18635744531379
2429.1726184596578 109.79206316373951
2466.331736068085 117.24863556798395
2493.189985450652 108.88149395347426
2517.3843283248348 106.88145604974669
2541.555661038249 115.70521904525967
2572.7601323308877 87.84535862553098
2581.487515767051 64.60831239458574
2613.7400850241493 41.38776518552391
2637.8774755309387 32.95541921914307
2671.2442752548322 16.492230482456726
2654.239746472337 -23.775909046809637
