3105.045428 1913.775864 1301806255
3084.523314 1913.331420 1301806259
3057.629415 1913.220309 1301806262
3030.818267 1912.664754 1301806265
3010.461655 1911.886977 1301806270
2986.050269 1911.220311 1301806274
2956.177354 1910.998089 1301806277
2933.917481 1910.442534 1301806279
2911.326606 1909.553646 1301806281
2887.246223 1908.886980 1301806283
2860.848827 1908.220314 1301806285
2832.051668 1907.220315 1301806287
2802.096002 1907.442537 1301806289
2772.140336 1907.331426 1301806291
2743.756929 1906.664760 1301806293
2719.511045 1906.109205 1301806295
2699.485434 1905.664761 1301806298
2673.253539 1904.998095 1301806304
2645.283884 1904.775873 1301806307
2622.693009 1904.331429 1301806309
2597.785121 1903.998096 1301806311
2570.973973 1903.775874 1301806313
2544.742078 1903.553652 1301806315
2520.247943 1903.220319 1301806317
2494.429800 1901.664765 1301806320
2488.058014 1879.331454 1301806326
2485.906503 1854.998145 1301806330
2485.989253 1825.553730 1301806333
2488.802769 1799.553756 1301806336
2488.637268 1777.998222 1301806342
2488.554517 1753.442691 1301806346
2487.809763 1723.664943 1301806349
2485.989253 1701.331632 1301806351
2484.996248 1678.998321 1301806353
2485.658251 1658.887230 1301806355
2485.823752 1638.665028 1301806358
2484.085992 1614.553941 1301806384
2485.161748 1592.553963 1301806387
2486.403005 1563.887325 1301806390
2487.313260 1542.442902 1301806392
2488.223515 1519.220703 1301806394
2489.051020 1495.998504 1301806396
2490.292277 1473.887415 1301806398
2491.781785 1453.109658 1301806400
2494.264299 1425.331908 1301806403
2496.581312 1402.887486 1301806407
2504.111603 1381.998618 1301806421
2514.372660 1359.998640 1301806426
2535.391276 1357.776420 1301806429
2560.381915 1360.109751 1301806432
2585.207052 1361.665305 1301806435
2611.356197 1362.998637 1301806438
2639.077600 1364.220858 1301806441
2669.116016 1365.554190 1301806444
2690.713886 1365.998634 1301806446
2713.635762 1366.776411 1301806448
2737.302393 1367.554188 1301806450
2760.803523 1368.220854 1301806452
2783.642650 1368.776409 1301806454
2805.406020 1369.331964 1301806456
2826.010884 1369.665297 1301806458
2854.228790 1370.220852 1301806461
2879.136678 1371.665295 1301806464
2900.238045 1372.554183 1301806468
2921.339411 1375.109736 1301806483
2944.013037 1375.887513 1301806486
2971.155187 1376.443068 1301806489
3001.028102 1377.331956 1301806492
3022.129469 1377.887511 1301806494
3043.975590 1378.443066 1301806496
3066.069962 1378.998621 1301806498
3088.164334 1379.443065 1301806500
3110.920710 1379.998620 1301806502
3134.835593 1380.665286 1301806504
3158.750475 1381.109730 1301806506
3181.258599 1381.665285 1301806508
3202.525467 1382.220840 1301806510
3222.551078 1380.887508 1301806512
3250.520733 1377.109734 1301806515
3276.007874 1373.887515 1301806518
3295.702483 1370.331963 1301806521
3307.370297 1352.109759 1301806525
3306.956545 1327.443117 1301806528
3307.204796 1306.776471 1301806530
3307.618548 1284.332049 1301806532
3308.032301 1261.998738 1301806534
3308.528803 1240.665426 1301806536
3308.611554 1218.998781 1301806538
3308.528803 1197.665469 1301806540
3308.942556 1177.221045 1301806542
3311.094068 1147.332186 1301806545
3312.252574 1119.665547 1301806548
3312.418075 1094.887794 1301806551
3313.245580 1071.110040 1301806555
3313.080079 1049.332284 1301806559
3312.914578 1024.221198 1301806563
3312.500825 1001.776776 1301806566
3312.418075 976.776801 1301806569
3312.831827 952.110159 1301806572
3313.411080 927.776850 1301806575
3313.824833 905.221317 1301806578
3313.824833 884.443560 1301806584
3315.397091 864.443580 1301806608
3315.479842 841.332492 1301806613
3315.810844 818.554737 1301806616
3316.390097 791.332542 1301806619
3317.134851 761.888127 1301806622
3317.548603 733.554822 1301806625
3317.300352 706.443738 1301806628
3317.300352 683.999316 1301806632
3317.300352 661.666005 1301806649
3317.714104 635.777142 1301806653
3318.458858 607.777170 1301806656
3319.038112 587.221635 1301806658
3319.782866 566.221656 1301806660
3320.693121 537.443907 1301806663
3322.099879 514.888374 1301806666
3324.168640 492.999507 1301806669
3325.658148 469.999530 1301806672
3327.644159 450.110661 1301806677
3329.547420 427.777350 1301806686
3330.540425 404.777373 1301806693
3331.285179 383.999616 1301806697
3332.443686 358.221864 1301806701
3333.271190 331.777446 1301806705
3334.926200 306.999693 1301806709
3335.670954 284.444160 1301806713
3335.753704 263.444181 1301806716
3336.084706 241.888647 1301806719
3336.746710 218.555337 1301806722
3338.401719 193.666473 1301806725
3339.311974 171.333162 1301806728
3340.304979 150.333183 1301806733
3340.884232 125.555430 1301806738
3341.546236 105.111006 1301806741
3342.208240 84.222138 1301806744
3343.532247 62.444382 1301806747
3332.526436 43.555512 1301806752
3305.301536 41.333292 1301806756
3275.842373 39.666627 1301806759
