519.010871 790.776987 1302579520
490.544714 789.999210 1302579523
466.298830 788.665878 1302579525
438.991179 787.888101 1302579527
410.111269 787.110324 1302579529
381.810612 786.332547 1302579531
356.654473 785.221437 1302579533
329.264072 784.665882 1302579536
306.259444 783.554772 1302579552
279.613797 781.888107 1302579557
252.140645 780.776997 1302579560
230.294524 781.110330 1302579562
209.441409 780.221442 1302579564
186.436781 780.221442 1302579569
160.535888 780.443664 1302579573
139.682773 780.665886 1302579575
119.408911 781.221441 1302579577
99.383300 782.665884 1302579581
88.211988 801.221421 1302579596
88.625740 821.554734 1302579600
87.136232 848.665818 1302579604
84.819219 873.888015 1302579607
81.674702 903.221319 1302579610
79.771441 925.554630 1302579612
78.861186 946.665720 1302579614
79.109438 971.554584 1302579617
82.253955 991.887897 1302579624
84.074465 1019.221203 1302579644
82.171205 1060.665606 1302579648
81.840203 1084.443360 1302579650
81.509201 1109.332224 1302579652
81.343700 1134.443310 1302579654
81.509201 1158.665508 1302579656
81.840203 1183.221039 1302579658
81.178199 1208.443236 1302579660
80.681696 1234.220988 1302579662
80.102443 1259.887629 1302579664
78.199183 1283.332050 1302579666
76.709674 1310.554245 1302579669
80.681696 1330.887558 1302579676
106.168837 1330.220892 1302579681
133.145487 1329.220893 1302579684
154.660606 1328.998671 1302579686
178.906490 1328.998671 1302579688
203.152374 1328.887560 1302579690
225.246746 1329.109782 1302579692
248.003122 1328.443116 1302579695
269.766492 1335.331998 1302579709
294.012377 1336.554219 1302579713
320.492523 1336.665330 1302579716
341.842141 1335.665331 1302579718
367.494783 1334.665332 1302579720
395.133436 1333.443111 1302579722
420.455076 1332.332001 1302579724
447.100723 1330.665336 1302579727
467.126334 1331.332002 1302579731
492.861727 1331.887557 1302579735
521.989888 1332.776445 1302579738
547.228777 1333.443111 1302579740
576.439689 1334.109777 1302579742
608.795118 1333.665333 1302579744
642.888307 1333.220889 1302579746
675.822989 1333.443111 1302579748
707.350913 1332.554223 1302579750
737.141078 1331.998668 1302579752
765.027982 1331.665335 1302579754
790.763375 1330.998669 1302579756
814.761007 1330.109781 1302579758
835.779624 1328.998671 1302579760
857.211992 1330.887558 1302579765
878.644361 1327.220895 1302579778
882.450882 1306.665360 1302579781
885.843651 1276.332057 1302579784
887.581410 1251.220971 1302579786
888.408915 1222.221000 1302579788
889.650172 1190.554365 1302579790
890.146674 1159.887729 1302579792
893.125691 1131.332202 1302579794
895.856456 1105.110006 1302579796
896.932212 1082.998917 1302579798
898.752722 1057.443387 1302579801
910.255036 1040.998959 1302579804
933.507914 1038.443406 1302579808
958.746804 1039.443405 1302579811
988.205967 1040.554515 1302579814
1017.747880 1042.665624 1302579817
1042.076515 1044.443400 1302579820
1064.419139 1046.776731 1302579824
1084.361999 1050.443394 1302579829
1105.959868 1054.110057 1302579834
1135.750033 1054.332279 1302579838
1162.230180 1053.443391 1302579841
1191.772093 1053.998946 1302579844
1217.672986 1052.332281 1302579847
1239.022605 1049.221173 1302579850
1256.731203 1039.332294 1302579867
1278.411822 1034.332299 1302579884
1302.326705 1035.332298 1302579887
1322.766068 1034.110077 1302579890
1342.874429 1034.332299 1302579893
1365.548054 1034.110077 1302579896
1392.524704 1033.998966 1302579899
1421.818366 1033.221189 1302579902
1443.912738 1032.332301 1302579905
1454.422046 1014.998985 1302579909
1451.691281 991.554564 1302579912
1471.716892 972.110139 1302579915
1481.729697 954.332379 1302579917
1484.956965 931.776846 1302579919
1486.860226 907.776870 1302579921
1493.563013 887.999112 1302579923
1498.279789 868.332465 1302579925
1503.079315 842.554713 1302579928
1506.472084 822.443622 1302579932
1511.437112 801.999198 1302579939
1512.264616 771.999228 1302579942
1512.678368 747.554808 1302579944
1513.009370 719.777058 1302579946
1513.257622 689.888199 1302579948
1514.167877 659.443785 1302579950
1514.581629 630.332703 1302579952
1515.243633 605.554950 1302579954
1516.153888 584.443860 1302579957
