307.831703 790.888098 1303877270
282.013560 790.888098 1303877274
260.332940 788.332545 1303877276
237.411063 786.888102 1303877278
216.226946 785.665881 1303877280
193.884323 783.665883 1303877283
168.893684 781.999218 1303877287
141.337782 777.665889 1303877290
113.119876 773.221449 1303877293
90.611751 771.443673 1303877296
85.894975 798.554757 1303877301
87.218983 827.443617 1303877304
88.377489 853.554702 1303877306
88.625740 881.999118 1303877308
88.625740 912.443532 1303877310
88.791241 939.665727 1303877312
88.625740 965.332368 1303877314
89.949748 991.887897 1303877317
86.722480 1011.665655 1303877326
89.204994 1035.110076 1303877339
89.370494 1062.443382 1303877342
88.956742 1088.332245 1303877344
88.129238 1118.221104 1303877346
87.798236 1151.776626 1303877348
87.136232 1187.221035 1303877350
85.977726 1221.221001 1303877352
84.239966 1253.220969 1303877354
81.922953 1281.332052 1303877356
80.433445 1303.887585 1303877358
82.750458 1325.443119 1303877362
104.844830 1337.109774 1303877367
133.972991 1338.220884 1303877370
159.708384 1338.776439 1303877372
187.595288 1339.665327 1303877374
214.654688 1339.443105 1303877376
238.073067 1338.665328 1303877378
260.332940 1336.331997 1303877381
285.985582 1336.665330 1303877394
312.134727 1338.998661 1303877397
335.139354 1340.331993 1303877399
363.605512 1341.109770 1303877401
395.547188 1341.331992 1303877403
425.006351 1341.220881 1303877405
448.507481 1341.776436 1303877407
468.698593 1341.331992 1303877410
490.296462 1343.443101 1303877415
515.866354 1345.220877 1303877418
539.450234 1345.998654 1303877420
566.757885 1347.331986 1303877422
598.120309 1348.998651 1303877424
631.137742 1349.776428 1303877426
665.396431 1350.443094 1303877428
700.813627 1350.443094 1303877430
736.561825 1350.665316 1303877432
770.820514 1350.665316 1303877434
802.100187 1349.776428 1303877436
828.745835 1349.220873 1303877438
855.639734 1346.887542 1303877441
875.168842 1341.665325 1303877448
881.788878 1322.332011 1303877451
884.685144 1292.776485 1303877454
886.174653 1272.332061 1303877456
888.243414 1246.887642 1303877459
890.063924 1225.220997 1303877467
891.056930 1205.109906 1303877470
894.366948 1180.998819 1303877472
896.518460 1154.109957 1303877474
898.090718 1126.109985 1303877476
899.993979 1099.998900 1303877478
900.655983 1078.665588 1303877480
904.297003 1057.776720 1303877483
924.405364 1054.221168 1303877486
946.582487 1055.332278 1303877488
970.331868 1056.443388 1303877490
995.570758 1059.332274 1303877493
1020.809647 1060.332273 1303877513
1048.531051 1064.998935 1303877516
1069.632417 1067.443377 1303877518
1097.022819 1076.665590 1303877521
1124.826973 1083.221139 1303877524
1146.093840 1087.998912 1303877526
1169.429470 1091.776686 1303877528
1194.999361 1093.332240 1303877530
1220.486502 1092.665574 1303877532
1244.235883 1090.665576 1303877534
1265.006248 1088.221134 1303877536
1289.086631 1085.998914 1303877539
1312.008508 1081.554474 1303877543
1331.454866 1075.998924 1303877547
1356.197253 1081.776696 1303877552
1376.884867 1086.776691 1303877555
1401.710005 1086.998913 1303877558
1424.052628 1097.443347 1303877562
1445.898749 1090.221132 1303877569
1455.663303 1062.887826 1303877572
1464.186600 1039.776738 1303877574
1474.199406 1012.887876 1303877576
1481.646947 982.221240 1303877578
1484.460462 949.443495 1303877580
1485.536218 917.221305 1303877582
1483.384706 886.665780 1303877584
1480.571191 859.554696 1303877586
1477.178422 837.110274 1303877588
1470.392885 813.221409 1303877591
1471.634141 785.999214 1303877595
1474.613158 757.443687 1303877598
1477.012921 734.110377 1303877600
1479.578185 706.888182 1303877602
1482.639952 677.110434 1303877604
1484.294961 646.777131 1303877606
1484.708714 618.999381 1303877608
1483.632958 596.332737 1303877610
1486.280972 572.110539 1303877614
1505.810080 566.777211 1303877624
1517.477895 548.332785 1303877637
1533.200482 535.777242 1303877641
1562.328643 540.666126 1303877644
1585.829773 543.221679 1303877646
1610.903162 545.332788 1303877648
1636.555804 546.221676 1303877650
1659.725932 545.777232 1303877652
1680.165295 544.221678 1303877654
1700.770159 539.777238 1303877657
1723.030032 542.777235 1303877669
1749.592929 544.221678 1303877672
1772.183804 545.888343 1303877674
1798.746701 547.332786 1303877676
1829.281620 548.888340 1303877678
1862.630054 550.666116 1303877680
1898.212751 552.555003 1303877682
1933.795448 554.777223 1303877684
1968.964393 555.999444 1303877686
2003.554084 556.554999 1303877688
2038.226526 557.332776 1303877690
2071.823212 558.110553 1303877692
2105.171646 558.999441 1303877694
2139.264835 559.443885 1303877696
2174.764781 559.777218 1303877698
2211.009482 560.110551 1303877700
2247.502434 560.777217 1303877702
2283.995386 561.332772 1303877704
2321.398592 561.999438 1303877706
2359.629304 562.999437 1303877708
2396.618759 563.888325 1303877710
2430.298195 564.666102 1303877712
2459.012604 565.888323 1303877714
2481.355227 566.888322 1303877716
2502.042842 567.221655 1303877719
2524.385465 562.110549 1303877745
2552.851623 562.332771 1303877748
2578.007762 562.332771 1303877750
2606.804921 562.666104 1303877752
2638.829349 563.110548 1303877754
2672.343284 564.110547 1303877756
2706.022720 565.110546 1303877758
2740.115909 566.221656 1303877760
2773.381593 567.443877 1303877762
2805.406020 568.221654 1303877764
2838.919956 568.221654 1303877766
2872.185640 568.666098 1303877768
2902.389557 569.221653 1303877770
2928.786953 569.888319 1303877772
2951.046826 571.554984 1303877774
2974.547956 573.443871 1303877777
2993.580561 583.666083 1303877793
2999.455844 605.777172 1303877796
2997.883585 628.332705 1303877798
2995.897574 657.999342 1303877800
2994.490816 690.110421 1303877802
2991.511800 722.999277 1303877804
2988.450033 754.443690 1303877806
2985.140014 782.999217 1303877808
2983.319504 805.332528 1303877810
2981.912747 826.999173 1303877813
3000.200598 842.776935 1303877827
3028.749506 841.999158 1303877830
3053.326392 841.443603 1303877832
3081.958050 841.110270 1303877834
3113.899727 841.332492 1303877836
3146.503407 841.221381 1303877838
3178.445084 840.665826 1303877840
3209.807507 840.888048 1303877842
3241.087180 840.776937 1303877844
3270.132591 841.332492 1303877846
3294.378475 842.776935 1303877848
3318.707110 842.443602 1303877851
3331.864433 823.665843 1303877861
3330.954178 794.665872 1303877864
3330.540425 770.443674 1303877866
3332.609187 741.332592 1303877868
3334.512447 709.665957 1303877870
3335.339952 677.665989 1303877872
3335.670954 648.332685 1303877874
3335.836455 623.332710 1303877876
3335.588203 602.554953 1303877878
3328.554414 582.999417 1303877885
3310.928567 570.999429 1303877889
3289.661699 570.666096 1303877891
3265.002063 571.666095 1303877893
3236.784157 571.999428 1303877895
3205.752735 572.554983 1303877897
3171.742297 571.888317 1303877899
3134.918343 572.443872 1303877901
3098.590892 573.110538 1303877903
3063.670199 573.110538 1303877905
3031.314770 573.110538 1303877907
3004.834623 571.554984 1303877909
2983.402255 560.332773 1303877912
2982.160998 532.777245 1303877916
2984.064258 512.777265 1303877918
2986.381271 487.221735 1303877920
2987.457027 457.443987 1303877922
2988.450033 424.555131 1303877924
2989.029286 389.332944 1303877926
2990.270543 356.777421 1303877928
2990.932546 332.221890 1303877930
2992.918557 311.777466 1303877933
2993.580561 285.555270 1303877940
2994.987319 255.999744 1303877943
2995.401071 232.110879 1303877945
2996.063075 209.333124 1303877947
2996.642328 184.666482 1303877950
3010.130653 169.777608 1303877955
3033.549032 173.888715 1303877960
3058.208669 176.110935 1303877963
3077.572276 186.222036 1303877969
3075.503514 206.777571 1303877977
3053.160891 208.444236 1303877986
3040.169069 192.333141 1303877994
3059.863678 182.888706 1303878002
3078.565281 191.110920 1303878008
