3333.188440 427.444017 1303906860
3334.346946 401.999598 1303906882
3335.670954 377.666289 1303906885
3335.753704 356.221866 1303906887
3336.001955 332.777445 1303906889
3335.919205 308.444136 1303906891
3336.001955 284.444160 1303906893
3336.498458 260.666406 1303906895
3335.836455 235.999764 1303906897
3335.505453 210.666456 1303906899
3335.588203 184.333149 1303906901
3335.670954 157.555398 1303906903
3335.919205 129.888759 1303906905
3336.084706 103.777674 1303906907
3336.994961 82.999917 1303906909
3340.056728 61.222161 1303906913
3318.045106 47.333286 1303906920
3290.240952 47.666619 1303906923
3265.664066 49.555506 1303906925
3239.018419 48.999951 1303906927
3213.283027 47.777730 1303906929
3192.181660 47.444397 1303906931
3170.335539 46.777731 1303906936
3146.172405 46.999953 1303906940
3117.788998 47.111064 1303906943
3096.191129 47.444397 1303906945
3073.021001 46.666620 1303906947
3050.512876 45.999954 1303906949
3023.618977 44.555511 1303906952
3003.262365 50.444394 1303906959
3002.352110 77.222145 1303906963
3002.021108 97.999902 1303906965
3001.276354 120.888768 1303906967
3000.614350 141.888747 1303906969
2999.290343 162.333171 1303906972
2998.297337 185.333148 1303906977
2997.469833 209.555346 1303906980
2996.807829 239.110872 1303906983
2995.980324 267.221955 1303906986
2996.063075 289.444155 1303906989
2994.573567 310.444134 1303906998
2993.415060 332.221890 1303907001
2993.332310 352.777425 1303907003
2993.001308 376.999623 1303907005
2992.256554 403.221819 1303907007
2991.677301 429.444015 1303907009
2991.098047 454.221768 1303907011
2990.353293 477.332856 1303907013
2988.946535 498.777279 1303907015
2986.629523 525.666141 1303907018
2986.546772 547.332786 1303907022
2983.816007 568.554987 1303907028
2962.218138 579.443865 1303907033
2937.806753 579.888309 1303907036
2916.788136 579.888309 1303907038
2894.197261 579.888309 1303907040
2872.268390 579.221643 1303907042
2844.050484 578.332755 1303907045
2822.038862 576.888312 1303907050
2797.958479 574.777203 1303907073
2770.733578 572.221650 1303907076
2749.301210 569.443875 1303907078
2725.386327 567.554988 1303907080
2700.974942 565.999434 1303907082
2676.811809 564.777213 1303907084
2653.393429 564.777213 1303907086
2628.899294 564.777213 1303907088
2602.750149 564.110547 1303907090
2576.683755 562.999437 1303907092
2553.513627 561.999438 1303907094
2530.177997 562.554993 1303907097
2518.923935 582.221640 1303907105
2517.434427 603.554952 1303907109
2516.689673 630.443814 1303907112
2516.110420 655.332678 1303907114
2515.862168 683.888205 1303907116
2515.448416 711.221511 1303907118
2514.703662 736.777041 1303907120
2513.710656 761.665905 1303907122
2513.214154 786.999213 1303907124
2512.800401 812.888076 1303907126
2512.552150 839.554716 1303907128
2510.979891 866.776911 1303907130
2510.152387 895.776882 1303907132
2509.573133 924.554631 1303907134
2508.993880 953.221269 1303907136
2508.497378 980.887908 1303907138
2508.580128 1007.110104 1303907140
2508.331877 1033.776744 1303907142
2507.669873 1060.221162 1303907144
2506.759618 1085.887803 1303907146
2506.925119 1108.998891 1303907148
2508.580128 1135.554420 1303907151
2509.904135 1156.332177 1303907156
2509.904135 1178.443266 1303907160
2508.911130 1200.443244 1303907163
2509.324882 1220.998779 1303907165
2510.566139 1244.998755 1303907167
2511.393644 1270.109841 1303907169
2512.055647 1292.998707 1303907171
2512.800401 1318.554237 1303907174
2513.462405 1339.665327 1303907178
