3343.697748 417.999582 1303915203
3345.435508 395.888493 1303915229
3343.449497 374.888514 1303915233
3344.028750 354.777423 1303915250
3342.787493 330.110781 1303915260
3342.208240 302.555253 1303915264
3341.215234 271.777506 1303915267
3340.470480 248.999751 1303915269
3339.725726 227.333106 1303915271
3340.387730 205.110906 1303915273
3342.208240 180.999819 1303915275
3343.863249 156.110955 1303915277
3344.608003 131.444313 1303915279
3345.518258 108.333225 1303915281
3345.683759 80.666586 1303915284
3335.091700 63.444381 1303915289
3311.590570 57.777720 1303915293
3286.434431 57.222165 1303915296
3266.077819 55.222167 1303915298
3245.472955 54.555501 1303915300
3217.751551 54.111057 1303915303
3196.981186 51.444393 1303915308
3174.224810 51.555504 1303915313
3150.971932 47.888841 1303915317
3132.932332 38.333295 1303915329
3110.672459 38.888850 1303915334
3086.426575 40.111071 1303915337
3061.435937 41.444403 1303915340
3038.596810 42.222180 1303915344
3022.625972 56.333277 1303915351
3014.350926 81.666585 1303915356
3010.627155 103.555452 1303915359
3008.310143 127.888761 1303915362
3006.737884 151.222071 1303915366
3004.172620 174.110937 1303915371
3003.676117 198.888690 1303915374
3002.352110 219.333114 1303915376
3001.772856 240.444204 1303915378
3001.855607 268.999731 1303915381
3000.945352 292.333041 1303915385
2999.621345 315.444129 1303915389
2999.124842 342.332991 1303915392
2999.124842 364.888524 1303915394
2998.131836 392.110719 1303915396
2997.635334 420.888468 1303915398
2996.973330 448.443996 1303915400
2996.725079 473.999526 1303915402
2995.814823 496.555059 1303915404
2995.152820 521.999478 1303915407
2991.925552 543.221679 1303915434
2982.574750 564.777213 1303915446
2958.908119 571.332762 1303915450
2929.531707 571.332762 1303915453
2907.354584 571.777206 1303915455
2885.094711 571.999428 1303915457
2864.158845 572.110539 1303915459
2839.830211 572.777205 1303915462
2819.308097 570.554985 1303915475
2794.234708 570.221652 1303915479
2763.368788 569.332764 1303915482
2738.874652 567.110544 1303915484
2710.491245 566.443878 1303915486
2679.046071 566.777211 1303915488
2647.104394 566.999433 1303915490
2614.666215 566.443878 1303915492
2584.545048 565.110546 1303915494
2560.961168 564.110547 1303915496
2538.618544 564.999435 1303915499
2527.778234 586.443858 1303915505
2526.702478 609.110502 1303915508
2525.130220 637.332696 1303915511
2524.302715 659.777118 1303915513
2523.723462 683.999316 1303915515
2523.226959 710.110401 1303915517
2522.730456 739.110372 1303915519
2522.482205 767.665899 1303915521
2522.647706 794.888094 1303915523
2522.647706 820.888068 1303915525
2522.399454 846.110265 1303915527
2521.654700 868.776909 1303915529
2520.247943 889.665777 1303915531
2519.006686 910.221312 1303915533
2518.758434 931.221291 1303915535
2519.006686 953.443491 1303915537
2519.337688 976.776801 1303915539
2519.254937 1001.554554 1303915541
2518.592933 1027.554528 1303915543
2518.096431 1052.776725 1303915545
2518.427432 1076.554479 1303915547
2518.758434 1098.110013 1303915549
2519.420438 1124.665542 1303915552
2520.744445 1146.443298 1303915556
2520.744445 1167.554388 1303915561
2521.075447 1192.109919 1303915564
2521.571950 1213.109898 1303915566
2521.075447 1236.554319 1303915568
2520.496194 1261.776516 1303915570
2520.496194 1287.220935 1303915572
2519.999691 1309.887579 1303915574
2518.179181 1338.220884 1303915577
2517.682678 1360.998639 1303915581
