3338.236218 428.999571 1303916358
3340.801482 407.332926 1303916384
3345.104506 385.332948 1303916394
3346.014761 364.332969 1303916400
3346.180262 343.332990 1303916406
3347.752520 320.666346 1303916424
3351.062539 293.666373 1303916428
3349.986783 270.333063 1303916431
3349.076528 241.666425 1303916434
3350.069533 218.555337 1303916436
3352.221045 194.888694 1303916438
3353.793304 170.110941 1303916440
3355.365563 146.444298 1303916442
3355.779315 122.333211 1303916444
3356.110317 100.222122 1303916446
3355.200062 78.222144 1303916449
3339.891227 61.999938 1303916454
3313.742082 59.666607 1303916458
3286.186180 57.555498 1303916461
3265.829567 54.777723 1303916463
3235.791151 49.999950 1303916466
3213.862280 45.777732 1303916469
3190.940403 40.777737 1303916474
3170.914792 39.111072 1303916478
3150.806431 37.888851 1303916481
3128.629308 36.222186 1303916484
3106.203934 35.222187 1303916487
3085.433569 34.555521 1303916490
3064.663204 32.444412 1303916493
3040.831073 30.777747 1303916497
3019.315953 29.555526 1303916505
3007.399888 47.888841 1303916511
3007.068886 74.333259 1303916515
3006.158631 98.999901 1303916518
3004.586372 120.999879 1303916521
3002.931363 143.444301 1303916525
3001.359104 164.777613 1303916531
2999.621345 184.777593 1303916535
2999.455844 209.555346 1303916539
2998.711090 236.110875 1303916543
2997.469833 261.999738 1303916547
2996.890579 282.110829 1303916551
2994.904568 307.666359 1303916558
2994.242565 334.110777 1303916561
2993.580561 356.555199 1303916563
2993.166809 381.110730 1303916565
2992.918557 404.777373 1303916567
2992.173803 427.999572 1303916569
2991.429049 450.443994 1303916571
2991.180798 472.221750 1303916573
2990.849796 492.999507 1303916575
2989.443038 520.999479 1303916578
2988.367282 541.777236 1303916583
2986.298521 561.777216 1303916608
2967.265916 573.110538 1303916612
2943.102782 573.332760 1303916615
2922.001415 572.666094 1303916619
2895.190267 572.332761 1303916632
2866.062106 570.999429 1303916635
2844.960739 570.332763 1303916637
2823.611121 569.666097 1303916639
2801.765000 569.110542 1303916641
2779.587877 568.221654 1303916643
2757.079753 567.221655 1303916645
2735.481883 566.666100 1303916647
2714.794269 565.888323 1303916649
2690.300133 564.888324 1303916652
2668.371262 564.221658 1303916656
2646.111389 562.221660 1303916663
2625.010022 558.332775 1303916671
2601.839894 558.110553 1303916678
2574.118491 557.999442 1303916682
2548.300348 558.221664 1303916685
2528.274737 560.221662 1303916688
2521.075447 582.554973 1303916692
2521.406449 610.332723 1303916695
2520.827196 633.999366 1303916697
2520.330693 659.999340 1303916699
2519.337688 686.777091 1303916701
2518.510183 712.554843 1303916703
2517.930930 736.665930 1303916705
2517.930930 758.332575 1303916707
2518.510183 781.443663 1303916710
2519.585939 803.332530 1303916737
2518.675684 829.110282 1303916741
2516.193170 862.554693 1303916745
2514.951913 892.665774 1303916748
2514.455410 914.999085 1303916750
2514.538161 938.554617 1303916752
2514.372660 962.665704 1303916754
2513.545155 987.665679 1303916756
2512.965902 1013.332320 1303916758
2513.131403 1039.110072 1303916760
2512.469400 1063.887825 1303916762
2512.800401 1086.554469 1303916764
2513.462405 1106.554449 1303916766
2514.289910 1130.332203 1303916770
2513.958908 1151.887737 1303916777
2513.793407 1178.776599 1303916780
2514.620911 1202.887686 1303916782
2515.448416 1230.443214 1303916784
2516.606922 1258.443186 1303916786
2516.689673 1284.332049 1303916788
2516.937924 1305.776472 1303916790
2517.682678 1327.776450 1303916793
2518.841185 1350.443094 1303916798
2535.308526 1363.220859 1303916820
2555.747889 1363.665303 1303916823
2583.965795 1364.887524 1303916826
2604.736160 1365.331968 1303916828
2627.078784 1365.554190 1303916830
2650.331662 1365.998634 1303916832
2673.501790 1366.220856 1303916834
2697.416673 1366.220856 1303916836
2721.828058 1366.443078 1303916838
2746.073942 1366.887522 1303916840
2770.237076 1367.776410 1303916842
2793.903706 1368.554187 1303916844
2815.915328 1369.554186 1303916846
2836.106440 1370.443074 1303916848
2864.158845 1370.443074 1303916851
2888.404729 1368.554187 1303916854
2908.595841 1365.887523 1303916860
