3345.435508 414.221808 1303922408
3339.808477 391.666275 1303922430
3329.878422 371.555184 1303922436
3330.457675 351.444093 1303922443
3326.651154 331.110780 1303922452
3327.644159 310.888578 1303922468
3321.106873 288.221934 1303922474
3313.576581 269.110842 1303922480
3325.658148 251.333082 1303922498
3326.899405 230.221992 1303922504
3327.395908 208.333125 1303922508
3327.395908 188.110923 1303922512
3328.388913 166.222056 1303922519
3322.265379 146.888742 1303922539
3320.362119 124.555431 1303922547
3320.775871 103.333230 1303922552
3320.444869 82.333251 1303922557
3327.975161 63.111048 1303922570
3302.736271 61.111050 1303922579
3277.911134 63.555492 1303922582
3249.610478 61.555494 1303922585
3229.005614 59.555496 1303922587
3201.780713 57.111054 1303922590
3179.686341 57.111054 1303922594
3158.419473 57.555498 1303922597
3141.538380 44.888844 1303922607
3116.299490 43.999956 1303922612
3087.750582 46.999953 1303922615
3067.311219 45.111066 1303922617
3040.334570 40.444404 1303922620
3017.909196 33.777744 1303922624
3007.482638 56.666610 1303922631
3007.151636 82.444362 1303922634
3005.496627 111.222111 1303922637
3003.841618 135.110976 1303922640
2999.373093 155.777622 1303922644
2997.883585 178.444266 1303922648
2996.394077 205.444239 1303922651
2995.483822 227.221995 1303922653
2993.994313 249.444195 1303922655
2992.422055 270.333063 1303922657
2989.443038 295.110816 1303922660
2987.539778 320.555235 1303922665
2986.877774 348.110763 1303922668
2986.464022 371.555184 1303922670
2986.381271 397.666269 1303922672
2986.298521 425.332908 1303922674
2985.884769 454.332879 1303922676
2985.802018 482.666184 1303922678
2985.636517 510.110601 1303922680
2985.057264 535.332798 1303922682
2984.229759 560.221662 1303922685
2968.010670 575.777202 1303922691
2943.682035 576.666090 1303922694
2921.587663 577.332756 1303922696
2898.831287 578.110533 1303922698
2876.736915 579.332754 1303922700
2855.883799 580.332753 1303922702
2827.252141 581.666085 1303922705
2805.654271 583.554972 1303922709
2781.160136 580.110531 1303922729
2754.845490 579.221643 1303922732
2731.013359 577.999422 1303922734
2704.698713 577.110534 1303922736
2678.135816 577.110534 1303922738
2651.572919 576.443868 1303922740
2625.175523 575.554980 1303922742
2599.274630 575.110536 1303922744
2574.035740 574.221648 1303922746
2552.024118 571.888317 1303922748
2530.343498 572.888316 1303922751
2521.571950 591.221631 1303922758
2519.999691 613.221609 1303922762
2517.765429 639.554916 1303922766
2516.358671 664.554891 1303922769
2516.358671 696.110415 1303922772
2516.110420 721.221501 1303922774
2515.200165 744.665922 1303922776
2515.117414 768.110343 1303922778
2516.772423 790.221432 1303922780
2517.186176 811.443633 1303922782
2516.937924 835.888053 1303922785
2512.303899 856.443588 1303922795
2513.545155 877.999122 1303922799
2512.883152 908.443536 1303922802
2512.552150 930.665736 1303922804
2512.138398 955.776822 1303922806
2511.476394 982.554573 1303922808
2510.483389 1008.554547 1303922810
2509.573133 1036.554519 1303922812
2509.242132 1061.887827 1303922814
2509.490383 1084.332249 1303922816
2509.986886 1107.554448 1303922819
2507.173370 1127.554428 1303922827
2509.573133 1154.887734 1303922831
2510.979891 1185.109926 1303922834
2511.559144 1207.554348 1303922836
2512.138398 1231.998768 1303922838
2512.634900 1257.887631 1303922840
2515.365666 1282.776495 1303922842
2516.606922 1304.443140 1303922844
2517.599928 1331.443113 1303922847
2524.054464 1352.443092 1303922850
2543.997324 1366.776411 1303922854
2563.360931 1374.665292 1303922872
2585.951806 1375.554180 1303922877
2606.391169 1376.998623 1303922890
2631.795560 1378.109733 1303922893
2654.717436 1378.331955 1303922895
2679.956326 1378.554177 1303922897
2706.022720 1378.554177 1303922899
2732.089114 1379.109732 1303922901
2757.659006 1379.331954 1303922903
2782.153141 1379.665287 1303922905
2806.068024 1380.109731 1303922907
2829.155401 1380.998619 1303922909
2850.753271 1382.665284 1303922911
2876.654164 1381.443063 1303922914
2897.672781 1376.776401 1303922940
