2522.316704 814.110297 1303928755
2519.337688 836.776941 1303928762
2517.434427 857.665809 1303928765
2515.034664 887.443557 1303928768
2513.876157 910.110201 1303928770
2513.627906 934.554621 1303928772
2513.545155 958.443486 1303928774
2512.883152 981.332352 1303928776
2511.972897 1003.998996 1303928778
2511.476394 1026.776751 1303928780
2511.145392 1049.443395 1303928782
2511.641895 1071.221151 1303928784
2512.717651 1098.776679 1303928787
2514.372660 1122.443322 1303928791
2513.462405 1145.887743 1303928796
2512.386649 1166.332167 1303928799
2512.800401 1193.443251 1303928802
2514.455410 1221.221001 1303928805
2516.193170 1241.220981 1303928809
2515.200165 1262.887626 1303928816
2515.613917 1284.665382 1303928819
2516.027669 1306.776471 1303928822
2516.110420 1328.443116 1303928826
2532.412260 1345.887543 1303928838
2556.492643 1352.665314 1303928841
2578.173263 1354.665312 1303928843
2601.343391 1355.776422 1303928845
2625.423774 1357.998642 1303928847
2649.835159 1360.776417 1303928849
2675.487801 1363.220859 1303928851
2702.960953 1365.109746 1303928853
2730.599606 1366.331967 1303928855
2758.321010 1367.331966 1303928857
2786.373415 1367.776410 1303928859
2813.846567 1368.665298 1303928861
2839.912961 1369.776408 1303928863
2863.165840 1369.998630 1303928865
2885.839465 1370.554185 1303928868
2906.361579 1372.998627 1303928885
2932.758975 1373.887515 1303928889
2960.811380 1375.109736 1303928892
2981.250743 1376.776401 1303928894
3002.600361 1377.665289 1303928896
3024.115480 1378.109733 1303928898
3045.796100 1378.887510 1303928900
3066.814716 1379.220843 1303928902
3088.329835 1379.998620 1303928904
3111.086211 1380.443064 1303928906
3135.332095 1381.109730 1303928908
3159.660730 1382.665284 1303928910
3184.651368 1383.665283 1303928912
3210.469511 1383.665283 1303928914
3236.204903 1381.331952 1303928916
3260.285287 1377.331956 1303928918
3282.048657 1373.109738 1303928920
3307.039295 1364.776413 1303928923
3318.293357 1346.331987 1303928926
3317.796855 1317.332016 1303928929
3316.390097 1293.443151 1303928931
3314.817838 1267.665399 1303928933
3313.245580 1241.109870 1303928935
3312.997328 1213.776564 1303928937
3313.328330 1186.554369 1303928939
3312.500825 1162.887726 1303928941
3312.087073 1142.332191 1303928944
3318.127857 1122.332211 1303928960
3319.700115 1098.554457 1303928963
3319.617365 1076.887812 1303928965
3319.203613 1052.110059 1303928967
3319.534614 1026.554529 1303928969
3320.031117 1001.665665 1303928971
3320.444869 977.332356 1303928973
3321.106873 954.110157 1303928975
3323.010134 932.443512 1303928977
3324.499642 904.665762 1303928980
3327.147656 882.110229 1303928985
3331.036928 859.776918 1303928998
3349.904032 846.221376 1303929002
3375.722175 847.665819 1303929006
3400.299061 850.554705 1303929010
3420.572923 852.110259 1303929016
3441.260538 855.332478 1303929035
3461.368899 856.443588 1303929038
3487.766295 857.999142 1303929041
3510.357170 860.110251 1303929045
3530.465531 863.999136 1303929061
3558.021434 865.665801 1303929067
3584.501580 866.110245 1303929070
3604.775442 865.999134 1303929072
3627.035316 866.888022 1303929074
3650.288194 867.665799 1303929076
3672.217065 868.221354 1303929078
3697.786957 868.221354 1303929081
3716.736812 877.776900 1303929085
3719.881329 900.332433 1303929088
3719.053825 920.443524 1303929090
3718.143570 943.221279 1303929092
3717.233315 967.443477 1303929094
3716.488560 991.665675 1303929096
3716.323059 1015.998984 1303929098
3715.909307 1040.221182 1303929100
3715.826557 1062.776715 1303929102
3716.074808 1083.998916 1303929104
3717.647067 1110.776667 1303929107
3737.838179 1124.332209 1303929112
3763.159819 1122.776655 1303929115
3791.046723 1120.332213 1303929118
3813.472097 1119.109992 1303929121
3831.097944 1107.221115 1303929141
3827.456924 1081.665585 1303929145
3825.967416 1061.554494 1303929162
3827.953427 1036.998963 1303929166
3830.187689 1015.554540 1303929168
3831.677198 992.110119 1303929170
3832.918455 968.887920 1303929172
3833.745959 947.999052 1303929174
3834.573464 922.665744 1303929177
3833.166706 900.776877 1303929182
3830.353190 878.554677 1303929186
3808.010567 872.665794 1303929190
3780.620165 874.110237 1303929193
3758.194791 873.776904 1303929195
3735.769417 873.332460 1303929197
3712.351038 873.443571 1303929199
3689.511911 872.110239 1303929201
3666.424533 870.554685 1303929203
3644.330161 869.221353 1303929205
3617.353512 867.554688 1303929208
3596.334896 866.221356 1303929233
3575.150778 866.554689 1303929237
3553.139157 867.554688 1303929242
3529.058773 866.665800 1303929257
3503.488882 866.999133 1303929260
3481.477260 866.665800 1303929262
3458.389883 866.443578 1303929264
3434.226749 865.554690 1303929266
3409.732613 863.221359 1303929268
3385.652230 860.221362 1303929270
3363.226856 857.888031 1303929272
3338.649970 854.110257 1303929275
3318.210607 847.221375 1303929289
3314.155835 826.776951 1303929293
3315.893594 800.443644 1303929296
3317.631354 779.443665 1303929298
3318.624359 757.777020 1303929300
3319.534614 735.332598 1303929302
3320.196618 712.332621 1303929304
3320.858622 689.332644 1303929306
3321.768877 667.888221 1303929308
3322.513631 640.554915 1303929311
3323.341135 617.777160 1303929315
