1288.672879 807.443637 1304025749
1288.590129 831.776946 1304025755
1288.093626 856.110255 1304025758
1288.424628 878.221344 1304025760
1288.755630 901.332432 1304025762
1287.100621 931.332402 1304025765
1286.355866 953.221269 1304025767
1287.431622 974.999025 1304025769
1287.845375 995.887893 1304025771
1285.528362 1023.443421 1304025774
1281.970092 1043.554512 1304025777
1289.996887 1061.887827 1304025788
1308.450239 1071.776706 1304025804
1332.778873 1072.776705 1304025810
1359.507271 1074.776703 1304025813
1381.436142 1074.887814 1304025815
1405.268274 1074.554481 1304025817
1429.679659 1076.443368 1304025819
1451.525780 1077.887811 1304025821
1475.026910 1079.665587 1304025825
1496.624780 1086.665580 1304025831
1521.615418 1093.665573 1304025834
1552.481339 1096.776681 1304025837
1576.396221 1096.443348 1304025839
1598.656094 1095.443349 1304025841
1623.729483 1091.665575 1304025844
1637.879811 1076.776701 1304025858
1658.815677 1070.110041 1304025873
1682.978811 1068.887820 1304025879
1705.569686 1071.221151 1304025883
1720.713019 1090.110021 1304025887
1719.802764 1112.887776 1304025890
1716.658247 1139.887749 1304025893
1715.499741 1164.998835 1304025895
1714.754986 1191.443253 1304025897
1713.017227 1219.109892 1304025899
1710.865715 1246.776531 1304025901
1708.631453 1273.443171 1304025903
1707.472946 1299.776478 1304025905
1706.066188 1323.443121 1304025907
1726.422801 1329.776448 1304025914
1754.309705 1321.998678 1304025917
1778.224588 1323.887565 1304025919
1805.118486 1330.554225 1304025921
1833.750145 1337.776440 1304025923
1864.616065 1339.665327 1304025925
1897.633498 1340.443104 1304025927
1932.554191 1340.776437 1304025929
1966.812881 1342.776435 1304025931
1998.423556 1345.443099 1304025933
2026.889713 1345.887543 1304025935
2051.135597 1346.331987 1304025937
2075.877984 1348.109763 1304025940
2100.537621 1353.998646 1304025964
2123.211246 1354.665312 1304025967
2144.147112 1354.554201 1304025969
2168.475746 1355.220867 1304025971
2195.452396 1355.331978 1304025973
2224.994309 1356.109755 1304025975
2256.853235 1356.554199 1304025977
2290.118919 1356.443088 1304025979
2323.136352 1356.554199 1304025981
2355.905533 1357.331976 1304025983
2388.012711 1357.998642 1304025985
2418.878632 1359.109752 1304025987
2447.427540 1360.220862 1304025989
2473.245683 1361.109750 1304025991
2495.422805 1361.776416 1304025993
2515.779418 1362.998637 1304025995
2537.129036 1364.331969 1304025997
2560.795667 1366.554189 1304025999
2588.186068 1368.665298 1304026001
2618.307235 1369.220853 1304026003
2649.835159 1370.887518 1304026005
2681.363084 1371.998628 1304026007
2711.815252 1372.554183 1304026009
2741.108914 1372.443072 1304026011
2769.575072 1372.554183 1304026013
2796.799972 1372.776405 1304026015
2822.783616 1374.220848 1304026017
2846.781249 1375.554180 1304026019
2869.951377 1376.665290 1304026021
2892.790504 1376.998623 1304026023
2914.471123 1377.776400 1304026025
2935.986242 1378.331955 1304026027
2958.328866 1378.998621 1304026029
2981.002492 1379.554176 1304026031
3003.841618 1380.220842 1304026033
3025.935990 1380.998619 1304026035
3046.540854 1381.554174 1304026037
3074.014006 1382.554173 1304026040
3100.080400 1383.220839 1304026043
3125.319290 1383.554172 1304026046
3152.378690 1385.220837 1304026049
3172.487051 1385.776392 1304026051
3193.340166 1385.331948 1304026053
3222.054575 1385.443059 1304026056
3244.066197 1384.443060 1304026059
3266.657072 1382.665284 1304026074
3286.599932 1378.887510 1304026077
3309.273558 1367.443077 1304026081
3312.583576 1343.776434 1304026084
3310.845816 1315.109796 1304026087
3311.342319 1290.887598 1304026089
3312.169824 1263.776514 1304026091
3313.162829 1235.443209 1304026093
3314.321336 1208.887680 1304026095
3315.314341 1183.776594 1304026097
3316.141846 1162.443282 1304026099
3319.120862 1138.998861 1304026102
3332.443686 1120.776657 1304026130
3329.795671 1092.665574 1304026134
3329.630170 1061.665605 1304026137
3330.209423 1038.332295 1304026139
3330.871427 1014.776763 1304026141
3331.285179 990.776787 1304026143
3330.540425 968.110143 1304026145
3330.705926 945.332388 1304026147
3332.195434 921.110190 1304026149
3332.774688 896.221326 1304026151
3332.278185 875.110236 1304026153
3332.112684 852.665814 1304026157
