3315.810844 609.443835 1301704298
3304.970534 590.999409 1301704313
3283.620916 589.666077 1301704316
3252.341243 588.777189 1301704319
3226.109348 588.332745 1301704321
3197.229438 588.110523 1301704323
3166.198016 587.332746 1301704325
3136.076849 585.888303 1301704327
3109.017450 584.443860 1301704329
3084.523314 583.443861 1301704331
3061.022184 582.554973 1301704333
3036.776300 581.332752 1301704335
3011.537410 579.999420 1301704337
2986.960524 578.888310 1301704339
2963.045642 577.554978 1301704341
2939.875514 575.888313 1301704343
2918.277645 574.221648 1301704345
2889.563236 573.110538 1301704348
2869.537625 572.999427 1301704350
2847.608754 572.666094 1301704352
2824.521376 572.777205 1301704354
2801.102996 572.666094 1301704356
2777.767367 572.332761 1301704358
2754.100736 572.221650 1301704360
2728.944597 571.888317 1301704362
2703.209205 570.777207 1301704364
2677.391062 569.666097 1301704366
2652.152172 568.443876 1301704368
2628.733793 567.110544 1301704370
2608.708182 565.666101 1301704372
2587.937817 563.554992 1301704375
2566.753700 562.554993 1301704389
2545.817834 562.666104 1301704392
2519.006686 563.110548 1301704395
2490.044025 563.777214 1301704398
2466.708396 563.110548 1301704400
2440.476501 562.888326 1301704402
2413.086100 561.999438 1301704404
2385.612948 561.221661 1301704406
2358.719049 560.777217 1301704408
2332.652655 560.221662 1301704410
2307.331015 559.554996 1301704412
2282.092125 558.888330 1301704414
2258.011742 557.777220 1301704416
2236.331122 557.666109 1301704418
2208.857970 557.443887 1301704421
2187.591102 556.777221 1301704424
2166.655236 556.332777 1301704429
2141.581848 556.999443 1301704455
2115.184452 557.332776 1301704458
2094.993340 556.777221 1301704460
2071.657711 556.221666 1301704462
2046.584322 555.666111 1301704464
2020.104176 554.888334 1301704466
1992.548273 553.666113 1301704468
1965.488873 552.777225 1301704470
1938.512224 551.443893 1301704472
1912.776832 550.777227 1301704474
1889.523953 549.555006 1301704476
1868.753588 549.888339 1301704478
1840.287431 550.999449 1301704481
1812.979780 550.999449 1301704484
1786.251382 551.443893 1301704487
1762.419250 551.221671 1301704490
1742.062637 550.221672 1301704493
1719.968265 549.666117 1301704496
1689.764348 549.666117 1301704499
1666.097717 549.666117 1301704501
1641.272580 549.332784 1301704503
1616.778444 549.332784 1301704505
1593.194564 549.999450 1301704507
1570.355438 550.555005 1301704509
1549.667823 550.888338 1301704511
1524.594434 551.110560 1301704514
1505.065326 562.221660 1301704519
1506.058332 584.221638 1301704523
1506.968587 609.888279 1301704526
1507.216838 631.888257 1301704528
1507.051337 655.666011 1301704530
1505.148077 681.332652 1301704532
1503.079315 707.554848 1301704534
1501.920809 731.888157 1301704536
1500.265800 753.665913 1301704538
1498.859042 780.776997 1301704541
1497.038532 802.776975 1301704546
1483.467457 817.776960 1301704556
1466.586363 830.888058 1301704563
1445.981499 837.665829 1301704566
1425.873138 837.332496 1301704568
1401.461753 831.110280 1301704570
1378.043374 825.999174 1301704572
1351.563227 826.332507 1301704575
1326.489838 827.776950 1301704593
1305.222971 830.110281 1301704597
1282.466595 830.554725 1301704600
1262.192733 830.888058 1301704602
1239.188105 831.665835 1301704604
1215.355974 833.332500 1301704606
1192.020345 833.999166 1301704608
1169.263969 831.999168 1301704611
1144.107829 829.999170 1301704615
1114.896918 829.888059 1301704618
1089.658028 828.221394 1301704620
1059.619612 821.999178 1301704622
1034.215221 819.776958 1301704624
1010.631341 817.665849 1301704626
982.165184 816.554739 1301704629
959.905310 815.443629 1301704632
