2987.374277 687.665979 1304036893
2984.809013 713.443731 1304036911
2983.733257 734.554821 1304036914
2982.574750 760.777017 1304036917
2981.912747 786.776991 1304036920
2981.995497 808.110303 1304036925
2995.814823 828.221394 1304036949
3019.481454 833.332500 1304036952
3040.913823 833.999166 1304036954
3065.904461 834.443610 1304036956
3093.212112 835.443609 1304036958
3120.519763 836.665830 1304036960
3145.510402 836.332497 1304036962
3166.529018 836.554719 1304036964
3192.181660 837.221385 1304036967
3214.772535 840.665826 1304036988
3238.521916 845.999154 1304036992
3263.926307 850.554705 1304036995
3287.758439 852.443592 1304036998
3307.784049 848.332485 1304037026
3312.914578 822.332511 1304037031
3311.756071 791.665875 1304037034
3311.342319 766.665900 1304037036
3312.252574 737.888151 1304037038
3313.576581 708.665958 1304037040
3314.817838 680.888208 1304037042
3315.562592 655.888233 1304037044
3316.886600 634.332699 1304037046
3318.789860 608.332725 1304037049
3317.134851 586.777191 1304037053
3291.399459 584.554971 1304037057
3260.616288 584.666082 1304037060
3235.542900 584.888304 1304037062
3208.317999 584.332749 1304037064
3182.665357 582.999417 1304037066
3159.660730 581.888307 1304037068
3134.504591 580.332753 1304037071
3113.734226 577.443867 1304037093
3085.516320 579.777198 1304037097
3057.215663 581.443863 1304037100
3030.901018 582.110529 1304037103
3001.028102 581.888307 1304037106
2977.195970 581.332752 1304037108
2951.129576 580.666086 1304037110
2924.732180 579.110532 1304037112
2899.741542 577.443867 1304037114
2877.729920 576.666090 1304037116
2850.505020 575.443869 1304037119
2827.086640 574.443870 1304037123
2805.819772 574.110537 1304037127
2785.132158 574.221648 1304037130
2758.321010 572.888316 1304037133
2738.378149 571.221651 1304037135
2715.125271 570.554985 1304037137
2688.562374 570.443874 1304037139
2658.937710 570.554985 1304037141
2626.996033 569.554986 1304037143
2595.550859 568.332765 1304037145
2564.684938 566.777211 1304037147
2533.653517 566.221656 1304037149
2501.629090 566.221656 1304037151
2468.528906 565.554990 1304037153
2435.511474 564.332769 1304037155
2403.735298 562.554993 1304037157
2371.379869 561.999438 1304037159
2338.527937 561.443883 1304037161
2305.427754 560.666106 1304037163
2271.831068 559.888329 1304037165
2238.317133 559.110552 1304037167
2205.051449 558.221664 1304037169
2171.868515 556.888332 1304037171
2139.264835 555.999444 1304037173
2106.661154 555.666111 1304037175
2073.229970 555.221667 1304037177
2039.302282 554.888334 1304037179
2004.878091 553.999446 1304037181
1970.867653 553.332780 1304037183
1937.022716 552.666114 1304037185
1904.501786 552.555003 1304037187
1873.884117 551.999448 1304037189
1844.590455 551.332782 1304037191
1817.862057 550.666116 1304037193
1794.774679 550.332783 1304037195
1767.963531 549.777228 1304037198
1746.448412 548.888340 1304037202
1724.436790 550.555005 1304037223
1697.542891 552.221670 1304037226
1673.628009 552.443892 1304037228
1646.734110 551.888337 1304037230
1620.833217 550.221672 1304037232
1598.656094 548.555007 1304037234
1578.216731 548.332785 1304037236
1556.784362 548.888340 1304037238
1529.642212 548.777229 1304037241
1507.051337 551.555004 1304037255
1501.176055 571.110540 1304037260
1501.589807 596.110515 1304037263
1500.762303 617.332716 1304037265
1500.679552 642.777135 1304037267
1500.348550 671.332662 1304037269
1499.521046 701.221521 1304037271
1498.528040 730.888158 1304037273
1498.693541 758.221464 1304037275
1499.024543 781.554774 1304037277
1501.093304 807.221415 1304037280
1500.348550 829.443615 1304037285
1475.109661 830.554725 1304037290
1449.788021 822.332511 1304037293
1429.596909 822.332511 1304037295
1407.999039 823.110288 1304037297
1384.828911 822.221400 1304037299
1361.824284 820.554735 1304037301
1341.633172 819.888069 1304037303
1318.380294 818.110293 1304037307
1298.437433 813.665853 1304037324
1275.598307 815.221407 1304037328
1249.200911 816.888072 1304037331
1226.279034 816.665850 1304037333
1202.364152 815.888073 1304037335
1179.856027 814.110297 1304037337
1159.664916 811.776966 1304037339
1137.984296 808.554747 1304037342
1115.310670 804.999195 1304037347
1094.292054 805.332528 1304037350
1074.183693 805.554750 1304037352
1051.841069 804.999195 1304037354
1029.829447 804.443640 1304037356
1008.562580 803.443641 1304037358
982.744437 804.221418 1304037361
960.732815 806.443638 1304037366
