3203.187471 852.554703 1304040622
3226.771351 851.443593 1304040636
3246.879712 853.443591 1304040640
3267.070824 854.221368 1304040646
3291.564960 852.443592 1304040671
3307.039295 839.332494 1304040676
3308.115051 815.554740 1304040680
3311.590570 794.776983 1304040705
3313.576581 769.999230 1304040709
3315.231591 740.443704 1304040712
3316.555598 716.443728 1304040714
3316.390097 691.110420 1304040716
3315.562592 666.888222 1304040718
3313.990334 645.666021 1304040720
3313.245580 620.666046 1304040723
3320.196618 601.443843 1304040744
3306.377292 585.666081 1304040753
3278.986890 586.110525 1304040757
3248.451971 585.777192 1304040760
3225.199092 585.332748 1304040762
3201.201460 584.443860 1304040764
3180.265594 582.888306 1304040766
3157.095466 580.999419 1304040769
3135.497596 578.888310 1304040782
3106.783187 578.666088 1304040786
3084.937067 578.221644 1304040788
3060.194680 577.888311 1304040790
3035.535043 577.999422 1304040792
3010.709906 578.554977 1304040794
2985.967519 578.332755 1304040796
2960.314877 577.999422 1304040798
2934.910487 577.777200 1304040800
2910.747353 577.999422 1304040802
2886.915221 577.443867 1304040804
2864.738098 576.443868 1304040806
2835.278935 577.110534 1304040809
2815.253325 577.443867 1304040811
2793.158952 578.110533 1304040813
2769.740573 576.777201 1304040815
2744.832685 574.110537 1304040817
2717.276783 573.332760 1304040819
2686.741864 572.999427 1304040821
2657.530952 572.999427 1304040823
2630.968055 572.777205 1304040825
2609.121934 572.332761 1304040827
2587.606815 570.443874 1304040830
2567.663955 567.332766 1304040836
2547.555594 566.443878 1304040842
2526.371476 568.777209 1304040845
2495.505556 569.777208 1304040848
2471.176921 569.777208 1304040850
2444.117521 568.999431 1304040852
2416.727120 567.999432 1304040854
2375.848394 566.777211 1304040857
2348.126990 564.666102 1304040859
2318.750578 564.110547 1304040861
2287.801907 564.332769 1304040863
2255.363727 564.666102 1304040865
2223.504801 564.554991 1304040867
2191.894126 563.999436 1304040869
2160.945455 563.888325 1304040871
2130.327785 563.777214 1304040873
2099.792866 563.443881 1304040875
2068.678694 562.666104 1304040877
2037.150770 562.110549 1304040879
2005.126343 561.777216 1304040881
1973.184666 561.332772 1304040883
1940.829237 560.999439 1304040885
1908.804810 560.443884 1304040887
1877.773388 559.999440 1304040889
1847.734972 558.888330 1304040891
1819.517066 557.999442 1304040893
1794.443677 556.777221 1304040895
1773.342311 556.999443 1304040897
1749.096426 556.999443 1304040900
1729.070816 555.777222 1304040911
1704.907682 555.110556 1304040916
1676.110523 555.332778 1304040919
1651.368136 555.221667 1304040921
1623.481231 555.666111 1304040923
1595.015074 556.221666 1304040925
1568.534927 556.777221 1304040927
1545.282049 555.999444 1304040929
1519.960409 554.332779 1304040932
1502.169060 566.110545 1304040936
1503.575818 586.999413 1304040939
1504.899825 613.888275 1304040942
1505.396328 638.221584 1304040944
1505.230827 665.999334 1304040946
1503.989570 695.554860 1304040948
1500.927803 723.665943 1304040950
1498.528040 750.665916 1304040952
1496.873031 775.110336 1304040954
1495.218022 801.776976 1304040957
1484.129461 821.888067 1304040965
1458.973321 821.888067 1304040969
1433.486180 825.776952 1304040972
1412.467564 827.110284 1304040974
1389.462937 828.332505 1304040976
1357.521260 828.110283 1304040979
1331.785868 828.999171 1304040982
