3324.996145 595.221627 1304048020
3304.722282 585.999414 1304048048
3274.518365 587.777190 1304048051
3250.603483 587.777190 1304048053
3225.033592 587.110524 1304048055
3199.629201 585.888303 1304048057
3178.114082 584.332749 1304048059
3153.950948 581.999418 1304048062
3133.180583 579.666087 1304048068
3108.272696 581.888307 1304048073
3081.709799 583.777194 1304048076
3061.684188 585.110526 1304048078
3038.927812 584.666082 1304048080
3013.937174 583.554972 1304048082
2987.457027 582.332751 1304048084
2959.818374 581.554974 1304048086
2931.517718 580.554975 1304048088
2904.044566 578.999421 1304048090
2878.557425 577.554978 1304048092
2856.794054 576.221646 1304048094
2829.320902 574.777203 1304048097
2800.109991 574.110537 1304048100
2777.684617 573.999426 1304048102
2751.949224 573.332760 1304048104
2724.227821 572.443872 1304048106
2696.092665 571.777206 1304048108
2668.040260 570.777207 1304048110
2640.980860 569.332764 1304048112
2615.741971 567.999432 1304048114
2594.226852 566.443878 1304048116
2571.139474 564.221658 1304048119
2551.279364 561.554994 1304048122
2523.144209 559.332774 1304048125
2498.401822 558.554997 1304048127
2469.356411 558.110553 1304048129
2437.414734 557.554998 1304048131
2403.983549 555.999444 1304048133
2369.973111 555.443889 1304048135
2334.721416 555.555000 1304048137
2298.724967 555.555000 1304048139
2263.059520 555.221667 1304048141
2228.718080 554.332779 1304048143
2195.617897 553.332780 1304048145
2163.593469 552.999447 1304048147
2132.562048 552.777225 1304048149
2101.613377 552.555003 1304048151
2070.416454 551.999448 1304048153
2038.723029 551.221671 1304048155
2007.195104 550.332783 1304048157
1975.832681 549.443895 1304048159
1944.387507 548.666118 1304048161
1914.018089 548.110563 1304048163
1884.724427 547.332786 1304048165
1856.506521 546.777231 1304048167
1829.281620 546.666120 1304048169
1803.132475 546.443898 1304048171
1778.803841 545.999454 1304048173
1758.778230 545.332788 1304048175
1738.421617 544.332789 1304048178
1717.651252 550.221672 1304048198
1691.833110 550.888338 1304048201
1668.662981 550.888338 1304048203
1641.934584 550.555005 1304048205
1611.978918 550.666116 1304048207
1581.857751 550.332783 1304048209
1554.136348 549.888339 1304048211
1531.131721 549.888339 1304048213
1508.292594 551.110560 1304048216
1501.341556 572.110539 1304048221
1502.417312 594.443850 1304048224
1504.237822 615.888273 1304048226
1504.817075 640.999359 1304048228
1503.989570 669.554886 1304048230
1503.244816 698.665968 1304048232
1502.086310 727.554828 1304048234
1501.755308 754.888134 1304048236
1501.176055 777.332556 1304048238
1498.776292 800.999199 1304048241
1486.198222 817.332516 1304048245
1462.862593 818.332515 1304048248
1433.982683 818.999181 1304048251
1409.985050 818.999181 1304048253
1383.091152 818.888070 1304048255
1356.776506 817.999182 1304048257
1336.419893 817.665849 1304048259
1316.311532 815.110296 1304048265
1295.458417 816.776961 1304048276
1274.936303 832.110279 1304048280
1258.965465 845.776932 1304048282
1225.534280 857.665809 1304048285
1199.964388 856.776921 1304048287
1177.042512 852.665814 1304048289
1156.520398 846.888042 1304048292
1134.177775 835.665831 1304048303
1107.283876 833.443611 1304048306
1085.768757 834.665832 1304048308
1061.522873 837.110274 1304048310
1034.132471 839.443605 1304048312
1002.935548 838.110273 1304048314
970.828371 834.332499 1304048316
938.886694 828.665838 1304048318
907.027768 822.665844 1304048320
874.093086 818.888070 1304048322
839.668895 816.443628 1304048324
804.582701 814.221408 1304048326
770.241261 812.110299 1304048328
736.065322 809.110302 1304048330
702.054884 806.332527 1304048332
669.120202 804.332529 1304048334
637.757778 802.999197 1304048336
609.043369 801.443643 1304048338
584.466483 799.554756 1304048340
563.944370 797.999202 1304048342
543.587757 794.888094 1304048346
518.845370 793.999206 1304048367
488.227701 794.110317 1304048370
462.575059 793.999206 1304048372
433.943401 794.110317 1304048374
404.815240 793.554762 1304048376
377.342088 792.332541 1304048378
352.516950 790.888098 1304048380
331.415583 789.443655 1304048382
309.403962 788.999211 1304048385
286.482085 787.665879 1304048400
265.959971 786.888102 1304048403
235.921555 787.888101 1304048406
215.813194 787.999212 1304048408
191.981062 781.776996 1304048412
167.652427 780.443664 1304048416
139.517272 782.332551 1304048419
112.375122 783.888105 1304048422
91.935759 780.665886 1304048426
