900.904234 1232.887656 1304048704
903.634999 1205.887683 1304048719
904.628005 1177.332156 1304048722
906.365764 1155.332178 1304048724
907.193269 1132.776645 1304048726
908.103524 1110.887778 1304048728
909.096529 1090.443354 1304048730
908.269025 1067.110044 1304048733
923.412359 1053.110058 1304048739
944.761977 1055.443389 1304048742
970.000866 1057.665609 1304048745
993.088244 1059.887829 1304048748
1013.858609 1060.665606 1304048753
1034.215221 1063.332270 1304048764
1059.205860 1066.887822 1304048767
1083.286243 1071.776706 1304048770
1108.690634 1073.665593 1304048774
1129.957501 1074.998925 1304048777
1158.340908 1078.332255 1304048780
1181.676537 1079.998920 1304048782
1206.749926 1080.776697 1304048784
1231.492313 1080.776697 1304048786
1254.579691 1080.332253 1304048788
1280.811586 1076.665590 1304048791
1305.222971 1077.110034 1304048816
1327.813846 1079.554476 1304048819
1354.045741 1079.443365 1304048822
1380.608638 1078.887810 1304048825
1407.088784 1077.776700 1304048828
1433.155179 1076.776701 1304048831
1455.994305 1080.221142 1304048834
1478.005927 1086.665580 1304048838
1497.204033 1074.221148 1304048853
1498.528040 1054.110057 1304048856
1502.334561 1023.443421 1304048859
1504.734325 999.554556 1304048861
1508.540846 972.887916 1304048863
1511.519862 947.110164 1304048865
1513.671374 923.110188 1304048867
1514.167877 901.221321 1304048869
1510.609607 874.665792 1304048872
1505.727330 851.554704 1304048876
1511.023359 829.776948 1304048886
1514.416128 802.110309 1304048889
1513.754124 777.999222 1304048891
1513.009370 750.554805 1304048893
1511.437112 721.888167 1304048895
1512.678368 693.332640 1304048897
1511.685363 666.999333 1304048899
1511.602613 644.443800 1304048901
1510.857858 617.666049 1304048904
1509.451101 597.332736 1304048907
1511.850864 576.888312 1304048911
1536.510500 576.999423 1304048916
1564.066403 580.110531 1304048919
1586.409026 580.554975 1304048921
1615.206186 579.443865 1304048924
1635.314547 577.777200 1304048927
1656.912416 577.777200 1304048932
1679.006789 578.554977 1304048936
1706.728192 578.999421 1304048939
1728.822564 579.332754 1304048941
1751.827191 579.777198 1304048943
1775.411072 579.999420 1304048945
1800.980963 580.666086 1304048947
1827.874862 581.221641 1304048949
1855.927267 581.777196 1304048951
1884.641676 582.110529 1304048953
1913.604336 582.666084 1304048955
1942.897999 583.554972 1304048957
1972.108910 584.110527 1304048959
2001.071570 584.443860 1304048961
2029.123976 584.110527 1304048963
2056.597128 583.666083 1304048965
2084.070280 583.332750 1304048967
2112.205435 583.777194 1304048969
2140.754343 584.443860 1304048971
2169.965255 584.888304 1304048973
2199.507168 584.999415 1304048975
2228.966331 585.110526 1304048977
2258.342744 584.999415 1304048979
2286.643400 585.110526 1304048981
2314.282053 583.999416 1304048983
2341.837956 582.332751 1304048985
2369.311108 581.110530 1304048987
2396.370507 579.777198 1304048989
2421.443896 577.554978 1304048991
2442.297011 575.777202 1304048993
2463.812130 573.777204 1304048996
2484.582495 570.999429 1304049001
2505.352860 576.666090 1304049024
2525.130220 580.443864 1304049027
2552.024118 582.999417 1304049030
2574.035740 583.443861 1304049032
2598.198874 584.332749 1304049034
2624.182518 584.221638 1304049036
2652.152172 583.554972 1304049038
2681.032082 584.443860 1304049040
2709.829241 585.443859 1304049042
2738.295399 586.221636 1304049044
2765.934052 586.777191 1304049046
2793.158952 586.554969 1304049048
2819.556348 586.888302 1304049050
2845.374491 587.221635 1304049052
2869.289374 587.888301 1304049054
2891.631997 587.666079 1304049056
2912.154111 587.443857 1304049058
2941.199521 590.332743 1304049061
2967.762418 593.443851 1304049064
2985.140014 605.332728 1304049067
2997.469833 628.777149 1304049071
2998.545589 649.666017 1304049073
2999.455844 673.665993 1304049075
2998.545589 699.777078 1304049077
2997.387082 726.332607 1304049079
2996.476827 753.554802 1304049081
2995.483822 780.110331 1304049083
2995.235570 802.776975 1304049085
2996.476827 826.110285 1304049088
3005.000124 847.332486 1304049096
3028.584005 851.554704 1304049100
3056.719160 854.443590 1304049103
3078.317030 856.554699 1304049105
3114.975483 857.110254 1304049108
3139.966121 856.776921 1304049110
3163.715502 855.554700 1304049112
3189.368144 853.665813 1304049115
3210.552261 852.554703 1304049120
