534.319706 796.776981 1304050042
514.045844 797.332536 1304050046
486.903694 798.332535 1304050049
462.575059 797.332536 1304050051
435.184658 795.443649 1304050053
406.056496 792.776985 1304050055
376.928335 789.776988 1304050057
350.779191 786.888102 1304050059
320.658024 784.888104 1304050062
300.715164 788.221434 1304050075
280.441301 791.665875 1304050080
251.644142 792.554763 1304050083
229.549770 791.110320 1304050085
202.738622 788.221434 1304050088
180.892501 785.888103 1304050092
157.308620 785.110326 1304050095
136.786507 784.332549 1304050097
116.264393 783.999216 1304050099
90.942753 786.110325 1304050102
77.950931 801.888087 1304050107
82.750458 825.888063 1304050126
82.915959 852.776925 1304050129
82.998709 876.554679 1304050131
82.253955 902.776875 1304050133
82.005704 929.554626 1304050135
82.667707 954.221268 1304050137
81.591951 976.110135 1304050139
80.929948 996.332337 1304050141
81.260950 1016.998983 1304050143
82.005704 1039.554516 1304050145
82.253955 1064.776713 1304050147
82.005704 1091.887797 1304050149
81.012698 1120.665546 1304050151
82.005704 1148.443296 1304050153
83.329711 1174.887714 1304050155
83.081460 1203.332130 1304050157
82.171205 1232.443212 1304050159
80.185194 1258.998741 1304050161
76.957926 1282.109829 1304050163
74.392662 1302.443142 1304050165
75.302917 1322.443122 1304050190
88.873992 1338.887550 1304050197
115.685140 1342.776435 1304050201
145.640806 1341.665325 1304050204
168.562683 1341.220881 1304050206
193.636071 1341.887547 1304050208
220.364469 1342.665324 1304050210
248.168623 1342.220880 1304050212
276.221028 1342.443102 1304050214
305.018187 1342.665324 1304050216
335.635857 1342.331991 1304050218
366.336277 1342.220880 1304050220
396.457443 1342.109769 1304050222
424.592599 1342.109769 1304050224
447.928228 1342.554213 1304050226
471.760360 1343.554212 1304050229
497.578503 1345.331988 1304050232
518.597119 1346.443098 1304050234
543.091254 1346.220876 1304050236
570.647157 1345.998654 1304050238
602.257832 1347.220875 1304050240
635.275264 1348.109763 1304050242
669.120202 1348.554207 1304050244
701.227379 1348.998651 1304050246
732.258801 1349.665317 1304050248
763.124722 1350.998649 1304050250
793.659641 1351.998648 1304050252
822.622301 1353.109758 1304050254
847.364688 1354.331979 1304050256
873.182831 1351.998648 1304050259
886.753906 1330.332003 1304050263
887.333159 1300.220922 1304050266
887.581410 1277.220945 1304050268
886.753906 1255.665411 1304050270
884.519643 1234.220988 1304050273
880.299370 1213.776564 1304050293
884.519643 1191.221031 1304050295
891.387931 1165.554390 1304050297
896.021957 1137.776640 1304050299
900.986984 1109.554446 1304050301
901.897239 1085.665581 1304050303
901.566238 1058.998941 1304050306
926.722377 1057.110054 1304050310
947.658243 1059.887829 1304050312
973.145384 1061.998938 1304050314
1000.370284 1063.776714 1304050316
1029.001943 1065.221157 1304050318
1056.723346 1067.887821 1304050320
1080.638228 1068.221154 1304050322
1101.243092 1074.110037 1304050326
1127.309487 1075.332258 1304050332
1155.030890 1077.221145 1304050335
1175.966756 1080.332253 1304050337
1196.323368 1086.665580 1304050339
1221.645008 1085.776692 1304050341
1245.559891 1083.776694 1304050343
1270.219527 1082.332251 1304050346
1293.720657 1076.554479 1304050375
1313.829018 1078.443366 1304050378
1344.198436 1081.332252 1304050381
1368.609821 1082.665584 1304050383
1393.434959 1084.443360 1304050385
1418.425597 1086.443358 1304050387
1443.664487 1086.221136 1304050389
1466.172611 1085.665581 1304050391
1489.508240 1083.776694 1304050394
1501.010554 1067.110044 1304050398
1501.507057 1045.110066 1304050401
1503.079315 1024.332309 1304050403
1505.644580 998.776779 1304050405
1508.706346 970.221252 1304050407
1509.864853 941.665725 1304050409
1509.533851 913.665753 1304050411
1508.044343 886.332447 1304050413
1505.561829 859.665807 1304050415
1503.906820 836.443608 1304050417
1498.197038 811.888077 1304050420
1494.390517 790.999209 1304050426
1496.790281 767.110344 1304050429
1496.707530 741.999258 1304050431
1497.121282 714.110397 1304050433
1496.873031 682.332651 1304050435
1497.617785 650.554905 1304050437
1498.197038 619.777158 1304050439
1499.686547 593.777184 1304050441
1503.575818 567.888321 1304050444
