948.733999 812.221410 1301704692
923.329608 809.776968 1301704709
892.215436 807.665859 1301704712
866.645544 806.554749 1301704714
838.096637 805.665861 1301704716
807.478967 804.221418 1301704718
775.951043 803.332530 1301704720
745.002372 802.221420 1301704722
714.053700 800.888088 1301704724
683.684282 799.665867 1301704726
654.638872 799.665867 1301704728
627.248470 800.332533 1301704730
602.588834 799.776978 1301704732
581.570217 798.332535 1301704734
558.648341 796.999203 1301704737
537.298722 792.999207 1301704766
516.114605 792.665874 1301704769
485.579686 792.221430 1301704772
462.161307 792.110319 1301704774
437.832672 791.665875 1301704776
413.421287 790.665876 1301704778
389.754656 789.888099 1301704780
365.343271 789.110322 1301704782
341.593890 788.110323 1301704784
314.037987 786.999213 1301704787
292.853870 786.554769 1301704799
270.759498 787.776990 1301704803
248.251373 788.999211 1301704806
223.343486 787.999212 1301704809
199.842356 787.221435 1301704813
172.948457 788.554767 1301704819
145.640806 788.110323 1301704822
117.505650 786.332547 1301704825
94.501023 792.443652 1301704829
91.108254 812.554743 1301704834
90.777252 833.110278 1301704839
90.280749 857.999142 1301704842
90.529001 882.332451 1301704844
90.197999 910.221312 1301704846
88.873992 937.999062 1301704848
87.880986 965.221257 1301704850
87.880986 989.221233 1301704852
88.294738 1014.443430 1301704855
85.398472 1035.998964 1301704871
83.743463 1057.110054 1301704875
84.322716 1082.554473 1301704879
83.495212 1110.887778 1301704882
82.336706 1135.109976 1301704884
81.260950 1163.109948 1301704886
80.516195 1192.221030 1301704888
79.854192 1220.998779 1301704890
79.440439 1246.332087 1301704892
79.605940 1269.109842 1301704894
80.019693 1297.332036 1301704897
80.516195 1317.887571 1301704901
96.569784 1334.220888 1301704910
121.312171 1333.554222 1301704913
141.751534 1333.554222 1301704915
164.259659 1333.998666 1301704917
187.512537 1334.887554 1301704919
209.606910 1335.554220 1301704921
230.294524 1335.665331 1301704923
253.547403 1335.109776 1301704926
279.862048 1336.220886 1301704942
306.590446 1337.443107 1301704945
330.257077 1338.109773 1301704947
355.826969 1339.220883 1301704949
381.727862 1340.109771 1301704951
407.297753 1340.331993 1301704953
431.626388 1340.443104 1301704955
452.148501 1341.109770 1301704957
477.883894 1341.331992 1301704961
500.971271 1342.331991 1301704964
522.403640 1342.998657 1301704966
547.559779 1343.220879 1301704968
574.370928 1343.665323 1301704970
601.678579 1344.220878 1301704972
629.068980 1344.443100 1301704974
655.549127 1344.887544 1301704976
681.615521 1345.776432 1301704978
707.599165 1346.331987 1301704980
733.665559 1346.665320 1301704982
759.814703 1346.776431 1301704984
785.550096 1346.887542 1301704986
809.547729 1347.109764 1301704988
830.318093 1347.220875 1301704990
855.308732 1346.109765 1301704993
875.996346 1341.998658 1301705002
883.361137 1317.332016 1301705006
885.512649 1289.220933 1301705009
886.340153 1268.776509 1301705012
887.084908 1246.887642 1301705029
887.746911 1219.332114 1301705032
888.491665 1195.554360 1301705034
888.739917 1169.998830 1301705036
889.898423 1143.443301 1301705038
892.380937 1117.554438 1301705040
894.118696 1094.221128 1301705042
895.194452 1069.998930 1301705045
914.475309 1057.998942 1301705050
936.155929 1061.110050 1301705053
964.953088 1062.998937 1301705056
985.723453 1062.554493 1301705059
1006.411068 1063.443381 1301705086
1031.898209 1066.665600 1301705089
1052.337572 1067.998932 1301705091
1080.141726 1069.221153 1301705094
1105.794367 1069.887819 1301705098
1128.302492 1071.332262 1301705102
1144.521582 1084.887804 1301705131
1173.318741 1085.887803 1301705134
1197.730126 1085.998914 1301705136
1223.051766 1085.443359 1301705138
1244.484135 1085.110026 1301705140
1266.247505 1084.110027 1301705143
