1766.805024 552.888336 1301675092
1740.242127 553.666113 1301675102
1715.085988 554.555001 1301675105
1684.385568 555.888333 1301675108
1661.049939 555.777222 1301675110
1635.645549 555.666111 1301675112
1608.917151 555.999444 1301675114
1582.188753 556.666110 1301675116
1558.439372 557.332776 1301675118
1532.621229 557.888331 1301675121
1511.850864 562.999437 1301675125
1509.037348 585.888303 1301675129
1508.458095 609.221613 1301675132
1507.713341 638.221584 1301675135
1507.465090 659.443785 1301675137
1506.885836 681.665985 1301675139
1506.472084 704.332629 1301675141
1506.058332 726.110385 1301675143
1505.810080 747.443697 1301675145
1505.561829 774.999225 1301675148
1505.644580 795.999204 1301675152
1489.425490 813.443631 1301675160
1467.662119 813.776964 1301675163
1440.602720 812.888076 1301675166
1419.584103 812.776965 1301675168
1397.655232 812.776965 1301675170
1377.546871 813.443631 1301675172
1351.894229 815.332518 1301675175
1327.979347 814.999185 1301675179
1306.960730 812.221410 1301675196
1285.693863 806.776971 1301675200
1264.344245 803.999196 1301675203
1243.242878 803.221419 1301675205
1220.072750 803.554752 1301675207
1195.413113 803.443641 1301675209
1172.491236 802.999197 1301675211
1144.852584 802.776975 1301675214
1123.916718 803.888085 1301675218
1109.849140 820.332513 1301675224
1108.276881 840.888048 1301675227
1106.539122 867.554688 1301675230
1104.884112 896.443548 1301675233
1103.146353 922.887966 1301675236
1102.153347 946.332387 1301675239
1101.077591 969.554586 1301675242
1100.084586 993.554562 1301675245
1099.257081 1014.554541 1301675248
1100.167336 1038.221184 1301675253
1108.525133 1058.110053 1301675261
1129.378248 1061.221161 1301675267
1153.210380 1060.887828 1301675287
1178.449269 1061.332272 1301675291
1247.628652 1062.998937 1301675298
1271.212533 1063.665603 1301675300
1295.375666 1064.332269 1301675302
1318.876796 1065.110046 1301675304
1341.550422 1065.554490 1301675306
1362.734539 1066.110045 1301675308
1388.966434 1066.443378 1301675311
1409.902300 1066.554489 1301675315
1432.906927 1068.776709 1301675334
1459.552575 1067.998932 1301675338
1481.977949 1068.110043 1301675342
1497.535035 1049.887839 1301675349
1499.355545 1021.998978 1301675353
1501.176055 992.554563 1301675356
1502.251811 969.443475 1301675358
1503.327567 944.221278 1301675360
1504.072321 918.332415 1301675362
1504.568824 891.776886 1301675364
1505.148077 866.443578 1301675366
1505.644580 844.332489 1301675368
1506.223833 821.888067 1301675371
1506.223833 801.665865 1301675380
1506.968587 774.110337 1301675384
1507.382339 745.777032 1301675387
1507.713341 723.888165 1301675389
1508.540846 700.110411 1301675391
1509.037348 673.999326 1301675393
1509.533851 647.332686 1301675395
1509.864853 622.332711 1301675397
1510.278605 600.554955 1301675399
1510.526857 576.332757 1301675402
1509.864853 552.443892 1301675425
1517.808897 533.777244 1301675429
1537.917258 531.666135 1301675432
1564.314654 532.332801 1301675435
1584.423015 532.777245 1301675437
1609.579155 533.777244 1301675440
1630.349519 534.999465 1301675446
1651.450886 536.221686 1301675462
1678.841288 536.555019 1301675466
1707.555697 536.666130 1301675469
1729.484568 536.888352 1301675471
1752.902947 537.443907 1301675473
1777.231582 538.221684 1301675475
1802.304971 538.999461 1301675477
1828.371365 539.999460 1301675479
1855.099763 540.666126 1301675481
1882.655665 541.332792 1301675483
1910.294318 542.110569 1301675485
1938.512224 542.666124 1301675487
1968.219639 543.999456 1301675489
1998.175304 544.888344 1301675491
2028.379221 545.443899 1301675493
2058.665889 546.110565 1301675495
2089.283558 546.666120 1301675497
2120.894233 547.777230 1301675499
2152.504908 548.555007 1301675501
2184.281084 549.110562 1301675503
2215.560757 549.777228 1301675505
2245.599173 550.443894 1301675507
2274.975586 551.110560 1301675509
2304.683000 551.666115 1301675511
2335.052418 552.221670 1301675513
2366.001089 552.666114 1301675515
2396.949760 553.443891 1301675517
2427.567430 554.110557 1301675519
2457.688596 554.999445 1301675521
2487.561512 555.777222 1301675523
2516.193170 556.666110 1301675525
2543.749073 557.777220 1301675527
2569.980968 558.221664 1301675529
2608.128929 558.888330 1301675532
2633.202317 559.554996 1301675534
2656.372446 560.110551 1301675536
2681.694086 561.221661 1301675539
2705.195216 562.554993 1301675552
2726.379333 562.999437 1301675555
2754.266237 563.221659 1301675558
2774.953852 563.888325 1301675560
2795.558716 564.443880 1301675562
2816.163580 564.554991 1301675564
2844.546987 564.666102 1301675567
2865.648353 565.110546 1301675571
2885.756715 565.110546 1301675578
2906.444329 565.554990 1301675594
2927.628446 565.999434 1301675597
2950.964075 568.666098 1301675600
2977.609723 570.999429 1301675626
2990.518794 588.554967 1301675636
2991.015297 612.999387 1301675639
2990.270543 642.888246 1301675642
2989.856791 665.666001 1301675644
2989.029286 690.443754 1301675646
2988.450033 716.110395 1301675648
2987.705279 742.777035 1301675650
2986.960524 768.777009 1301675652
2985.884769 791.888097 1301675654
2982.905752 817.221405 1301675657
2989.691290 836.776941 1301675663
3014.268176 838.665828 1301675667
3040.582821 838.665828 1301675670
3061.518687 839.221383 1301675672
3084.026811 840.110271 1301675674
3107.610692 840.999159 1301675676
3131.111822 841.999158 1301675678
3152.626941 843.110268 1301675680
3178.196832 843.999156 1301675683
3198.801696 841.665825 1301675687
3219.820313 840.443604 1301675716
3241.831934 840.776937 1301675721
3263.347054 841.332492 1301675725
3286.268930 842.110269 1301675729
3306.873794 841.999158 1301675737
3318.707110 820.665846 1301675747
3318.210607 797.110314 1301675750
3319.120862 766.999233 1301675753
3320.113868 744.332589 1301675755
3320.858622 721.665945 1301675757
3320.941372 699.888189 1301675759
3318.872611 671.221551 1301675762
3319.038112 648.999351 1301675765
3319.782866 628.777149 1301675771
