1384.166908 808.110303 1301691594
1364.224047 805.443639 1301691601
1339.978163 803.888085 1301691606
1317.387288 806.332527 1301691611
1300.837197 818.443626 1301691626
1297.775430 840.554715 1301691632
1296.616923 862.221360 1301691635
1295.375666 885.443559 1301691638
1294.134409 906.110205 1301691641
1295.541167 926.776851 1301691646
1289.583134 947.332386 1301691652
1289.003881 970.332363 1301691655
1292.396650 990.887898 1301691657
1291.651896 1014.332319 1301691660
1290.907142 1037.776740 1301691664
1293.224154 1060.776717 1301691691
1291.320894 1085.110026 1301691695
1289.500384 1109.998890 1301691698
1287.679874 1137.998862 1301691701
1287.348872 1158.776619 1301691703
1288.755630 1181.109930 1301691705
1289.996887 1204.109907 1301691707
1289.996887 1226.665440 1301691709
1289.500384 1247.554308 1301691711
1289.748635 1269.998730 1301691713
1289.500384 1290.998709 1301691715
1288.176376 1317.332016 1301691718
1288.838380 1338.776439 1301691722
1311.594756 1347.109764 1301691727
1334.185631 1349.998650 1301691730
1360.417526 1350.665316 1301691733
1385.159913 1350.998649 1301691736
1408.081790 1348.665318 1301691739
1433.072428 1342.554213 1301691742
1461.869587 1336.331997 1301691745
1482.557202 1336.554219 1301691747
1504.155071 1344.998655 1301691749
1526.994198 1356.331977 1301691751
1551.819335 1359.776418 1301691753
1578.051230 1358.554197 1301691755
1604.614127 1350.776427 1301691757
1629.935767 1341.443103 1301691759
1653.685149 1332.109779 1301691761
1676.938027 1325.443119 1301691763
1700.273656 1324.332009 1301691765
1723.278284 1328.776449 1301691767
1747.441417 1331.554224 1301691769
1772.597556 1334.887554 1301691771
1798.250198 1339.109772 1301691773
1824.068341 1343.665323 1301691775
1850.300236 1345.665321 1301691777
1877.856139 1346.331987 1301691779
1905.743043 1346.998653 1301691781
1933.712698 1347.887541 1301691783
1961.020349 1347.998652 1301691785
1987.417745 1348.887540 1301691787
2012.739385 1349.887539 1301691789
2036.571517 1350.998649 1301691791
2056.928129 1352.443092 1301691793
2077.367492 1354.220868 1301691796
2100.703122 1358.443086 1301691815
2120.976984 1358.331975 1301691818
2147.705382 1358.887530 1301691821
2177.743798 1359.665307 1301691824
2198.431412 1359.776418 1301691826
2220.194783 1359.887529 1301691828
2242.785658 1359.998640 1301691830
2266.617789 1359.331974 1301691832
2291.360176 1359.220863 1301691834
2316.847317 1359.665307 1301691836
2343.161963 1360.109751 1301691838
2369.724860 1360.665306 1301691840
2395.460252 1360.776417 1301691842
2420.119889 1361.443083 1301691844
2442.297011 1362.443082 1301691846
2467.535901 1364.776413 1301691849
2488.389016 1366.443078 1301691854
2509.242132 1366.665300 1301691877
2531.171003 1367.220855 1301691880
2559.140658 1367.887521 1301691883
2580.573026 1369.109742 1301691885
2603.329402 1369.443075 1301691887
2627.327035 1369.887519 1301691889
2652.483174 1370.776407 1301691891
2678.797820 1371.109740 1301691893
2705.443467 1371.331962 1301691895
2732.420116 1371.331962 1301691897
2759.479516 1371.443073 1301691899
2786.869918 1371.665295 1301691901
2814.508570 1372.665294 1301691903
2841.567970 1373.554182 1301691905
2867.717115 1374.554181 1301691907
2892.376751 1375.665291 1301691909
2915.133127 1375.554180 1301691911
2937.806753 1375.443069 1301691913
2961.390633 1376.109735 1301691915
2985.719268 1376.776401 1301691917
3009.882401 1377.443067 1301691919
3032.390526 1377.443067 1301691921
3052.581638 1378.220844 1301691923
3080.385791 1378.998621 1301691926
3110.589708 1379.887509 1301691929
3132.766831 1380.220842 1301691931
3156.350712 1379.887509 1301691933
3181.010348 1378.776399 1301691935
3204.925230 1377.331956 1301691937
3227.764357 1374.554181 1301691939
3247.872718 1371.220851 1301691941
3269.056835 1367.887521 1301691944
3288.751444 1364.220858 1301691952
3307.287547 1349.109762 1301691967
3307.784049 1326.109785 1301691970
3308.115051 1297.887591 1301691973
3308.528803 1277.332056 1301691975
3309.025306 1256.332077 1301691977
3309.521809 1235.443209 1301691979
3309.852811 1215.109896 1301691981
3309.852811 1186.221036 1301691984
3309.356308 1160.332173 1301691987
3309.190807 1139.554416 1301691991
