1376.388364 805.554750 1302732064
1352.473482 804.221418 1302732069
1331.123864 803.888085 1302732076
1310.767251 804.554751 1302732090
1302.823207 826.332507 1302732099
1300.837197 849.888039 1302732103
1300.423444 872.554683 1302732106
1299.016686 895.332438 1302732109
1298.106431 919.221303 1302732112
1298.023681 940.110171 1302732118
1297.692679 962.776815 1302732122
1297.940930 989.554566 1302732125
1298.354683 1014.554541 1302732128
1298.437433 1036.332297 1302732133
1292.810402 1060.443384 1302732147
1287.928125 1086.554469 1302732150
1287.266121 1109.665557 1302732152
1287.928125 1136.332197 1302732154
1288.424628 1165.332168 1302732156
1288.590129 1196.776581 1302732158
1288.590129 1227.998772 1302732160
1288.921131 1257.554298 1302732162
1288.838380 1284.998715 1302732164
1288.341877 1309.554246 1302732166
1288.341877 1330.887558 1302732169
1307.705485 1338.998661 1302732175
1335.344137 1338.998661 1302732179
1364.306798 1338.109773 1302732182
1392.855706 1338.109773 1302732185
1417.349841 1338.220884 1302732188
1441.595725 1333.554222 1302732191
1462.697092 1332.109779 1302732193
1487.770481 1332.887556 1302732195
1516.815891 1337.220885 1302732197
1543.544289 1340.109771 1302732199
1568.121175 1343.109768 1302732201
1590.629300 1345.443099 1302732203
1612.309920 1346.665320 1302732205
1637.300558 1349.109762 1302732208
1657.905422 1349.776428 1302732211
1679.503291 1357.998642 1302732238
1705.569686 1362.665304 1302732242
1737.594113 1361.998638 1302732245
1763.081254 1361.665305 1302732247
1790.554406 1361.665305 1302732249
1820.013569 1361.776416 1302732251
1851.293242 1360.887528 1302732253
1883.317669 1359.887529 1302732255
1914.431841 1358.776419 1302732257
1944.387507 1357.776420 1302732259
1973.350167 1357.109754 1302732261
2001.402572 1356.887532 1302732263
2028.875724 1357.331976 1302732265
2056.928129 1358.665308 1302732267
2086.139041 1359.776418 1302732269
2116.756710 1360.331973 1302732271
2149.112139 1360.998639 1302732273
2183.039827 1361.776416 1302732275
2218.374273 1362.665304 1302732277
2254.039720 1362.998637 1302732279
2288.381160 1363.665303 1302732281
2321.315842 1364.109747 1302732283
2353.423020 1364.665302 1302732285
2384.288940 1365.331968 1302732287
2414.244606 1366.109745 1302732289
2443.041765 1366.887522 1302732291
2469.935664 1367.776410 1302732293
2496.167559 1368.443076 1302732295
2522.895957 1368.998631 1302732297
2550.782861 1369.776408 1302732299
2579.828272 1370.331963 1302732301
2610.363191 1370.998629 1302732303
2642.387618 1371.887517 1302732305
2675.653302 1372.554183 1302732307
2708.836236 1373.109738 1302732309
2741.688168 1373.665293 1302732311
2773.629844 1374.220848 1302732313
2804.247514 1374.887514 1302732315
2834.203179 1375.443069 1302732317
2863.579592 1375.998624 1302732319
2891.797498 1376.665290 1302732321
2918.774147 1377.109734 1302732323
2943.682035 1377.331956 1302732325
2967.927919 1376.887512 1302732327
2990.932546 1376.554179 1302732329
3012.861418 1376.331957 1302732331
3040.913823 1376.443068 1302732334
3063.587448 1377.220845 1302732338
3088.578087 1379.220843 1302732343
3111.499963 1380.109731 1302732346
3137.235356 1380.887508 1302732349
3165.536012 1381.443063 1302732352
3192.926414 1381.887507 1302732355
3215.103537 1381.665285 1302732358
3240.507927 1378.443066 1302732362
3261.609294 1375.443069 1302732369
3286.268930 1371.331962 1302732374
3301.743266 1356.220866 1302732383
3301.495015 1332.776445 1302732387
3302.405270 1304.665362 1302732390
3302.819022 1281.887607 1302732392
3303.067273 1256.887632 1302732394
3303.563776 1229.887659 1302732396
3303.894778 1203.332130 1302732398
3304.143029 1178.332155 1302732400
3304.474031 1157.221065 1302732402
3305.136035 1137.221085 1302732407
3307.949550 1111.332222 1302732433
3308.942556 1085.554470 1302732436
3309.604559 1063.998936 1302732438
3310.597565 1041.554514 1302732440
3312.087073 1020.776757 1302732442
3314.486836 999.665667 1302732444
3315.728093 978.554577 1302732446
3317.300352 952.443492 1302732449
3320.610370 929.554626 1302732452
3322.099879 907.332426 1302732456
3323.010134 886.332447 1302732482
3323.754888 866.221356 1302732486
3334.926200 846.888042 1302732493
3363.309607 846.110265 1302732497
3388.713997 849.999150 1302732500
3408.491356 853.443591 1302732504
3428.268716 857.221365 1302732508
