3694.228687 2202.886686 1301692624
3671.886064 2202.220020 1301692639
3649.212438 2201.442243 1301692643
3628.028321 2202.886686 1301692647
3607.671708 2204.442240 1301692651
3587.811599 2209.664457 1301692655
3566.379230 2207.442237 1301692660
3553.718410 2189.775588 1301692666
3556.614676 2169.886719 1301692669
3558.600687 2143.664523 1301692672
3560.172946 2113.108998 1301692675
3560.917700 2090.331243 1301692677
3561.662454 2067.109044 1301692679
3562.655459 2042.886846 1301692681
3563.151962 2018.664648 1301692683
3563.648465 1995.220227 1301692685
3564.062217 1973.220249 1301692687
3564.062217 1952.553603 1301692689
3561.993456 1926.553629 1301692692
3544.119357 1912.442532 1301692695
3517.887462 1911.775866 1301692698
3497.282598 1912.664754 1301692700
3474.939974 1913.442531 1301692702
3451.521595 1913.886975 1301692704
3427.110209 1914.331419 1301692706
3402.367823 1915.220307 1301692708
3379.114944 1915.886973 1301692710
3351.062539 1915.886973 1301692713
3330.126673 1916.220306 1301692717
3306.873794 1915.998084 1301692728
3279.152391 1915.998084 1301692732
3250.603483 1915.331418 1301692735
3228.591861 1915.775862 1301692737
3205.835485 1915.886973 1301692739
3183.658363 1915.664751 1301692741
3161.894992 1915.664751 1301692743
3136.325101 1914.886974 1301692746
3115.389235 1914.664752 1301692752
3093.543114 1914.331419 1301692756
3069.131729 1913.886975 1301692759
3041.989579 1913.442531 1301692762
3021.467465 1912.886976 1301692767
2996.807829 1912.998087 1301692772
2974.547956 1912.220310 1301692775
2950.715824 1910.109201 1301692779
2928.373200 1909.442535 1301692784
2906.196078 1908.886980 1301692787
2878.391924 1906.664760 1301692790
2849.512014 1906.331427 1301692793
2829.072651 1905.998094 1301692795
2807.226530 1905.775872 1301692797
2786.042413 1905.109206 1301692799
2756.748751 1903.998096 1301692802
2731.758113 1902.886986 1301692805
2694.189405 1903.998096 1301692815
2665.888748 1903.553652 1301692819
2636.926088 1902.998097 1301692822
2616.817727 1902.664764 1301692824
2596.792116 1902.220320 1301692826
2568.739711 1901.775876 1301692829
2543.335320 1901.109210 1301692832
2520.496194 1900.331433 1301692835
2500.470583 1899.442545 1301692838
2477.796958 1899.109212 1301692841
2450.654808 1898.998101 1301692844
2430.132694 1898.886990 1301692846
2408.369324 1898.664768 1301692848
2385.943950 1897.998102 1301692850
2364.263330 1897.442547 1301692852
2344.072218 1896.775881 1301692854
2318.171325 1896.220326 1301692857
2297.400960 1895.220327 1301692864
2276.961597 1895.886993 1301692868
2253.294966 1895.220327 1301692871
2224.084054 1894.553661 1301692874
2201.989682 1894.109217 1301692876
2178.571302 1893.553662 1301692878
2154.325418 1893.109218 1301692880
2129.665782 1892.442552 1301692882
2104.261391 1892.220330 1301692884
2078.691500 1891.886997 1301692886
2052.790606 1891.220331 1301692888
2026.475961 1890.331443 1301692890
1999.664813 1889.220333 1301692892
1973.101916 1888.442556 1301692894
1948.028527 1887.664779 1301692896
1926.016905 1886.998113 1301692898
1905.825793 1886.331447 1301692901
1885.386430 1885.775892 1301692908
1865.029818 1885.442559 1301692911
1838.384170 1884.442560 1301692914
1810.993769 1882.775895 1301692917
1785.754879 1880.998119 1301692920
1763.246755 1879.998120 1301692925
1739.993876 1880.887008 1301692935
1715.996243 1880.553675 1301692939
1692.743365 1879.553676 1301692943
1683.640814 1859.887029 1301692947
1684.468319 1835.664831 1301692950
1685.461324 1805.331528 1301692953
1686.040578 1781.998218 1301692955
1686.206078 1756.887132 1301692957
1685.957827 1731.887157 1301692959
1685.461324 1707.887181 1301692961
1685.130322 1686.887202 1301692963
1685.378574 1662.553893 1301692966
1685.875077 1641.331692 1301692971
1687.530086 1620.442824 1301692980
1690.426352 1595.109516 1301692986
1691.253856 1573.220649 1301692989
1691.584858 1548.109563 1301692992
1692.577864 1517.998482 1301692995
1693.074366 1495.109616 1301692997
1693.405368 1471.776306 1301692999
1693.736370 1448.220774 1301693001
1693.488119 1424.220798 1301693003
1693.570869 1402.665264 1301693005
1692.991616 1380.109731 1301693008
1672.717754 1364.998635 1301693013
1648.554620 1363.887525 1301693016
1618.764455 1362.665304 1301693019
1597.911340 1360.554195 1301693021
1577.720228 1358.776419 1301693023
1548.592067 1357.331976 1301693026
1521.946420 1356.109755 1301693029
1498.362539 1359.776418 1301693033
1493.894015 1338.665328 1301693040
1495.052521 1310.554245 1301693043
1494.804270 1284.443160 1301693045
1494.887020 1262.887626 1301693047
1494.473268 1242.443202 1301693050
1490.832248 1217.443227 1301693055
1492.735508 1196.665470 1301693058
1498.610791 1172.554383 1301693061
1503.741319 1147.998852 1301693064
1501.755308 1124.221098 1301693068
1499.190044 1103.443341 1301693077
1498.528040 1080.221142 1301693083
1499.355545 1056.665610 1301693086
1501.093304 1028.443416 1301693089
1501.838058 1001.221221 1301693092
1502.913814 977.999022 1301693095
1500.348550 956.999043 1301693101
