3839.621242 1930.664736 1301695534
3819.347379 1928.220294 1301695545
3799.073517 1917.775860 1301695557
3774.000129 1917.664749 1301695561
3751.161002 1920.998079 1301695564
3730.638889 1922.998077 1301695567
3709.454771 1919.664747 1301695572
3688.932658 1923.109188 1301695592
3658.811491 1922.998077 1301695595
3628.607574 1925.553630 1301695597
3598.982910 1927.442517 1301695599
3573.992272 1926.553629 1301695601
3547.346625 1926.998073 1301695603
3519.459720 1926.998073 1301695605
3490.331559 1927.664739 1301695607
3461.617150 1927.886961 1301695609
3435.881758 1926.886962 1301695611
3411.718624 1926.220296 1301695613
3389.872503 1925.442519 1301695615
3362.151100 1924.442520 1301695618
3340.966983 1923.664743 1301695622
3319.451864 1922.553633 1301695631
3294.874978 1922.664744 1301695635
3261.361043 1922.220300 1301695639
3241.335432 1921.886967 1301695641
3219.654812 1922.109189 1301695643
3196.484684 1921.664745 1301695645
3172.900803 1920.664746 1301695647
3151.385684 1918.775859 1301695649
3130.946321 1917.331416 1301695652
3109.265701 1918.442526 1301695660
3084.357813 1917.109194 1301695664
3057.463915 1915.775862 1301695667
3033.880034 1914.331419 1301695670
3010.709906 1912.331421 1301695678
2986.712273 1910.442534 1301695682
2962.135387 1909.331424 1301695686
2940.454767 1907.664759 1301695692
2920.180905 1912.664754 1301695709
2892.211250 1909.886979 1301695713
2864.489847 1909.553646 1301695716
2844.215985 1909.998090 1301695718
2822.618115 1910.331423 1301695720
2800.192741 1909.664757 1301695722
2777.684617 1908.886980 1301695724
2755.755745 1908.442536 1301695726
2728.530845 1906.775871 1301695729
2705.774469 1907.109204 1301695735
2684.176599 1906.775871 1301695739
2659.599713 1905.553650 1301695742
2631.299057 1903.886985 1301695745
2603.081151 1902.331431 1301695748
2576.187252 1900.664766 1301695751
2549.872606 1899.664767 1301695754
2529.846996 1898.109213 1301695757
2508.911130 1896.220326 1301695764
2485.906503 1895.442549 1301695791
2463.977631 1895.331438 1301695794
2435.676975 1893.886995 1301695797
2414.327357 1893.775884 1301695799
2391.819232 1893.553662 1301695801
2369.559359 1893.109218 1301695803
2348.457992 1893.664773 1301695805
2322.557099 1894.109217 1301695808
2301.372982 1894.664772 1301695813
2280.437116 1894.664772 1301695817
2256.439483 1893.553662 1301695820
2229.545584 1892.220330 1301695823
2202.155183 1891.331442 1301695826
2172.282268 1890.775887 1301695829
2142.988605 1889.553666 1301695832
2119.901228 1888.442556 1301695835
2099.627366 1888.553667 1301695855
2076.374487 1887.775890 1301695859
2050.556344 1887.109224 1301695862
2030.116981 1886.442558 1301695864
2007.277855 1885.775892 1301695866
1983.197471 1885.331448 1301695868
1959.448090 1884.664782 1301695870
1937.353718 1884.220338 1301695872
1913.190584 1883.442561 1301695875
1892.585720 1882.775895 1301695880
1867.595082 1881.220341 1301695884
1840.618433 1880.553675 1301695887
1820.592822 1879.664787 1301695889
1800.318960 1879.109232 1301695891
1771.521800 1878.109233 1301695894
1744.131399 1877.998122 1301695897
1718.478757 1877.775900 1301695900
1696.467135 1876.775901 1301695903
1681.572053 1860.998139 1301695907
1682.730559 1837.998162 1301695910
1684.716570 1808.887080 1301695913
1685.709576 1786.109325 1301695915
1686.454330 1761.109350 1301695917
1686.371579 1733.776044 1301695919
1685.626825 1705.109406 1301695921
1685.295823 1675.887213 1301695923
1684.716570 1648.442796 1301695925
1684.799321 1623.887265 1301695928
