1395.586471 812.221410 1301696375
1373.161097 809.776968 1301696396
1351.397726 813.221409 1301696400
1329.055103 812.888076 1301696404
1308.863991 811.888077 1301696411
1298.851186 831.110280 1301696420
1296.947925 851.888037 1301696424
1298.768435 875.554680 1301696440
1299.099437 899.221323 1301696444
1300.092442 924.332409 1301696448
1306.877980 946.776831 1301696459
1304.478217 972.554583 1301696463
1303.981714 998.443446 1301696466
1304.064464 1022.221200 1301696469
1302.326705 1042.776735 1301696474
1297.196176 1065.332268 1301696502
1295.458417 1096.110015 1301696506
1294.051659 1125.109986 1301696509
1292.810402 1146.998853 1301696511
1291.569145 1169.887719 1301696513
1290.576140 1193.554362 1301696515
1289.665885 1217.998782 1301696517
1289.169382 1242.998757 1301696519
1288.838380 1267.887621 1301696521
1288.093626 1291.443153 1301696523
1286.521367 1318.887570 1301696526
1291.651896 1340.554215 1301696531
1315.484028 1345.109766 1301696536
1338.405904 1346.109765 1301696539
1365.879056 1348.776429 1301696542
1390.290441 1348.109763 1301696545
1418.839349 1348.554207 1301696548
1439.195962 1349.554206 1301696550
1460.628331 1351.887537 1301696552
1483.881209 1354.665312 1301696554
1509.947603 1356.998643 1301696556
1536.510500 1358.776419 1301696558
1564.314654 1360.331973 1301696560
1591.539555 1361.220861 1301696562
1618.516204 1363.331970 1301696564
1642.265585 1362.443082 1301696566
1666.428719 1361.887527 1301696568
1691.088355 1362.776415 1301696570
1714.175733 1362.776415 1301696572
1737.263111 1362.887526 1301696574
1761.343494 1363.109748 1301696576
1786.582384 1363.220859 1301696578
1812.731528 1363.331970 1301696580
1839.790928 1362.998637 1301696582
1867.429581 1362.443082 1301696584
1895.812988 1361.443083 1301696586
1924.610147 1360.443084 1301696588
1952.579802 1359.554196 1301696590
1978.811697 1359.109752 1301696592
2002.643829 1359.331974 1301696594
2024.820952 1360.331973 1301696596
2053.204359 1360.998639 1301696599
2076.705489 1361.887527 1301696603
2100.537621 1361.554194 1301696625
2121.638987 1361.665305 1301696628
2149.194890 1361.776416 1301696631
2170.958260 1362.331971 1301696633
2194.624891 1362.887526 1301696635
2219.698280 1363.443081 1301696637
2245.764674 1363.998636 1301696639
2272.410321 1364.443080 1301696641
2299.386971 1364.998635 1301696643
2326.446370 1365.776412 1301696645
2352.761016 1366.220856 1301696647
2378.248157 1366.776411 1301696649
2402.742292 1367.331966 1301696651
2424.753914 1367.776410 1301696653
2449.082549 1367.998632 1301696656
2470.018415 1368.220854 1301696660
2493.354044 1367.665299 1301696677
2519.668689 1367.998632 1301696681
2546.810839 1368.443076 1301696684
2567.746705 1368.887520 1301696686
2590.585832 1369.109742 1301696688
2614.748965 1369.665297 1301696690
2639.739604 1370.220852 1301696692
2665.143994 1370.776407 1301696694
2690.796636 1371.443073 1301696696
2716.449278 1371.998628 1301696698
2742.101920 1372.554183 1301696700
2767.837312 1373.109738 1301696702
2793.986457 1373.887515 1301696704
2820.218352 1374.443070 1301696706
2846.284746 1374.998625 1301696708
2871.275385 1375.554180 1301696710
2894.859265 1376.220846 1301696712
2918.112144 1376.998623 1301696714
2941.530523 1377.776400 1301696716
2964.866152 1378.665288 1301696718
2988.367282 1379.443065 1301696720
3010.709906 1379.998620 1301696722
3030.983768 1380.220842 1301696724
3059.449926 1380.554175 1301696727
3085.599070 1381.220841 1301696730
3107.362441 1381.665285 1301696733
3134.835593 1382.220840 1301696737
3161.398490 1381.665285 1301696740
3181.755102 1381.109730 1301696742
3209.642006 1380.443064 1301696745
3230.081369 1378.776399 1301696748
