1110.428393 921.443523 1301921478
1109.435388 942.221280 1301921481
1109.021635 967.887921 1301921485
1108.028630 989.221233 1301921488
1107.118375 1009.998990 1301921491
1107.118375 1031.776746 1301921495
1106.042619 1052.776725 1301921505
1125.737228 1061.332272 1301921512
1149.238358 1067.887821 1301921540
1174.228996 1071.998928 1301921544
1198.971383 1074.443370 1301921547
1224.541274 1075.887813 1301921550
1245.973643 1076.332257 1301921554
1269.474773 1074.665592 1301921571
1293.472406 1070.332263 1301921575
1315.649528 1069.554486 1301921578
1340.640167 1069.443375 1301921581
1362.734539 1069.998930 1301921584
1388.552682 1069.554486 1301921588
1414.867327 1069.554486 1301921592
1435.472191 1070.443374 1301921595
1455.580553 1071.221151 1301921598
1476.268167 1068.887820 1301921606
1496.624780 1060.776717 1301921624
1498.031537 1038.443406 1301921629
1498.528040 1017.221205 1301921632
1500.017548 992.332341 1301921635
1501.672558 965.887923 1301921638
1503.327567 937.999062 1301921641
1503.493068 909.776868 1301921644
1504.651574 882.332451 1301921647
1505.561829 857.665809 1301921650
1505.892831 836.888052 1301921654
1506.554835 813.776964 1301921683
1505.975581 785.999214 1301921687
1506.968587 758.999241 1301921690
1507.299589 738.554817 1301921692
1507.547840 717.221505 1301921694
1507.961592 695.554860 1301921696
1508.127093 673.332660 1301921698
1508.375345 652.110459 1301921700
1508.871847 623.777154 1301921703
1509.120099 600.777177 1301921707
1508.706346 579.777198 1301921733
1509.120099 558.666108 1301921737
1516.071137 537.888351 1301921741
1540.151520 535.332798 1301921745
1562.742395 535.999464 1301921748
1585.498771 536.555019 1301921751
1606.269136 537.332796 1301921755
1634.735294 537.666129 1301921760
1659.394930 537.999462 1301921763
1688.771343 538.555017 1301921766
1709.707208 538.777239 1301921768
1731.967082 539.110572 1301921770
1755.302711 539.332794 1301921772
1779.465844 539.777238 1301921774
1804.290982 540.332793 1301921776
1829.447121 541.110570 1301921778
1855.017012 541.332792 1301921780
1881.414408 541.777236 1301921782
1908.142806 542.666124 1301921784
1935.202206 543.221679 1301921786
1962.178855 544.221678 1301921788
1988.990004 544.888344 1301921790
2015.801152 545.555010 1301921792
2042.943302 546.110565 1301921794
2070.250953 546.666120 1301921796
2097.806856 547.221675 1301921798
2125.859261 548.110563 1301921800
2154.159917 548.777229 1301921802
2182.046822 549.555006 1301921804
2209.106221 550.110561 1301921806
2234.510612 550.555005 1301921808
2257.432489 550.888338 1301921810
2280.023364 551.555004 1301921812
2303.276242 551.888337 1301921814
2327.273875 552.221670 1301921816
2352.016262 552.666114 1301921818
2377.337902 553.332780 1301921820
2403.156045 554.110557 1301921822
2429.636191 554.555001 1301921824
2456.199088 555.110556 1301921826
2482.513734 555.555000 1301921828
2506.676867 555.777222 1301921830
2530.260748 556.221666 1301921832
2554.010129 556.888332 1301921834
2578.007762 557.554998 1301921836
2602.170896 557.999442 1301921838
2627.244284 558.888330 1301921840
2652.814176 559.221663 1301921842
2678.715069 560.221662 1301921844
2704.781463 560.666106 1301921846
2730.268604 561.221661 1301921848
2755.093742 561.666105 1301921850
2780.580883 562.666104 1301921852
2806.481776 563.221659 1301921854
2832.879172 563.666103 1301921856
2859.607570 564.221658 1301921858
2886.087716 564.777213 1301921860
2911.409357 565.110546 1301921862
2933.834731 565.888323 1301921864
2961.225132 568.999431 1301921867
