1737.676863 543.332790 1301708118
1716.575496 548.221674 1301708129
1687.861088 549.888339 1301708132
1662.787699 549.888339 1301708134
1635.231796 550.555005 1301708136
1606.848389 550.777227 1301708138
1579.871740 550.888338 1301708140
1555.625856 550.888338 1301708142
1534.358988 550.777227 1301708144
1510.857858 551.332782 1301708147
1500.927803 569.110542 1301708151
1502.086310 590.221632 1301708154
1502.913814 621.777156 1301708157
1502.831064 647.554908 1301708159
1502.748314 675.777102 1301708161
1501.838058 703.332630 1301708163
1500.348550 729.443715 1301708165
1499.603796 752.665914 1301708167
1499.355545 779.888109 1301708170
1496.045526 800.665866 1301708174
1477.261173 810.888078 1301708178
1455.001299 816.443628 1301708182
1429.514158 824.888064 1301708186
1401.958256 828.221394 1301708189
1380.112135 828.110283 1301708191
1360.003774 827.665839 1301708193
1338.985158 826.332507 1301708196
1315.897780 821.443623 1301708211
1311.843007 842.110269 1301708217
1316.973536 862.554693 1301708220
1319.207798 887.554668 1301708223
1306.795229 911.443533 1301708226
1287.928125 923.221299 1301708229
1262.109982 924.221298 1301708233
1239.270856 921.110190 1301708236
1208.901438 918.554637 1301708239
1184.490053 917.443527 1301708241
1159.168413 916.110195 1301708243
1133.929523 912.999087 1301708245
1109.104386 909.554646 1301708247
1083.037992 903.110208 1301708249
1059.371361 895.221327 1301708251
1039.925003 885.776892 1301708254
1023.374912 870.999129 1301708259
1008.314328 857.554698 1301708261
987.295712 850.776927 1301708287
968.180356 858.776919 1301708291
930.694399 846.110265 1301708293
893.787695 835.221387 1301708295
874.424087 829.888059 1301708296
841.737657 825.221397 1301708298
808.720224 821.221401 1301708300
775.123538 815.999184 1301708302
739.623592 809.888079 1301708304
705.199401 804.776973 1301708306
674.416231 800.999199 1301708308
646.860329 798.999201 1301708310
621.704189 797.554758 1301708312
600.768324 796.776981 1301708314
576.936192 795.221427 1301708317
556.248577 794.665872 1301708321
532.250945 794.554761 1301708339
503.122783 793.110318 1301708342
479.869905 791.999208 1301708344
454.796516 790.110321 1301708346
429.474876 787.999212 1301708348
406.387498 786.554769 1301708350
384.872379 785.776992 1301708352
355.661468 784.665882 1301708355
329.760574 782.665884 1301708358
308.328206 783.999216 1301708362
286.813087 786.110325 1301708389
266.870226 788.999211 1301708393
245.272357 790.776987 1301708396
220.198968 789.888099 1301708399
200.007856 786.665880 1301708404
176.837728 785.665881 1301708408
152.260842 785.332548 1301708411
131.324977 788.888100 1301708414
110.885613 790.554765 1301708418
90.529001 793.443651 1301708433
92.763263 816.221406 1301708438
91.356505 838.888050 1301708441
90.197999 880.443564 1301708445
90.032498 903.221319 1301708447
89.370494 927.221295 1301708449
89.370494 949.221273 1301708451
89.204994 969.665697 1301708453
88.791241 993.332340 1301708456
86.474228 1015.998984 1301708480
86.391478 1037.887851 1301708484
84.901970 1064.998935 1301708487
83.991715 1086.998913 1301708489
82.833208 1110.554445 1301708491
81.260950 1134.554421 1301708493
79.440439 1160.554395 1301708495
79.026687 1188.776589 1301708497
79.109438 1216.887672 1301708499
78.861186 1245.220977 1301708501
78.778436 1272.887616 1301708503
78.447434 1298.332035 1301708505
78.695685 1318.887570 1301708507
82.419456 1338.554217 1301708510
102.858819 1346.554209 1301708514
130.911224 1340.443104 1301708517
154.246853 1338.887550 1301708519
179.320242 1338.109773 1301708521
203.979878 1337.109774 1301708523
227.563759 1336.109775 1301708525
249.906383 1336.109775 1301708527
271.587002 1336.220886 1301708529
294.839881 1335.887553 1301708531
320.658024 1335.554220 1301708533
347.055420 1335.665331 1301708535
373.121814 1336.331997 1301708537
398.277953 1336.220886 1301708539
421.199830 1335.554220 1301708541
448.590232 1335.665331 1301708544
469.691598 1336.665330 1301708550
490.379213 1337.776440 1301708554
520.169378 1338.887550 1301708557
544.994515 1339.776438 1301708559
572.467667 1340.220882 1301708561
602.257832 1340.554215 1301708563
632.461749 1340.554215 1301708565
662.003662 1340.998659 1301708567
690.635321 1340.998659 1301708569
717.860221 1341.109770 1301708571
744.009366 1341.443103 1301708573
770.241261 1341.776436 1301708575
795.231899 1341.776436 1301708577
817.326272 1341.220881 1301708579
844.716673 1339.109772 1301708582
865.404288 1335.998664 1301708586
881.954379 1323.220899 1301708613
883.692139 1298.887590 1301708616
885.429898 1276.109835 1301708618
887.167658 1249.332084 1301708620
888.408915 1221.109890 1301708622
889.484671 1192.887696 1301708624
890.725928 1164.221058 1301708626
891.967185 1136.554419 1301708628
894.284197 1111.665555 1301708630
896.683961 1091.110020 1301708632
898.090718 1066.776711 1301708635
911.413542 1050.887838 1301708639
933.011412 1053.998946 1301708645
960.484564 1055.332278 1301708649
981.585930 1055.776722 1301708651
1004.673308 1056.110055 1301708653
1027.760686 1056.221166 1301708655
1050.351561 1056.665610 1301708657
1072.114931 1056.221166 1301708659
1095.036808 1054.221168 1301708662
1115.972674 1056.998943 1301708668
1138.149796 1058.332275 1301708673
1161.899178 1064.110047 1301708689
1186.724315 1066.332267 1301708693
1207.577431 1067.332266 1301708699
1228.347795 1068.332265 1301708702
1249.200911 1069.110042 1301708704
1273.777797 1068.443376 1301708706
1299.182187 1068.443376 1301708708
1324.255576 1068.554487 1301708710
1348.501460 1068.221154 1301708712
1371.009585 1068.110043 1301708714
1392.276452 1068.110043 1301708716
1412.302063 1068.332265 1301708718
1438.782210 1069.332264 1301708721
1459.800826 1068.554487 1301708731
1478.833431 1058.665608 1301708740
1501.176055 1062.332271 1301708746
1505.644580 1041.221181 1301708751
1504.155071 1016.110095 1301708754
1504.568824 994.332339 1301708756
1504.734325 968.554587 1301708758
1504.817075 940.332393 1301708760
1504.403323 911.554644 1301708762
1503.410317 883.665783 1301708764
1501.838058 858.554697 1301708766
1500.100299 837.888051 1301708768
1498.114288 815.221407 1301708772
1500.348550 787.999212 1301708779
1502.003559 756.888132 1301708782
1502.334561 731.221491 1301708784
1502.582813 703.777074 1301708786
1502.665563 676.443768 1301708788
1502.665563 650.221572 1301708790
1502.748314 626.777151 1301708792
1502.003559 597.443847 1301708795
1500.679552 575.666091 1301708799
