3308.694304 849.443595 1301930317
3320.858622 831.110280 1301930325
3320.031117 803.554752 1301930329
3320.444869 774.777003 1301930332
3320.775871 752.554803 1301930334
3321.355124 728.888160 1301930336
3320.775871 705.332628 1301930338
3319.369113 682.777095 1301930340
3318.541609 661.443783 1301930342
3318.210607 637.554918 1301930345
3318.624359 615.666051 1301930365
3316.059095 594.666072 1301930373
3291.730461 585.554970 1301930378
3268.725833 585.777192 1301930381
3242.411188 585.332748 1301930384
3213.117526 584.777193 1301930387
3192.843663 584.332749 1301930389
3172.404300 583.777194 1301930391
3151.551185 583.332750 1301930393
3130.367068 582.888306 1301930395
3108.603697 582.554973 1301930397
3087.171329 581.777196 1301930399
3066.566465 581.221641 1301930401
3046.127102 580.888308 1301930403
3025.356737 580.554975 1301930405
3004.007119 580.443864 1301930407
2982.326499 579.888309 1301930409
2960.149376 579.666087 1301930411
2937.641252 579.443865 1301930413
2914.057371 578.777199 1301930415
2889.811487 578.554977 1301930417
2865.648353 577.999422 1301930419
2842.312724 577.443867 1301930421
2819.804600 576.666090 1301930423
2797.379226 575.888313 1301930425
2775.615855 575.777202 1301930427
2754.679989 575.110536 1301930429
2734.157876 574.221648 1301930431
2713.966764 573.666093 1301930433
2693.775653 573.110538 1301930435
2665.392246 569.666097 1301930438
2641.973866 568.888320 1301930441
2616.486725 569.554986 1301930445
2596.461114 568.888320 1301930459
2570.891223 568.666098 1301930471
2548.052096 568.332765 1301930474
2520.827196 568.110543 1301930477
2490.954280 567.332766 1301930480
2470.597668 566.554989 1301930482
2450.406556 565.888323 1301930484
2420.699142 565.332768 1301930487
2400.425280 564.666102 1301930489
2379.903166 563.888325 1301930491
2359.712054 563.666103 1301930493
2329.839139 562.999437 1301930496
2309.648027 562.332771 1301930498
2289.043163 561.554994 1301930500
2268.272799 560.777217 1301930502
2247.585184 560.332773 1301930504
2218.870775 559.332774 1301930507
2196.693653 558.443886 1301930510
2174.764781 557.554998 1301930515
2150.353396 557.888331 1301930537
2124.287002 557.554998 1301930541
2099.627366 556.554999 1301930544
2070.747456 555.443889 1301930547
2050.390843 554.777223 1301930549
2030.199731 554.555001 1301930551
2001.485323 553.999446 1301930554
1973.681169 553.221669 1301930557
1946.125266 551.888337 1301930560
1918.817615 550.555005 1301930563
1892.502970 549.666117 1301930566
1867.181330 548.777229 1301930569
1844.176702 547.999452 1301930572
1824.068341 547.666119 1301930575
1800.567211 547.332786 1301930579
1779.134843 547.443897 1301930584
1756.212966 549.443895 1301930610
1732.877337 549.332784 1301930613
1704.245678 549.332784 1301930616
1682.730559 549.221673 1301930618
1660.056934 549.110562 1301930620
1638.045312 548.888340 1301930622
1617.192197 548.555007 1301930624
1588.312287 548.888340 1301930627
1560.756384 549.999450 1301930630
1535.434744 551.110560 1301930633
1512.595618 555.555000 1301930637
1507.051337 580.332753 1301930642
1507.547840 601.777176 1301930645
1507.299589 627.443817 1301930648
1507.134088 654.110457 1301930651
1506.720335 681.554874 1301930654
1506.472084 707.110404 1301930657
1506.472084 732.221490 1301930660
1506.720335 756.443688 1301930663
1506.389334 778.443666 1301930666
1504.899825 799.221423 1301930678
1485.536218 809.110302 1301930683
1458.394068 809.665857 1301930687
1433.982683 811.221411 1301930690
1408.578293 813.110298 1301930693
1385.077163 814.443630 1301930696
1363.644794 817.110294 1301930699
1342.212425 812.221410 1301930703
1321.855813 810.110301 1301930709
1300.175193 806.999193 1301930724
1276.591312 804.999195 1301930728
1251.931676 799.443645 1301930731
1231.161311 798.888090 1301930733
1209.894443 798.554757 1301930735
1188.958578 798.554757 1301930737
1159.913167 799.776978 1301930740
1137.570543 800.554755 1301930743
1115.724422 806.888082 1301930751
1111.090397 830.332503 1301930756
1109.269887 856.888032 1301930760
1109.021635 881.665785 1301930763
1108.938885 907.443537 1301930766
1108.525133 934.221288 1301930769
1108.028630 959.110152 1301930772
1108.194131 982.443462 1301930775
1108.525133 1004.221218 1301930778
1108.276881 1029.887859 1301930782
1109.766389 1051.443393 1301930786
1139.639305 1075.554480 1301930804
