1135.584532 1071.554484 1301938232
1199.054133 1088.887800 1301938251
1255.158944 1090.887798 1301938258
1275.598307 1082.221140 1301938279
1298.602934 1076.554479 1301938284
1343.122680 1076.887812 1301938291
1370.595832 1078.110033 1301938296
1390.786944 1077.332256 1301938302
1410.564304 1074.110037 1301938307
1433.651681 1073.332260 1301938322
1458.890571 1073.665593 1301938326
1479.991938 1076.332257 1301938331
1495.880026 1059.443385 1301938345
1495.300772 1034.443410 1301938349
1496.790281 1009.221213 1301938352
1499.438295 979.221243 1301938355
1501.093304 957.776820 1301938357
1502.086310 936.332397 1301938359
1502.582813 915.665751 1301938361
1502.913814 895.221327 1301938363
1503.244816 866.443578 1301938366
1503.575818 845.888043 1301938369
1503.658569 824.665842 1301938378
1504.486073 800.110311 1301938396
1504.817075 778.110333 1301938399
1506.058332 750.888138 1301938402
1506.223833 730.110381 1301938404
1506.472084 707.888181 1301938406
1507.134088 685.110426 1301938408
1507.299589 662.777115 1301938410
1507.299589 641.777136 1301938412
1508.044343 613.110498 1301938415
1508.209844 585.888303 1301938418
1508.375345 561.110550 1301938421
1516.484890 540.555015 1301938425
1541.558278 538.999461 1301938429
1565.721412 540.777237 1301938432
1592.946313 541.666125 1301938435
1617.109446 541.888347 1301938438
1638.955567 542.999457 1301938441
1664.111706 543.777234 1301938444
1693.322618 544.332789 1301938447
1714.589485 544.555011 1301938449
1736.932109 544.666122 1301938451
1760.433239 544.999455 1301938453
1784.844624 545.443899 1301938455
1810.083514 545.999454 1301938457
1835.901657 546.332787 1301938459
1862.133552 546.777231 1301938461
1888.117195 547.221675 1301938463
1914.349091 547.888341 1301938465
1941.160239 548.443896 1301938467
1968.219639 549.443895 1301938469
1995.775541 549.999450 1301938471
2023.662445 550.443894 1301938473
2051.549350 550.555005 1301938475
2078.857001 551.221671 1301938477
2106.330153 552.110559 1301938479
2133.968806 553.332780 1301938481
2161.772959 553.777224 1301938483
2189.328862 554.443890 1301938485
2216.802014 555.666111 1301938487
2243.778663 556.221666 1301938489
2270.589811 556.888332 1301938491
2297.566461 557.554998 1301938493
2324.543110 557.999442 1301938495
2351.850761 558.443886 1301938497
2379.323913 559.110552 1301938499
2406.797065 559.888329 1301938501
2434.104716 560.443884 1301938503
2460.915864 560.999439 1301938505
2487.561512 561.888327 1301938507
2514.372660 562.332771 1301938509
2541.514810 562.888326 1301938511
2568.739711 563.221659 1301938513
2596.212863 563.888325 1301938515
2623.355013 564.554991 1301938517
2649.835159 564.999435 1301938519
2674.412045 565.554990 1301938521
2696.506418 566.888322 1301938523
2716.449278 568.221654 1301938525
2746.239443 570.554985 1301938528
2766.844307 573.221649 1301938530
2788.773178 574.110537 1301938532
2810.702049 574.554981 1301938534
2832.217168 574.554981 1301938536
2852.987533 574.666092 1301938538
2879.219428 574.110537 1301938541
2899.493291 573.666093 1301938548
2919.353400 570.443874 1301938567
2942.440778 570.777207 1301938572
2967.265916 573.332760 1301938576
2987.705279 575.888313 1301938591
2991.263548 601.110510 1301938596
2990.767046 623.554932 1301938599
2989.939541 651.666015 1301938602
2989.277537 672.221550 1301938604
2988.781035 692.777085 1301938606
2988.284532 713.554842 1301938608
2987.705279 733.888155 1301938610
2986.712273 762.110349 1301938613
2986.215770 783.665883 1301938616
2986.050269 803.888085 1301938621
2983.733257 825.554730 1301938650
3001.359104 838.999161 1301938662
3028.749506 836.332497 1301938666
3056.553659 835.999164 1301938669
3077.406775 836.665830 1301938671
3099.170145 836.888052 1301938673
3120.437013 837.443607 1301938675
3140.462624 837.999162 1301938677
3167.604774 838.554717 1301938680
3188.623390 839.665827 1301938683
