1305.471222 958.110153 1302650982
1314.325521 934.443510 1302651003
1318.049292 909.110202 1302651006
1319.290549 880.665786 1302651009
1318.545794 858.221364 1302651012
1314.656523 838.221384 1302651017
1332.530622 822.999177 1302651024
1360.500277 824.221398 1302651027
1382.760150 824.554731 1302651029
1406.013028 825.221397 1302651031
1428.107401 826.665840 1302651033
1449.457019 827.332506 1302651035
1476.102666 825.554730 1302651038
1497.948787 821.110290 1302651044
1525.173688 823.221399 1302651049
1550.247076 825.888063 1302651052
1578.630483 825.888063 1302651055
1606.600138 823.999176 1302651058
1632.914784 824.443620 1302651061
1654.595404 826.110285 1302651064
1676.358774 825.888063 1302651069
1695.805132 820.443624 1302651087
1715.582491 823.999176 1302651095
1725.098794 842.221380 1302651099
1724.602291 867.999132 1302651102
1723.857537 892.221330 1302651104
1723.774786 918.887970 1302651106
1722.699030 946.332387 1302651108
1722.450779 974.443470 1302651110
1721.623274 1000.221222 1302651112
1720.547518 1023.332310 1302651114
1718.892509 1045.221177 1302651116
1717.403001 1071.443373 1302651119
1729.484568 1088.554467 1302651124
1753.813202 1087.887801 1302651128
1774.997320 1088.443356 1302651133
1798.581200 1087.776690 1302651139
1822.578833 1086.887802 1302651142
1845.583460 1085.665581 1302651145
1867.512331 1085.332248 1302651149
1880.338652 1102.443342 1302651157
1890.351458 1119.998880 1302651170
1891.675465 1141.665525 1302651176
1893.495975 1167.221055 1302651181
1895.150984 1187.998812 1302651184
1897.633498 1212.665454 1302651187
1899.288507 1233.443211 1302651191
1917.824610 1245.887643 1302651196
1942.318745 1252.109859 1302651199
1972.770914 1255.109856 1302651202
1995.527290 1257.220965 1302651204
2018.531917 1261.332072 1302651206
2039.798785 1264.332069 1302651208
2063.548166 1267.332066 1302651211
2076.043485 1249.665417 1302651225
2077.946746 1228.109883 1302651228
2079.932757 1206.665460 1302651232
2081.174013 1183.221039 1302651236
2083.242775 1153.109958 1302651239
2084.484032 1129.887759 1302651241
2084.566782 1102.887786 1302651243
2084.566782 1075.443369 1302651245
2084.980535 1049.443395 1302651247
2085.808039 1024.332309 1302651249
2087.049296 1001.221221 1302651251
2087.959551 979.110132 1302651253
2088.125052 955.776822 1302651255
2088.373303 932.887956 1302651257
2088.952557 906.554649 1302651260
2094.165835 885.221337 1302651264
2106.081901 865.999134 1302651291
2108.729916 842.221380 1302651295
2109.971173 818.221404 1302651298
2109.971173 797.332536 1302651301
2110.633176 773.110338 1302651305
2110.302175 750.443694 1302651310
2111.874433 722.110389 1302651313
2112.784688 696.888192 1302651315
2114.274197 667.777110 1302651317
2115.432703 635.777142 1302651319
2115.515453 605.443839 1302651321
2116.011956 580.221642 1302651323
2123.045745 557.221665 1302651326
2151.429152 551.443893 1302651330
2173.606275 552.777225 1302651332
2200.169172 554.888334 1302651334
2230.704091 556.443888 1302651336
2262.149265 557.666109 1302651338
2293.677189 558.999441 1302651340
2328.349631 559.554996 1302651342
2364.925333 560.777217 1302651344
2403.073294 562.110549 1302651346
2440.145499 563.554992 1302651348
2492.195537 565.332768 1302651351
2527.116231 565.999434 1302651353
2562.367926 567.554988 1302651355
2597.288619 567.888321 1302651357
2630.719804 568.332765 1302651359
2661.254723 568.999431 1302651361
2688.645124 570.666096 1302651363
2712.311755 572.221650 1302651365
2739.950408 575.999424 1302651368
2761.134525 577.999422 1302651372
2783.063396 577.221645 1302651386
2809.047040 577.554978 1302651389
2832.465420 577.110534 1302651391
2860.021322 578.221644 1302651393
2887.246223 579.221643 1302651395
2911.492107 579.332754 1302651397
2933.586479 578.554977 1302651399
2953.612090 578.110533 1302651401
2974.382455 575.888313 1302651404
2981.498994 556.888332 1302651408
2981.581745 531.332802 1302651411
2983.071253 508.666158 1302651413
2984.643512 481.555074 1302651415
2985.471016 450.777327 1302651417
2986.464022 417.555138 1302651419
2987.457027 384.999615 1302651421
2987.622528 358.666308 1302651423
2989.112036 331.777446 1302651426
2990.767046 311.777466 1302651431
2992.918557 288.444156 1302651434
2993.663312 265.999734 1302651436
2994.159814 239.666427 1302651438
2994.904568 214.888674 1302651440
2996.063075 192.333141 1302651443
3015.261181 183.666483 1302651449
3040.086318 185.110926 1302651453
3065.159707 187.555368 1302651457
3078.979034 203.222019 1302651467
