3314.486836 796.110315 1301945978
3315.314341 775.110336 1301946003
3315.893594 752.777025 1301946006
3316.472847 724.777053 1301946009
3316.721099 704.443740 1301946011
3315.397091 675.221547 1301946014
3314.817838 648.554907 1301946017
3315.397091 626.110485 1301946021
3316.307347 606.110505 1301946044
3304.143029 586.332747 1301946051
3277.580132 583.221639 1301946055
3250.768984 582.666084 1301946058
3230.577872 582.221640 1301946060
3209.559256 581.554974 1301946062
3187.878636 580.888308 1301946064
3165.949765 580.554975 1301946066
3143.689892 580.110531 1301946068
3121.016266 579.554976 1301946070
3098.011639 579.110532 1301946072
3074.758760 578.332755 1301946074
3051.009379 577.443867 1301946076
3026.846245 576.777201 1301946078
3002.352110 575.999424 1301946080
2977.526972 575.221647 1301946082
2951.874330 574.777203 1301946084
2925.559685 574.110537 1301946086
2898.831287 573.332760 1301946088
2871.771887 572.554983 1301946090
2844.712488 571.999428 1301946092
2817.653088 571.221651 1301946094
2790.841940 570.554985 1301946096
2764.030791 569.666097 1301946098
2737.302393 568.999431 1301946100
2711.401500 568.554987 1301946102
2686.907365 567.999432 1301946104
2666.716253 565.554990 1301946106
2640.898110 564.777213 1301946109
2620.127745 564.110547 1301946115
2597.785121 564.443880 1301946135
2575.607999 564.110547 1301946138
2548.217597 563.554992 1301946141
2518.675684 562.888326 1301946144
2497.988069 562.332771 1301946146
2476.472950 561.777216 1301946148
2454.378578 560.888328 1301946150
2432.118705 560.332773 1301946152
2409.776081 559.443885 1301946154
2387.929961 558.777219 1301946156
2366.497592 558.110553 1301946158
2345.478976 557.221665 1301946160
2324.625860 556.554999 1301946162
2304.269248 555.888333 1301946164
2275.058336 555.221667 1301946167
2247.171432 554.999445 1301946170
2225.821814 554.110557 1301946173
2204.389445 553.443891 1301946197
2181.964071 552.332781 1301946202
2159.952449 551.443893 1301946205
2133.472303 550.888338 1301946208
2113.446692 550.221672 1301946210
2092.262575 549.999450 1301946212
2070.581955 549.888339 1301946214
2048.404832 549.221673 1301946216
2026.310460 548.999451 1301946218
2005.209093 548.777229 1301946220
1985.100732 548.888340 1301946222
1965.075121 548.666118 1301946224
1943.973754 547.888341 1301946226
1921.962133 546.888342 1301946228
1899.867760 546.443898 1301946230
1878.352641 545.777232 1301946232
1857.582277 545.443899 1301946234
1830.026374 545.110566 1301946237
1807.518250 544.555011 1301946240
1787.244387 544.443900 1301946247
1764.074259 544.999455 1301946260
1742.559140 544.999455 1301946263
1718.230506 544.555011 1301946266
1690.757354 544.221678 1301946269
1660.636187 543.999456 1301946272
1639.534820 543.888345 1301946274
1617.854200 544.443900 1301946276
1596.918334 544.999455 1301946278
1571.762195 545.443899 1301946281
1551.653834 545.666121 1301946285
1531.545473 546.999453 1301946300
1509.533851 556.888332 1301946305
1507.465090 576.888312 1301946308
1509.037348 602.443842 1301946311
1509.699352 630.554925 1301946314
1509.451101 659.777118 1301946317
1508.871847 688.665978 1301946320
1508.375345 716.888172 1301946323
1507.465090 741.332592 1301946326
1507.382339 767.221455 1301946330
1507.134088 788.999211 1301946334
1504.899825 809.221413 1301946345
1478.916182 807.888081 1301946351
1458.725070 803.888085 1301946354
1437.292701 802.776975 1301946357
1414.205324 800.443644 1301946360
1388.552682 799.332534 1301946363
1364.637799 800.554755 1301946366
1343.370932 803.332530 1301946369
1322.269565 805.776972 1301946374
