3324.665143 430.666236 1301948654
3326.651154 406.999593 1301948667
3328.885416 383.888505 1301948672
3328.554414 360.999639 1301948690
3330.126673 340.332993 1301948696
3331.864433 319.666347 1301948701
3334.181445 299.444145 1301948704
3334.512447 275.333058 1301948707
3334.346946 248.221974 1301948710
3334.926200 218.999781 1301948713
3336.415708 198.888690 1301948715
3337.325963 178.222044 1301948717
3337.243212 158.222064 1301948719
3338.401719 129.666537 1301948722
3339.477475 101.333232 1301948725
3340.718732 79.666587 1301948728
3341.297985 56.666610 1301948744
3323.258385 40.111071 1301948750
3302.157018 41.555514 1301948753
3274.518365 41.999958 1301948756
3245.638456 41.555514 1301948759
3217.255049 41.111070 1301948762
3195.408928 40.555515 1301948765
3173.314555 41.111070 1301948772
3147.661914 41.222181 1301948776
3121.099017 40.888848 1301948779
3101.073406 40.555515 1301948781
3078.896283 39.666627 1301948783
3055.891656 39.333294 1301948785
3034.376537 38.999961 1301948787
3013.275170 39.333294 1301948790
2996.725079 55.555500 1301948797
2998.380088 76.555479 1301948800
2998.297337 103.222119 1301948803
2997.469833 131.999868 1301948806
2997.138831 153.333180 1301948809
2996.476827 174.888714 1301948816
2995.814823 202.222020 1301948820
2994.821818 227.777550 1301948823
2994.159814 255.221967 1301948826
2993.911563 279.110832 1301948829
2993.332310 301.444143 1301948836
2993.332310 322.999677 1301948840
2992.835807 345.777432 1301948843
2992.256554 367.777410 1301948846
2991.346299 389.999610 1301948850
2990.601545 417.666249 1301948854
2990.187792 442.332891 1301948857
2989.360288 475.110636 1301948861
2988.698284 496.666170 1301948864
2987.870780 521.443923 1301948868
2987.043275 541.443903 1301948874
2986.877774 562.554993 1301948893
2969.086426 576.777201 1301948899
2946.826552 576.999423 1301948903
2922.497918 576.110535 1301948907
2902.389557 575.999424 1301948911
2879.881432 575.666091 1301948919
2855.221796 574.554981 1301948924
2833.210174 573.443871 1301948927
2807.226530 572.777205 1301948930
2780.415382 572.666094 1301948933
2753.273232 571.777206 1301948936
2724.476072 571.666095 1301948939
2695.099660 571.221651 1301948942
2674.825798 569.110542 1301948944
2654.220934 567.888321 1301948946
2632.705815 567.443877 1301948948
2610.280441 567.554988 1301948950
2587.772316 567.443877 1301948952
2566.505448 566.999433 1301948954
2541.101058 567.221655 1301948957
2522.978708 580.110531 1301948963
2522.068453 601.666065 1301948967
2520.165192 625.666041 1301948970
2519.172187 652.332681 1301948973
2518.592933 680.221542 1301948976
2517.351677 708.332625 1301948979
2516.772423 735.554820 1301948982
2516.275921 760.110351 1301948985
2515.779418 784.221438 1301948989
2516.110420 805.665861 1301948994
2514.455410 831.888057 1301948998
2513.627906 859.332474 1301949001
2512.800401 879.332454 1301949003
2511.890146 899.887989 1301949005
2511.310893 920.776857 1301949007
2510.897141 941.665725 1301949009
2510.566139 962.776815 1301949011
2510.069636 983.999016 1301949013
2509.573133 1005.443439 1301949015
2508.993880 1026.332307 1301949017
2508.745629 1047.110064 1301949019
2508.414627 1067.332266 1301949021
2509.242132 1094.887794 1301949024
2510.483389 1119.776658 1301949028
2511.062642 1141.332192 1301949035
2511.393644 1166.887722 1301949039
2512.138398 1192.998807 1301949042
2513.710656 1222.887666 1301949045
2515.282915 1244.109867 1301949047
2516.027669 1265.998734 1301949049
2516.110420 1287.665379 1301949051
2515.944919 1315.220907 1301949054
2515.696667 1337.998662 1301949057
2518.179181 1359.776418 1301949061
2537.294537 1366.776411 1301949065
2557.568399 1366.776411 1301949068
2582.476287 1367.443077 1301949071
2608.956433 1366.665300 1301949074
2637.588092 1366.776411 1301949077
2657.861954 1367.220855 1301949079
2679.128822 1367.554188 1301949081
2701.223194 1368.331965 1301949083
2723.483067 1368.776409 1301949085
2745.577439 1369.776408 1301949087
2767.589061 1371.554184 1301949089
2789.600683 1372.220850 1301949091
2811.529554 1372.554183 1301949093
2833.044673 1372.331961 1301949095
2853.401286 1371.998628 1301949097
2875.992161 1372.109739 1301949100
2897.755531 1372.665294 1301949117
2922.580668 1372.998627 1301949122
2942.771780 1373.331960 1301949125
2966.272910 1373.665293 1301949128
2992.091053 1374.554181 1301949131
3019.564205 1374.887514 1301949134
3047.451109 1375.554180 1301949137
3073.434753 1375.998624 1301949140
3097.928888 1376.887512 1301949143
3122.505774 1378.443066 1301949146
3148.241167 1379.887509 1301949149
3176.541823 1381.331952 1301949152
3197.146687 1381.998618 1301949154
3218.661806 1381.220841 1301949156
3240.673428 1379.109732 1301949158
3268.146580 1377.109734 1301949161
3288.006690 1372.887516 1301949165
3303.481026 1360.109751 1301949173
3304.474031 1332.554223 1301949177
3304.474031 1306.443138 1301949180
3304.805033 1278.332055 1301949183
3304.722282 1249.332084 1301949186
3304.887783 1227.998772 1301949188
3305.136035 1207.109904 1301949190
3305.549787 1186.665480 1301949192
3305.715288 1160.332173 1301949195
3309.439059 1140.443304 1301949199
