3324.830644 429.999570 1301950788
3327.726910 409.332924 1301950808
3329.630170 388.888500 1301950812
3330.623176 364.777413 1301950816
3332.112684 343.332990 1301950822
3334.015944 317.999682 1301950829
3334.429697 297.110814 1301950832
3334.926200 272.221950 1301950835
3335.753704 248.555307 1301950838
3336.415708 223.777554 1301950842
3336.994961 202.333131 1301950845
3338.153467 177.222045 1301950848
3338.649970 148.777629 1301950851
3339.477475 128.333205 1301950853
3339.973977 107.555448 1301950855
3340.387730 87.444357 1301950857
3340.470480 64.555491 1301950860
3336.084706 43.111068 1301950869
3311.921572 42.333291 1301950874
3285.027673 42.666624 1301950878
3262.436798 41.777736 1301950881
3237.859913 41.444403 1301950884
3212.869274 41.444403 1301950887
3188.871642 40.888848 1301950891
3167.356522 40.111071 1301950898
3141.538380 39.999960 1301950902
3120.519763 40.111071 1301950906
3098.839143 39.444405 1301950920
3072.358997 38.666628 1301950924
3048.030362 38.222184 1301950927
3025.853240 38.111073 1301950930
3004.089869 40.999959 1301950938
3001.193603 65.222157 1301950944
3001.193603 90.333243 1301950948
3000.448849 112.999887 1301950951
2999.621345 135.888753 1301950954
2999.207592 157.555398 1301950958
2998.380088 181.888707 1301950966
2997.635334 203.222019 1301950969
2997.304332 227.777550 1301950972
2996.807829 253.110858 1301950975
2996.476827 275.444169 1301950978
2996.228576 296.888592 1301950987
2995.897574 317.999682 1301950992
2995.235570 338.332995 1301950995
2994.077064 361.332972 1301950998
2993.332310 384.999615 1301951001
2992.256554 410.332923 1301951004
2991.263548 437.555118 1301951007
2990.353293 465.777312 1301951010
2989.608539 493.999506 1301951013
2989.029286 519.555036 1301951016
2987.539778 541.110570 1301951020
2985.553767 561.888327 1301951046
2966.024659 574.443870 1301951055
2944.757791 574.332759 1301951059
2923.408173 573.777204 1301951063
2896.514274 573.443871 1301951067
2871.771887 573.221649 1301951070
2845.126240 572.666094 1301951073
2817.404836 571.999428 1301951076
2789.435182 570.888318 1301951079
2759.645017 570.110541 1301951082
2738.626401 569.888319 1301951084
2717.028531 569.666097 1301951086
2695.761664 569.221653 1301951088
2673.667291 568.888320 1301951090
2652.400424 568.221654 1301951092
2630.968055 567.666099 1301951094
2609.452936 567.221655 1301951096
2588.186068 566.888322 1301951098
2567.746705 566.443878 1301951100
2541.680311 566.221656 1301951103
2521.240948 572.888316 1301951107
2517.848179 594.554961 1301951111
2517.186176 616.777161 1301951114
2516.606922 643.332690 1301951117
2516.524172 672.110439 1301951120
2516.275921 700.554855 1301951123
2515.613917 727.221495 1301951126
2514.703662 750.332583 1301951129
2514.124409 771.110340 1301951133
2514.703662 791.888097 1301951140
2515.613917 813.888075 1301951144
2515.282915 837.221385 1301951148
2511.724645 858.665808 1301951165
2510.483389 882.554673 1301951169
2510.317888 909.776868 1301951172
2510.152387 930.332403 1301951174
2509.986886 951.887937 1301951176
2509.986886 973.665693 1301951178
2509.821385 995.221227 1301951180
2509.407633 1016.332317 1301951182
2509.159381 1037.110074 1301951184
2508.331877 1057.221165 1301951186
2507.173370 1085.221137 1301951189
2508.331877 1108.776669 1301951192
2510.400638 1128.665538 1301951198
2512.800401 1152.665514 1301951204
2514.041658 1174.776603 1301951207
2515.034664 1201.332132 1301951210
2516.358671 1230.109881 1301951213
2517.103425 1250.109861 1301951215
2517.517177 1270.554285 1301951217
2517.930930 1298.443146 1301951220
2518.592933 1320.443124 1301951223
2518.510183 1340.998659 1301951237
2528.522988 1359.998640 1301951244
2549.707106 1360.331973 1301951248
2571.553226 1360.665306 1301951251
2594.392353 1361.887527 1301951254
2618.886488 1363.109748 1301951257
2645.697637 1364.331969 1301951260
2674.163794 1365.331968 1301951263
2703.291955 1366.443078 1301951266
2723.400316 1366.554189 1301951268
2753.190481 1366.998633 1301951271
2781.656639 1368.331965 1301951274
2807.888534 1371.220851 1301951277
2832.134418 1372.665294 1301951280
2853.484036 1371.109740 1301951283
2876.654164 1371.220851 1301951287
2897.341779 1372.109739 1301951313
2922.001415 1372.776405 1301951318
2942.275277 1373.220849 1301951321
2965.528156 1373.665293 1301951324
2991.015297 1374.331959 1301951327
3016.667939 1375.776402 1301951330
3038.845062 1375.554180 1301951333
3062.263441 1375.220847 1301951337
3084.854316 1376.109735 1301951342
3105.376430 1375.220847 1301951353
3125.567541 1376.665290 1301951362
3148.075666 1379.887509 1301951366
3173.811058 1381.220841 1301951370
3195.822680 1384.665282 1301951375
