2983.567756 548.332785 1301957056
2977.195970 569.888319 1301957079
2957.004859 574.554981 1301957083
2934.579485 574.554981 1301957086
2907.520085 574.110537 1301957089
2887.411724 573.666093 1301957091
2866.475858 572.999427 1301957093
2845.705493 572.443872 1301957095
2824.604126 572.110539 1301957097
2802.840756 571.777206 1301957099
2780.498132 571.332762 1301957101
2757.410755 570.777207 1301957103
2733.413122 570.554985 1301957105
2709.663740 570.332763 1301957107
2687.072865 570.332763 1301957109
2667.130005 568.554987 1301957111
2638.498347 567.666099 1301957114
2611.604448 567.443877 1301957117
2588.930823 566.999433 1301957120
2568.408709 566.666100 1301957127
2546.479838 566.777211 1301957147
2525.461221 573.332760 1301957153
2522.730456 597.666069 1301957159
2521.654700 618.443826 1301957162
2520.165192 642.554913 1301957165
2519.668689 668.777109 1301957168
2519.089436 695.999304 1301957171
2518.261932 723.110388 1301957174
2517.103425 748.999251 1301957177
2516.855174 772.999227 1301957180
2516.358671 796.999203 1301957183
2515.862168 822.554733 1301957186
2515.365666 849.443595 1301957189
2514.207159 878.665788 1301957192
2513.545155 899.110212 1301957194
2512.386649 919.332414 1301957196
2511.559144 939.887949 1301957198
2511.393644 960.887928 1301957200
2510.814390 981.443463 1301957202
2510.235137 1002.443442 1301957204
2509.573133 1023.443421 1301957206
2508.745629 1045.221177 1301957208
2506.180365 1067.221155 1301957210
2506.428616 1094.665572 1301957213
2508.331877 1115.887773 1301957216
2508.580128 1139.998860 1301957226
2509.407633 1166.109945 1301957230
2510.400638 1192.109919 1301957233
2511.310893 1220.665446 1301957236
2513.048653 1250.554305 1301957239
2513.710656 1271.443173 1301957241
2513.545155 1291.776486 1301957243
2513.048653 1320.443124 1301957246
2512.883152 1344.776433 1301957249
2525.461221 1362.331971 1301957253
2550.865612 1362.443082 1301957257
2573.704738 1363.443081 1301957260
2598.943628 1363.887525 1301957263
2626.003028 1365.220857 1301957266
2654.882937 1365.887523 1301957269
2675.074049 1366.443078 1301957271
2695.347911 1367.220855 1301957273
2716.118276 1368.220854 1301957275
2736.888641 1368.554187 1301957277
2757.659006 1369.109742 1301957279
2778.263870 1369.887519 1301957281
2798.620483 1370.331963 1301957283
2827.914145 1370.887518 1301957286
2854.559792 1370.887518 1301957289
2874.750904 1370.887518 1301957292
2897.507280 1370.776407 1301957310
2922.663419 1371.998628 1301957315
2942.937281 1372.887516 1301957318
2965.362655 1373.776404 1301957321
2988.036280 1373.665293 1301957324
3010.130653 1374.554181 1301957327
3033.052529 1374.998625 1301957330
3054.567649 1375.220847 1301957333
3078.648032 1375.887513 1301957337
3101.321657 1376.331957 1301957342
3125.898543 1377.776400 1301957359
3150.889181 1379.220843 1301957363
3173.811058 1380.554175 1301957366
3198.967197 1381.220841 1301957369
3222.633828 1380.220842 1301957372
3246.217709 1377.554178 1301957375
3268.477582 1374.887514 1301957378
3288.089440 1370.887518 1301957381
3305.632537 1357.998642 1301957385
3308.280552 1333.665333 1301957390
3308.280552 1312.665354 1301957393
3309.025306 1287.887601 1301957396
3309.521809 1261.554294 1301957399
3310.432064 1233.665433 1301957402
3310.845816 1205.665461 1301957405
3310.514814 1178.998821 1301957408
3310.018312 1156.443288 1301957411
3312.004323 1136.554419 1301957434
3315.314341 1114.887774 1301957450
3316.390097 1091.332242 1301957454
3316.555598 1067.332266 1301957457
3317.217602 1038.776739 1301957460
3317.631354 1018.332315 1301957462
3317.962356 997.999002 1301957464
3318.624359 969.110142 1301957467
3319.451864 940.554615 1301957470
3319.865616 911.999088 1301957473
3320.527620 883.110228 1301957476
3321.024123 853.665813 1301957479
