944.182723 809.554746 1301712159
924.239863 808.110303 1301712166
902.393742 806.443638 1301712169
881.954379 804.999195 1301712171
858.949752 803.554752 1301712173
836.193376 802.110309 1301712175
813.850752 800.776977 1301712177
793.494140 799.999200 1301712179
765.358984 799.888089 1301712182
743.512863 800.110311 1301712185
723.487252 796.888092 1301712201
702.965139 795.999204 1301712204
681.863772 795.888093 1301712206
657.038635 795.888093 1301712208
631.551494 795.665871 1301712210
607.222859 795.110316 1301712212
586.535245 794.999205 1301712214
563.613368 795.221427 1301712217
543.091254 795.221427 1301712222
520.334879 795.221427 1301712228
497.495752 794.443650 1301712232
474.160123 793.888095 1301712237
450.162490 789.999210 1301712253
422.275586 789.110322 1301712257
394.223181 790.221432 1301712260
373.866568 790.776987 1301712262
345.896914 790.999209 1301712265
325.705802 791.554764 1301712269
305.845692 800.221422 1301712284
278.869043 797.221425 1301712289
249.161628 795.999204 1301712292
223.674487 794.221428 1301712295
202.738622 790.888098 1301712302
180.975251 791.776986 1301712305
157.143119 793.554762 1301712308
135.545250 795.665871 1301712312
137.945013 815.554740 1301712335
118.664156 825.221397 1301712348
108.982353 845.665821 1301712353
103.934575 871.776906 1301712356
102.858819 892.665774 1301712358
102.941569 916.332417 1301712360
102.776069 945.110166 1301712362
102.941569 970.332363 1301712364
103.438072 990.999009 1301712366
96.487034 1012.110099 1301712370
81.509201 1028.887860 1301712389
80.847197 1051.554504 1301712393
79.523190 1074.332259 1301712396
77.950931 1102.110009 1301712399
76.213172 1123.221099 1301712401
74.889164 1146.221076 1301712403
74.392662 1170.443274 1301712405
74.061660 1196.665470 1301712407
71.910148 1227.998772 1301712409
70.586140 1260.220962 1301712411
71.248144 1285.109826 1301712413
73.399656 1307.220915 1301712416
71.827397 1327.554228 1301712432
91.356505 1337.554218 1301712438
119.408911 1337.998662 1301712442
140.179276 1338.109773 1301712444
164.176908 1338.109773 1301712446
188.919295 1338.109773 1301712448
212.420425 1337.331996 1301712450
232.446036 1336.665330 1301712452
254.126656 1336.887552 1301712455
278.786292 1338.443106 1301712483
306.424945 1339.887549 1301712486
331.167332 1340.887548 1301712488
359.385238 1341.443103 1301712490
389.009902 1341.443103 1301712492
416.565805 1340.998659 1301712494
439.818683 1340.776437 1301712496
461.582054 1341.887547 1301712499
486.738193 1342.443102 1301712504
515.204350 1343.331990 1301712507
539.367484 1344.109767 1301712509
566.261383 1345.109766 1301712511
595.720546 1345.998654 1301712513
626.255465 1347.109764 1301712515
656.459382 1347.776430 1301712517
685.670293 1348.109763 1301712519
713.970950 1348.220874 1301712521
740.947599 1348.554207 1301712523
767.013993 1348.220874 1301712525
791.259877 1348.554207 1301712527
814.099004 1348.887540 1301712529
834.703868 1348.554207 1301712531
859.777256 1347.776430 1301712534
876.161847 1334.331999 1301712538
877.899607 1310.554245 1301712541
878.975363 1288.776489 1301712543
879.968368 1266.443178 1301712545
880.961374 1240.332093 1301712548
882.119880 1215.109896 1301712574
884.354142 1189.887699 1301712577
885.926401 1168.221054 1301712579
887.581410 1144.221078 1301712581
889.650172 1119.776658 1301712583
891.387931 1095.887793 1301712585
892.711939 1070.665596 1301712588
912.489298 1058.776719 1301712593
938.803944 1059.554496 1301712596
968.594108 1058.887830 1301712599
990.936732 1057.443387 1301712602
1011.458846 1064.776713 1301712630
1034.463473 1073.221149 1301712633
1060.943619 1076.443368 1301712636
1084.527500 1077.665589 1301712639
1104.884112 1080.998919 1301712642
1127.723239 1086.665580 1301712655
1156.272147 1088.998911 1301712659
1177.539014 1089.443355 1301712661
1203.853660 1087.554468 1301712663
1231.906065 1085.443359 1301712665
1259.048215 1084.110027 1301712667
1285.528362 1082.887806 1301712669
1311.677506 1081.665585 1301712671
1336.502644 1080.221142 1301712673
1360.831278 1078.998921 1301712675
1385.159913 1078.776699 1301712677
1409.488548 1078.110033 1301712679
1432.493175 1078.554477 1301712681
1452.601536 1078.665588 1301712683
1474.364906 1079.665587 1301712686
1493.480262 1071.221151 1301712691
1495.300772 1049.332284 1301712694
1495.300772 1018.332315 1301712697
1495.714525 993.110118 1301712699
1496.873031 965.443479 1301712701
1497.866037 937.665729 1301712703
1498.528040 910.665756 1301712705
1498.859042 885.332448 1301712707
1499.934798 862.999137 1301712709
1501.507057 837.554718 1301712712
1502.665563 816.999183 1301712732
1503.244816 796.110315 1301712735
1506.141082 765.221457 1301712738
1507.465090 740.554815 1301712740
1508.127093 712.665954 1301712742
1508.954598 683.110428 1301712744
1509.285600 654.332679 1301712746
1510.444106 627.999372 1301712748
1511.850864 604.888284 1301712750
1513.092121 579.777198 1301712753
1511.850864 555.666111 1301712779
1525.504689 537.888351 1301712785
1548.012814 538.555017 1301712788
1569.776184 538.666128 1301712790
1595.346076 538.555017 1301712792
1623.315731 538.332795 1301712794
1651.864638 537.999462 1301712796
1679.503291 538.221684 1301712798
1706.148939 538.332795 1301712800
1732.463584 538.332795 1301712802
1759.936736 538.888350 1301712804
1788.982147 539.888349 1301712806
1819.351565 540.555015 1301712808
1850.465737 541.555014 1301712810
1881.414408 542.555013 1301712812
1911.039072 542.888346 1301712814
1938.346723 543.443901 1301712816
1965.075121 544.666122 1301712818
1992.217271 545.999454 1301712820
2020.352427 546.888342 1301712822
2048.156581 547.999452 1301712824
2075.877984 548.999451 1301712826
2103.764888 550.888338 1301712828
2131.072540 551.777226 1301712830
2157.304435 552.777225 1301712832
2184.446585 553.666113 1301712834
2213.078243 554.443890 1301712836
2241.958153 555.443889 1301712838
2270.672562 556.554999 1301712840
2300.297226 557.443887 1301712842
2331.245897 557.888331 1301712844
2362.939322 558.332775 1301712846
2394.880999 559.332774 1301712848
2426.739925 559.777218 1301712850
2457.936848 560.443884 1301712852
2487.809763 561.443883 1301712854
2516.606922 562.221660 1301712856
2546.314337 562.888326 1301712858
2577.511259 563.999436 1301712860
2609.287435 565.443879 1301712862
2640.567108 566.332767 1301712864
2670.357273 567.221655 1301712866
2697.333922 567.666099 1301712868
2720.669551 567.332766 1301712870
2741.026164 566.999433 1301712872
2762.706784 566.332767 1301712875
2784.387404 567.110544 1301712884
2808.798789 568.777209 1301712887
2830.396658 569.221653 1301712889
2856.794054 568.999431 1301712891
2883.853454 569.666097 1301712893
2909.257845 570.332763 1301712895
2930.110960 570.888318 1301712897
2955.184349 573.777204 1301712900
