3302.157018 844.332489 1302014586
3317.134851 828.999171 1302014614
3317.631354 803.999196 1302014618
3318.045106 777.332556 1302014621
3318.210607 756.554799 1302014623
3318.624359 734.999265 1302014625
3318.293357 713.777064 1302014627
3317.548603 693.665973 1302014629
3315.810844 668.221554 1302014632
3316.224596 645.332688 1302014636
3316.886600 623.443821 1302014641
3317.134851 602.666064 1302014648
3296.198985 588.554967 1302014653
3271.953101 587.777190 1302014656
3241.583683 587.554968 1302014659
3220.730568 587.221635 1302014661
3192.429911 586.332747 1302014664
3169.508034 585.666081 1302014668
3148.654919 585.110526 1302014676
3128.546558 584.888304 1302014680
3107.610692 584.332749 1302014683
3082.537303 583.888305 1302014686
3054.815900 583.332750 1302014689
3025.025735 582.332751 1302014692
3004.586372 581.554974 1302014694
2983.898758 580.999419 1302014696
2962.714640 580.554975 1302014698
2940.454767 580.110531 1302014700
2917.698391 579.666087 1302014702
2894.528263 579.110532 1302014704
2870.861632 578.554977 1302014706
2846.863999 577.999422 1302014708
2822.783616 577.554978 1302014710
2798.951484 576.999423 1302014712
2775.036602 576.332757 1302014714
2751.618223 575.666091 1302014716
2727.620590 575.221647 1302014718
2703.209205 574.777203 1302014720
2678.715069 574.332759 1302014722
2655.048438 573.666093 1302014724
2631.712809 573.110538 1302014726
2609.121934 572.666094 1302014728
2580.904028 571.888317 1302014731
2558.478654 571.554984 1302014735
2537.460038 571.110540 1302014751
2516.358671 570.777207 1302014755
2492.609290 570.221652 1302014758
2463.398378 569.443875 1302014761
2441.717758 568.777209 1302014763
2419.126883 568.221654 1302014765
2395.874004 567.443877 1302014767
2371.793621 566.777211 1302014769
2347.795989 565.777212 1302014771
2323.384603 564.999435 1302014773
2299.055969 564.443880 1302014775
2274.892835 564.110547 1302014777
2251.557206 563.666103 1302014779
2228.966331 563.110548 1302014781
2206.209955 562.443882 1302014783
2183.288078 561.888327 1302014785
2161.110956 561.443883 1302014787
2139.099334 560.999439 1302014789
2116.756710 560.554995 1302014791
2093.834834 559.666107 1302014793
2070.168203 558.999441 1302014795
2046.336071 558.443886 1302014797
2022.090187 558.110553 1302014799
1997.265049 557.888331 1302014801
1972.688163 557.110554 1302014803
1947.697525 556.666110 1302014805
1922.624136 555.999444 1302014807
1898.212751 555.443889 1302014809
1874.959873 555.332778 1302014811
1854.272258 554.999445 1302014813
1826.385354 554.555001 1302014816
1804.042730 554.221668 1302014819
1783.768868 555.110556 1302014847
1761.177993 555.443889 1302014854
1734.863348 554.888334 1302014858
1709.707208 554.555001 1302014861
1680.661798 554.666112 1302014864
1659.312180 554.555001 1302014866
1636.969556 554.443890 1302014868
1614.792433 554.555001 1302014870
1593.939318 554.888334 1302014872
1567.210920 555.443889 1302014875
1542.965036 555.999444 1302014878
1519.381156 558.999441 1302014882
1510.692357 582.777195 1302014887
1509.864853 603.999396 1302014890
1509.368350 630.443814 1302014893
1509.037348 659.554896 1302014896
1508.209844 689.221533 1302014899
1507.382339 709.999290 1302014901
1506.554835 730.554825 1302014903
1505.644580 758.777019 1302014906
1506.058332 779.443665 1302014909
1503.327567 800.776977 1302014938
1483.798459 812.888076 1302014946
1459.800826 811.665855 1302014950
1437.540953 809.888079 1302014953
1406.592282 810.999189 1302014957
1383.835906 811.443633 1302014960
1361.741533 811.554744 1302014963
1337.164647 812.332521 1302014967
1316.725284 814.665852 1302014982
1296.037670 815.888073 1302015001
1274.936303 814.776963 1302015006
1249.945665 814.443630 1302015010
1226.361784 814.221408 1302015013
1199.881638 813.554742 1302015016
1173.566992 813.110298 1302015019
1152.879378 812.554743 1302015022
1132.357264 811.999188 1302015026
1113.241909 819.110292 1302015034
1113.076408 841.332492 1302015038
1112.910907 865.554690 1302015041
1112.000652 888.221334 1302015044
1111.421399 910.332423 1302015047
1110.924896 932.332401 1302015050
1109.849140 953.332380 1302015054
1108.938885 973.332360 1302015058
1108.111380 999.332334 1302015062
1106.704623 1020.998979 1302015065
1107.449377 1042.665624 1302015069
1118.124186 1061.998938 1302015078
1137.984296 1069.998930 1302015084
1157.678905 1075.110036 1302015112
1179.773277 1076.998923 1302015116
1202.364152 1078.221144 1302015120
1225.534280 1077.443367 1302015124
1246.966648 1075.665591 1302015127
1267.571512 1075.443369 1302015130
