3295.536982 1111.887777 1302699931
3298.184996 1087.998912 1302699935
3300.833011 1061.332272 1302699938
3302.074268 1031.554524 1302699941
3303.563776 1009.332324 1302699943
3304.722282 985.776792 1302699945
3306.377292 962.221260 1302699947
3308.528803 939.776838 1302699949
3310.763066 913.110198 1302699952
3313.328330 892.332441 1302699964
3313.328330 868.221354 1302699972
3296.447237 857.221365 1302699976
3272.615105 856.999143 1302699979
3243.073191 859.221363 1302699982
3221.889074 859.888029 1302699984
3200.539456 858.443586 1302699986
3179.355339 857.110254 1302699988
3158.005721 855.888033 1302699990
3136.076849 855.999144 1302699992
3113.320474 856.443588 1302699994
3090.481347 856.999143 1302699996
3067.890472 856.554699 1302699998
3047.451109 855.665811 1302700000
3023.867229 854.332479 1302700003
3001.524605 852.554703 1302700017
2974.465205 847.665819 1302700022
2946.578301 843.443601 1302700025
2925.063182 841.554714 1302700027
2902.803309 840.110271 1302700029
2881.122689 838.888050 1302700031
2859.607570 837.221385 1302700033
2837.347697 836.332497 1302700035
2815.087824 836.221386 1302700037
2794.400209 836.443608 1302700039
2768.085564 834.999165 1302700042
2745.411938 831.443613 1302700047
2723.648568 829.999170 1302700057
2700.312939 827.443617 1302700063
2674.660297 825.443619 1302700067
2654.386435 826.999173 1302700070
2629.975050 832.888056 1302700074
2610.445942 837.665829 1302700094
2586.613810 830.554725 1302700098
2564.353937 825.332508 1302700101
2540.439054 817.443627 1302700104
2511.228143 810.332523 1302700107
2490.954280 805.776972 1302700109
2470.018415 802.776975 1302700111
2448.255044 802.332531 1302700113
2424.836665 804.110307 1302700115
2399.101272 806.665860 1302700117
2372.952128 808.443636 1302700119
2346.223730 808.443636 1302700121
2319.081580 808.221414 1302700123
2290.532672 808.221414 1302700125
2261.487261 808.443636 1302700127
2233.352105 808.332525 1302700129
2208.940720 808.110303 1302700131
2184.860337 808.554747 1302700134
2161.441958 806.443638 1302700141
2139.264835 805.999194 1302700146
2119.652976 810.443634 1302700151
2098.882611 814.999185 1302700157
2076.953740 806.999193 1302700166
2051.963102 805.221417 1302700172
2026.724212 803.665863 1302700176
2004.795341 804.443640 1302700180
1983.776725 799.888089 1302700186
1960.854848 798.110313 1302700193
1937.684720 795.332538 1302700197
1911.618325 796.776981 1302700200
1890.268707 797.221425 1302700202
1867.429581 797.332536 1302700204
1836.315409 798.776979 1302700207
1815.958796 797.554758 1302700211
1798.912202 785.221437 1302700218
1780.045098 777.554778 1302700235
1759.522984 778.554777 1302700253
1737.842364 777.443667 1302700278
1714.589485 781.776996 1302700283
1694.646625 790.443654 1302700288
1672.966005 800.221422 1302700292
1647.478864 808.221414 1302700295
1628.446259 818.221404 1302700298
1608.503399 825.776952 1302700304
1581.443999 826.332507 1302700308
1556.370610 826.221396 1302700311
1532.124726 826.888062 1302700314
1509.864853 826.110285 1302700317
1489.011738 823.554732 1302700322
1470.475635 815.110296 1302700327
1452.270534 799.110312 1302700351
1433.568931 786.221436 1302700355
1415.694832 774.999225 1302700370
1396.662227 763.443681 1302700379
1374.485104 767.999232 1302700386
1355.783500 777.665889 1302700404
1337.412899 786.332547 1302700418
1316.890785 786.888102 1302700427
1303.154209 765.888123 1302700432
1297.858180 739.221483 1302700435
1296.368672 717.999282 1302700437
1295.127415 695.888193 1302700439
1293.803408 674.110437 1302700441
1293.058653 652.221570 1302700443
1293.306905 617.110494 1302700446
1295.872169 593.110518 1302700448
1298.271932 571.666095 1302700450
1304.147215 547.999452 1302700453
1328.641350 535.666131 1302700457
1354.376743 537.332796 1302700460
1376.057363 538.110573 1302700462
1398.068984 538.888350 1302700464
1418.591098 539.888349 1302700466
1443.333485 541.666125 1302700469
1463.938349 541.221681 1302700472
1486.611974 540.332793 1302700475
1515.409134 539.555016 1302700478
1537.751757 539.221683 1302700480
1561.335638 538.332795 1302700482
1585.747023 537.443907 1302700484
1608.172397 537.555018 1302700486
1629.273763 538.110573 1302700488
1656.912416 539.555016 1302700491
1680.330796 541.110570 1302700495
