2911.326606 561.777216 1302020292
2933.255477 562.443882 1302020296
2959.901125 566.888322 1302020300
2980.340488 568.999431 1302020303
2991.842802 589.554966 1302020307
2991.842802 616.221606 1302020310
2990.932546 636.666030 1302020312
2990.353293 659.221563 1302020314
2989.774040 683.999316 1302020316
2988.946535 709.777068 1302020318
2988.367282 735.665931 1302020320
2987.705279 759.888129 1302020322
2987.291526 780.110331 1302020324
2984.974514 805.554750 1302020327
2984.229759 826.554729 1302020331
3006.324132 835.332498 1302020336
3028.335753 833.888055 1302020339
3056.801911 833.888055 1302020342
3078.896283 834.221388 1302020344
3103.224918 834.665832 1302020346
3128.794809 835.221387 1302020348
3152.957943 835.888053 1302020350
3174.224810 836.554719 1302020352
3197.229438 836.999163 1302020355
3221.971825 837.332496 1302020384
3249.444977 838.110273 1302020388
3275.842373 838.221384 1302020391
3297.522993 838.888050 1302020394
3316.721099 832.665834 1302020417
3318.624359 808.110303 1302020421
3319.369113 781.665885 1302020424
3320.031117 760.999239 1302020426
3320.858622 738.221484 1302020428
3321.934378 713.999286 1302020430
3322.761882 690.221532 1302020432
3323.341135 668.999331 1302020434
3322.679132 645.777132 1302020437
3320.610370 625.221597 1302020441
3321.686126 604.554951 1302020455
3312.087073 585.554970 1302020459
3292.061462 583.110528 1302020462
3267.070824 582.888306 1302020465
3238.687417 582.221640 1302020468
3218.165304 581.666085 1302020470
3195.988181 580.666086 1302020472
3173.480056 580.443864 1302020474
3152.875192 580.443864 1302020476
3127.636303 580.332753 1302020479
3102.231912 579.666087 1302020483
3079.475536 579.110532 1302020486
3050.843878 578.332755 1302020489
3029.411509 577.777200 1302020491
3006.737884 577.221645 1302020493
2983.567756 576.666090 1302020495
2959.239121 575.999424 1302020497
2933.669230 574.999425 1302020499
2907.189083 574.221648 1302020501
2880.129683 573.888315 1302020503
2852.987533 573.554982 1302020505
2826.093635 573.332760 1302020507
2799.778989 572.777205 1302020509
2774.126347 572.110539 1302020511
2748.059953 571.666095 1302020513
2721.083304 570.999429 1302020515
2694.189405 570.777207 1302020517
2668.619513 570.443874 1302020519
2645.945888 569.888319 1302020521
2620.127745 569.221653 1302020524
2599.026378 568.332765 1302020529
2576.683755 568.332765 1302020556
2550.120858 568.221654 1302020560
2523.226959 567.443877 1302020563
2502.539345 566.999433 1302020565
2479.534717 566.554989 1302020567
2455.206083 565.888323 1302020569
2430.711947 565.332768 1302020571
2406.217812 564.777213 1302020573
2380.730671 564.332769 1302020575
2354.995278 563.888325 1302020577
2329.590888 563.443881 1302020579
2304.683000 562.999437 1302020581
2280.354365 562.443882 1302020583
2256.770485 561.888327 1302020585
2235.338116 561.221661 1302020587
2211.423234 560.443884 1302020590
2189.080610 559.999440 1302020594
2166.737987 559.888329 1302020623
2139.595837 559.888329 1302020627
2111.377931 558.999441 1302020630
2090.028312 558.332775 1302020632
2067.023685 557.999442 1302020634
2042.860552 557.666109 1302020636
2018.614667 557.221665 1302020638
1994.617035 556.777221 1302020640
1969.957398 555.999444 1302020642
1944.553008 555.555000 1302020644
1919.148617 554.999445 1302020646
1894.737232 554.555001 1302020648
1871.567104 554.443890 1302020650
1850.465737 554.221668 1302020652
1821.751328 553.999446 1302020655
1798.912202 553.888335 1302020658
1777.893586 553.777224 1302020664
