3316.886600 606.221616 1302117739
3299.260752 589.888299 1302117750
3278.407637 588.332745 1302117753
3251.430988 587.554968 1302117756
3227.267854 586.221636 1302117759
3204.594228 584.999415 1302117763
3181.672352 584.332749 1302117768
3159.246978 583.999416 1302117771
3133.015082 583.332750 1302117774
3105.624681 582.777195 1302117777
3079.972039 582.110529 1302117780
3053.988395 581.221641 1302117783
3025.935990 580.332753 1302117786
3005.579377 580.221642 1302117788
2984.229759 579.554976 1302117790
2962.797391 579.221643 1302117792
2942.358028 578.999421 1302117794
2913.478118 578.554977 1302117797
2885.508463 578.221644 1302117800
2857.373308 577.554978 1302117803
2828.162396 576.888312 1302117806
2799.034235 575.888313 1302117809
2769.161320 574.554981 1302117812
2748.721957 573.554982 1302117814
2727.951592 572.554983 1302117816
2706.932975 571.888317 1302117818
2685.997110 570.888318 1302117820
2659.599713 569.332764 1302117823
2638.912099 569.666097 1302117828
2614.417964 570.999429 1302117854
2591.992589 570.666096 1302117857
2564.933190 570.221652 1302117860
2535.308526 569.666097 1302117863
2514.289910 569.221653 1302117865
2492.443789 568.777209 1302117867
2470.018415 568.554987 1302117869
2447.096538 568.110543 1302117871
2423.429907 567.554988 1302117873
2399.432274 567.110544 1302117875
2375.600142 566.777211 1302117877
2352.347264 566.443878 1302117879
2330.087391 566.221656 1302117881
2301.124730 565.332768 1302117884
2274.396332 564.777213 1302117887
2251.226204 564.443880 1302117890
2228.387078 563.999436 1302117894
2206.540957 563.888325 1302117918
2184.777587 563.443881 1302117922
2160.862704 562.443882 1302117925
2133.803305 561.666105 1302117928
2113.446692 560.999439 1302117930
2092.345325 560.443884 1302117932
2070.664705 559.888329 1302117934
2048.073830 559.110552 1302117936
2024.903702 558.221664 1302117938
2002.147326 557.554998 1302117940
1979.639202 556.888332 1302117942
1957.131077 556.221666 1302117944
1935.615958 555.666111 1302117946
1915.259346 554.888334 1302117948
1886.875939 553.888335 1302117951
1862.216302 553.332780 1302117954
1840.370181 552.888336 1302117957
1818.441310 552.666114 1302117961
1796.098686 551.888337 1302117979
1775.162821 551.999448 1302117982
1749.510179 551.666115 1302117985
1721.292273 551.666115 1302117988
1693.653620 551.555004 1302117991
1665.683965 551.555004 1302117994
1636.390303 551.332782 1302117997
1615.785439 551.443893 1302117999
1594.435821 551.888337 1302118001
1572.672450 552.666114 1302118003
1552.067586 553.332780 1302118005
1528.318205 553.666113 1302118008
1509.368350 562.999437 1302118012
1506.223833 589.999410 1302118016
1506.885836 616.221606 1302118019
1506.637585 644.777133 1302118022
1505.975581 674.554881 1302118025
1505.727330 695.110416 1302118027
1506.141082 724.554831 1302118030
1505.975581 744.554811 1302118032
1505.479079 770.888118 1302118035
1504.817075 792.221430 1302118039
1499.272794 811.443633 1302118049
1476.681919 809.332524 1302118053
1453.346290 803.888085 1302118058
1433.982683 797.665869 1302118061
1413.460570 790.999209 1302118064
1390.207691 790.221432 1302118067
1366.872062 792.554763 1302118070
1344.860440 800.554755 1302118073
1325.000330 803.443641 1302118080
1313.249765 823.221399 1302118099
1291.238143 821.221401 1302118101
1267.819764 818.332515 1302118103
1244.318634 816.110295 1302118105
1221.976010 814.999185 1302118107
1201.453897 814.888074 1302118109
1174.808249 811.332522 1302118111
1154.617138 810.888078 1302118114
1130.950507 808.888080 1302118121
1116.551927 823.999176 1302118126
1114.400415 849.221373 1302118130
1113.986663 871.554684 1302118133
1113.903912 895.443549 1302118136
1113.159158 919.221303 1302118140
