3202.359966 845.110266 1302120025
3227.847107 846.221376 1302120041
3250.603483 847.221375 1302120044
3272.118602 847.888041 1302120047
3293.137218 847.665819 1302120065
3314.900589 837.776940 1302120071
3315.066090 813.443631 1302120075
3314.983339 788.221434 1302120089
3315.728093 766.554789 1302120092
3316.390097 738.665928 1302120095
3316.803849 716.999283 1302120097
3316.555598 694.332639 1302120099
3315.976345 672.888216 1302120101
3315.645343 645.666021 1302120104
3316.886600 624.666042 1302120131
3316.969350 604.221618 1302120146
3297.771244 589.110522 1302120156
3276.835378 588.110523 1302120159
3250.189731 587.443857 1302120162
3229.998619 586.999413 1302120164
3208.649001 587.110524 1302120166
3186.802880 586.999413 1302120168
3166.198016 586.777191 1302120170
3143.276139 586.221636 1302120173
3122.340273 584.888304 1302120189
3097.597887 584.554971 1302120193
3072.193496 584.666082 1302120196
3043.810089 584.999415 1302120199
3021.053713 586.554969 1302120202
3000.531600 585.888303 1302120217
2974.961708 583.332750 1302120222
2951.791580 582.554973 1302120225
2923.656424 582.221640 1302120228
2898.500285 581.666085 1302120231
2876.405913 580.554975 1302120235
2852.656531 580.554975 1302120255
2827.169390 580.221642 1302120259
2801.765000 580.777197 1302120263
2777.022613 580.332753 1302120267
2755.672995 579.554976 1302120273
2734.157876 578.443866 1302120281
2711.318750 578.110533 1302120285
2690.879387 577.221645 1302120288
2670.771025 576.888312 1302120291
2649.173156 576.666090 1302120294
2626.003028 576.221646 1302120297
2599.357380 576.110535 1302120300
2572.215230 575.221647 1302120303
2549.376104 573.888315 1302120306
2525.709473 573.110538 1302120309
2497.243315 573.221649 1302120312
2475.397194 572.888316 1302120314
2451.565063 571.888317 1302120316
2412.506846 570.777207 1302120319
2384.702693 570.221652 1302120321
2356.567537 569.666097 1302120323
2328.184130 568.777209 1302120325
2284.988391 567.888321 1302120328
2255.694729 568.443876 1302120330
2226.070065 568.443876 1302120332
2196.031649 567.777210 1302120334
2165.662231 567.110544 1302120336
2135.044562 566.332767 1302120338
2104.013140 565.443879 1302120340
2072.650716 564.888324 1302120342
2040.957291 564.110547 1302120344
2009.760368 563.443881 1302120346
1978.894448 562.888326 1302120348
1948.194028 562.110549 1302120350
1917.824610 561.443883 1302120352
1888.365447 560.777217 1302120354
1860.561293 559.999440 1302120356
1836.894662 559.221663 1302120358
1808.676756 558.443886 1302120361
1786.665134 557.888331 1302120365
1762.336500 557.554998 1302120377
1742.228138 557.332776 1302120380
1715.582491 556.999443 1302120383
1695.391379 556.443888 1302120385
1673.545258 556.554999 1302120387
1650.292380 556.443888 1302120389
1626.211997 556.443888 1302120391
1602.214364 556.443888 1302120393
1578.795984 556.999443 1302120395
1557.032614 557.666109 1302120397
1530.469717 558.443886 1302120400
1511.023359 563.999436 1302120404
1507.465090 585.443859 1302120408
1507.878842 606.888282 1302120411
1507.630591 632.777145 1302120414
1507.382339 661.554894 1302120417
1507.216838 681.554874 1302120419
1506.968587 701.888187 1302120421
1505.644580 731.443713 1302120424
1505.230827 751.888137 1302120426
1504.817075 779.221443 1302120429
1504.651574 799.665867 1302120447
1492.983760 816.443628 1302120456
1471.137639 814.665852 1302120460
1448.381263 812.554743 1302120463
1421.321863 809.554746 1302120466
1396.331225 806.776971 1302120469
1373.574849 806.221416 1302120472
1349.659967 807.332526 1302120475
1328.144848 810.443634 1302120478
