3333.602192 321.555234 1302136917
3332.609187 296.666370 1302136922
3333.436691 273.999726 1302136925
3333.850444 251.110860 1302136928
3334.843449 225.221997 1302136931
3335.836455 196.110915 1302136934
3336.415708 175.999824 1302136936
3337.243212 145.999854 1302136939
3337.905216 125.888763 1302136941
3338.484469 97.111014 1302136944
3339.311974 71.222151 1302136947
3335.919205 48.999951 1302136951
3313.742082 45.666621 1302136955
3293.550971 46.222176 1302136958
3270.380842 46.222176 1302136961
3245.886707 45.888843 1302136964
3220.896069 45.111066 1302136967
3197.891441 44.777733 1302136970
3177.865831 44.333289 1302136975
3154.530202 43.999956 1302136980
3126.726048 43.777734 1302136984
3103.307668 43.555512 1302136987
3079.723788 43.333290 1302136990
3055.974406 43.111068 1302136993
3034.293786 42.777735 1302136996
3013.109669 42.888846 1302137000
2996.807829 54.555501 1302137010
2997.635334 75.444369 1302137014
2997.552583 95.555460 1302137017
2996.890579 117.888771 1302137020
2996.394077 139.110972 1302137023
2996.145825 159.444285 1302137027
2996.228576 180.222042 1302137033
2995.732073 203.222019 1302137037
2995.401071 223.333110 1302137040
2995.235570 244.999755 1302137043
2994.821818 266.777511 1302137046
2994.573567 290.555265 1302137050
2994.242565 312.999687 1302137057
2993.497811 336.110775 1302137061
2993.001308 357.777420 1302137064
2992.670306 382.110729 1302137067
2992.008302 408.221814 1302137070
2991.263548 435.332898 1302137073
2990.849796 462.666204 1302137076
2990.270543 489.110622 1302137079
2989.194787 514.666152 1302137082
2987.870780 538.555017 1302137085
2986.877774 559.332774 1302137088
2969.251927 576.443868 1302137093
2941.778775 576.110535 1302137097
2918.194894 575.110536 1302137100
2894.611014 574.221648 1302137103
2873.013144 574.110537 1302137106
2852.325530 574.332759 1302137109
2827.748644 574.443870 1302137113
2804.909517 574.999425 1302137129
2782.649644 574.554981 1302137133
2761.051775 574.110537 1302137136
2737.219643 573.554982 1302137139
2712.229005 572.777205 1302137142
2685.831609 571.999428 1302137145
2659.599713 570.999429 1302137148
2632.457563 570.443874 1302137151
2606.639420 570.221652 1302137154
2582.476287 569.999430 1302137157
2561.209419 570.332763 1302137160
2538.618544 570.554985 1302137164
2520.661695 583.332750 1302137175
2520.165192 607.332726 1302137179
2519.420438 628.999371 1302137182
2518.675684 652.110459 1302137185
2518.510183 676.888212 1302137188
2517.517177 701.999298 1302137191
2516.606922 726.443718 1302137194
2516.027669 749.665917 1302137197
2515.448416 770.665896 1302137200
2516.193170 796.776981 1302137204
2516.937924 817.665849 1302137226
2516.524172 839.443605 1302137231
2515.282915 860.332473 1302137234
2513.710656 885.221337 1302137237
2512.800401 912.554643 1302137240
2512.138398 940.999059 1302137243
2511.724645 970.332363 1302137246
2511.145392 999.999000 1302137249
2510.566139 1029.776748 1302137252
2510.566139 1058.443386 1302137255
2512.469400 1084.554471 1302137258
2513.710656 1108.110003 1302137261
2514.207159 1128.998871 1302137265
2515.365666 1149.776628 1302137272
2516.193170 1176.221046 1302137276
2516.937924 1199.665467 1302137279
2518.510183 1223.665443 1302137282
2520.165192 1247.109864 1302137285
2520.909946 1270.998729 1302137288
2520.330693 1293.220929 1302137291
2519.172187 1318.443126 1302137295
2518.675684 1338.887550 1302137299
2522.647706 1361.331972 1302137308
2547.472843 1362.665304 1302137313
2572.794483 1363.109748 1302137317
2594.723355 1363.443081 1302137320
2618.141734 1363.998636 1302137323
2641.808365 1364.331969 1302137326
2665.971499 1364.776413 1302137329
2690.300133 1365.331968 1302137332
2714.628768 1365.887523 1302137335
2738.129898 1366.776411 1302137338
2761.879279 1367.331966 1302137341
2784.470154 1368.220854 1302137344
2805.654271 1368.443076 1302137347
2827.003890 1368.776409 1302137350
2848.684510 1368.665298 1302137353
2868.792871 1369.109742 1302137356
2889.811487 1369.554186 1302137361
2910.830103 1370.220852 1302137382
2930.855714 1370.887518 1302137386
2950.881325 1371.665295 1302137389
2972.479194 1372.109739 1302137392
2994.159814 1372.220850 1302137395
3016.419687 1372.887516 1302137398
3038.762311 1373.220849 1302137401
3061.684188 1373.665293 1302137404
3084.688815 1374.331959 1302137407
3109.100200 1374.887514 1302137410
3134.504591 1375.443069 1302137413
3159.495229 1375.887513 1302137416
3184.485867 1376.554179 1302137419
3209.890258 1375.887513 1302137422
3234.136142 1372.331961 1302137425
3257.223520 1368.998631 1302137428
3278.076635 1366.220856 1302137431
3298.102246 1363.109748 1302137438
3305.963539 1343.554212 1302137444
3305.549787 1322.554233 1302137447
3305.963539 1297.998702 1302137450
3306.625543 1271.887617 1302137453
3307.204796 1245.109866 1302137456
3307.866800 1217.998782 1302137459
3308.280552 1191.554364 1302137462
3308.528803 1166.776611 1302137465
3308.032301 1145.776632 1302137468
