2813.681066 574.888314 1302148189
2789.269681 574.888314 1302148201
2767.258059 574.777203 1302148204
2742.432922 573.666093 1302148207
2715.125271 572.999427 1302148210
2686.907365 572.666094 1302148213
2658.772209 569.110542 1302148216
2637.919094 569.443875 1302148218
2617.810732 570.110541 1302148220
2590.006578 569.554986 1302148223
2564.933190 569.999430 1302148226
2541.763062 571.110540 1302148230
2524.054464 586.221636 1302148245
2522.895957 613.221609 1302148249
2521.489199 637.999362 1302148252
2520.496194 664.221558 1302148255
2519.585939 690.777087 1302148258
2519.006686 716.999283 1302148261
2518.096431 740.999259 1302148264
2517.517177 762.221460 1302148267
2518.344682 785.221437 1302148271
2517.186176 809.332524 1302148284
2516.441421 834.554721 1302148288
2515.282915 858.221364 1302148291
2514.041658 885.776892 1302148294
2512.552150 914.332419 1302148297
2512.055647 934.443510 1302148299
2511.641895 954.665712 1302148301
2511.062642 974.999025 1302148303
2510.400638 995.221227 1302148305
2509.490383 1015.443429 1302148307
2509.159381 1036.554519 1302148309
2508.497378 1056.554499 1302148311
2508.331877 1083.776694 1302148314
2509.573133 1108.887780 1302148317
2512.634900 1130.665536 1302148321
2513.958908 1153.443291 1302148327
2514.869163 1173.776604 1302148330
2515.531166 1196.554359 1302148333
2516.689673 1220.332113 1302148336
2519.006686 1244.554311 1302148339
2519.999691 1269.109842 1302148342
2520.082442 1294.220928 1302148345
2519.585939 1317.443127 1302148348
2519.254937 1337.998662 1302148351
2519.172187 1359.665307 1302148355
2542.176814 1366.887522 1302148360
2569.153463 1367.887521 1302148364
2592.571843 1368.998631 1302148367
2616.321224 1369.776408 1302148370
2640.318857 1370.331963 1302148373
2663.819987 1370.998629 1302148376
2688.065871 1371.554184 1302148379
2712.642757 1372.331961 1302148382
2736.143887 1372.887516 1302148385
2760.141520 1373.220849 1302148388
2783.559899 1373.998626 1302148391
2806.564527 1374.109737 1302148394
2828.741649 1374.776403 1302148397
2850.670521 1374.776403 1302148400
2876.488663 1374.998625 1302148404
2898.334784 1375.887513 1302148425
2922.497918 1376.998623 1302148430
2943.516534 1377.331956 1302148433
2967.431416 1377.887511 1302148436
2992.918557 1378.331955 1302148439
3019.481454 1379.109732 1302148442
3045.299597 1379.665287 1302148445
3071.034990 1379.887509 1302148448
3097.349635 1380.331953 1302148451
3123.250528 1380.776397 1302148454
3151.220183 1380.998619 1302148457
3177.783080 1381.554174 1302148460
3202.856469 1381.109730 1302148463
3225.612845 1378.220844 1302148466
3246.052208 1374.887514 1302148469
3274.932118 1369.665297 1302148474
3295.619732 1365.220857 1302148503
3305.632537 1346.109765 1302148507
3306.377292 1325.220897 1302148510
3307.204796 1302.332031 1302148513
3307.949550 1278.443166 1302148516
3309.190807 1254.776523 1302148519
3310.763066 1230.554325 1302148522
3312.418075 1205.109906 1302148525
3313.162829 1176.665490 1302148528
3312.831827 1150.554405 1302148531
3312.252574 1129.109982 1302148535
3313.659332 1104.332229 1302148553
3315.148840 1077.110034 1302148557
3315.397091 1052.554503 1302148560
3315.728093 1025.776752 1302148563
3316.224596 998.999001 1302148566
3316.307347 973.110138 1302148569
3316.803849 952.221270 1302148572
3318.045106 927.887961 1302148576
3319.038112 907.665759 1302148580
3318.955361 887.443557 1302148584
3318.458858 866.443578 1302148587
3318.624359 842.110269 1302148590
3319.038112 816.776961 1302148593
3319.700115 790.554765 1302148596
3319.865616 763.888125 1302148599
3320.279368 737.777040 1302148602
3320.941372 713.110398 1302148605
3321.520625 690.443754 1302148608
3321.851627 664.888224 1302148612
3322.679132 643.554912 1302148616
3323.589387 623.332710 1302148641
3324.251390 599.110512 1302148647
3325.989150 577.221645 1302148650
3328.388913 551.888337 1302148653
3329.547420 525.666141 1302148656
3330.043923 499.110612 1302148659
3330.871427 473.443971 1302148662
3331.367930 450.666216 1302148665
3329.878422 429.444015 1302148671
