3327.892411 431.221791 1302182404
3331.533431 407.221815 1302182421
3333.188440 386.888502 1302182424
3334.098695 361.555194 1302182427
3333.519442 334.999665 1302182430
3334.595198 311.110800 1302182433
3336.250207 286.888602 1302182437
3335.339952 265.888623 1302182441
3335.422702 245.444199 1302182444
3335.588203 222.555333 1302182447
3335.919205 195.777582 1302182450
3336.167456 175.222047 1302182452
3336.415708 153.110958 1302182454
3336.415708 131.110980 1302182456
3336.498458 105.999894 1302182459
3336.332957 83.666583 1302182482
3337.905216 60.888828 1302182486
3327.726910 42.666624 1302182491
3303.232774 41.444403 1302182502
3281.965907 41.888847 1302182505
3252.092991 41.999958 1302182508
3231.074375 41.777736 1302182510
3202.608218 41.111070 1302182513
3180.927598 40.555515 1302182517
3154.199200 40.444404 1302182522
3132.849582 39.999960 1302182525
3112.575719 39.666627 1302182537
3085.764571 39.111072 1302182541
3058.125918 38.111073 1302182544
3029.990763 37.777740 1302182547
3009.054897 37.666629 1302182551
2998.545589 56.777721 1302182557
2998.711090 83.999916 1302182561
2998.131836 111.222111 1302182564
2997.469833 138.666528 1302182567
2997.056080 158.666508 1302182571
2996.063075 181.888707 1302182576
2994.656317 203.333130 1302182580
2992.339304 225.999774 1302182585
2992.587556 248.999751 1302182589
2993.001308 274.110837 1302182593
2992.504805 297.221925 1302182600
2991.677301 319.888569 1302182604
2991.346299 345.221877 1302182607
2991.015297 365.555190 1302182609
2990.436044 388.444056 1302182611
2989.608539 412.666254 1302182613
2988.781035 435.777342 1302182615
2988.119031 457.332876 1302182617
2987.539778 481.888407 1302182620
2986.464022 505.777272 1302182624
2985.057264 529.110582 1302182627
2983.816007 552.666114 1302182630
2970.741435 572.110539 1302182634
2949.888319 572.554983 1302182637
2924.235677 570.888318 1302182640
2897.921032 571.332762 1302182643
2868.544619 570.999429 1302182646
2843.802233 570.777207 1302182649
2822.287113 569.888319 1302182670
2799.944490 569.221653 1302182674
2774.788351 568.777209 1302182677
2754.514489 568.554987 1302182679
2731.758113 568.221654 1302182681
2707.346728 567.554988 1302182683
2681.859587 567.110544 1302182685
2654.634686 567.666099 1302182687
2627.327035 567.666099 1302182689
2600.846888 567.666099 1302182691
2575.442498 567.443877 1302182693
2553.265375 567.554988 1302182695
2530.177997 568.221654 1302182698
2520.165192 589.332744 1302182703
2519.503188 610.443834 1302182706
2517.930930 637.666029 1302182709
2517.186176 658.999341 1302182711
2516.110420 682.999317 1302182713
2515.696667 707.777070 1302182715
2515.282915 731.554824 1302182717
2514.951913 751.888137 1302182719
2514.372660 772.665894 1302182722
2515.200165 792.999207 1302182732
2515.117414 818.221404 1302182736
2513.958908 841.665825 1302182739
2511.972897 869.110242 1302182742
2510.152387 901.221321 1302182745
2509.573133 923.999076 1302182747
2508.828379 946.999053 1302182749
2508.414627 969.887919 1302182751
2508.083625 992.887896 1302182753
2507.504372 1015.221207 1302182755
2506.925119 1036.443408 1302182757
2507.090620 1056.554499 1302182759
2507.421622 1084.776693 1302182762
2508.745629 1106.554449 1302182765
2509.159381 1127.665539 1302182769
2509.986886 1148.221074 1302182775
2511.145392 1168.554387 1302182778
2512.634900 1195.887693 1302182781
2514.124409 1217.332116 1302182783
2515.448416 1240.998759 1302182785
2516.606922 1265.665401 1302182787
2517.351677 1289.109822 1302182789
2517.434427 1317.220905 1302182792
2516.441421 1340.220882 1302182796
