2113.860444 556.332777 1301716962
2091.766072 562.443882 1301716965
2062.389660 566.110545 1301716968
2039.550533 566.110545 1301716970
2015.718401 566.221656 1301716972
1991.058765 565.666101 1301716974
1965.902626 564.666102 1301716976
1940.249984 563.332770 1301716978
1914.845593 561.999438 1301716980
1889.937706 560.554995 1301716982
1865.526320 559.332774 1301716984
1842.025190 558.443886 1301716986
1819.682567 557.554998 1301716988
1799.160453 557.221665 1301716990
1772.432055 556.888332 1301716993
1748.930925 556.332777 1301716997
1724.436790 554.777223 1301717024
1696.384385 554.332779 1301717027
1674.869266 554.221668 1301717029
1651.533637 553.999446 1301717031
1627.039501 554.110557 1301717033
1601.966112 554.555001 1301717035
1576.561722 555.110556 1301717037
1552.812340 555.443889 1301717039
1532.703979 555.110556 1301717041
1511.933614 559.443885 1301717044
1507.878842 584.221638 1301717048
1509.616602 611.888277 1301717051
1508.623596 635.666031 1301717053
1506.720335 662.221560 1301717055
1505.230827 689.665977 1301717057
1503.410317 716.554839 1301717059
1502.582813 742.665924 1301717061
1502.334561 763.999236 1301717063
1502.334561 789.554766 1301717066
1499.603796 810.332523 1301717071
1477.509424 815.776962 1301717075
1453.925543 823.332510 1301717078
1433.899933 829.554726 1301717080
1409.736799 831.110280 1301717082
1383.918656 830.332503 1301717084
1359.259020 828.332505 1301717086
1338.654156 827.665839 1301717088
1315.649528 825.554730 1301717091
1294.879164 823.443621 1301717094
1268.812769 823.110288 1301717097
1244.897887 823.554732 1301717099
1219.162495 824.888064 1301717101
1194.916611 826.332507 1301717103
1172.160235 827.221395 1301717105
1145.266336 826.554729 1301717108
1123.668466 824.665842 1301717111
1095.864313 824.665842 1301717114
1073.190687 823.999176 1301717116
1047.207043 822.888066 1301717118
1020.230394 822.332511 1301717120
994.246750 821.999178 1301717122
970.249118 820.888068 1301717124
943.768971 818.554737 1301717127
922.667604 811.776966 1301717133
907.276019 828.665838 1301717139
907.772522 854.776923 1301717142
906.448515 877.110234 1301717144
904.462504 901.443543 1301717146
902.641994 926.887962 1301717148
900.738733 952.110159 1301717150
899.000973 976.110135 1301717152
897.594216 998.443446 1301717154
896.849462 1026.776751 1301717157
897.594216 1047.332286 1301717160
911.496293 1062.665604 1301717165
933.425164 1065.221157 1301717168
959.988061 1065.110046 1301717171
982.992688 1062.554493 1301717174
1002.770048 1067.221155 1301717190
1022.299156 1076.554479 1301717196
1048.365550 1076.776701 1301717200
1073.769940 1079.776698 1301717203
1095.864313 1081.221141 1301717206
1119.034441 1084.110027 1301717209
1145.100835 1085.887803 1301717212
1166.533204 1086.110025 1301717214
1189.124078 1085.887803 1301717216
1213.618214 1084.554471 1301717218
1238.774353 1083.221139 1301717220
1263.599490 1081.998918 1301717222
1288.176376 1079.665587 1301717224
1312.174009 1077.998922 1301717226
1333.854629 1077.776700 1301717228
1355.204247 1077.554478 1301717230
1376.636616 1076.554479 1301717232
1397.986234 1076.221146 1301717234
1419.253102 1075.887813 1301717236
1447.471008 1072.887816 1301717239
1470.723886 1069.221153 1301717242
1490.418495 1062.443382 1301717247
1495.135271 1039.998960 1301717251
1496.707530 1019.887869 1301717253
1499.272794 997.443447 1301717255
1501.589807 972.999027 1301717257
1503.658569 947.887941 1301717259
1504.734325 924.221298 1301717261
1505.644580 901.221321 1301717263
1506.306583 879.776898 1301717265
1507.051337 850.999149 1301717268
1506.803086 829.554726 1301717271
1511.437112 808.554747 1301717278
1511.354361 785.554770 1301717281
1510.609607 762.999237 1301717283
1510.195855 736.332597 1301717285
1511.685363 707.110404 1301717287
1513.009370 678.221544 1301717289
1513.671374 649.888239 1301717291
1513.919625 623.777154 1301717293
1514.002376 602.332731 1301717295
1514.333378 580.332753 1301717299
