1750.999687 860.665806 1302704987
1732.132583 850.554705 1302704990
1708.383201 842.110269 1302704994
1685.213073 837.332496 1302704999
1661.049939 840.221382 1302705006
1637.879811 848.776929 1302705010
1615.868189 855.776922 1302705013
1592.615311 861.332472 1302705016
1570.851940 862.665804 1302705019
1548.343816 862.665804 1302705023
1530.552467 853.443591 1302705030
1502.996565 853.110258 1302705034
1475.771664 853.221369 1302705037
1451.277529 855.221367 1302705040
1428.438402 857.110254 1302705044
1402.951261 855.332478 1302705065
1382.098146 856.888032 1302705068
1360.334776 857.221365 1302705072
1339.729912 851.554704 1302705078
1320.118053 857.110254 1302705083
1298.106431 860.554695 1302705094
1297.444428 899.332434 1302705121
1307.622734 928.999071 1302705123
1323.510822 947.221275 1302705125
1341.302170 965.110146 1302705127
1358.597016 982.110129 1302705129
1376.388364 998.999001 1302705131
1395.172718 1022.443422 1302705133
1413.295069 1035.332298 1302705135
1437.292701 1043.110068 1302705138
1459.635325 1056.887832 1302705141
1478.833431 1069.110042 1302705145
1496.955781 1078.776699 1302705149
1519.298405 1092.776685 1302705153
1539.903269 1104.554451 1302705156
1561.501139 1117.109994 1302705159
1587.071030 1119.998880 1302705162
1616.281942 1116.554439 1302705165
1638.293563 1113.443331 1302705167
1665.766715 1109.776668 1302705170
1686.619831 1118.998881 1302705174
1693.653620 1141.221081 1302705178
1701.101161 1168.776609 1302705181
1703.914676 1192.332141 1302705183
1705.735186 1218.665448 1302705185
1706.810942 1244.776533 1302705187
1706.976443 1270.443174 1302705189
1704.328429 1295.109816 1302705191
1702.259667 1320.220902 1302705193
1701.845915 1344.998655 1302705195
1700.852909 1368.220854 1302705197
1704.328429 1397.665269 1302705199
1720.961271 1412.665254 1302705204
1747.689669 1409.665257 1302705207
1777.479833 1405.998594 1302705210
1798.498450 1401.443043 1302705212
1820.096319 1396.776381 1302705214
1841.859690 1393.443051 1302705216
1863.623060 1391.331942 1302705218
1884.807177 1387.776390 1302705220
1905.908544 1384.776393 1302705222
1927.258162 1381.887507 1302705224
1949.518035 1379.554176 1302705226
1972.026160 1378.554177 1302705228
1994.617035 1378.554177 1302705230
2017.373411 1377.998622 1302705232
2039.798785 1377.665289 1302705234
2061.644905 1377.220845 1302705236
2083.656527 1376.776401 1302705238
2104.923395 1376.998623 1302705240
2134.713560 1376.887512 1302705243
2154.987422 1375.998624 1302705245
2176.006038 1375.220847 1302705247
2197.438407 1374.887514 1302705249
2219.698280 1374.554181 1302705251
2241.627151 1374.776403 1302705253
2263.473272 1375.554180 1302705255
2285.898646 1375.887513 1302705257
2308.903273 1376.554179 1302705259
2331.825150 1377.109734 1302705261
2354.747027 1377.443067 1302705263
2377.255151 1377.998622 1302705265
2397.777265 1378.443066 1302705267
2424.836665 1377.776400 1302705270
2446.848286 1380.665286 1302705273
2469.356411 1382.109729 1302705276
2495.174554 1381.776396 1302705279
2517.599928 1388.554167 1302705282
2542.921568 1392.109719 1302705285
2572.215230 1394.998605 1302705288
2592.571843 1396.776381 1302705290
2613.921461 1398.554157 1302705292
2635.933083 1400.443044 1302705294
2658.441207 1402.220820 1302705296
2680.949332 1404.109707 1302705298
2703.291955 1406.109705 1302705300
2725.138076 1407.887481 1302705302
2748.970208 1406.776371 1302705304
2773.629844 1405.554150 1302705306
2795.972468 1404.665262 1302705308
2817.322086 1402.998597 1302705310
2844.960739 1402.998597 1302705313
2874.585403 1401.554154 1302705316
2904.623819 1400.109711 1302705319
2933.338228 1400.443044 1302705322
2955.432600 1402.220820 1302705325
2978.602728 1397.220825 1302705330
3001.028102 1391.998608 1302705334
3025.770489 1386.776391 1302705338
3048.775116 1386.998613 1302705342
3072.276246 1393.776384 1302705346
3093.212112 1407.109704 1302705350
3114.727231 1417.109694 1302705355
3134.670092 1420.109691 1302705360
3155.109455 1418.220804 1302705373
3172.983554 1428.887460 1302705376
3199.215449 1427.665239 1302705380
3219.903063 1410.443034 1302705383
3230.660623 1392.776385 1302705385
3244.314448 1368.665298 1302705388
3249.858729 1347.998652 1302705390
3255.237509 1324.332009 1302705392
3258.382026 1301.887587 1302705394
3259.954285 1279.443165 1302705396
3261.940296 1258.998741 1302705398
3263.843556 1238.665428 1302705400
3265.581316 1217.554338 1302705402
3267.650077 1189.443255 1302705405
3271.870351 1169.776608 1302705409
3290.240952 1157.443287 1302705428
3295.205980 1137.109974 1302705433
3297.191991 1113.554442 1302705436
3297.771244 1093.554462 1302705438
3297.688494 1070.443374 1302705440
3298.350497 1046.221176 1302705442
3300.419259 1022.221200 1302705444
3302.570771 999.221223 1302705446
3304.722282 976.665690 1302705448
3305.218785 954.665712 1302705450
3305.632537 933.221289 1302705452
3305.549787 913.221309 1302705454
3305.384286 890.887998 1302705457
3294.212974 870.776907 1302705462
3272.035852 871.999128 1302705466
3250.851734 873.332460 1302705469
3228.757362 874.888014 1302705472
3207.738746 876.110235 1302705475
3186.306377 876.999123 1302705478
3164.460256 878.665788 1302705481
3141.786631 880.110231 1302705484
3118.699253 880.332453 1302705487
3095.942877 879.332454 1302705490
3073.931256 877.888011 1302705493
3052.747138 872.999127 1302705496
3029.328759 865.776912 1302705500
