3328.223412 430.221792 1302218386
3332.526436 407.666259 1302218391
3333.022939 385.332948 1302218395
3334.264196 362.888526 1302218398
3335.753704 336.444108 1302218401
3336.001955 312.888576 1302218404
3339.477475 291.444153 1302218408
3346.180262 269.444175 1302218414
3347.338768 248.999751 1302218418
3346.676765 222.888666 1302218422
3346.263012 197.222025 1302218426
3345.849260 175.333158 1302218429
3344.939005 154.110957 1302218433
3344.690754 129.666537 1302218440
3343.945999 103.888785 1302218444
3343.118495 82.444362 1302218447
3337.739715 62.888826 1302218451
3316.555598 57.333276 1302218457
3290.737455 55.444389 1302218461
3265.333065 53.333280 1302218464
3238.439166 51.222171 1302218467
3212.538272 49.666617 1302218470
3189.119893 48.222174 1302218474
3163.053499 46.444398 1302218483
3138.228361 45.333288 1302218487
3113.899727 43.777734 1302218503
3092.136356 43.555512 1302218506
3066.318214 42.888846 1302218509
3041.079324 42.111069 1302218512
3018.322948 41.999958 1302218516
3002.683111 56.333277 1302218528
3001.110853 79.777698 1302218533
3000.283348 102.999897 1302218536
2999.290343 129.999870 1302218539
2998.545589 151.777626 1302218543
2997.718084 175.555380 1302218551
2996.642328 197.666469 1302218554
2995.318321 225.666441 1302218557
2994.656317 254.777523 1302218560
2993.911563 278.555277 1302218563
2993.249559 299.221923 1302218571
2992.504805 322.110789 1302218575
2991.760051 348.221874 1302218578
2991.180798 368.666298 1302218580
2990.684295 389.999610 1302218582
2990.022291 410.332923 1302218584
2989.691290 436.999563 1302218587
2989.029286 460.999539 1302218590
2988.450033 481.777296 1302218593
2987.705279 502.443942 1302218597
2986.960524 522.443922 1302218615
2986.298521 543.110568 1302218620
2983.898758 564.332769 1302218625
2963.790396 574.777203 1302218630
2941.530523 574.666092 1302218633
2914.553874 574.221648 1302218636
2887.908227 573.777204 1302218639
2864.158845 573.999426 1302218642
2841.898972 574.221648 1302218646
2821.211358 575.332758 1302218653
2799.282486 575.221647 1302218657
2777.519116 574.777203 1302218660
2750.956219 573.554982 1302218663
2721.000553 573.666093 1302218666
2700.561190 574.221648 1302218668
2680.039077 573.666093 1302218670
2659.268712 572.999427 1302218672
2638.250095 572.666094 1302218674
2617.562481 572.110539 1302218676
2596.792116 571.666095 1302218678
2568.325959 571.332762 1302218681
2545.486832 572.554983 1302218684
2525.461221 578.554977 1302218692
2524.302715 602.221620 1302218700
2521.820201 629.777148 1302218704
2520.496194 657.554898 1302218707
2519.668689 686.443758 1302218710
2518.841185 713.554842 1302218713
2517.848179 740.110371 1302218716
2517.020675 764.665902 1302218719
2516.606922 789.999210 1302218723
2517.186176 810.221412 1302218730
2516.358671 833.776944 1302218745
2514.869163 856.665810 1302218748
2513.545155 886.554669 1302218751
2512.800401 907.665759 1302218753
2512.221148 928.887960 1302218755
2511.559144 949.665717 1302218757
2511.145392 969.999030 1302218759
2510.814390 990.221232 1302218761
2510.566139 1010.998989 1302218763
2510.317888 1031.887857 1302218765
2510.069636 1052.443392 1302218767
2510.069636 1081.554474 1302218770
2511.641895 1105.221117 1302218773
2512.386649 1125.221097 1302218777
2513.296904 1147.776630 1302218786
2513.876157 1169.776608 1302218789
2514.786412 1196.998803 1302218792
2515.862168 1226.332107 1302218795
2516.772423 1247.554308 1302218797
2517.517177 1269.887619 1302218799
2517.848179 1291.332042 1302218801
2517.186176 1316.776461 1302218804
2516.772423 1341.443103 1302218808
