3318.376108 597.888291 1302270150
3300.502009 581.777196 1302270165
3279.317892 581.110530 1302270168
3251.761989 580.777197 1302270171
3222.716579 580.666086 1302270174
3200.291205 580.554975 1302270177
3179.769091 580.332753 1302270182
3154.943954 580.443864 1302270187
3132.518580 580.221642 1302270190
3105.459180 579.888309 1302270193
3085.350819 579.443865 1302270195
3064.083951 578.999421 1302270197
3042.320581 578.777199 1302270199
3019.895207 578.221644 1302270201
2997.304332 577.888311 1302270203
2974.878958 577.332756 1302270205
2952.039831 577.110534 1302270207
2928.952454 576.888312 1302270209
2906.444329 576.554979 1302270211
2883.936205 576.221646 1302270213
2861.179829 575.999424 1302270215
2838.340702 575.666091 1302270217
2815.667077 575.110536 1302270219
2792.993451 574.443870 1302270221
2770.733578 573.554982 1302270223
2748.804707 572.999427 1302270225
2720.504050 572.888316 1302270228
2698.244177 572.777205 1302270231
2676.480807 572.554983 1302270236
2653.807181 572.332761 1302270246
2627.658037 571.777206 1302270250
2601.839894 571.110540 1302270253
2573.208236 570.110541 1302270256
2543.169819 569.443875 1302270259
2522.482205 568.777209 1302270261
2501.298088 568.110543 1302270263
2479.534717 567.443877 1302270265
2457.440345 566.888322 1302270267
2435.511474 566.221656 1302270269
2413.086100 565.666101 1302270271
2390.495225 564.999435 1302270273
2367.407847 564.443880 1302270275
2344.485970 564.110547 1302270277
2322.970851 563.554992 1302270279
2302.696989 562.999437 1302270281
2274.396332 562.332771 1302270284
2250.398700 562.221660 1302270288
2229.380083 562.110549 1302270292
2207.451212 561.777216 1302270295
2180.722814 561.110550 1302270298
2150.436147 560.221662 1302270301
2129.169279 559.666107 1302270303
2107.488659 558.999441 1302270305
2085.311536 558.332775 1302270307
2063.051663 557.666109 1302270309
2040.791790 557.110554 1302270311
2018.449166 556.554999 1302270313
1995.858292 555.999444 1302270315
1973.184666 555.443889 1302270317
1950.511041 554.777223 1302270319
1928.913171 554.110557 1302270321
1900.364263 553.110558 1302270324
1876.449381 552.332781 1302270327
1854.024007 551.888337 1302270332
1832.260636 551.666115 1302270360
1810.745517 551.555004 1302270364
1787.989142 551.443893 1302270367
1761.095243 551.110560 1302270370
1731.305078 550.777227 1302270373
1710.038210 550.777227 1302270375
1687.861088 550.777227 1302270377
1665.021961 550.777227 1302270379
1642.513837 550.888338 1302270381
1620.419465 550.999449 1302270383
1598.656094 551.221671 1302270385
1576.892724 551.555004 1302270387
1555.874107 551.999448 1302270389
1530.800719 552.555003 1302270392
1512.264616 561.999438 1302270396
1511.023359 586.666080 1302270400
1510.361356 611.110500 1302270403
1509.451101 639.777138 1302270406
1508.706346 660.999339 1302270408
1507.961592 682.999317 1302270410
1507.216838 705.332628 1302270412
1506.306583 727.443717 1302270414
1505.561829 748.221474 1302270416
1504.734325 772.110339 1302270419
1503.741319 792.999207 1302270424
1491.411501 810.888078 1302270448
1469.482629 808.999191 1302270452
1446.643503 806.221416 1302270455
1420.163357 804.999195 1302270458
1392.359203 804.332529 1302270461
1364.224047 804.443640 1302270464
1338.902407 804.665862 1302270467
1318.463044 804.888084 1302270471
1293.637907 804.221418 1302270484
1266.744008 800.332533 1302270488
1238.939854 795.665871 1302270491
1214.445719 798.332535 1302270494
1188.793077 799.221423 1302270497
1163.719688 798.665868 1302270500
1143.445826 798.443646 1302270503
1122.840962 800.554755 1302270516
1111.338648 820.665846 1302270521
1109.931890 841.888047 1302270524
1107.863129 868.221354 1302270527
1106.290870 894.665772 1302270530
1104.304859 919.221303 1302270533
1102.070597 940.221282 1302270536
1100.332837 966.665700 1302270540
1100.250087 987.554568 1302270543
1099.422582 1007.554548 1302270546
1098.181325 1030.887858 1302270550
1100.829340 1051.221171 1302270557
1122.096208 1056.554499 1302270562
