3028.418504 199.110912 1302295539
3047.120107 211.888677 1302295550
3070.952239 209.110902 1302295555
3080.716793 187.110924 1302295560
3067.807722 171.444273 1302295565
3047.451109 172.333161 1302295569
3022.874223 172.444272 1302295573
3001.524605 173.555382 1302295578
2993.911563 196.333137 1302295586
2995.235570 221.666445 1302295590
2995.401071 245.444199 1302295593
2994.821818 267.110844 1302295596
2995.152820 288.666378 1302295600
2995.070069 310.666356 1302295614
2994.325315 331.110780 1302295617
2994.077064 357.444087 1302295620
2993.580561 377.777400 1302295622
2992.587556 399.221823 1302295624
2991.842802 421.221801 1302295626
2991.263548 443.110668 1302295628
2990.601545 464.555091 1302295630
2990.270543 485.110626 1302295632
2989.691290 512.555043 1302295635
2988.615534 533.888355 1302295638
2987.291526 553.888335 1302295652
2969.831180 575.666091 1302295665
2944.426789 574.999425 1302295669
2920.263656 574.777203 1302295672
2896.514274 574.554981 1302295675
2875.247406 574.666092 1302295678
2851.829027 574.332759 1302295682
2831.141412 573.554982 1302295690
2807.640282 572.888316 1302295697
2786.042413 572.221650 1302295700
2759.479516 571.554984 1302295703
2739.371155 571.221651 1302295705
2718.352538 571.332762 1302295707
2697.664924 571.110540 1302295709
2676.480807 570.666096 1302295711
2654.634686 570.221652 1302295713
2631.795560 569.554986 1302295715
2607.963428 568.777209 1302295717
2583.221041 568.221654 1302295719
2557.816650 567.666099 1302295721
2532.743262 567.666099 1302295723
2507.835374 567.221655 1302295725
2482.430983 566.777211 1302295727
2456.364589 565.999434 1302295729
2429.553441 565.443879 1302295731
2402.163039 564.666102 1302295733
2374.441636 563.888325 1302295735
2347.713238 563.221659 1302295737
2322.143347 562.443882 1302295739
2298.311215 561.888327 1302295741
2276.216843 561.666105 1302295743
2251.060703 561.110550 1302295746
2227.725074 560.554995 1302295752
2207.202961 560.332773 1302295756
2184.363834 560.110551 1302295759
2156.642431 559.777218 1302295762
2126.273013 559.221663 1302295765
2104.426892 558.888330 1302295767
2081.174013 558.443886 1302295769
2057.176381 557.777220 1302295771
2032.351243 557.443887 1302295773
2007.691607 557.221665 1302295775
1983.280222 556.888332 1302295777
1958.951587 556.332777 1302295779
1934.953955 555.999444 1302295781
1911.866577 555.221667 1302295783
1890.930711 554.777223 1302295785
1863.043807 554.666112 1302295788
1841.197686 554.443890 1302295791
1820.427321 553.110558 1302295802
1795.188431 552.666114 1302295808
1772.680307 552.443892 1302295811
1744.379650 551.888337 1302295814
1723.195533 551.666115 1302295816
1702.756170 551.666115 1302295818
1682.482308 551.555004 1302295820
1662.456697 551.332782 1302295822
1632.997534 551.110560 1302295825
1605.524382 551.110560 1302295828
1585.416021 551.555004 1302295831
1560.508133 552.443892 1302295836
1534.855491 552.888336 1302295840
1513.588623 557.221665 1302295844
1510.113104 579.110532 1302295851
1509.864853 599.221623 1302295855
1509.120099 621.888267 1302295858
1508.458095 649.221573 1302295861
1508.540846 669.665997 1302295863
1508.458095 691.443753 1302295865
1508.375345 713.665953 1302295867
1507.878842 734.999265 1302295869
1507.134088 762.777015 1302295872
1507.382339 782.999217 1302295875
1504.734325 804.776973 1302295886
1480.984943 809.999190 1302295892
1460.711081 808.221414 1302295895
1440.768221 806.332527 1302295898
1420.246107 804.554751 1302295902
1401.130751 813.665853 1302295913
