3574.406024 1424.998575 1302297608
3575.730032 1399.776378 1302297620
3568.447991 1379.998620 1302297625
3546.105368 1378.554177 1302297630
3519.294219 1377.331956 1302297634
3494.551833 1376.776401 1302297637
3464.678917 1376.554179 1302297640
3444.239554 1376.109735 1302297642
3416.683652 1375.665291 1302297645
3392.851520 1375.776402 1302297648
3367.116128 1375.998624 1302297652
3346.842265 1376.776401 1302297656
3322.761882 1377.220845 1302297682
3295.950734 1378.887510 1302297686
3268.477582 1382.331951 1302297689
3247.789967 1384.998615 1302297691
3225.861096 1387.887501 1302297693
3204.594228 1390.665276 1302297695
3184.403117 1391.109720 1302297697
3156.019710 1389.665277 1302297700
3132.849582 1388.443056 1302297703
3109.431202 1386.998613 1302297708
3082.951056 1386.331947 1302297713
3057.712166 1385.776392 1302297716
3027.839251 1384.776393 1302297719
3005.827629 1383.998616 1302297721
2981.995497 1383.887505 1302297723
2957.004859 1383.665283 1302297725
2931.269466 1383.220839 1302297727
2904.872070 1382.776395 1302297729
2877.895421 1381.776396 1302297731
2850.256768 1380.998619 1302297733
2822.452614 1380.331953 1302297735
2794.482960 1379.665287 1302297737
2766.596055 1378.665288 1302297739
2739.536656 1377.665289 1302297741
2713.304761 1376.998623 1302297743
2688.065871 1376.331957 1302297745
2663.157983 1375.998624 1302297747
2639.325851 1375.554180 1302297749
2617.645231 1374.665292 1302297751
2589.427325 1373.887515 1302297754
2565.595193 1372.776405 1302297757
2544.990329 1372.887516 1302297761
2522.813207 1372.331961 1302297781
2495.257304 1371.554184 1302297785
2468.032404 1370.998629 1302297788
2447.510290 1370.554185 1302297790
2425.498668 1370.220852 1302297792
2403.156045 1369.887519 1302297794
2380.399669 1369.331964 1302297796
2357.229541 1368.887520 1302297798
2333.893912 1368.331965 1302297800
2312.627044 1367.665299 1302297802
2283.664384 1367.331966 1302297805
2262.811268 1366.998633 1302297807
2240.882397 1366.665300 1302297809
2218.126021 1366.220856 1302297811
2195.038643 1365.665301 1302297813
2171.537513 1365.443079 1302297815
2147.705382 1364.998635 1302297817
2123.707749 1364.665302 1302297819
2099.792866 1364.220858 1302297821
2075.877984 1363.665303 1302297823
2051.632100 1363.109748 1302297825
2027.220715 1362.443082 1302297827
2002.809330 1361.887527 1302297829
1978.646196 1361.998638 1302297831
1954.731314 1362.443082 1302297833
1931.064683 1362.776415 1302297835
1907.811804 1363.220859 1302297837
1885.220929 1363.665303 1302297839
1863.043807 1364.554191 1302297841
1840.949435 1365.554190 1302297843
1819.930818 1365.776412 1302297845
1790.802657 1365.109746 1302297848
1763.991509 1364.776413 1302297851
1742.476390 1363.998636 1302297854
1722.202528 1364.109747 1302297858
1699.197900 1364.998635 1302297862
1676.772526 1365.554190 1302297865
1654.595404 1364.665302 1302297868
1634.073290 1365.220857 1302297873
1610.654910 1360.443084 1302297877
1584.754017 1361.109750 1302297880
1555.129353 1359.776418 1302297883
1526.249444 1359.220863 1302297886
1504.568824 1360.887528 1302297889
1487.025727 1347.998652 1302297894
1483.550207 1326.776451 1302297898
1483.136455 1304.443140 1302297901
1484.129461 1279.665387 1302297904
1484.129461 1257.332076 1302297907
1483.136455 1234.665432 1302297912
1485.453468 1214.221008 1302297916
1489.094488 1191.332142 1302297919
1500.100299 1172.665494 1302297921
1511.106110 1153.998846 1302297923
1509.368350 1129.665537 1302297926
1506.472084 1104.887784 1302297930
1501.755308 1083.887805 1302297936
1501.258805 1061.776716 1302297940
1501.672558 1035.221187 1302297944
1501.341556 1011.665655 1302297948
