3825.967416 2126.108985 1302299811
3824.477908 2105.442339 1302299828
3823.071150 2079.775698 1302299832
3830.022188 2054.886834 1302299836
3832.504702 2032.331301 1302299839
3834.573464 2009.442435 1302299842
3833.083955 1989.220233 1302299845
3833.497708 1968.775809 1302299852
3839.538491 1949.109162 1302299880
3839.290240 1927.775850 1302299890
3824.808910 1913.220309 1302299899
3802.631787 1912.664754 1302299903
3777.806650 1914.442530 1302299906
3753.974518 1915.553640 1302299909
3733.535155 1916.775861 1302299912
3712.351038 1915.553640 1302299918
3688.932658 1913.886975 1302299940
3666.424533 1913.886975 1302299943
3637.710125 1914.553641 1302299946
3617.188011 1915.109196 1302299948
3591.369868 1915.442529 1302299951
3571.509758 1904.998095 1302299955
3567.206735 1881.331452 1302299959
3569.358246 1856.109255 1302299962
3571.592509 1830.220392 1302299965
3573.082017 1809.664857 1302299968
3572.999267 1788.998211 1302299973
3572.420013 1764.442680 1302299995
3572.833766 1742.887146 1302299998
3572.668265 1717.998282 1302300001
3572.337263 1693.109418 1302300004
3570.516753 1669.998330 1302300007
3571.509758 1647.442797 1302300010
3572.420013 1621.331712 1302300013
3572.337263 1591.887297 1302300016
3572.337263 1571.331762 1302300018
3572.585514 1548.887340 1302300020
3573.330268 1523.220699 1302300022
3573.661270 1495.998504 1302300024
3573.082017 1467.998532 1302300026
3572.751015 1444.331889 1302300028
3572.420013 1422.554133 1302300030
3572.420013 1402.331931 1302300032
3572.668265 1377.665289 1302300035
3549.249885 1370.109741 1302300042
3522.107735 1370.554185 1302300046
3497.282598 1370.665296 1302300049
3468.816440 1370.998629 1302300052
3439.853780 1371.220851 1302300055
3413.621885 1371.220851 1302300058
3388.713997 1371.665295 1302300061
3367.860882 1372.443072 1302300064
3344.028750 1373.665293 1302300068
3323.754888 1372.665294 1302300075
3298.681499 1372.998627 1302300083
3275.676872 1375.998624 1302300086
3246.714212 1379.443065 1302300089
3226.026597 1381.665285 1302300091
3205.752735 1383.887505 1302300093
3177.534829 1383.776394 1302300096
3156.516213 1382.665284 1302300099
3134.918343 1382.331951 1302300104
3109.513952 1381.331952 1302300109
3082.868305 1381.220841 1302300113
3046.375353 1380.220842 1302300117
3025.191236 1379.776398 1302300119
3002.434860 1378.776399 1302300121
2979.761235 1377.998622 1302300123
2958.246116 1377.331956 1302300125
2937.641252 1376.887512 1302300127
2917.615641 1376.443068 1302300129
2896.928026 1376.109735 1302300131
2874.916405 1375.665291 1302300133
2852.491031 1374.998625 1302300135
2830.065657 1374.443070 1302300137
2808.054035 1374.109737 1302300139
2786.373415 1373.554182 1302300141
2764.444543 1372.998627 1302300143
2741.688168 1372.443072 1302300145
2718.518039 1371.776406 1302300147
2695.844414 1371.331962 1302300149
2673.584541 1370.887518 1302300151
2652.979677 1370.331963 1302300153
2627.575286 1369.665297 1302300156
2604.074156 1368.998631 1302300160
2583.303791 1368.665298 1302300168
2558.975157 1368.443076 1302300190
2536.384282 1368.109743 1302300193
2512.717651 1367.887521 1302300196
2491.864536 1368.109743 1302300199
2469.770163 1367.776410 1302300202
2443.124516 1367.109744 1302300205
2413.830854 1366.554189 1302300208
2383.792438 1365.998634 1302300211
2363.104823 1365.998634 1302300213
2341.175952 1365.554190 1302300215
2318.336826 1365.109746 1302300217
2294.421943 1364.443080 1302300219
2270.589811 1363.665303 1302300221
2247.254182 1362.887526 1302300223
2224.663307 1362.554193 1302300225
2203.230939 1362.331971 1302300227
2182.543324 1361.998638 1302300229
2161.359207 1361.665305 1302300231
2138.851083 1361.331972 1302300233
2115.929206 1360.776417 1302300235
2093.917584 1360.109751 1302300237
2073.147219 1359.776418 1302300239
2052.376854 1359.331974 1302300241
2032.268493 1358.887530 1302300243
2003.140332 1357.998642 1302300246
1973.101916 1357.665309 1302300249
1952.248800 1357.998642 1302300251
1931.892188 1358.665308 1302300253
1903.095028 1359.554196 1302300256
1875.952878 1360.331973 1302300259
1847.983223 1360.776417 1302300262
1820.013569 1361.220861 1302300265
1793.781674 1360.998639 1302300268
1766.639523 1360.109751 1302300271
1738.504368 1359.665307 1302300274
1717.237500 1359.220863 1302300278
