2485.575501 1367.331966 1302303860
2506.180365 1367.887521 1302303881
2529.350493 1368.331965 1302303884
2558.561405 1369.109742 1302303887
2580.159274 1369.998630 1302303889
2603.246652 1370.331963 1302303891
2626.416780 1370.887518 1302303893
2649.669659 1371.109740 1302303895
2673.253539 1371.443073 1302303897
2696.506418 1371.887517 1302303899
2719.593795 1371.998628 1302303901
2742.681173 1371.665295 1302303903
2766.099553 1371.887517 1302303905
2790.097185 1371.998628 1302303907
2814.839572 1372.665294 1302303909
2839.499209 1373.443071 1302303911
2863.827843 1374.109737 1302303913
2888.321979 1374.776403 1302303915
2912.981615 1375.554180 1302303917
2938.220505 1376.443068 1302303919
2963.873147 1377.331956 1302303921
2989.194787 1377.776400 1302303923
3013.771673 1378.331955 1302303925
3037.934806 1378.887510 1302303927
3062.677193 1379.554176 1302303929
3087.667832 1380.554175 1302303931
3112.658470 1381.331952 1302303933
3137.152605 1381.220841 1302303935
3161.481240 1381.554174 1302303937
3184.237616 1382.220840 1302303939
3204.511478 1381.887507 1302303941
3229.419366 1381.220841 1302303944
3253.582500 1377.998622 1302303948
3272.780606 1371.443073 1302303975
3294.047473 1366.331967 1302303980
3305.301536 1349.220873 1302303984
3305.218785 1327.776450 1302303987
3305.384286 1301.554254 1302303990
3306.460042 1272.109839 1302303993
3307.204796 1251.109860 1302303995
3307.701299 1230.220992 1302303997
3308.611554 1200.887688 1302304000
3309.439059 1176.109935 1302304003
3310.101062 1152.887736 1302304007
3311.590570 1132.665534 1302304016
3312.087073 1109.887779 1302304042
3312.666326 1089.665577 1302304045
3314.486836 1063.776714 1302304048
3315.645343 1043.776734 1302304050
3316.390097 1021.554534 1302304052
3317.134851 998.110113 1302304054
3317.631354 973.221249 1302304056
3318.789860 947.332386 1302304058
3320.444869 922.221300 1302304060
3321.686126 899.887989 1302304062
3322.761882 874.110237 1302304065
3326.402902 853.999146 1302304092
3348.331774 844.332489 1302304099
3375.722175 845.443599 1302304103
3402.864325 848.776929 1302304106
3423.220938 850.888038 1302304108
3445.232560 852.221370 1302304110
3468.237187 853.110258 1302304112
3491.490066 853.776924 1302304114
3515.487698 854.665812 1302304116
3540.395586 856.332477 1302304118
3565.551725 858.443586 1302304120
3590.045861 859.999140 1302304122
3613.381490 860.221362 1302304124
3634.813859 860.554695 1302304126
3662.700763 860.999139 1302304129
3683.636629 860.999139 1302304132
3704.406994 862.110249 1302304142
3713.923296 879.776898 1302304147
3714.254298 901.665765 1302304150
3713.757795 929.221293 1302304153
3713.344043 950.665716 1302304155
3712.930291 972.443472 1302304157
3712.516538 994.332339 1302304159
3712.102786 1015.110096 1302304161
3711.854535 1044.110067 1302304164
3710.365027 1069.443375 1302304167
3709.703023 1089.776688 1302304170
3708.875518 1111.887777 1302304173
3708.379016 1137.443307 1302304176
3707.551511 1167.221055 1302304179
3707.137759 1188.887700 1302304181
3706.806757 1211.887677 1302304183
3706.724006 1235.887653 1302304185
3706.724006 1260.887628 1302304187
3705.813751 1286.554269 1302304189
3705.151748 1312.443132 1302304191
3704.986247 1338.998661 1302304193
3704.324243 1365.443079 1302304195
3703.662239 1390.554165 1302304197
3703.331238 1416.109695 1302304199
3702.834735 1441.665225 1302304201
3702.338232 1465.776312 1302304203
3701.924480 1489.442955 1302304205
3701.841729 1512.220710 1302304207
3701.758979 1535.109576 1302304209
3700.269471 1555.442889 1302304211
3698.779962 1578.776199 1302304214
3697.786957 1599.109512 1302304220
