2992.753057 551.666115 1302350528
2992.670306 576.888312 1302350554
2992.835807 599.554956 1302350557
2992.670306 626.999373 1302350560
2991.925552 656.110455 1302350563
2991.180798 676.221546 1302350565
2990.601545 696.888192 1302350567
2990.187792 717.888171 1302350569
2990.022291 738.888150 1302350571
2989.774040 759.443685 1302350573
2989.112036 779.776998 1302350575
2986.298521 807.665859 1302350578
2984.560761 828.332505 1302350581
3000.283348 841.443603 1302350585
3027.673750 838.888050 1302350589
3053.491893 837.665829 1302350592
3083.530309 837.665829 1302350595
3104.879927 838.332495 1302350597
3126.974299 838.999161 1302350599
3149.316923 839.665827 1302350601
3171.659546 839.776938 1302350603
3193.257416 840.110271 1302350605
3214.110531 840.443604 1302350607
3234.301643 840.554715 1302350609
3262.436798 841.221381 1302350612
3287.675688 841.888047 1302350615
3307.949550 842.665824 1302350620
3317.465853 824.776953 1302350625
3317.465853 803.665863 1302350628
3317.962356 777.332556 1302350631
3318.541609 747.110364 1302350634
3318.541609 725.554830 1302350636
3318.376108 702.999297 1302350638
3317.548603 680.443764 1302350640
3317.052101 659.221563 1302350642
3317.052101 630.110481 1302350645
3317.465853 605.221617 1302350648
3302.819022 586.777191 1302350652
3280.559149 584.999415 1302350655
3253.913501 584.554971 1302350658
3224.040586 583.888305 1302350661
3203.683973 583.777194 1302350663
3174.886814 583.110528 1302350666
3150.723680 582.221640 1302350669
3127.139800 581.666085 1302350673
3105.459180 581.443863 1302350676
3079.227285 580.666086 1302350679
3050.595627 579.666087 1302350682
3024.032730 578.888310 1302350685
3001.110853 578.332755 1302350688
2987.953530 595.110516 1302350692
2989.691290 616.443828 1302350695
2990.270543 642.110469 1302350698
2989.774040 670.443774 1302350701
2989.194787 700.443744 1302350704
2988.946535 720.888168 1302350706
2988.284532 740.888148 1302350708
2987.705279 768.665898 1302350711
2986.546772 793.776984 1302350714
2983.567756 814.665852 1302350718
2978.023475 834.332499 1302350744
2952.619085 841.554714 1302350748
2928.124949 840.443604 1302350751
2900.320795 839.443605 1302350754
2872.020139 839.110272 1302350757
2846.367497 837.332496 1302350760
2821.625110 836.332497 1302350763
2794.400209 836.332497 1302350766
2768.664817 836.221386 1302350769
2746.653195 835.776942 1302350772
2726.131082 836.110275 1302350778
2703.209205 834.443610 1302350782
2679.211572 833.221389 1302350785
2651.572919 832.888056 1302350788
2622.775760 833.332500 1302350791
2602.667399 834.665832 1302350793
2581.897034 835.221387 1302350795
2560.961168 835.443609 1302350797
2539.611550 835.332498 1302350799
2517.930930 835.221387 1302350801
2496.002058 834.110277 1302350803
2473.990437 832.999167 1302350805
2451.896064 832.110279 1302350807
2429.801692 831.332502 1302350809
2407.790070 830.776947 1302350811
2385.612948 829.554726 1302350813
2363.187574 828.776949 1302350815
2340.762200 828.665838 1302350817
2318.254075 828.332505 1302350819
2295.580450 828.332505 1302350821
2272.575822 827.999172 1302350823
2250.150448 827.999172 1302350825
2228.469828 828.110283 1302350827
2207.451212 827.776950 1302350829
2187.342851 827.665839 1302350831
2166.903488 827.665839 1302350833
2145.884871 828.888060 1302350835
2124.700754 829.110282 1302350837
2103.599388 828.888060 1302350839
2082.580771 828.999171 1302350841
2061.313904 828.554727 1302350843
2039.964286 829.554726 1302350845
2018.697418 830.776947 1302350847
1997.678802 830.332503 1302350849
1977.404939 830.443614 1302350851
1949.104283 830.221392 1302350854
1926.347907 829.776948 1302350857
1902.846777 828.888060 1302350864
1877.276885 827.665839 1302350868
1856.589271 827.554728 1302350871
1836.232658 826.221396 1302350875
