3029.990763 182.555373 1301831895
3008.227392 178.444266 1301831904
2996.476827 199.110912 1301831912
2994.242565 226.666440 1301831916
2992.587556 253.221969 1301831919
2990.684295 277.555278 1301831922
2986.960524 298.888590 1301831927
2987.374277 322.777455 1301831932
2988.036280 349.999650 1301831935
2987.622528 372.555183 1301831937
2987.622528 396.221826 1301831939
2987.291526 419.221803 1301831941
2986.629523 441.999558 1301831943
2986.215770 464.332869 1301831945
2986.215770 485.777292 1301831947
2985.967519 514.555041 1301831950
2985.140014 539.221683 1301831953
2984.726262 561.221661 1301831967
2985.305515 585.332748 1301831971
2985.388266 615.332718 1301831974
2984.891763 638.554917 1301831976
2984.064258 663.666003 1301831978
2983.650506 688.888200 1301831980
2983.154003 713.777064 1301831982
2982.492000 738.443706 1301831984
2981.912747 761.777016 1301831986
2981.416244 783.665883 1301831988
2980.174987 804.221418 1301831990
2977.857974 828.110283 1301831993
2992.422055 842.776935 1301831997
3016.585188 842.110269 1301832000
3037.107302 841.888047 1301832002
3060.029179 842.110269 1301832004
3083.944061 842.221380 1301832006
3107.858943 842.665824 1301832008
3131.194572 843.888045 1301832010
3153.950948 845.110266 1301832012
3176.459073 845.776932 1301832014
3198.553445 847.443597 1301832016
3220.316815 849.554706 1301832018
3241.004430 851.443593 1301832020
3269.967090 852.776925 1301832023
3292.971717 851.665815 1301832026
3313.493831 842.554713 1301832033
3315.728093 821.776956 1301832037
3316.141846 799.332534 1301832042
3316.803849 776.999223 1301832045
3318.045106 746.443698 1301832048
3318.458858 724.999275 1301832050
3318.458858 703.999296 1301832052
3317.879605 682.999317 1301832054
3316.059095 654.110457 1301832057
3316.059095 631.554924 1301832060
3316.721099 609.888279 1301832066
3306.873794 588.221634 1301832071
3281.717655 582.666084 1301832075
3254.658255 583.443861 1301832078
3225.033592 583.332750 1301832081
3196.567434 583.443861 1301832084
3170.997543 584.443860 1301832087
3147.661914 585.554970 1301832090
3120.602514 585.443859 1301832093
3092.467358 585.777192 1301832096
3064.497703 586.443858 1301832099
3035.617794 586.666080 1301832102
3010.461655 587.443857 1301832105
2989.691290 594.999405 1301832109
2985.967519 614.888274 1301832113
2985.222765 636.221586 1301832117
2983.981508 662.443782 1301832121
2983.402255 682.665984 1301832127
2981.912747 702.777075 1301832145
2981.167992 725.999274 1301832148
2980.423238 754.221468 1301832151
2980.009486 782.110329 1301832154
2978.106226 808.443636 1301832157
2974.878958 829.221393 1301832160
2958.080615 844.332489 1301832164
2932.593474 845.999154 1301832168
2906.692580 845.888043 1301832171
2876.074911 845.776932 1301832174
2853.649537 845.443599 1301832176
2832.630921 844.888044 1301832178
2812.274308 843.776934 1301832180
2782.815145 842.999157 1301832183
2755.341993 843.554712 1301832186
2733.413122 844.221378 1301832190
2710.408495 844.776933 1301832195
2685.004104 844.999155 1301832198
2664.730242 844.776933 1301832200
2643.049622 843.999156 1301832202
2621.369002 843.665823 1301832204
2599.026378 844.110267 1301832206
2576.849256 844.888044 1301832208
2556.327142 844.776933 1301832210
2532.246759 845.665821 1301832213
2508.414627 846.999153 1301832217
2485.741002 845.443599 1301832220
2457.936848 843.221379 1301832223
2436.504479 842.665824 1301832225
2413.168850 842.443602 1301832227
2389.419469 841.888047 1301832229
2365.752838 841.110270 1301832231
2342.086207 840.332493 1301832233
2318.171325 839.554716 1301832235
2294.339193 838.999161 1301832237
2270.176059 839.221383 1301832239
2246.095676 839.332494 1301832241
2222.842797 838.665828 1301832243
2201.658680 837.665829 1301832245
2181.467568 837.443607 1301832247
2153.828915 836.221386 1301832250
2129.169279 833.888055 1301832254
2105.916400 831.776946 1301832258
2080.594760 828.332505 1301832261
2060.569150 828.554727 1301832263
2038.971280 828.888060 1301832265
2016.628656 828.665838 1301832267
1994.617035 828.332505 1301832269
1973.763919 827.221395 1301832271
1945.132261 825.776952 1301832274
1920.638125 825.776952 1301832278
1898.543753 826.554729 1301832284
1873.884117 824.999175 1301832287
1844.342203 823.443621 1301832290
1823.737339 822.665844 1301832292
1803.711729 823.110288 1301832294
1776.073076 823.443621 1301832297
1751.744441 822.554733 1301832300
1729.650069 821.332512 1301832304
