940.376202 800.999199 1302351282
918.695582 800.554755 1302351303
896.352959 798.999201 1302351306
869.790062 796.776981 1302351309
839.751646 794.554761 1302351312
818.815780 792.888096 1302351314
797.052409 792.554763 1302351316
774.709786 791.999208 1302351318
752.036160 791.332542 1302351320
729.362535 790.888098 1302351322
706.357908 790.776987 1302351324
683.187780 790.999209 1302351326
661.010657 791.221431 1302351328
640.157541 791.332542 1302351330
611.112131 791.776986 1302351333
584.466483 792.554763 1302351336
560.799852 793.221429 1302351340
538.622730 792.443652 1302351361
511.728831 791.776986 1302351365
487.151945 790.332543 1302351368
460.340797 788.888100 1302351371
432.122891 787.554768 1302351374
404.235986 787.332546 1302351377
378.500594 787.221435 1302351380
353.261704 786.554769 1302351383
330.257077 786.443658 1302351386
306.507696 785.888103 1302351390
281.599808 784.888104 1302351397
260.912193 785.443659 1302351400
236.500808 787.110324 1302351403
213.496181 789.110322 1302351406
192.146563 791.221431 1302351411
167.735178 791.110320 1302351416
144.316798 790.221432 1302351419
120.898419 791.443653 1302351422
100.459056 791.665875 1302351426
87.715485 807.776970 1302351433
89.122243 828.999171 1302351436
88.708491 856.110255 1302351439
88.046487 876.554679 1302351441
87.301733 898.221324 1302351443
86.556979 920.332413 1302351445
85.894975 941.887947 1302351447
85.977726 962.665704 1302351449
86.474228 984.332349 1302351451
86.225977 1006.221216 1302351453
85.812225 1026.998973 1302351455
85.481223 1047.443397 1302351457
85.232972 1068.110043 1302351459
85.150221 1089.332244 1302351461
84.653718 1111.110000 1302351463
84.239966 1133.443311 1302351465
83.495212 1156.332177 1302351467
82.915959 1178.443266 1302351469
82.584957 1199.332134 1302351471
82.336706 1220.332113 1302351473
82.336706 1241.109870 1302351475
82.584957 1261.998738 1302351477
82.336706 1291.443153 1302351480
80.433445 1315.665351 1302351483
98.721296 1329.776448 1302351488
119.905413 1330.443114 1302351491
145.061553 1330.887558 1302351494
173.279459 1330.998669 1302351497
202.655871 1331.332002 1302351500
231.701282 1332.220890 1302351503
261.491447 1333.109778 1302351506
281.599808 1333.443111 1302351508
302.287422 1333.554222 1302351510
323.554290 1333.776444 1302351512
344.821158 1334.331999 1302351514
365.922524 1334.776443 1302351516
385.948135 1334.998665 1302351518
413.586788 1335.443109 1302351521
438.660177 1335.887553 1302351524
462.326808 1336.887552 1302351528
487.648448 1338.887550 1302351535
508.501563 1339.109772 1302351538
533.823203 1338.776439 1302351541
562.868614 1339.443105 1302351544
583.804480 1339.776438 1302351546
605.733351 1340.443104 1302351548
628.241476 1340.554215 1302351550
651.080602 1340.331993 1302351552
674.333481 1340.109771 1302351554
697.917361 1340.665326 1302351556
721.501241 1341.109770 1302351558
744.754120 1341.665325 1302351560
767.427746 1342.331991 1302351562
789.108366 1342.554213 1302351564
809.382228 1342.776435 1302351566
837.931136 1342.887546 1302351569
861.597767 1341.998658 1302351572
879.058113 1327.332006 1302351576
880.464871 1304.109807 1302351579
882.037130 1277.887611 1302351582
883.857640 1245.109866 1302351586
884.850645 1224.887664 1302351590
886.753906 1199.998800 1302351609
887.498660 1176.887712 1302351612
888.657166 1149.776628 1302351615
890.477676 1129.776648 1302351617
892.049935 1109.776668 1302351619
893.042941 1083.776694 1302351622
897.925218 1061.110050 1302351626
922.253852 1052.221170 1302351630
945.175729 1048.443396 1302351633
971.159373 1050.110061 1302351636
998.880776 1051.110060 1302351639
1026.933181 1051.776726 1302351642
1053.165076 1052.998947 1302351645
1076.748957 1053.998946 1302351648
1096.526316 1057.332276 1302351653
1121.516954 1048.665618 1302351658
1144.852584 1049.332284 1302351661
1171.415481 1050.110061 1302351664
1199.633387 1050.332283 1302351667
1229.423551 1050.554505 1302351670
1250.359417 1050.665616 1302351672
1271.543534 1051.332282 1302351674
1292.148398 1052.776725 1302351676
1312.256760 1053.110058 1302351678
1332.530622 1053.443391 1302351680
1352.887234 1055.332278 1302351682
1373.078346 1056.776721 1302351684
1401.296252 1059.221163 1302351687
1428.934905 1061.332272 1302351690
1454.504797 1061.443383 1302351693
1477.509424 1064.443380 1302351697
1494.638769 1053.221169 1302351704
1495.549024 1032.776745 1302351707
1497.369534 1007.776770 1302351710
1499.272794 979.776798 1302351713
1500.514051 959.665707 1302351715
1501.589807 929.887959 1302351718
1502.251811 901.443543 1302351721
1503.493068 875.443569 1302351724
1504.899825 849.999150 1302351727
1505.727330 826.110285 1302351731
1517.312394 809.776968 1302351737
1542.385783 809.554746 1302351741
1566.052414 811.554744 1302351744
1591.291303 808.221414 1302351747
1620.005712 809.443635 1302351750
1647.644365 810.110301 1302351753
1672.055750 809.665857 1302351756
1692.329612 809.221413 1302351762
