2806.647277 572.332761 1302713030
2781.242886 571.666095 1302713035
2761.217276 570.999429 1302713037
2736.888641 570.443874 1302713039
2709.911992 569.666097 1302713041
2681.776836 568.221654 1302713043
2652.648675 566.888322 1302713045
2622.941261 566.332767 1302713047
2594.226852 566.443878 1302713049
2567.498454 565.554990 1302713051
2546.148836 564.443880 1302713053
2525.709473 566.443878 1302713056
2521.406449 588.999411 1302713062
2521.323698 612.666054 1302713065
2520.082442 634.221588 1302713067
2519.089436 658.777119 1302713069
2518.096431 685.221537 1302713071
2517.268926 712.332621 1302713073
2517.020675 739.777038 1302713075
2516.772423 766.443678 1302713077
2516.937924 791.554764 1302713079
2516.772423 813.776964 1302713081
2515.944919 840.554715 1302713084
2513.627906 863.221359 1302713096
2511.724645 885.332448 1302713099
2511.145392 906.554649 1302713101
2510.648889 929.443515 1302713103
2510.069636 955.110156 1302713105
2509.738634 981.110130 1302713107
2509.159381 1008.443436 1302713109
2508.828379 1036.887852 1302713111
2507.256121 1063.443381 1302713113
2506.842368 1087.998912 1302713115
2507.669873 1109.221113 1302713117
2509.159381 1134.221088 1302713120
2511.145392 1155.554400 1302713124
2512.221148 1179.443265 1302713127
2512.221148 1200.554355 1302713129
2513.296904 1224.220998 1302713131
2514.538161 1249.665417 1302713133
2514.207159 1275.332058 1302713135
2514.041658 1300.332033 1302713137
2514.289910 1323.665343 1302713139
2514.455410 1345.220877 1302713141
2521.902952 1367.998632 1302713144
2541.597561 1373.887515 1302713147
2572.297980 1373.554182 1302713150
2598.281624 1373.554182 1302713152
2626.665031 1374.554181 1302713154
2656.703447 1375.220847 1302713156
2686.907365 1375.220847 1302713158
2717.442283 1375.220847 1302713160
2747.894452 1375.331958 1302713162
2777.932868 1375.554180 1302713164
2806.647277 1375.554180 1302713166
2833.541176 1375.443069 1302713168
2857.787060 1374.776403 1302713170
2885.342962 1371.998628 1302713173
2906.196078 1370.109741 1302713191
2933.338228 1371.887517 1302713195
2964.204149 1373.443071 1302713198
2987.953530 1373.998626 1302713200
3012.033913 1374.331959 1302713202
3035.866045 1373.887515 1302713204
3058.456920 1373.776404 1302713206
3086.178323 1373.665293 1302713209
3108.107195 1373.998626 1302713213
3131.194572 1373.776404 1302713224
3159.743480 1374.887514 1302713227
3183.575612 1377.220845 1302713229
3209.476506 1377.776400 1302713231
3235.542900 1376.220846 1302713233
3260.616288 1372.443072 1302713235
3283.124413 1366.998633 1302713237
3307.287547 1357.109754 1302713240
3315.976345 1332.776445 1302713243
3315.893594 1311.887577 1302713245
3314.817838 1287.554268 1302713247
3312.500825 1260.109851 1302713249
3309.935561 1231.109880 1302713251
3308.363303 1202.109909 1302713253
3305.963539 1173.443271 1302713255
3302.405270 1149.332184 1302713257
3299.922756 1123.443321 1302713260
3302.819022 1103.443341 1302713271
3311.342319 1082.332251 1302713274
3319.948367 1056.887832 1302713277
3329.795671 1029.776748 1302713280
3334.015944 1008.332325 1302713282
3336.250207 985.887903 1302713284
3335.670954 963.887925 1302713286
3334.015944 941.221281 1302713288
3331.616181 918.332415 1302713290
3327.975161 891.332442 1302713293
3325.492647 869.332464 1302713296
3342.952994 853.776924 1302713300
3364.550863 855.332478 1302713302
3386.065982 857.332476 1302713304
3413.456384 858.665808 1302713307
3434.971503 857.110254 1302713312
