1693.157117 806.221416 1302355044
1713.761981 807.999192 1302355059
1734.532346 809.776968 1302355062
1756.212966 811.554744 1302355065
1778.059087 812.443632 1302355068
1800.318960 810.776967 1302355071
1825.061347 812.221410 1302355074
1850.548488 814.443630 1302355077
1875.373625 814.888074 1302355080
1898.130001 815.888073 1302355084
1922.127634 819.776958 1302355093
1943.477252 820.221402 1302355096
1968.716141 820.332513 1302355099
1996.189293 821.776956 1302355102
2024.738201 822.554733 1302355105
2051.880351 823.776954 1302355108
2075.298731 824.221398 1302355111
2095.324342 823.776954 1302355118
2120.066729 824.443620 1302355123
2142.492103 825.554730 1302355126
2169.137750 826.443618 1302355129
2197.934909 827.110284 1302355132
2228.138827 828.332505 1302355135
2249.157443 828.776949 1302355137
2270.838063 829.221393 1302355139
2292.932435 829.332504 1302355141
2315.357809 829.665837 1302355143
2338.196935 829.554726 1302355145
2361.201563 829.110282 1302355147
2384.454441 829.332504 1302355149
2407.376318 830.221392 1302355151
2429.884443 831.110280 1302355153
2451.151310 832.221390 1302355155
2471.176921 833.221389 1302355157
2497.491567 834.443610 1302355160
2518.344682 837.554718 1302355164
2520.496194 859.776918 1302355172
2516.606922 883.999116 1302355176
2515.531166 910.221312 1302355179
2514.207159 938.554617 1302355182
2514.041658 959.110152 1302355184
2513.876157 980.110131 1302355186
2513.545155 1001.443443 1302355188
2513.462405 1022.776755 1302355190
2513.710656 1043.776734 1302355192
2514.289910 1063.887825 1302355194
2514.620911 1092.221130 1302355197
2515.531166 1116.887772 1302355200
2515.613917 1138.776639 1302355208
2516.606922 1160.887728 1302355212
2517.517177 1183.443261 1302355215
2518.096431 1209.665457 1302355218
2518.758434 1236.776541 1302355221
2519.585939 1264.220958 1302355224
2519.337688 1289.998710 1302355227
2518.261932 1313.220909 1302355230
2517.765429 1333.443111 1302355233
2516.193170 1354.331979 1302355239
2532.577761 1367.776410 1302355244
2553.099874 1367.665299 1302355247
2579.331769 1369.331964 1302355250
2608.625431 1371.443073 1302355253
2628.733793 1372.220850 1302355255
2658.523958 1373.109738 1302355258
2678.880570 1373.443071 1302355260
2699.485434 1373.887515 1302355262
2720.173049 1373.998626 1302355264
2740.529661 1373.665293 1302355266
2769.244070 1373.665293 1302355269
2796.055218 1374.109737 1302355272
2820.218352 1374.776403 1302355275
2840.905966 1375.443069 1302355278
2863.579592 1375.776402 1302355282
2885.673964 1375.665291 1302355291
2911.492107 1376.665290 1302355296
2934.496734 1376.665290 1302355299
2961.142382 1377.109734 1302355302
2989.608539 1377.443067 1302355305
3018.157447 1377.776400 1302355308
3047.782111 1378.554177 1302355311
3067.807722 1379.109732 1302355313
3088.164334 1379.665287 1302355315
3109.182951 1380.331953 1302355317
3129.705064 1381.109730 1302355319
3149.978926 1381.331952 1302355321
3178.858836 1381.776396 1302355324
3207.159493 1382.220840 1302355327
3234.963647 1378.776399 1302355330
3261.195542 1375.887513 1302355333
3284.531171 1372.220850 1302355336
3306.873794 1360.443084 1302355340
3310.597565 1340.665326 1302355343
3310.680315 1316.109795 1302355346
3310.845816 1287.776490 1302355349
3310.845816 1267.443177 1302355351
3311.259569 1246.554309 1302355353
3311.756071 1225.443219 1302355355
3312.335325 1204.554351 1302355357
3312.997328 1184.109927 1302355359
3313.907583 1163.998836 1302355361
3314.486836 1134.887754 1302355364
3314.652337 1105.776672 1302355367
3314.735088 1076.665590 1302355370
3315.148840 1047.887841 1302355373
3315.479842 1019.443425 1302355376
3316.307347 991.999008 1302355379
3316.803849 965.110146 1302355382
3317.465853 938.887950 1302355385
3317.879605 915.110196 1302355388
3318.210607 891.110220 1302355392
3316.803849 868.332465 1302355402
3316.969350 842.888046 1302355406
3317.548603 818.999181 1302355409
3318.210607 793.665873 1302355412
3319.203613 767.332566 1302355415
3319.948367 738.999261 1302355418
3319.865616 711.221511 1302355421
3318.127857 684.332649 1302355424
3316.472847 659.666007 1302355427
3315.893594 637.666029 1302355431
