3317.217602 622.999377 1302355770
3318.210607 601.777176 1302355774
3308.280552 581.554974 1302355778
3282.958912 579.221643 1302355782
3259.871534 578.888310 1302355785
3233.722390 578.777199 1302355788
3204.676979 578.888310 1302355791
3175.714319 578.554977 1302355794
3149.896176 578.554977 1302355797
3128.877560 578.777199 1302355803
3104.548925 578.999421 1302355808
3080.799544 579.332754 1302355811
3053.326392 579.666087 1302355814
3025.935990 579.332754 1302355817
3003.262365 578.888310 1302355820
2989.443038 595.888293 1302355825
2989.360288 623.110488 1302355829
2988.863785 647.666019 1302355832
2987.953530 673.443771 1302355835
2987.208776 698.999301 1302355838
2986.712273 724.443720 1302355841
2985.967519 750.332583 1302355844
2985.388266 774.554781 1302355847
2983.898758 795.776982 1302355850
2982.740251 816.332517 1302355854
2977.278721 836.776941 1302355865
2956.591106 840.888048 1302355869
2934.496734 839.665827 1302355872
2908.513091 838.332495 1302355875
2879.964183 837.888051 1302355878
2850.587770 837.221385 1302355881
2822.204363 836.999163 1302355884
2795.227714 836.443608 1302355887
2769.575072 836.221386 1302355890
2748.804707 835.888053 1302355893
2725.138076 835.776942 1302355900
2701.636946 835.665831 1302355904
2678.632319 835.665831 1302355907
2652.979677 835.110276 1302355910
2626.913283 834.554721 1302355913
2600.764138 833.888055 1302355916
2576.435503 833.443611 1302355919
2555.085885 834.110277 1302355922
2527.860985 834.332499 1302355926
2504.028853 833.999166 1302355929
2477.548706 832.888056 1302355932
2450.158305 832.110279 1302355935
2422.933404 831.776946 1302355938
2395.377502 831.999168 1302355941
2366.663093 831.443613 1302355944
2337.121179 830.888058 1302355947
2307.496516 830.332503 1302355950
2277.623600 829.665837 1302355953
2249.074692 828.221394 1302355956
2221.601540 827.665839 1302355959
2195.038643 827.554728 1302355962
2168.889499 827.221395 1302355965
2143.816110 826.999173 1302355968
2117.584215 826.776951 1302355971
2090.193813 825.776952 1302355974
2062.224159 824.443620 1302355977
2033.923502 823.554732 1302355980
2005.043592 822.665844 1302355983
1977.073938 822.221400 1302355986
1951.173044 821.332512 1302355989
1930.816432 820.443624 1302355992
1905.660293 820.888068 1302355999
1885.469181 820.332513 1302356002
1860.892295 819.443625 1302356005
1834.412148 818.332515 1302356008
1807.518250 817.332516 1302356011
1781.865608 817.221405 1302356014
1758.364478 817.776960 1302356017
1736.187355 817.443627 1302356021
1712.934476 817.221405 1302356041
1692.164111 816.554739 1302356044
1666.759721 815.999184 1302356047
1638.955567 814.443630 1302356050
1609.744655 813.554742 1302356053
1580.864746 811.999188 1302356056
1554.136348 812.332521 1302356059
1531.048970 812.665854 1302356062
1508.209844 812.665854 1302356070
1483.963960 811.888077 1302356074
1459.800826 810.554745 1302356077
1433.486180 809.110302 1302356080
1405.930278 807.554748 1302356083
1377.464120 807.665859 1302356086
1351.066724 809.110302 1302356089
1330.296359 809.999190 1302356092
1310.187998 807.776970 1302356108
1286.604118 806.554749 1302356113
1266.495757 807.554748 1302356116
1240.677614 806.665860 1302356119
1212.956210 806.221416 1302356122
1186.889816 805.554750 1302356125
1162.892183 803.776974 1302356128
1139.887556 801.999198 1302356132
1119.282692 803.110308 1302356138
1093.133547 801.888087 1302356142
1068.804913 801.443643 1302356145
1042.076515 800.665866 1302356148
1012.865603 799.888089 1302356151
983.240939 798.999201 1302356154
955.105784 798.221424 1302356157
931.852905 796.999203 1302356161
