1608.337898 814.554741 1302358147
1587.650283 813.221409 1302358151
1561.914891 812.110299 1302358155
1536.758752 811.665855 1302358159
1515.822886 811.554744 1302358164
1493.645763 810.999189 1302358170
1473.454651 809.999190 1302358173
1449.953521 809.332524 1302358176
1422.976872 808.110303 1302358179
1393.434959 807.332526 1302358182
1364.968801 807.888081 1302358185
1338.323154 806.888082 1302358188
1318.214793 806.999193 1302358191
1293.803408 806.665860 1302358198
1272.784791 804.665862 1302358202
1248.704408 801.888087 1302358205
1222.638014 801.110310 1302358208
1195.495864 800.665866 1302358211
1170.339725 800.776977 1302358214
1148.245352 800.888088 1302358217
1126.895734 803.999196 1302358221
1102.484349 803.665863 1302358228
1080.389977 802.665864 1302358231
1054.902836 801.776976 1302358234
1028.588190 800.888088 1302358237
1001.446040 800.221422 1302358240
973.807387 799.776978 1302358243
946.251485 798.999201 1302358246
917.868078 798.110313 1302358249
888.739917 796.888092 1302358252
868.631555 795.999204 1302358254
848.274943 795.554760 1302358256
827.504578 794.999205 1302358258
806.403211 794.221428 1302358260
784.970843 794.110317 1302358262
763.041971 793.888095 1302358264
741.278601 793.665873 1302358266
719.846232 793.110318 1302358268
698.827616 792.443652 1302358270
677.643499 791.888097 1302358272
656.790384 791.443653 1302358274
627.165720 791.110320 1302358277
599.361566 790.999209 1302358280
574.288177 791.443653 1302358283
552.193805 792.776985 1302358287
526.292912 792.332541 1302358292
503.950288 791.332542 1302358295
478.545897 790.221432 1302358298
449.665988 788.665878 1302358301
429.226625 787.776990 1302358303
408.539010 786.554769 1302358305
388.265148 785.999214 1302358307
368.156787 785.443659 1302358309
340.021631 785.776992 1302358312
316.934253 788.665878 1302358316
293.846876 786.665880 1302358333
271.504252 784.665882 1302358337
247.341118 783.776994 1302358340
222.598731 783.221439 1302358343
198.766600 781.110330 1302358347
173.196708 780.999219 1302358354
151.847090 780.221442 1302358357
128.925213 780.999219 1302358360
108.154848 780.110331 1302358363
89.784247 788.332545 1302358367
89.370494 808.665858 1302358372
88.542990 830.665836 1302358376
87.798236 855.110256 1302358379
87.136232 883.332450 1302358382
86.556979 913.110198 1302358385
86.143227 941.776836 1302358388
85.563973 968.332365 1302358391
85.563973 995.999004 1302358394
85.563973 1025.110086 1302358397
85.067471 1054.554501 1302358400
84.653718 1074.776703 1302358402
84.157216 1095.332238 1302358404
83.412461 1116.332217 1302358406
82.750458 1137.443307 1302358408
82.253955 1158.554397 1302358410
81.674702 1179.665487 1302358412
81.426450 1200.109911 1302358414
80.929948 1228.998771 1302358417
80.433445 1255.220967 1302358420
80.019693 1278.665388 1302358423
79.440439 1299.332034 1302358441
85.729474 1322.332011 1302358447
109.478856 1325.332008 1302358451
132.152481 1326.220896 1302358454
158.053374 1326.443118 1302358457
185.443776 1326.887562 1302358460
212.751427 1327.443117 1302358463
239.810827 1328.887560 1302358466
268.276984 1329.554226 1302358469
288.716347 1329.109782 1302358471
309.155710 1329.220893 1302358473
330.091576 1329.665337 1302358475
350.530939 1330.554225 1302358477
370.970302 1331.443113 1302358479
391.161414 1331.887557 1302358481
419.958573 1332.332001 1302358484
446.107718 1332.887556 1302358487
469.360597 1333.220889 1302358491
490.875716 1332.665334 1302358497
512.887337 1331.887557 1302358500
539.532985 1332.887556 1302358503
568.661146 1334.220888 1302358506
589.017759 1334.665332 1302358508
609.788123 1335.220887 1302358510
630.475738 1335.665331 1302358512
651.577105 1336.109775 1302358514
673.009473 1336.443108 1302358516
694.855594 1336.776441 1302358518
716.618964 1337.665329 1302358520
738.465085 1338.220884 1302358522
760.311206 1338.887550 1302358524
781.578074 1339.665327 1302358526
801.603685 1340.554215 1302358528
829.490589 1340.887548 1302358531
852.164214 1338.220884 1302358534
875.830845 1335.998664 1302358542
884.685144 1313.998686 1302358546
885.512649 1290.332043 1302358549
886.505654 1262.443182 1302358552
887.084908 1242.332091 1302358554
887.415909 1221.221001 1302358556
887.664161 1199.221023 1302358558
888.077913 1176.665490 1302358560
888.822667 1154.332179 1302358562
890.477676 1132.998867 1302358564
892.215436 1112.554443 1302358566
893.456693 1084.443360 1302358569
900.076729 1061.776716 1302358573
925.150118 1057.443387 1302358577
948.568498 1057.776720 1302358580
971.490374 1057.332276 1302358583
992.839993 1058.221164 1302358587
1015.513618 1063.110048 1302358610
1037.276988 1064.554491 1302358613
1062.102126 1065.332268 1302358616
1084.527500 1065.554490 1302358619
1108.525133 1065.554490 1302358626
1132.440015 1066.554489 1302358630
1157.016901 1067.887821 1302358633
1185.483058 1068.887820 1302358636
1215.273223 1069.554486 1302358639
1244.401384 1070.332263 1302358642
1273.281294 1071.110040 1302358645
1303.319710 1070.887818 1302358648
1332.199620 1071.221151 1302358651
1360.914029 1072.443372 1302358654
1389.214685 1073.443371 1302358657
1417.432592 1072.998927 1302358660
1443.664487 1072.887816 1302358663
1467.331118 1073.443371 1302358666
1488.101482 1074.110037 1302358670
1500.183049 1053.887835 1302358677
1501.258805 1026.554529 1302358681
1502.582813 1001.332332 1302358684
1504.237822 973.999026 1302358687
1504.568824 945.221277 1302358690
1504.817075 925.221297 1302358692
1504.817075 896.332437 1302358695
1504.568824 868.332465 1302358698
1504.403323 843.332490 1302358701
