1314.904774 812.110299 1302359887
1293.141404 810.443634 1302359892
1273.198544 811.999188 1302359895
1246.635647 812.554743 1302359898
1219.079744 812.332521 1302359901
1190.696337 812.221410 1302359904
1164.712693 812.110299 1302359907
1143.528576 811.443633 1302359910
1122.923712 808.776969 1302359916
1095.864313 807.443637 1302359920
1069.466917 806.665860 1302359923
1049.441306 806.332527 1302359925
1028.008937 805.999194 1302359927
1005.749064 805.332528 1302359929
983.820193 804.776973 1302359931
962.056822 803.888085 1302359933
940.127951 803.332530 1302359935
917.206074 802.776975 1302359937
894.366948 801.888087 1302359939
872.769078 800.999199 1302359941
851.419460 800.332533 1302359943
829.738840 799.999200 1302359945
807.396217 799.888089 1302359947
784.474340 799.554756 1302359949
761.055960 798.999201 1302359951
737.803082 798.554757 1302359953
714.798454 798.110313 1302359955
691.959328 797.776980 1302359957
669.202952 797.443647 1302359959
646.943079 796.999203 1302359961
625.676211 796.221426 1302359963
605.485100 796.332537 1302359965
575.694935 796.443648 1302359968
555.255572 796.665870 1302359970
534.567957 796.776981 1302359972
513.466591 796.776981 1302359974
491.868721 795.888093 1302359976
469.608848 794.665872 1302359978
447.017973 793.554762 1302359980
423.930595 792.665874 1302359982
401.422471 791.888097 1302359984
380.072853 791.554764 1302359986
359.550739 790.999209 1302359988
330.836330 790.443654 1302359991
310.148716 790.110321 1302359994
288.716347 789.332544 1302360000
261.325946 788.776989 1302360004
236.583559 787.999212 1302360007
214.323686 787.443657 1302360010
191.484559 787.665879 1302360016
166.493921 787.110324 1302360020
142.992791 786.554769 1302360023
121.312171 785.776992 1302360026
99.714302 786.332547 1302360044
93.590768 805.665861 1302360049
91.853008 830.776947 1302360074
90.942753 852.332481 1302360077
90.197999 879.554676 1302360080
89.535995 900.332433 1302360082
89.122243 921.443523 1302360084
88.625740 941.999058 1302360086
88.129238 962.110149 1302360088
87.384483 991.665675 1302360091
86.887981 1012.110099 1302360093
86.639729 1034.221188 1302360095
86.143227 1056.998943 1302360097
85.150221 1079.887809 1302360099
83.991715 1103.221119 1302360101
83.329711 1125.998874 1302360103
82.915959 1148.665518 1302360105
82.088454 1171.332162 1302360107
81.840203 1192.887696 1302360109
81.343700 1214.109897 1302360111
81.260950 1234.443210 1302360113
81.012698 1262.332071 1302360116
80.681696 1285.887603 1302360119
79.192188 1307.665359 1302360144
91.522006 1326.998673 1302360149
113.037125 1330.443114 1302360152
138.110514 1332.220890 1302360155
166.742172 1333.776444 1302360158
187.016035 1334.665332 1302360160
207.951900 1335.665331 1302360162
228.805016 1336.220886 1302360164
249.823632 1336.665330 1302360166
271.338751 1336.776441 1302360168
293.350373 1336.665330 1302360170
315.775747 1336.443108 1302360172
338.201121 1336.776441 1302360174
360.543745 1337.443107 1302360176
383.300120 1337.665329 1302360178
405.642744 1338.109773 1302360180
426.744111 1338.331995 1302360182
454.879266 1338.443106 1302360185
475.070378 1338.998661 1302360190
501.385024 1339.331994 1302360195
525.465407 1339.998660 1302360198
553.517812 1340.776437 1302360201
574.039926 1341.220881 1302360203
595.803296 1341.443103 1302360205
618.642422 1341.998658 1302360207
642.226303 1342.554213 1302360209
666.720438 1342.998657 1302360211
691.545576 1343.665323 1302360213
716.205212 1344.109767 1302360215
740.616597 1344.554211 1302360217
764.117727 1344.998655 1302360219
786.625852 1345.554210 1302360221
808.223721 1345.887543 1302360223
828.580334 1345.998654 1302360225
852.660717 1342.665324 1302360228
875.086091 1338.554217 1302360241
881.871629 1313.554242 1302360245
883.361137 1287.443157 1302360248
883.940390 1266.776511 1302360250
884.685144 1239.443205 1302360253
