922.502103 796.110315 1302361796
896.435709 796.554759 1302361804
873.017330 795.443649 1302361807
844.716673 794.443650 1302361810
824.194560 793.665873 1302361812
802.513940 792.999207 1302361814
780.171316 792.443652 1302361816
757.249439 791.776986 1302361818
733.996561 791.221431 1302361820
710.660932 789.776988 1302361822
687.242552 788.554767 1302361824
664.072424 787.221435 1302361826
641.481549 786.554769 1302361828
619.883679 785.999214 1302361830
599.030564 785.776992 1302361832
570.316155 787.221435 1302361835
548.221783 788.221434 1302361838
527.037666 789.443655 1302361859
500.309268 789.999210 1302361863
473.167118 788.776989 1302361866
452.645004 788.110323 1302361868
431.047135 787.443657 1302361870
409.201014 786.665880 1302361872
387.768645 785.776992 1302361874
367.163781 784.999215 1302361876
338.118371 784.110327 1302361879
313.955237 783.665883 1302361882
291.529863 784.443660 1302361889
268.276984 784.221438 1302361893
244.527603 783.665883 1302361896
220.943722 783.221439 1302361899
200.918112 782.332551 1302361903
178.823739 781.999218 1302361909
152.922846 781.443663 1302361913
130.828474 781.110330 1302361916
110.554612 781.332552 1302361919
91.108254 788.888100 1302361927
90.197999 812.332521 1302361945
89.039493 840.110271 1302361949
88.625740 868.332465 1302361952
87.963737 897.332436 1302361955
87.467234 917.332416 1302361957
87.136232 937.443507 1302361959
86.474228 965.887923 1302361962
86.060476 993.110118 1302361965
85.977726 1021.665645 1302361968
85.563973 1042.221180 1302361970
85.067471 1064.110047 1302361972
84.736469 1086.887802 1302361974
84.157216 1110.110001 1302361976
83.743463 1133.443311 1302361978
83.164210 1157.554398 1302361980
82.667707 1180.443264 1302361982
82.336706 1202.443242 1302361984
82.088454 1223.554332 1302361986
82.005704 1243.665423 1302361988
81.840203 1271.554284 1302361991
81.674702 1294.776483 1302361994
81.260950 1315.776462 1302362013
101.121059 1328.776449 1302362018
122.553428 1329.443115 1302362021
148.454321 1330.665336 1302362024
176.341226 1332.776445 1302362027
204.310880 1333.220889 1302362030
233.604542 1333.554222 1302362033
254.292157 1333.332000 1302362035
276.386529 1331.109780 1302362037
298.480901 1331.109780 1302362039
321.154527 1331.443113 1302362041
343.993653 1331.443113 1302362043
366.667278 1331.665335 1302362045
389.092653 1331.554224 1302362047
410.525021 1331.776446 1302362049
430.964384 1331.332002 1302362051
456.120523 1331.554224 1302362054
477.635642 1332.443112 1302362060
500.888521 1332.220890 1302362064
525.548157 1332.554223 1302362067
553.683313 1332.998667 1302362070
573.874425 1333.220889 1302362072
595.058542 1333.220889 1302362074
616.987413 1333.776444 1302362076
639.330037 1334.109777 1302362078
662.086413 1333.776444 1302362080
685.008290 1333.998666 1302362082
708.095667 1334.220888 1302362084
731.100295 1334.887554 1302362086
753.360168 1335.776442 1302362088
775.454540 1336.220886 1302362090
796.555907 1336.665330 1302362092
826.097820 1336.443108 1302362095
849.516200 1334.331999 1302362098
871.610572 1331.776446 1302362115
880.547621 1312.109799 1302362119
882.285381 1287.887601 1302362122
883.774889 1258.665408 1302362125
884.519643 1237.332096 1302362127
885.098897 1214.887674 1302362129
886.009152 1191.887697 1302362131
887.002157 1168.332165 1302362133
887.746911 1144.998855 1302362135
889.567421 1122.443322 1302362137
891.636183 1101.110010 1302362139
892.711939 1075.332258 1302362142
906.283014 1056.332277 1302362147
927.467131 1055.887833 1302362150
950.306257 1055.332278 1302362153
971.821376 1055.776722 1302362156
994.495002 1055.998944 1302362171
1016.754875 1056.443388 1302362175
1041.083509 1057.998942 1302362178
1066.074148 1058.776719 1302362181
1089.823529 1059.776718 1302362185
1111.669650 1063.776714 1302362192
1133.764022 1063.998936 1302362195
1161.237174 1064.998935 1302362198
1189.951583 1065.776712 1302362201
1210.308196 1066.776711 1302362203
1231.161311 1067.443377 1302362205
1252.262678 1068.443376 1302362207
1273.612296 1068.221154 1302362209
1295.292916 1066.443378 1302362211
1316.642534 1065.776712 1302362213
1337.909402 1065.998934 1302362215
1359.259020 1066.332267 1302362217
1380.360386 1065.110046 1302362219
1401.048001 1064.554491 1302362221
1421.239113 1063.776714 1302362223
1450.119022 1065.443379 1302362226
1473.785653 1066.443378 1302362229
1494.059515 1060.332273 1302362235
1496.128277 1037.221185 1302362239
1497.369534 1014.110097 1302362242
1497.617785 993.665673 1302362244
1499.852047 972.554583 1302362246
1501.258805 952.221270 1302362248
1501.755308 930.999069 1302362250
1501.755308 909.332424 1302362252
1501.507057 888.221334 1302362254
1501.507057 867.888021 1302362256
1501.920809 839.999160 1302362259
1502.251811 819.888069 1302362262
1517.477895 802.332531 1302362270
1537.503506 803.110308 1302362273
1562.328643 805.665861 1302362276
1588.891540 805.888083 1302362279
1616.612943 806.110305 1302362282
1644.830850 806.554749 1302362285
1669.986989 806.332527 1302362288
1691.667609 806.999193 1302362293
