923.246858 794.554761 1302363252
902.641994 795.332538 1302363273
880.051119 795.443649 1302363276
852.412466 795.443649 1302363279
832.304104 794.999205 1302363281
811.037237 794.443650 1302363283
788.694613 794.110317 1302363285
765.607236 793.665873 1302363287
742.023355 793.332540 1302363289
718.604975 792.999207 1302363291
695.517598 792.888096 1302363293
672.678471 791.888097 1302363295
650.170347 791.776986 1302363297
627.744973 792.110319 1302363299
605.650601 791.999208 1302363301
584.383733 792.110319 1302363303
558.482840 792.554763 1302363306
537.298722 792.443652 1302363329
516.445607 792.332541 1302363333
492.116972 791.999208 1302363336
462.823310 790.443654 1302363339
441.556443 789.443655 1302363341
419.710322 788.443656 1302363343
398.360704 787.999212 1302363345
378.004091 787.332546 1302363347
349.041431 786.888102 1302363350
323.471540 787.110324 1302363353
301.459918 785.999214 1302363357
275.724525 785.443659 1302363364
253.712904 785.554770 1302363367
229.549770 785.110326 1302363370
208.531154 784.221438 1302363373
185.278275 783.665883 1302363380
160.039385 782.999217 1302363384
136.621006 782.888106 1302363387
114.857635 783.443661 1302363390
93.094265 785.110326 1302363412
87.798236 806.221416 1302363416
87.218983 828.776949 1302363419
86.308727 856.999143 1302363422
85.894975 877.332456 1302363424
85.894975 898.332435 1302363426
86.639729 920.221302 1302363428
87.384483 943.554612 1302363430
87.467234 966.554589 1302363432
87.301733 989.554566 1302363434
87.218983 1012.443432 1302363436
86.887981 1036.110075 1302363438
86.474228 1059.554496 1302363440
85.977726 1083.332250 1302363442
85.398472 1106.998893 1302363444
84.736469 1130.554425 1302363446
84.074465 1154.332179 1302363448
83.495212 1177.887711 1302363450
83.329711 1200.776577 1302363452
83.164210 1222.332111 1302363454
82.915959 1242.332091 1302363456
82.833208 1269.887619 1302363459
82.419456 1294.998705 1302363462
81.840203 1316.776461 1302363465
102.196815 1330.998669 1302363470
123.463683 1329.554226 1302363473
149.281826 1328.665338 1302363476
177.913484 1328.554227 1302363479
208.034651 1328.220894 1302363482
228.639515 1328.109783 1302363484
249.658131 1328.554227 1302363486
271.504252 1328.887560 1302363488
293.681375 1329.109782 1302363490
316.189499 1329.443115 1302363492
338.780374 1329.443115 1302363494
361.288499 1329.776448 1302363496
383.713873 1330.109781 1302363498
405.311742 1330.665336 1302363500
425.751105 1331.109780 1302363502
453.058756 1331.554224 1302363505
473.084367 1331.776446 1302363510
497.247501 1332.665334 1302363515
521.079633 1333.109778 1302363518
548.387284 1333.443111 1302363521
577.432694 1333.998666 1302363524
597.706557 1334.443110 1302363526
618.394171 1334.998665 1302363528
639.495538 1335.443109 1302363530
661.093407 1335.998664 1302363532
683.187780 1336.665330 1302363534
705.116651 1337.220885 1302363536
727.211023 1337.776440 1302363538
749.222645 1338.331995 1302363540
770.903265 1339.109772 1302363542
791.590879 1339.443105 1302363544
820.470789 1339.998660 1302363547
845.957930 1337.998662 1302363550
866.231792 1336.998663 1302363557
882.781884 1319.220903 1302363566
884.354142 1293.220929 1302363570
885.347148 1270.776507 1302363574
886.505654 1248.332085 1302363584
887.498660 1220.998779 1302363588
888.243414 1194.109917 1302363591
888.657166 1173.665493 1302363593
889.319170 1151.887737 1302363595
891.470682 1130.443314 1302363597
893.291192 1109.887779 1302363599
894.532449 1081.554474 1302363602
896.849462 1061.221161 1302363605
919.026584 1052.443392 1302363609
942.031212 1051.887837 1302363612
964.456586 1052.776725 1302363615
988.454218 1053.443391 1302363619
1009.969337 1055.221167 1302363632
1030.160449 1056.332277 1302363635
1054.737335 1056.887832 1302363638
1077.824713 1057.332276 1302363641
1100.001835 1057.665609 1302363647
1126.978485 1057.998942 1302363652
1152.300125 1058.332275 1302363655
1182.090290 1058.887830 1302363658
1202.612403 1059.110052 1302363660
1231.575063 1059.554496 1302363663
1257.806958 1060.110051 1302363666
1280.728835 1060.221162 1302363670
1304.560967 1060.221162 1302363699
1328.062097 1060.332273 1302363702
1357.273009 1060.554495 1302363705
1377.629621 1060.887828 1302363707
1397.903483 1061.554494 1302363709
1427.362646 1062.110049 1302363712
1456.159806 1061.332272 1302363715
1478.254178 1062.110049 1302363718
1497.700536 1052.110059 1302363725
1499.852047 1026.443418 1302363729
1501.093304 999.999000 1302363732
1501.755308 979.887909 1302363734
1502.748314 958.776819 1302363736
1503.658569 937.443507 1302363738
1503.824069 915.776862 1302363740
1504.403323 895.110216 1302363742
1504.568824 873.999126 1302363744
1504.817075 853.888035 1302363746
1505.313578 828.999171 1302363749
1511.519862 805.999194 1302363756
1536.013998 801.776976 1302363760
1561.914891 804.110307 1302363763
1589.884546 805.443639 1302363766
1616.116441 802.332531 1302363769
1642.679338 802.776975 1302363772
1667.587225 802.888086 1302363775
1692.991616 803.332530 1302363779
1715.251489 803.888085 1302363782
1742.228138 805.443639 1302363785
1772.101054 807.221415 1302363788
1792.788668 807.888081 1302363790
1813.310782 808.443636 1302363792
1833.584644 808.776969 1302363794
1862.133552 809.221413 1302363797
1885.469181 809.999190 1302363800
1914.266340 809.332524 1302363808
1935.202206 809.665857 1302363811
1961.599602 809.776968 1302363814
1991.389767 811.332522 1302363817
2020.848930 811.999188 1302363820
2048.322082 812.888076 1302363823
2072.402465 813.221409 1302363826
2093.503832 812.554743 1302363839
2116.839461 813.221409 1302363843
2141.085345 814.332519 1302363846
2170.710009 815.999184 1302363849
2192.307878 816.443628 1302363851
2214.733252 816.888072 1302363853
2237.903381 817.332516 1302363855
2261.404511 817.776960 1302363857
2284.657389 818.332515 1302363859
2307.662016 818.776959 1302363861
2330.004640 819.332514 1302363863
2351.933511 819.888069 1302363865
2373.779632 820.221402 1302363867
2395.708504 820.443624 1302363869
2417.306373 820.776957 1302363871
2438.242239 821.332512 1302363873
2458.516101 822.221400 1302363875
2485.906503 824.776953 1302363878
2510.897141 826.443618 1302363882
2519.172187 845.332488 1302363890
2518.179181 865.332468 1302363894
2517.268926 891.443553 1302363897
2516.275921 920.999079 1302363900
2515.944919 942.221280 1302363902
2515.779418 964.332369 1302363904
2515.117414 986.776791 1302363906
2514.372660 1009.443435 1302363908
2513.710656 1031.665635 1302363910
2513.958908 1052.221170 1302363912
2515.117414 1080.998919 1302363915
2516.524172 1107.332226 1302363918
2516.937924 1128.665538 1302363923
2517.599928 1149.443295 1302363928
2518.261932 1172.109939 1302363931
2518.923935 1198.776579 1302363934
2520.330693 1227.776550 1302363937
2521.075447 1256.665410 1302363940
2521.075447 1285.332048 1302363943
2520.413443 1313.332020 1302363946
2519.999691 1338.109773 1302363949
2524.302715 1361.554194 1302363953
2548.714100 1364.998635 1302363957
2571.884228 1363.776414 1302363960
2593.978600 1363.109748 1302363964
2615.328219 1363.998636 1302363976
2636.843338 1364.443080 1302363979
2662.992482 1365.220857 1302363982
2692.534396 1365.998634 1302363985
2713.635762 1366.665300 1302363987
2735.316382 1367.331966 1302363989
2756.583250 1367.998632 1302363991
2777.519116 1368.554187 1302363993
2798.041229 1368.998631 1302363995
2827.583143 1369.776408 1302363998
2857.456058 1369.998630 1302364001
2886.418718 1370.443074 1302364004
2915.215878 1371.554184 1302364007
2935.655241 1372.331961 1302364009
2956.922108 1373.220849 1302364011
2978.850980 1373.998626 1302364013
3000.779851 1374.665292 1302364015
3022.625972 1375.109736 1302364017
3044.637594 1375.665291 1302364019
3066.814716 1375.998624 1302364021
3089.074589 1376.554179 1302364023
3110.424208 1376.998623 1302364025
3136.987104 1377.443067 1302364028
3163.219000 1378.887510 1302364031
3191.767908 1380.776397 1302364034
3211.793518 1379.554176 1302364036
3231.901880 1376.665290 1302364038
3260.864540 1372.554183 1302364041
3285.772428 1368.887520 1302364044
3306.542792 1356.109755 1302364048
3307.701299 1334.554221 1302364051
3308.197802 1309.220913 1302364054
3309.356308 1279.887609 1302364057
3310.514814 1259.109852 1302364059
3311.342319 1237.220985 1302364061
3312.666326 1215.776562 1302364063
3313.576581 1194.221028 1302364065
3314.155835 1172.887716 1302364067
3314.735088 1152.554403 1302364069
3315.148840 1131.332202 1302364071
3315.893594 1108.665558 1302364073
3316.472847 1085.887803 1302364075
3316.721099 1062.332271 1302364077
3316.969350 1038.443406 1302364079
3317.300352 1014.887874 1302364081
3317.631354 991.665675 1302364083
3317.714104 968.999031 1302364085
3317.962356 947.665719 1302364087
3318.127857 926.999073 1302364089
3318.293357 899.443545 1302364092
3318.872611 877.665789 1302364096
3318.707110 856.776921 1302364110
3319.451864 835.443609 1302364113
3320.527620 808.332525 1302364116
3321.106873 788.221434 1302364118
3321.686126 767.332566 1302364120
3322.182629 745.777032 1302364122
3322.513631 724.554831 1302364124
3322.430880 703.665963 1302364126
3321.272374 683.554872 1302364128
3320.196618 656.554899 1302364131
3320.362119 632.443812 1302364135
