2976.947719 565.110546 1302715383
2957.666862 577.777200 1302715408
2926.552690 579.554976 1302715411
2901.231050 580.554975 1302715413
2873.757898 581.888307 1302715415
2845.043489 582.554973 1302715417
2815.170574 581.666085 1302715419
2784.387404 580.999419 1302715421
2754.100736 580.888308 1302715423
2723.069315 581.110530 1302715425
2692.286144 579.332754 1302715427
2665.061244 574.999425 1302715429
2638.498347 572.554983 1302715431
2614.417964 570.221652 1302715433
2587.689566 568.888320 1302715436
2564.105685 563.999436 1302715443
2544.162825 562.554993 1302715446
2523.226959 561.666105 1302715450
2523.392460 582.554973 1302715455
2525.130220 605.554950 1302715458
2525.709473 630.999369 1302715461
2529.267742 659.110452 1302715464
2529.019491 695.221527 1302715467
2526.288726 723.110388 1302715469
2522.813207 747.554808 1302715471
2521.158198 769.554786 1302715474
2518.841185 791.999208 1302715477
2516.606922 814.221408 1302715480
2515.613917 837.999162 1302715483
2516.855174 862.332471 1302715486
2515.696667 891.554664 1302715489
2515.034664 913.999086 1302715491
2513.958908 937.776840 1302715493
2513.545155 961.887927 1302715495
2512.883152 987.110124 1302715497
2511.559144 1014.332319 1302715499
2510.152387 1041.665625 1302715501
2508.745629 1067.887821 1302715503
2508.000875 1090.998909 1302715505
2505.601112 1117.443327 1302715508
2506.428616 1138.221084 1302715512
2508.580128 1159.109952 1302715515
2509.159381 1188.887700 1302715518
2509.821385 1211.776566 1302715520
2510.648889 1236.443208 1302715522
2512.055647 1260.109851 1302715524
2512.965902 1282.776495 1302715526
2511.476394 1303.220919 1302715528
2510.814390 1327.665339 1302715532
2512.138398 1351.331982 1302715538
2527.198981 1365.109746 1302715541
2553.348126 1369.665297 1302715544
2575.028746 1372.776405 1302715546
2598.529876 1374.554181 1302715548
2623.520514 1375.331958 1302715550
2649.504158 1375.665291 1302715552
2675.984304 1375.776402 1302715554
2702.547201 1375.776402 1302715556
2730.103104 1375.554180 1302715558
2757.907257 1375.220847 1302715560
2785.380409 1375.109736 1302715562
2812.026057 1374.776403 1302715564
2837.678699 1374.554181 1302715566
2860.766076 1374.665292 1302715568
2885.011960 1374.776403 1302715571
2907.437335 1377.220845 1302715592
2929.862709 1379.109732 1302715595
2961.307883 1380.887508 1302715598
2986.381271 1380.998619 1302715600
3011.702911 1380.887508 1302715602
3036.114296 1380.554175 1302715604
3058.870672 1379.554176 1302715606
3079.392786 1379.554176 1302715608
3109.596703 1379.665287 1302715611
3138.890365 1381.331952 1302715614
3159.081477 1382.776395 1302715616
3183.906614 1381.665285 1302715618
3211.876269 1376.776401 1302715620
3237.694412 1371.331962 1302715622
3263.181553 1366.443078 1302715625
3287.013684 1359.887529 1302715630
3291.316708 1333.220889 1302715634
3291.316708 1301.998698 1302715637
3292.475215 1275.665391 1302715639
3293.716472 1246.109865 1302715641
3295.454231 1216.221006 1302715643
3296.281736 1188.665478 1302715645
3295.785233 1162.221060 1302715647
3295.371481 1138.109973 1302715649
3294.295725 1116.332217 1302715651
3294.957728 1094.887794 1302715653
3296.860989 1072.332261 1302715655
3299.343503 1047.887841 1302715657
3301.081262 1021.554534 1302715659
3302.405270 994.221228 1302715661
3303.977528 968.110143 1302715663
3305.053284 942.332391 1302715665
3307.370297 918.665748 1302715667
3310.597565 891.887997 1302715670
3312.004323 869.443575 1302715675
3332.278185 850.999149 1302715694
3352.386546 850.554705 1302715697
3377.790937 852.999147 1302715700
3398.726802 853.888035 1302715703
3418.835164 852.554703 1302715727
3441.343288 853.110258 1302715746
3462.279154 853.776924 1302715749
3486.607789 854.665812 1302715752
3509.612416 855.554700 1302715755
3534.685805 856.554699 1302715758
3561.910705 858.665808 1302715761
3591.121617 860.110251 1302715764
3612.719486 860.110251 1302715766
3635.641363 860.332473 1302715768
3658.480489 861.110250 1302715770
3680.823113 861.110250 1302715772
3708.130764 862.554693 1302715775
3723.191347 876.554679 1302715778
3729.480382 899.110212 1302715781
3729.314881 927.554628 1302715784
3728.404626 948.665718 1302715786
3727.411621 972.221250 1302715788
3726.749617 997.999002 1302715790
3725.094608 1025.887863 1302715792
3723.274098 1052.443392 1302715794
3722.198342 1076.776701 1302715796
3721.370837 1097.110014 1302715798
3728.652878 1116.554439 1302715802
3750.416248 1117.221105 1302715805
3770.359108 1115.332218 1302715807
3791.708727 1114.998885 1302715809
3818.768126 1115.665551 1302715812
3834.573464 1100.887788 1302715816
3834.573464 1078.665588 1302715819
3831.925449 1057.110054 1302715821
3826.960422 1031.887857 1302715823
3819.430130 1007.221215 1302715825
3808.589820 983.554572 1302715827
3798.908016 960.999039 1302715829
3794.025739 939.554616 1302715831
3794.935994 919.443525 1302715833
3798.163262 899.554656 1302715835
3798.659765 879.221343 1302715838
3773.255374 867.554688 1302715843
3751.823006 866.554689 1302715845
3730.390637 865.776912 1302715847
3703.248487 866.554689 1302715850
3680.409361 865.221357 1302715853
3659.307994 859.221363 1302715864
3636.055115 858.554697 1302715868
3614.291745 857.110254 1302715871
3593.686881 856.999143 1302715876
3567.041234 857.443587 1302715881
3542.960850 857.665809 1302715884
3517.390959 857.110254 1302715887
3493.145075 856.665810 1302715890
3471.381704 856.665810 1302715893
3444.984308 856.221366 1302715896
3424.544945 855.888033 1302715898
3402.781575 854.888034 1302715900
3382.259461 853.332480 1302715902
3359.089333 850.776927 1302715905
