1692.412363 796.110315 1302366020
1716.161744 796.110315 1302366044
1738.835370 797.221425 1302366047
1764.819013 798.999201 1302366050
1790.719907 799.665867 1302366053
1817.200053 799.888089 1302366056
1841.776939 800.110311 1302366059
1863.540309 800.665866 1302366062
1888.034445 801.443643 1302366066
1908.804810 801.999198 1302366082
1931.230184 802.776975 1302366087
1952.662553 802.999197 1302366090
1978.315194 803.888085 1302366093
2006.615851 804.554751 1302366096
2034.751007 804.888084 1302366099
2059.989896 805.332528 1302366102
2082.911773 805.443639 1302366107
2108.647165 805.443639 1302366112
2130.907039 805.888083 1302366115
2156.725181 807.221415 1302366118
2185.108588 808.332525 1302366121
2214.733252 809.221413 1302366124
2235.669118 809.999190 1302366126
2257.266988 810.776967 1302366128
2279.526861 811.332522 1302366130
2302.117736 811.999188 1302366132
2324.377609 812.554743 1302366134
2346.471981 812.888076 1302366136
2368.649104 813.332520 1302366138
2390.329724 813.888075 1302366140
2411.265590 814.332519 1302366142
2431.787703 814.888074 1302366144
2461.246866 815.888073 1302366147
2488.140765 817.332516 1302366150
2509.490383 817.999182 1302366153
2523.723462 833.110278 1302366158
2517.682678 857.888031 1302366162
2514.869163 884.110227 1302366165
2513.710656 914.443530 1302366168
2513.131403 935.999064 1302366170
2512.634900 958.332375 1302366172
2512.221148 981.110130 1302366174
2511.641895 1003.887885 1302366176
2511.228143 1026.221196 1302366178
2511.807396 1047.221175 1302366180
2512.221148 1076.665590 1302366183
2512.800401 1103.998896 1302366186
2513.876157 1125.776652 1302366190
2514.041658 1151.332182 1302366197
2514.455410 1173.443271 1302366200
2515.282915 1200.109911 1302366203
2516.772423 1227.776550 1302366206
2517.848179 1255.220967 1302366209
2518.427432 1284.109827 1302366212
2518.096431 1311.665355 1302366215
2518.179181 1335.220887 1302366218
2518.427432 1356.109755 1302366238
2540.190803 1361.554194 1302366243
2562.202425 1360.776417 1302366246
2588.268819 1361.109750 1302366249
2616.072973 1361.998638 1302366252
2644.539130 1362.665304 1302366255
2673.832792 1363.554192 1302366258
2694.189405 1364.109747 1302366260
2714.877019 1364.887524 1302366262
2735.812885 1365.109746 1302366264
2756.500500 1365.554190 1302366266
2777.105364 1365.998634 1302366268
2806.812778 1366.443078 1302366271
2834.947934 1367.331966 1302366274
2861.097078 1367.998632 1302366277
2884.184456 1367.776410 1302366280
2907.520085 1367.331966 1302366294
2930.855714 1368.109743 1302366298
2953.777591 1369.220853 1302366301
2980.257737 1370.220852 1302366304
3007.896390 1371.220851 1302366307
3037.107302 1372.665294 1302366310
3057.132913 1373.554182 1302366312
3087.005828 1375.220847 1302366315
3107.858943 1375.998624 1302366317
3129.291312 1376.776401 1302366319
3151.137433 1377.220845 1302366321
3172.652552 1377.887511 1302366323
3194.167671 1378.887510 1302366325
3215.269038 1378.665288 1302366327
3235.625650 1375.998624 1302366329
3264.257309 1372.887516 1302366332
3288.337692 1369.998630 1302366335
3307.866800 1358.665308 1302366339
3309.770060 1338.331995 1302366342
3310.018312 1313.109798 1302366345
3310.928567 1284.665382 1302366348
3311.590570 1263.332070 1302366350
3312.087073 1241.887647 1302366352
3312.418075 1220.665446 1302366354
3312.583576 1199.887689 1302366356
3312.997328 1179.887709 1302366358
3314.652337 1152.665514 1302366361
3318.789860 1132.221090 1302366378
