2534.812023 833.443611 1302366846
2512.634900 832.665834 1302366851
2490.954280 831.776946 1302366854
2466.873897 830.221392 1302366857
2442.379762 830.221392 1302366860
2416.478868 830.221392 1302366863
2388.426463 828.221394 1302366866
2368.400852 828.221394 1302366868
2347.795989 827.888061 1302366870
2326.777372 827.332506 1302366872
2305.924257 826.665840 1302366874
2284.905641 826.443618 1302366876
2263.804274 825.888063 1302366878
2243.116659 824.888064 1302366880
2222.760047 824.554731 1302366882
2193.218133 824.332509 1302366885
2165.248479 824.110287 1302366888
2137.030573 824.443620 1302366891
2108.895417 823.443621 1302366894
2080.512010 822.776955 1302366897
2051.549350 821.999178 1302366900
2022.338438 821.443623 1302366903
1994.699785 821.110290 1302366906
1968.136888 820.554735 1302366909
1944.056505 820.221402 1302366912
1923.782643 819.776958 1302366917
1897.302496 819.776958 1302366930
1874.628871 818.110293 1302366933
1849.307231 817.221405 1302366936
1821.834079 816.221406 1302366939
1792.954169 815.888073 1302366942
1763.660507 816.332517 1302366945
1734.201344 816.221406 1302366948
1713.679230 815.888073 1302366950
1693.157117 815.554740 1302366952
1672.469502 814.665852 1302366954
1651.699138 813.554742 1302366956
1630.680521 812.888076 1302366958
1609.827406 812.665854 1302366960
1589.388043 812.332521 1302366962
1560.425383 812.443632 1302366965
1534.689990 812.221410 1302366968
1513.257622 809.554746 1302366974
1490.004743 809.110302 1302366979
1467.331118 808.221414 1302366982
1441.099222 806.776971 1302366985
1412.633065 806.776971 1302366988
1383.670405 806.665860 1302366991
1355.949001 806.332527 1302366994
1331.537616 805.888083 1302366997
1310.767251 805.332528 1302367003
1289.417633 805.776972 1302367008
1275.763808 823.554732 1302367012
1259.544718 839.110272 1302367015
1231.078561 833.554722 1302367018
1209.315190 827.554728 1302367020
1187.800071 822.999177 1302367022
1160.740671 819.999180 1302367025
1139.970307 813.443631 1302367028
1118.868940 807.665859 1302367034
1092.968047 806.665860 1302367038
1067.811907 805.888083 1302367041
1040.007754 805.110306 1302367044
1013.362106 803.888085 1302367047
988.702470 802.999197 1302367050
962.139573 800.665866 1302367053
933.176913 799.888089 1302367056
912.985801 799.221423 1302367058
892.298186 798.332535 1302367060
871.114069 797.554758 1302367062
849.598950 796.888092 1302367064
827.670079 796.554759 1302367066
805.244705 796.221426 1302367068
782.488329 795.776982 1302367070
759.318201 795.332538 1302367072
736.065322 794.999205 1302367074
712.977944 794.332539 1302367076
690.221568 793.888095 1302367078
668.292697 792.221430 1302367080
646.612077 790.999209 1302367082
625.593461 790.443654 1302367084
605.567850 790.110321 1302367086
577.515445 789.999210 1302367089
554.924570 789.999210 1302367093
529.851181 788.776989 1302367112
508.170561 788.999211 1302367115
485.000433 787.999212 1302367118
459.182290 786.776991 1302367121
430.054129 786.443658 1302367124
409.863017 784.776993 1302367126
380.238354 783.665883 1302367129
352.268699 782.888106 1302367132
326.698807 782.554773 1302367135
305.018187 782.221440 1302367139
280.358551 782.443662 1302367146
259.422685 781.999218 1302367149
235.590553 781.332552 1302367152
213.661682 780.776997 1302367155
191.732811 780.554775 1302367165
169.059185 780.665886 1302367169
147.213064 780.665886 1302367172
126.939202 779.776998 1302367175
106.003336 778.999221 1302367179
90.611751 794.443650 1302367187
90.363500 818.554737 1302367214
89.535995 845.999154 1302367218
88.956742 871.443573 1302367221
87.632735 898.665768 1302367224
85.894975 926.221296 1302367227
84.405467 952.110159 1302367230
83.412461 976.665690 1302367233
82.998709 1001.332332 1302367236
83.991715 1028.665638 1302367239
84.819219 1057.776720 1302367242
84.488217 1077.887811 1302367244
83.660713 1098.887790 1302367246
82.998709 1119.887769 1302367248
82.502206 1140.998859 1302367250
82.833208 1162.776615 1302367252
82.584957 1182.998817 1302367254
82.667707 1211.443233 1302367257
82.750458 1238.109873 1302367260
82.253955 1262.665404 1302367263
81.757452 1284.220938 1302367266
81.426450 1304.332029 1302367270
86.639729 1324.665342 1302367286
107.658346 1328.776449 1302367290
134.634995 1329.109782 1302367294
158.301626 1330.109781 1302367297
184.450770 1330.887558 1302367300
211.841172 1332.109779 1302367303
240.803832 1332.887556 1302367306
270.428496 1333.554222 1302367309
290.785109 1334.554221 1302367311
311.720975 1335.887553 1302367313
333.070593 1336.887552 1302367315
353.840958 1337.443107 1302367317
382.969119 1338.554217 1302367320
410.028518 1339.331994 1302367323
433.612399 1342.443102 1302367326
457.196279 1344.776433 1302367330
481.276663 1344.665322 1302367337
508.832565 1346.443098 1302367341
534.898959 1347.887541 1302367344
564.027120 1348.998651 1302367347
584.714735 1349.776428 1302367349
606.064353 1350.665316 1302367351
627.827723 1350.887538 1302367353
649.839345 1351.665315 1302367355
672.099218 1352.443092 1302367357
694.193590 1353.109758 1302367359
716.122462 1353.220869 1302367361
737.306579 1353.554202 1302367363
757.828692 1354.220868 1302367365
786.956854 1354.776423 1302367368
810.209732 1355.109756 1302367371
