2118.246219 812.332521 1302371439
2138.768332 813.221409 1302371442
2163.841721 814.110297 1302371445
2190.901121 814.999185 1302371448
2220.691285 815.776962 1302371451
2241.875403 816.110295 1302371453
2263.804274 816.332517 1302371455
2286.312398 816.776961 1302371457
2309.151525 817.221405 1302371459
2331.328647 817.776960 1302371461
2353.174768 817.888071 1302371463
2375.186390 818.554737 1302371465
2396.701509 819.332514 1302371467
2417.389124 819.888069 1302371469
2437.993987 820.776957 1302371471
2458.019598 822.110289 1302371473
2485.492750 823.888065 1302371476
2506.925119 825.221397 1302371480
2518.592933 841.554714 1302371497
2515.034664 862.443582 1302371501
2512.717651 887.221335 1302371504
2510.897141 915.443529 1302371507
2509.490383 944.999055 1302371510
2509.407633 973.665693 1302371513
2509.159381 1000.332333 1302371516
2508.083625 1026.332307 1302371519
2507.421622 1051.554504 1302371522
2507.090620 1076.665590 1302371525
2506.014864 1097.887791 1302371528
2508.249126 1119.443325 1302371534
2509.159381 1144.109967 1302371542
2509.242132 1171.221051 1302371546
2508.911130 1196.109915 1302371549
2509.821385 1223.665443 1302371552
2511.310893 1251.998748 1302371555
2511.310893 1280.443164 1302371558
2511.228143 1307.220915 1302371561
2512.303899 1331.998668 1302371564
2511.476394 1353.220869 1302371567
2526.205976 1367.220855 1302371571
2547.803845 1366.220856 1302371574
2574.863245 1366.109745 1302371577
2603.081151 1367.665299 1302371580
2631.381807 1368.776409 1302371583
2660.427218 1369.776408 1302371586
2680.535579 1370.220852 1302371588
2701.057693 1370.776407 1302371590
2721.579806 1370.998629 1302371592
2741.770918 1371.331962 1302371594
2762.210281 1371.665295 1302371596
2782.484143 1372.331961 1302371598
2803.254508 1372.554183 1302371600
2833.127423 1372.665294 1302371603
2862.007333 1372.554183 1302371606
2886.170467 1372.554183 1302371609
2906.196078 1372.109739 1302371622
2927.959448 1372.665294 1302371626
2950.467573 1372.776405 1302371629
2976.368466 1373.998626 1302371632
3003.510616 1374.331959 1302371635
3031.645772 1374.998625 1302371638
3060.360181 1375.220847 1302371641
3089.571092 1375.554180 1302371644
3119.444007 1375.998624 1302371647
3139.552369 1375.887513 1302371649
3160.239983 1376.331957 1302371651
3180.927598 1376.776401 1302371653
3210.304010 1376.887512 1302371656
3237.363410 1373.220849 1302371659
3261.526543 1368.776409 1302371662
3282.131407 1365.665301 1302371665
3302.157018 1361.109750 1302371671
3309.935561 1336.220886 1302371676
3310.101062 1313.332020 1302371679
3310.845816 1287.665379 1302371682
3311.425070 1259.776518 1302371685
3311.921572 1231.332102 1302371688
3311.756071 1202.776575 1302371691
3311.756071 1175.221047 1302371694
3312.252574 1150.332183 1302371697
3313.245580 1127.665539 1302371701
3312.666326 1102.887786 1302371728
3313.493831 1082.554473 1302371731
3314.238585 1057.998942 1302371734
3314.735088 1031.332302 1302371737
3315.148840 1003.332330 1302371740
3315.810844 966.221256 1302371744
3316.307347 937.887951 1302371747
3317.134851 909.110202 1302371750
3317.300352 889.110222 1302371752
3317.134851 868.776909 1302371754
3317.300352 848.110263 1302371756
3317.714104 826.888062 1302371758
3318.127857 805.888083 1302371760
3318.707110 784.888104 1302371762
3319.451864 763.665903 1302371764
3320.279368 743.110368 1302371766
3320.527620 713.665953 1302371769
3319.700115 686.554869 1302371772
3318.872611 661.777116 1302371775
3318.789860 641.777136 1302371778
