3318.541609 618.110493 1302371928
3318.789860 596.443848 1302371957
3300.833011 581.110530 1302371968
3280.807400 580.999419 1302371971
3254.492755 580.999419 1302371974
3225.116342 580.777197 1302371977
3196.567434 580.554975 1302371980
3170.997543 580.110531 1302371983
3149.813425 579.221643 1302371987
3125.733042 579.332754 1302372016
3104.052422 579.554976 1302372019
3077.737777 578.999421 1302372022
3049.602621 578.554977 1302372025
3022.874223 578.443866 1302372028
3000.779851 578.443866 1302372031
2988.450033 594.777183 1302372035
2989.525789 615.554940 1302372038
2989.443038 640.332693 1302372041
2988.863785 667.554888 1302372044
2988.201781 696.332637 1302372047
2987.953530 725.221497 1302372050
2987.374277 772.777005 1302372055
2985.388266 799.332534 1302372058
2982.988503 819.554736 1302372061
2971.237938 839.221383 1302372066
2951.129576 840.999159 1302372069
2926.221688 839.776938 1302372072
2896.845276 837.999162 1302372075
2876.157662 836.888052 1302372077
2855.139045 835.888053 1302372079
2834.037678 835.776942 1302372081
2813.350064 835.776942 1302372083
2784.056402 835.332498 1302372086
2757.741756 835.221387 1302372089
2736.971392 835.999164 1302372093
2716.863030 837.221385 1302372099
2689.555379 837.888051 1302372103
2664.481990 837.110274 1302372106
2638.912099 835.888053 1302372109
2614.914466 835.332498 1302372112
2590.089329 833.888055 1302372115
2566.339948 833.332500 1302372118
2542.507816 834.332499 1302372121
2515.944919 835.221387 1302372124
2487.230510 833.443611 1302372127
2457.605846 830.776947 1302372130
2428.063933 829.776948 1302372133
2397.860015 828.999171 1302372136
2376.758649 827.554728 1302372138
2355.326280 826.665840 1302372140
2333.728411 826.332507 1302372142
2312.461543 825.999174 1302372144
2291.442927 825.776952 1302372146
2270.341560 825.332508 1302372148
2248.743691 825.110286 1302372150
2227.311322 824.332509 1302372152
2206.375456 823.888065 1302372154
2186.349845 823.443621 1302372156
2157.966438 824.110287 1302372159
2129.914033 824.665842 1302372162
2101.447876 823.443621 1302372165
2072.319715 820.554735 1302372168
2052.376854 818.776959 1302372170
2032.102992 817.999182 1302372172
2002.726580 816.999183 1302372175
1975.584429 816.554739 1302372178
1950.511041 816.443628 1302372181
1929.823426 816.110295 1302372184
1909.549564 817.221405 1302372190
1884.145173 819.776958 1302372194
1859.651038 819.332514 1302372197
1834.494899 818.554737 1302372200
1811.324771 817.888071 1302372203
1790.471655 816.554739 1302372206
1769.204788 815.999184 1302372216
1748.186171 816.110295 1302372221
1726.588302 816.110295 1302372224
1700.273656 815.443629 1302372227
1671.062745 814.110297 1302372230
1650.788883 812.999187 1302372232
1629.853017 812.110299 1302372234
1609.579155 811.443633 1302372236
1580.864746 810.332523 1302372239
1554.384599 810.665856 1302372242
1530.138715 811.332522 1302372246
1505.561829 811.776966 1302372254
1480.488440 810.443634 1302372258
1456.325307 811.221411 1302372261
1429.762410 813.443631 1302372264
1402.206507 814.443630 1302372267
1375.229858 816.999183 1302372270
1349.328965 815.776962 1302372273
1327.482844 813.443631 1302372276
1304.312716 813.110298 1302372285
1283.956103 816.110295 1302372288
1255.324445 826.110285 1302372291
1233.064572 835.888053 1302372293
1203.770910 835.332498 1302372296
1177.539014 837.110274 1302372299
1154.203385 838.443606 1302372302
1132.522765 835.999164 1302372306
1113.324659 825.554730 1302372311
1092.802546 821.888067 1302372314
1067.398155 817.999182 1302372317
1038.849247 814.443630 1302372320
1018.658135 811.999188 1302372322
997.639519 810.221412 1302372324
975.958899 808.221414 1302372326
955.188534 806.665860 1302372328
933.673415 804.110307 1302372331
