1280.563334 1064.110047 1302376823
1301.664701 1064.443380 1302376830
1323.593572 1064.776713 1302376833
1350.570222 1065.665601 1302376836
1380.194886 1066.110045 1302376839
1408.992045 1066.776711 1302376842
1436.713448 1067.665599 1302376845
1458.228567 1071.554484 1302376848
1480.984943 1072.554483 1302376852
1494.721519 1053.998946 1302376858
1496.211027 1032.665634 1302376861
1498.279789 1006.554549 1302376864
1499.852047 977.776800 1302376867
1501.010554 957.443487 1302376869
1501.672558 936.776841 1302376871
1501.589807 915.887973 1302376873
1502.500062 894.999105 1302376875
1503.327567 874.665792 1302376877
1504.155071 846.332487 1302376880
1505.065326 826.332507 1302376883
1513.671374 807.332526 1302376891
1539.406766 806.332527 1302376895
1563.321649 806.332527 1302376898
1589.553544 806.110305 1302376901
1615.537187 807.110304 1302376904
1640.610576 807.221415 1302376907
1661.132690 807.332526 1302376910
1685.213073 805.776972 1302376938
1711.527719 806.554749 1302376942
1736.187355 807.554748 1302376945
1763.412256 809.554746 1302376948
1792.043914 810.888078 1302376951
1820.592822 811.776966 1302376954
1846.576466 812.554743 1302376957
1866.602076 812.888076 1302376960
1889.027450 813.776964 1302376968
1913.687087 816.110295 1302376976
1939.753481 818.554737 1302376980
1964.661369 819.776958 1302376983
1991.224266 819.999180 1302376986
2016.711407 819.443625 1302376989
2040.957291 819.221403 1302376992
2062.555160 818.110293 1302376995
2082.663522 816.888072 1302377002
2107.488659 815.443629 1302377031
2131.238040 816.332517 1302377034
2159.704198 817.110294 1302377037
2180.474563 817.554738 1302377039
2202.072432 817.999182 1302377041
2224.249555 818.332515 1302377043
2246.343927 819.110292 1302377045
2268.107298 819.665847 1302377047
2290.118919 819.776958 1302377049
2311.634038 820.443624 1302377051
2332.487154 820.665846 1302377053
2352.843766 821.443623 1302377055
2382.468430 823.221399 1302377058
2410.769087 824.332509 1302377061
2437.993987 825.554730 1302377064
2463.067376 826.999173 1302377067
2484.168743 828.554727 1302377070
2506.594117 830.665836 1302377076
2516.524172 849.332484 1302377082
2515.531166 874.110237 1302377086
2514.372660 899.887989 1302377089
2513.793407 929.665737 1302377092
2513.627906 951.443493 1302377094
2513.379655 973.776804 1302377096
2513.048653 995.999004 1302377098
2512.634900 1018.332315 1302377100
2512.303899 1039.443405 1302377102
2512.386649 1068.887820 1302377105
2512.800401 1095.776682 1302377108
2513.131403 1118.109993 1302377111
2515.862168 1138.332195 1302377119
2516.606922 1162.221060 1302377123
2517.434427 1186.776591 1302377126
2518.510183 1214.109897 1302377129
2519.834190 1242.665424 1302377132
2519.999691 1271.109840 1302377135
2520.496194 1298.665368 1302377138
2520.992697 1323.665343 1302377141
2520.413443 1344.443100 1302377144
2533.819018 1363.776414 1302377149
2561.374920 1364.443080 1302377153
2587.772316 1366.109745 1302377156
2617.645231 1367.109744 1302377159
2638.332846 1367.443077 1302377161
2659.351462 1367.887521 1302377163
2680.701080 1368.443076 1302377165
2702.298950 1367.776410 1302377167
2724.227821 1367.220855 1302377169
2745.991191 1367.331966 1302377171
2766.927057 1367.554188 1302377173
2787.283670 1368.109743 1302377175
2816.329081 1368.220854 1302377178
2843.057478 1368.776409 1302377181
2867.468863 1368.998631 1302377184
2889.563236 1368.887520 1302377188
2911.740358 1370.220852 1302377202
2937.393000 1370.776407 1302377206
2961.059631 1370.998629 1302377209
2985.802018 1372.887516 1302377212
3012.116664 1373.998626 1302377215
3038.100307 1374.776403 1302377218
3062.180691 1375.443069 1302377221
3083.282057 1375.998624 1302377224
3104.962677 1376.776401 1302377229
3125.898543 1376.998623 1302377240
3146.006904 1377.665289 1302377243
3169.673535 1377.887511 1302377246
3195.077926 1377.887511 1302377249
3220.647817 1375.665291 1302377252
3244.066197 1372.443072 1302377255
3264.588310 1368.887520 1302377258
3286.186180 1368.665298 1302377264
3301.743266 1353.776424 1302377275
3303.729277 1333.109778 1302377278
3303.729277 1309.332024 1302377281
3303.812027 1283.109828 1302377284
3304.060279 1255.776522 1302377287
3305.136035 1228.665438 1302377290
3306.046290 1201.887687 1302377293
3306.377292 1176.665490 1302377296
3307.204796 1153.332180 1302377299
3308.280552 1133.332200 1302377302
3309.604559 1110.554445 1302377326
3311.011317 1086.554469 1302377330
3311.590570 1061.998938 1302377333
3312.169824 1033.887855 1302377336
3312.749077 1004.110107 1302377339
3313.659332 974.665692 1302377342
3314.073084 945.665721 1302377345
3314.569587 925.221297 1302377347
3315.148840 904.110207 1302377349
3315.645343 882.888006 1302377351
3316.224596 861.554694 1302377353
3316.803849 839.888049 1302377355
3317.134851 818.776959 1302377357
3317.631354 797.665869 1302377359
3318.376108 776.443668 1302377361
3319.120862 754.777023 1302377363
3319.617365 733.332600 1302377365
3319.700115 712.888176 1302377367
3318.458858 683.332650 1302377370
3317.879605 655.110456 1302377373
3318.541609 628.332705 1302377376
3318.955361 607.443837 1302377379
3311.673321 586.999413 1302377385
3287.013684 582.888306 1302377389
3262.188547 582.443862 1302377392
3234.549894 581.777196 1302377395
3208.566250 581.332752 1302377398
3185.147871 580.888308 1302377401
3164.046504 580.554975 1302377406
3143.276139 580.999419 1302377412
3116.133989 580.999419 1302377416
3094.784371 580.666086 1302377419
3073.848505 579.777198 1302377422
3052.416137 579.332754 1302377425
3030.901018 579.443865 1302377428
3005.993130 579.554976 1302377432
2991.511800 594.554961 1302377436
2991.925552 619.554936 1302377440
2991.594550 640.999359 1302377443
2991.180798 666.221556 1302377446
2990.767046 694.332639 1302377449
2990.353293 724.332609 1302377452
2989.939541 753.110358 1302377455
2989.277537 779.665887 1302377458
2987.539778 802.332531 1302377461
