3318.789860 610.443834 1301833780
3317.714104 589.999410 1301833797
3294.626727 582.888306 1301833804
3270.629094 581.554974 1301833807
3250.520733 582.221640 1301833809
3228.260859 581.777196 1301833811
3204.759729 580.999419 1301833813
3180.596596 580.443864 1301833815
3155.605957 579.888309 1301833817
3130.284317 579.777198 1301833819
3104.879927 579.554976 1301833821
3079.972039 578.777199 1301833823
3055.726155 578.221644 1301833825
3033.135280 578.221644 1301833827
3013.109669 578.110533 1301833829
2992.256554 580.777197 1301833832
2985.636517 605.443839 1301833837
2988.119031 629.332704 1301833840
2987.457027 649.443795 1301833842
2986.960524 671.777106 1301833844
2985.967519 693.999306 1301833846
2984.974514 715.888173 1301833848
2984.229759 737.888151 1301833850
2984.064258 759.665907 1301833852
2983.981508 780.999219 1301833854
2982.657501 809.110302 1301833857
2978.768229 832.110279 1301833860
2963.376644 848.221374 1301833865
2940.372017 844.888044 1301833869
2916.126133 841.110270 1301833872
2887.328973 837.999162 1301833875
2866.062106 836.888052 1301833877
2844.215985 837.110274 1301833879
2823.611121 836.999163 1301833881
2794.565710 835.110276 1301833884
2766.927057 834.999165 1301833887
2743.260426 834.554721 1301833890
2722.821063 831.888057 1301833896
2701.057693 828.110283 1301833900
2675.074049 827.443617 1301833903
2654.800187 827.443617 1301833905
2633.036817 827.554728 1301833907
2610.611442 827.332506 1301833909
2587.606815 827.888061 1301833911
2564.271186 828.443616 1301833913
2541.928562 828.221394 1301833915
2520.413443 828.999171 1301833917
2499.643079 829.110282 1301833919
2478.293460 828.110283 1301833921
2456.695591 826.554729 1301833923
2434.601219 825.443619 1301833925
2412.506846 823.221399 1301833927
2390.329724 822.554733 1301833929
2368.069851 822.554733 1301833931
2345.892728 823.221399 1301833933
2323.301853 823.221399 1301833935
2300.959229 822.443622 1301833937
2279.444110 821.776956 1301833939
2259.004747 820.888068 1301833941
2238.730885 820.332513 1301833943
2218.291522 819.999180 1301833945
2197.438407 819.332514 1301833947
2176.585291 818.776959 1301833949
2155.649426 818.443626 1301833951
2135.210062 817.999182 1301833953
2105.585399 817.554738 1301833956
2085.477037 817.110294 1301833958
2064.872173 816.110295 1301833960
2044.350060 814.888074 1301833962
2014.228893 813.888075 1301833965
1993.375778 814.443630 1301833967
1972.605413 815.776962 1301833969
1943.477252 816.665850 1301833972
1920.638125 817.999182 1301833975
1895.647487 816.665850 1301833982
1875.208124 814.665852 1301833985
1847.983223 811.554744 1301833988
1818.275809 809.110302 1301833991
1798.250198 807.776970 1301833993
1769.370289 807.443637 1301833996
1743.221144 808.332525 1301833999
1723.278284 811.999188 1301834003
1700.439157 814.999185 1301834022
1680.248045 813.110298 1301834025
1653.850649 810.665856 1301834028
1626.294747 808.221414 1301834031
1596.421832 806.332527 1301834034
1567.459172 804.221418 1301834037
1540.482522 803.221419 1301834040
1516.898642 802.443642 1301834044
1493.480262 804.332529 1301834050
1469.979132 803.999196 1301834053
1441.264723 803.554752 1301834056
1419.997856 803.110308 1301834058
1398.648238 802.776975 1301834060
1377.960623 802.554753 1301834062
1349.659967 802.221420 1301834065
1327.069092 801.110310 1301834068
1305.802224 800.888088 1301834075
1285.528362 798.999201 1301834084
1257.641458 793.554762 1301834087
1232.899071 794.110317 1301834089
1207.411930 793.221429 1301834091
1180.931783 797.332536 1301834094
1160.823422 800.554755 1301834097
1134.260525 804.554751 1301834102
1106.787373 805.221417 1301834105
1084.693001 804.999195 1301834107
1061.522873 805.776972 1301834109
1038.104493 806.888082 1301834111
1014.603363 808.554747 1301834113
992.177989 809.999190 1301834115
966.939099 811.332522 1301834118
942.858716 810.665856 1301834122
923.329608 815.554740 1301834143
