3315.066090 636.110475 1302443967
3316.969350 611.999388 1302443981
3310.183813 591.888297 1302443985
3286.020679 584.443860 1302443989
3263.264303 583.666083 1302443992
3237.694412 583.443861 1302443995
3211.959019 582.888306 1302443998
3186.720130 582.999417 1302444001
3161.563990 583.221639 1302444004
3133.677086 582.999417 1302444007
3103.969672 582.554973 1302444010
3083.778560 582.554973 1302444012
3054.898650 582.554973 1302444015
3028.418504 582.221640 1302444018
3004.834623 581.666085 1302444021
2986.381271 596.332737 1302444026
2987.457027 622.777155 1302444030
2988.036280 646.999353 1302444033
2987.705279 674.110437 1302444036
2987.374277 701.332632 1302444039
2986.960524 728.777049 1302444042
2986.877774 755.110356 1302444045
2986.546772 780.443664 1302444048
2984.395260 803.443641 1302444051
2982.657501 823.554732 1302444054
2969.169176 839.776938 1302444058
2949.226316 841.221381 1302444061
2925.476934 839.554716 1302444064
2898.914037 838.554717 1302444067
2870.365129 837.888051 1302444070
2841.650721 837.110274 1302444073
2813.515565 836.776941 1302444076
2786.787167 836.332497 1302444079
2761.796529 835.888053 1302444082
2741.191665 835.443609 1302444085
2721.083304 835.443609 1302444091
2697.085671 834.554721 1302444095
2674.412045 833.888055 1302444098
2650.166161 833.443611 1302444101
2624.182518 832.665834 1302444104
2596.543865 831.999168 1302444107
2570.311970 831.443613 1302444110
2548.548599 831.999168 1302444113
2526.867979 832.332501 1302444130
2504.028853 831.999168 1302444134
2480.031220 830.888058 1302444137
2453.220072 829.665837 1302444140
2425.333167 829.332504 1302444143
2396.122256 829.110282 1302444146
2366.580342 828.776949 1302444149
2336.624677 827.776950 1302444152
2316.019813 826.999173 1302444154
2295.497699 826.776951 1302444156
2274.892835 826.221396 1302444158
2254.536223 825.332508 1302444160
2234.179610 824.221398 1302444162
2204.554946 823.665843 1302444165
2176.916293 823.110288 1302444168
2151.594653 822.554733 1302444171
2126.355763 822.776955 1302444174
2098.965362 822.665844 1302444177
2070.416454 821.554734 1302444180
2040.874541 820.776957 1302444183
2020.683429 820.888068 1302444185
1991.803519 821.110290 1302444188
1964.495868 820.665846 1302444191
1939.008727 820.443624 1302444194
1918.072861 820.554735 1302444198
1896.888744 820.221402 1302444204
1875.787377 819.888069 1302444207
1849.969234 819.665847 1302444210
1822.744334 819.332514 1302444213
1796.429688 819.221403 1302444216
1769.204788 818.443626 1302444219
1740.573129 818.110293 1302444222
1720.382018 818.221404 1302444224
1700.190906 817.776960 1302444226
1680.082545 816.888072 1302444228
1659.974183 815.443629 1302444230
1639.617571 814.332519 1302444232
1619.178208 813.999186 1302444234
1598.573344 813.554742 1302444236
1578.382232 813.443631 1302444238
1549.916074 813.554742 1302444241
1526.414944 813.443631 1302444244
1505.230827 813.332520 1302444250
1481.977949 812.665854 1302444254
1457.566564 811.554744 1302444257
1429.927911 811.221411 1302444260
1400.137746 811.332522 1302444263
1380.112135 811.221411 1302444265
1351.728728 810.554745 1302444268
1327.069092 810.776967 1302444271
1305.471222 810.665856 1302444277
1285.445611 810.554745 1302444281
1265.254500 810.110301 1302444284
1239.436357 810.221412 1302444287
1210.142695 809.554746 1302444290
1181.097284 808.888080 1302444293
1154.286136 807.110304 1302444296
1132.605516 806.776971 1302444299
1111.669650 806.554749 1302444305
1087.506516 805.221417 1302444309
1061.936625 804.554751 1302444312
1035.042726 803.888085 1302444315
1007.735075 802.776975 1302444318
981.585930 803.332530 1302444321
957.919299 805.221417 1302444324
937.479936 805.888083 1302444329
912.241047 804.665862 1302444341
890.229425 802.554753 1302444344
864.576783 800.443644 1302444347
837.020881 799.221423 1302444350
807.809969 799.110312 1302444353
787.536107 799.221423 1302444355
766.600241 799.221423 1302444357
745.333373 798.665868 1302444359
723.983755 798.110313 1302444361
702.799638 797.999202 1302444363
681.532770 797.888091 1302444365
660.514154 797.554758 1302444367
639.661039 797.110314 1302444369
619.552677 796.443648 1302444371
590.921019 796.110315 1302444374
564.689124 796.443648 1302444377
542.925754 796.665870 1302444381
520.334879 795.776982 1302444389
491.123967 794.999205 1302444393
464.726571 793.443651 1302444396
436.012162 792.110319 1302444399
406.139247 790.665876 1302444402
377.176587 789.665877 1302444405
349.455183 789.110322 1302444408
323.968042 788.110323 1302444411
301.542668 787.332546 1302444415
280.110300 785.332548 1302444426
259.753687 784.776993 1302444429
235.756054 784.332549 1302444432
213.496181 783.443661 1302444435
190.160552 783.999216 1302444441
169.307437 783.332550 1302444445
147.626817 783.665883 1302444448
124.787690 783.888105 1302444451
99.962553 783.554772 1302444455
88.542990 801.554754 1302444460
90.032498 824.554731 1302444479
89.370494 850.888038 1302444483
88.873992 874.888014 1302444486
87.798236 900.443544 1302444489
86.639729 927.665739 1302444492
86.225977 956.221266 1302444495
85.977726 985.110126 1302444498
85.812225 1014.998985 1302444501
85.563973 1035.110076 1302444503
85.150221 1055.665611 1302444505
84.570968 1076.665590 1302444507
84.074465 1097.776680 1302444509
83.412461 1118.998881 1302444511
83.164210 1140.443304 1302444513
82.750458 1162.221060 1302444515
82.088454 1183.887705 1302444517
81.757452 1205.554350 1302444519
81.426450 1226.443218 1302444521
80.929948 1255.998744 1302444524
80.433445 1283.998716 1302444527
80.019693 1305.776472 1302444530
88.873992 1325.109786 1302444537
113.616379 1327.332006 1302444541
137.283009 1328.109783 1302444544
163.432154 1328.332005 1302444547
190.905306 1328.776449 1302444550
218.130207 1329.665337 1302444553
243.286346 1330.220892 1302444556
263.394707 1330.332003 1302444560
286.564835 1327.220895 1302444579
308.162705 1327.776450 1302444582
334.063598 1328.443116 1302444585
372.294310 1329.554226 1302444589
401.422471 1330.443114 1302444592
429.474876 1331.332002 1302444595
454.962017 1332.109779 1302444598
475.401380 1332.665334 1302444603
499.068011 1332.554223 1302444608
521.741636 1332.665334 1302444611
546.980526 1333.776444 1302444614
574.039926 1334.331999 1302444617
602.175081 1335.220887 1302444620
630.723989 1336.331997 1302444623
660.431404 1337.220885 1302444626
681.036268 1337.443107 1302444628
702.137634 1337.998662 1302444630
723.156251 1338.665328 1302444632
744.009366 1339.220883 1302444634
764.531480 1339.776438 1302444636
793.659641 1340.776437 1302444639
820.470789 1341.220881 1302444642
845.295926 1339.665327 1302444645
866.397293 1337.887551 1302444649
883.278386 1323.665343 1302444656
885.347148 1303.776474 1302444659
886.422904 1280.443164 1302444662
887.167658 1254.998745 1302444665
887.498660 1230.554325 1302444668
