887.829662 1219.998780 1302444728
887.829662 1197.887691 1302444745
887.912412 1174.998825 1302444748
889.153669 1147.221075 1302444751
891.801684 1118.332215 1302444754
893.208441 1091.110020 1302444757
894.615199 1069.110042 1302444760
912.572049 1056.332277 1302444764
934.500920 1057.554498 1302444767
959.160556 1058.554497 1302444770
986.137206 1059.776718 1302444773
1015.099866 1061.776716 1302444776
1043.648774 1062.332271 1302444779
1070.377172 1062.110049 1302444782
1091.313037 1062.665604 1302444785
1112.414404 1063.554492 1302444791
1136.908540 1065.110046 1302444795
1161.319925 1066.554489 1302444798
1188.875827 1067.554488 1302444801
1216.100728 1068.554487 1302444804
1241.256867 1069.776708 1302444807
1264.013243 1070.887818 1302444810
1286.686868 1070.665596 1302444814
1313.911769 1069.110042 1302444818
1338.240403 1069.665597 1302444821
1364.472299 1069.443375 1302444824
1392.359203 1069.887819 1302444827
1421.404614 1069.776708 1302444830
1448.381263 1070.665596 1302444833
1471.965143 1070.887818 1302444836
1493.066510 1070.554485 1302444841
1500.431301 1049.443395 1302444846
1500.431301 1022.110089 1302444850
1501.010554 997.665669 1302444853
1500.927803 971.221251 1302444856
1500.514051 942.999057 1302444859
1499.852047 914.665752 1302444862
1499.934798 886.443558 1302444865
1499.852047 859.554696 1302444868
1499.852047 835.888053 1302444871
1502.003559 814.888074 1302444877
1521.780919 808.110303 1302444881
1543.378788 809.554746 1302444884
1569.527933 811.443633 1302444887
1597.911340 812.332521 1302444890
1626.874000 812.443632 1302444893
1647.644365 810.665856 1302444895
1668.414730 810.665856 1302444897
1688.936844 810.665856 1302444899
1709.293456 810.443634 1302444901
1739.083621 811.665855 1302444904
1768.956536 813.665853 1302444907
1798.829452 814.999185 1302444910
1827.295609 815.332518 1302444913
1853.527504 815.776962 1302444916
1877.359636 815.888073 1302444919
1899.288507 816.999183 1302444924
1924.527397 819.110292 1302444930
1945.628764 820.110291 1302444933
1969.791897 821.332512 1302444936
1995.775541 822.110289 1302444939
2020.517928 822.999177 1302444942
2044.432810 823.665843 1302444945
2068.513193 823.554732 1302444948
2093.503832 824.554731 1302444951
2119.652976 824.888064 1302444954
2146.795127 826.443618 1302444957
2175.426785 826.999173 1302444960
2204.637697 828.332505 1302444963
2224.911559 828.776949 1302444965
2245.516423 829.332504 1302444967
2266.617789 829.888059 1302444969
2287.636406 830.332503 1302444971
2309.068774 830.776947 1302444973
2329.921890 831.443613 1302444975
2350.775005 830.888058 1302444977
2372.621126 829.554726 1302444979
2393.887993 828.888060 1302444981
2423.512657 829.332504 1302444984
2451.896064 829.665837 1302444987
2477.879708 830.554725 1302444990
2499.477578 830.888058 1302444993
2520.661695 840.554715 1302444998
2521.737451 861.110250 1302445002
2520.496194 883.443561 1302445005
2520.413443 910.776867 1302445008
2519.503188 939.554616 1302445011
2518.675684 959.887929 1302445013
2517.848179 979.887909 1302445015
2517.103425 999.999000 1302445017
2516.110420 1020.554535 1302445019
2515.365666 1040.776737 1302445021
2514.620911 1069.554486 1302445024
2514.951913 1095.554460 1302445027
2515.365666 1116.887772 1302445030
2515.117414 1137.443307 1302445036
2515.862168 1159.776618 1302445040
2517.103425 1181.887707 1302445043
2518.179181 1206.332127 1302445046
2519.420438 1232.220990 1302445049
2520.744445 1257.998742 1302445052
2520.744445 1283.554272 1302445055
2520.496194 1306.332027 1302445058
2519.337688 1327.220895 1302445067
2518.923935 1347.220875 1302445072
