1688.771343 812.554743 1302446756
1711.527719 812.999187 1302446766
1733.208338 813.888075 1302446769
1758.612729 815.888073 1302446772
1785.341127 817.443627 1302446775
1814.138286 818.221404 1302446778
1842.852695 818.888070 1302446781
1869.663843 819.888069 1302446784
1890.185957 820.332513 1302446787
1914.018089 821.554734 1302446794
1934.043700 822.554733 1302446797
1959.448090 823.443621 1302446800
1987.583246 824.665842 1302446803
2016.049403 825.110286 1302446806
2042.943302 825.443619 1302446809
2067.768439 825.776952 1302446812
2091.600571 826.443618 1302446816
2111.957184 824.888064 1302446835
2138.602831 826.443618 1302446839
2164.007222 827.999172 1302446842
2192.307878 829.221393 1302446845
2222.760047 829.554726 1302446848
2243.778663 829.332504 1302446850
2265.376533 829.776948 1302446852
2287.553655 830.443614 1302446854
2309.565277 830.888058 1302446856
2330.997646 831.221391 1302446858
2352.264513 831.332502 1302446860
2373.696882 831.554724 1302446862
2394.963749 831.776946 1302446864
2416.147867 831.776946 1302446866
2436.752731 831.999168 1302446868
2465.715391 833.332500 1302446871
2490.954280 834.665832 1302446874
2511.890146 835.332498 1302446879
2517.599928 856.665810 1302446889
2516.772423 877.443567 1302446893
2515.282915 901.999098 1302446896
2514.041658 931.221291 1302446899
2513.710656 951.887937 1302446901
2513.296904 973.221249 1302446903
2512.800401 994.999005 1302446905
2511.972897 1017.665649 1302446907
2511.310893 1040.776737 1302446909
2511.062642 1063.332270 1302446911
2510.814390 1084.665582 1302446913
2511.972897 1112.221110 1302446916
2513.048653 1134.109977 1302446922
2513.462405 1158.554397 1302446927
2514.207159 1181.332152 1302446930
2515.117414 1208.109903 1302446933
2516.689673 1237.220985 1302446936
2517.020675 1265.887623 1302446939
2517.020675 1294.554261 1302446942
2516.606922 1321.665345 1302446945
2515.696667 1345.887543 1302446948
2524.881968 1365.776412 1302446952
2552.024118 1366.331967 1302446956
2578.007762 1366.665300 1302446959
2607.053173 1367.554188 1302446962
2637.008838 1368.331965 1302446965
2667.047255 1369.220853 1302446968
2687.652119 1369.443075 1302446970
2708.505234 1369.887519 1302446972
2729.192848 1370.220852 1302446974
2750.211465 1371.109740 1302446976
2771.478332 1371.554184 1302446978
2792.827951 1371.776406 1302446980
2813.350064 1371.998628 1302446982
2842.974728 1372.998627 1302446985
2870.778882 1373.665293 1302446988
2896.597025 1374.331959 1302446991
2923.077171 1375.109736 1302446994
2951.874330 1376.443068 1302446997
2972.479194 1378.109733 1302446999
2994.077064 1380.109731 1302447001
3015.923185 1381.443063 1302447003
3037.438304 1381.776396 1302447005
3058.870672 1380.665286 1302447007
3080.468542 1379.776398 1302447009
3102.231912 1379.887509 1302447011
3123.912532 1379.998620 1302447013
3145.262150 1380.331953 1302447015
3166.446267 1380.665286 1302447017
3186.968381 1381.220841 1302447019
3215.931041 1381.331952 1302447022
3243.817945 1378.998621 1302447025
3269.884340 1374.109737 1302447028
3292.061462 1370.109741 1302447031
3307.204796 1351.887537 1302447035
3308.032301 1329.887559 1302447038
3308.611554 1302.665364 1302447041
3309.190807 1281.776496 1302447043
3309.356308 1260.332073 1302447045
3309.521809 1239.443205 1302447047
3309.439059 1218.221004 1302447049
3309.687310 1196.887692 1302447051
3310.101062 1176.221046 1302447053
3310.763066 1148.554407 1302447056
3311.011317 1125.443319 1302447059
3313.328330 1102.554453 1302447071
3314.486836 1081.776696 1302447074
3315.397091 1055.443389 1302447077
3315.645343 1025.443419 1302447080
3315.645343 1005.110106 1302447082
3316.224596 975.110136 1302447085
3316.472847 954.776823 1302447087
3316.803849 934.443510 1302447089
3316.803849 905.665761 1302447092
3316.803849 881.999118 1302447095
3316.390097 859.332474 1302447104
3316.886600 838.665828 1302447108
3317.796855 816.776961 1302447111
3318.376108 789.554766 1302447114
3318.955361 759.888129 1302447117
3319.451864 739.888149 1302447119
3320.031117 710.332623 1302447122
3320.527620 682.554873 1302447125
3321.272374 656.999343 1302447128
3321.603376 634.888254 1302447131
3322.182629 614.777163 1302447135
3322.844633 594.554961 1302447145
3323.754888 571.888317 1302447149
3326.568403 550.555005 1302447153
3328.140662 530.110581 1302447156
3328.388913 503.332830 1302447159
3329.299168 473.555082 1302447162
3329.795671 453.332880 1302447164
3330.457675 433.110678 1302447166
3331.119678 413.110698 1302447168
3331.864433 383.888505 1302447171
3332.195434 363.777414 1302447173
3332.940189 334.777443 1302447176
3333.602192 307.999692 1302447179
3334.181445 280.888608 1302447182
3335.174451 250.999749 1302447185
3335.505453 230.999769 1302447187
3336.167456 210.888678 1302447189
3336.829460 190.333143 1302447191
3337.408713 169.666497 1302447193
3337.491464 148.666518 1302447195
3337.739715 127.555428 1302447197
3337.656965 106.999893 1302447199
3338.318968 86.999913 1302447201
3337.987966 62.777715 1302447204
3331.450680 40.777737 1302447216
3306.625543 40.111071 1302447220
3282.793411 40.333293 1302447223
3256.230514 40.888848 1302447226
3229.833118 40.888848 1302447229
3205.669984 40.888848 1302447232
3182.168854 40.999959 1302447236
3161.646741 40.555515 1302447242
3141.538380 39.999960 1302447245
3116.961494 39.444405 1302447248
3090.564098 39.444405 1302447251
3064.166702 38.888850 1302447254
3038.431309 38.222184 1302447257
3017.081691 38.111073 1302447260
2996.807829 43.333290 1302447267
2996.228576 68.999931 1302447272
2996.807829 90.333243 1302447275
2996.228576 114.666552 1302447278
2995.732073 137.777640 1302447281
2994.987319 161.222061 1302447285
3006.903385 179.222043 1302447292
3031.976774 177.666489 1302447297
3055.643404 176.222046 1302447301
3075.586265 178.222044 1302447305
3080.716793 200.444244 1302447310
3062.180691 214.444230 1302447315
3040.582821 211.110900 1302447321
