884.519643 1223.887665 1302448611
885.347148 1197.776580 1302448628
886.091902 1174.554381 1302448631
887.498660 1147.776630 1302448634
890.808678 1120.221102 1302448637
892.960190 1094.221128 1302448640
893.622194 1073.332260 1302448643
908.186274 1056.443388 1302448650
935.328424 1056.221166 1302448654
958.581303 1056.998943 1302448657
979.268918 1057.110054 1302448660
999.542780 1057.776720 1302448679
1022.133655 1058.665608 1302448683
1045.221032 1059.110052 1302448686
1069.053164 1059.998940 1302448689
1091.395788 1060.443384 1302448693
1112.497155 1059.665607 1302448699
1133.515771 1059.554496 1302448702
1159.251163 1060.110051 1302448705
1187.386319 1061.221161 1302448708
1214.362968 1062.110049 1302448711
1241.174116 1063.110048 1302448714
1270.136777 1063.776714 1302448717
1300.009692 1063.554492 1302448720
1329.799857 1063.665603 1302448723
1350.073719 1064.221158 1302448725
1379.698383 1065.665601 1302448728
1408.412792 1066.554489 1302448731
1435.968694 1066.887822 1302448734
1461.207584 1070.221152 1302448737
1483.550207 1070.554485 1302448741
1495.797275 1052.998947 1302448747
1496.045526 1032.998967 1302448750
1496.955781 1006.998993 1302448753
1498.114288 986.999013 1302448755
1499.190044 966.887922 1302448757
1500.348550 946.554609 1302448759
1500.762303 925.999074 1302448761
1501.176055 905.554650 1302448763
1501.093304 885.554670 1302448765
1502.169060 857.665809 1302448768
1502.831064 832.999167 1302448771
1504.072321 811.110300 1302448777
1525.835691 800.110311 1302448782
1548.674818 801.332532 1302448785
1575.237715 802.999197 1302448788
1601.221358 802.999197 1302448791
1626.377497 803.888085 1302448794
1650.540631 805.443639 1302448797
1672.055750 806.443638 1302448800
1692.743365 807.443637 1302448822
1714.589485 808.443636 1302448826
1737.759614 808.999191 1302448829
1764.074259 810.443634 1302448832
1792.540417 811.554744 1302448835
1821.751328 812.332521 1302448838
1849.969234 812.888076 1302448841
1875.621876 812.999187 1302448844
1896.971494 813.999186 1302448849
1917.659109 816.332517 1302448854
1938.594975 817.999182 1302448857
1963.089110 818.888070 1302448860
1989.734758 819.776958 1302448863
2015.552900 819.999180 1302448866
2040.212537 820.776957 1302448869
2064.623922 821.110290 1302448872
2089.945562 822.332511 1302448875
2118.163468 822.665844 1302448878
2146.546875 824.110287 1302448881
2175.261284 825.332508 1302448884
2195.286895 825.665841 1302448886
2215.809008 826.443618 1302448888
2236.744874 827.221395 1302448890
2257.763490 827.665839 1302448892
2279.278609 828.110283 1302448894
2300.876479 828.776949 1302448896
2321.812345 828.999171 1302448898
2342.334458 829.110282 1302448900
2363.187574 829.110282 1302448902
2384.123439 828.999171 1302448904
2404.231801 828.554727 1302448906
2432.780709 828.443616 1302448909
2457.523096 828.888060 1302448912
2477.465956 832.110279 1302448926
2498.401822 835.110276 1302448932
2513.462405 848.332485 1302448945
2513.296904 873.443571 1302448949
2512.221148 898.665768 1302448952
2511.641895 928.665738 1302448955
2511.476394 950.110161 1302448957
2511.476394 971.999028 1302448959
2511.310893 993.999006 1302448961
2511.145392 1015.998984 1302448963
2510.897141 1037.110074 1302448965
2511.145392 1057.110054 1302448967
2512.055647 1085.887803 1302448970
2513.131403 1111.554444 1302448973
2513.793407 1131.887757 1302448977
2514.455410 1152.443292 1302448983
2514.786412 1172.998827 1302448986
2515.448416 1197.776580 1302448989
2516.855174 1225.332108 1302448992
2518.675684 1252.887636 1302448995
2519.006686 1281.220941 1302448998
2518.427432 1308.554247 1302449001
2517.848179 1333.443111 1302449004
2517.930930 1355.776422 1302449008
