2118.577220 823.665843 1302449613
2093.669333 822.776955 1302449632
2071.988713 820.554735 1302449635
2045.839568 819.221403 1302449638
2017.456161 818.110293 1302449641
1988.741752 817.110294 1302449644
1961.434101 816.999183 1302449647
1936.774465 816.554739 1302449650
1914.680092 815.999184 1302449656
1889.854955 815.665851 1302449661
1867.512331 816.888072 1302449664
1841.694189 818.443626 1302449667
1815.048541 818.665848 1302449670
1789.561400 818.776959 1302449673
1765.481017 818.554737 1302449676
1744.710652 817.776960 1302449684
1724.602291 816.443628 1302449696
1701.680414 815.999184 1302449700
1677.848282 815.554740 1302449703
1650.209629 813.776964 1302449706
1620.584965 812.776965 1302449709
1590.960302 812.332521 1302449712
1562.990647 811.776966 1302449715
1537.420755 811.554744 1302449718
1516.236638 810.888078 1302449722
1495.466273 810.665856 1302449728
1474.944160 809.776968 1302449731
1449.705270 808.888080 1302449734
1421.321863 808.999191 1302449737
1400.799750 808.554747 1302449739
1380.608638 807.554748 1302449741
1351.894229 806.332527 1302449744
1327.979347 805.999194 1302449747
1306.215976 803.999196 1302449754
1282.549345 798.554757 1302449759
1261.365228 793.776984 1302449762
1233.974827 793.888095 1302449765
1205.674170 794.665872 1302449768
1178.035517 795.110316 1302449771
1152.879378 795.443649 1302449774
1129.212747 799.554756 1302449778
1103.808357 799.443645 1302449784
1081.465733 798.999201 1302449787
1054.406333 798.554757 1302449790
1025.112671 798.554757 1302449793
994.991505 797.999202 1302449796
974.883143 797.665869 1302449798
945.092978 797.110314 1302449801
923.908861 796.554759 1302449803
901.897239 795.776982 1302449805
879.389115 794.888094 1302449807
856.053486 793.776984 1302449809
832.221354 792.443652 1302449811
808.058220 791.665875 1302449813
783.481334 790.999209 1302449815
758.987199 790.332543 1302449817
734.824065 789.888099 1302449819
711.074684 789.443655 1302449821
687.573554 788.776989 1302449823
664.072424 787.999212 1302449825
641.150547 787.888101 1302449827
619.304426 788.221434 1302449829
598.534061 788.443656 1302449831
574.536428 788.443656 1302449834
553.186810 789.110322 1302449841
527.534168 790.110321 1302449850
506.515552 790.443654 1302449853
481.442163 788.999211 1302449856
453.224257 787.999212 1302449859
423.351342 786.888102 1302449862
403.160230 786.332547 1302449864
373.535566 785.776992 1302449867
345.896914 785.443659 1302449870
324.795547 786.110325 1302449873
302.204672 785.888103 1302449887
279.117294 784.221438 1302449893
257.933177 783.443661 1302449896
233.108040 782.776995 1302449899
210.682666 782.332551 1302449902
189.333047 782.332551 1302449912
165.252664 782.443662 1302449916
142.082536 781.999218 1302449919
114.443883 782.665884 1302449923
93.425267 785.665881 1302449937
90.611751 806.665860 1302449941
91.191004 828.999171 1302449944
90.777252 855.776922 1302449947
90.446250 875.776902 1302449949
89.866997 896.999103 1302449951
89.204994 919.776858 1302449953
88.542990 943.443501 1302449955
88.046487 967.221255 1302449957
87.549984 990.887898 1302449959
86.639729 1012.998987 1302449961
86.143227 1035.998964 1302449963
85.646724 1058.887830 1302449965
85.150221 1081.887807 1302449967
84.736469 1104.998895 1302449969
84.239966 1127.998872 1302449971
83.577962 1150.443294 1302449973
83.164210 1171.776606 1302449975
82.667707 1192.109919 1302449977
82.502206 1212.109899 1302449979
82.171205 1241.220981 1302449982
81.757452 1268.109843 1302449985
81.509201 1292.998707 1302449988
81.178199 1314.332019 1302449991
99.797052 1330.109781 1302449996
120.484667 1329.665337 1302449999
145.475305 1328.998671 1302450002
172.286453 1328.776449 1302450005
199.759605 1328.776449 1302450008
225.412247 1328.998671 1302450011
248.085872 1328.998671 1302450014
271.256001 1329.776448 1302450037
293.681375 1330.109781 1302450041
317.844508 1329.998670 1302450044
345.648662 1330.665336 1302450047
375.025075 1331.443113 1302450050
404.566988 1331.776446 1302450053
432.453892 1331.998668 1302450056
456.120523 1332.443112 1302450059
478.794149 1333.443111 1302450066
501.385024 1333.887555 1302450070
525.548157 1334.776443 1302450073
553.931564 1335.554220 1302450076
574.867430 1335.776442 1302450078
596.796302 1336.109775 1302450080
619.635428 1336.331997 1302450082
643.219308 1336.443108 1302450084
667.051440 1336.776441 1302450086
690.800822 1337.331996 1302450088
713.722698 1338.220884 1302450090
735.568819 1338.776439 1302450092
756.421935 1339.331994 1302450094
776.530296 1339.665327 1302450096
805.575707 1339.776438 1302450099
833.214360 1338.998661 1302450102
854.398477 1336.887552 1302450105
875.417093 1333.109778 1302450112
881.623377 1309.443135 1302450116
882.864634 1284.998715 1302450119
884.188642 1256.332077 1302450122
884.850645 1235.665431 1302450124
885.678150 1213.887675 1302450126
886.505654 1191.221031 1302450128
887.250408 1168.221054 1302450130
888.077913 1145.332188 1302450132
890.229425 1123.332210 1302450134
891.884434 1102.221120 1302450136
893.291192 1075.665591 1302450139
903.634999 1054.776723 1302450143
924.736366 1052.665614 1302450146
948.816749 1052.443392 1302450149
971.407624 1053.110058 1302450152
991.433235 1053.776724 1302450157
1014.272361 1056.776721 1302450173
