3319.120862 635.888253 1302452956
3320.527620 615.777162 1302452971
3316.307347 592.666074 1302452976
3292.888967 585.554970 1302452980
3269.884340 584.777193 1302452983
3243.569694 584.666082 1302452986
3216.262043 584.777193 1302452989
3191.105904 584.443860 1302452992
3168.680530 583.999416 1302452995
3147.992915 583.666083 1302453000
3127.057050 583.777194 1302453006
3106.452186 583.554972 1302453009
3081.461547 582.888306 1302453012
3055.643404 582.332751 1302453015
3031.480271 581.999418 1302453018
3009.882401 581.999418 1302453021
2989.525789 590.110521 1302453025
2989.112036 615.999384 1302453029
2989.194787 639.221583 1302453032
2988.450033 664.888224 1302453035
2988.119031 693.110418 1302453038
2987.622528 722.332611 1302453041
2987.208776 751.999248 1302453044
2986.464022 779.888109 1302453047
2984.891763 804.888084 1302453050
2981.664495 825.665841 1302453054
2965.279905 843.332490 1302453059
2938.303255 843.554712 1302453063
2913.891870 841.888047 1302453066
2886.832471 840.999159 1302453069
2859.276568 840.110271 1302453072
2830.810411 839.110272 1302453075
2802.261503 838.665828 1302453078
2775.367604 837.888051 1302453081
2750.956219 837.999162 1302453084
2728.613595 838.221384 1302453092
2707.429478 838.332495 1302453096
2685.252355 837.665829 1302453099
2663.075233 836.888052 1302453102
2643.049622 835.110276 1302453105
2620.044995 834.332499 1302453109
2599.440131 833.888055 1302453112
2575.525248 833.888055 1302453115
2550.782861 833.999166 1302453118
2522.895957 833.554722 1302453121
2492.940291 832.221390 1302453124
2472.583679 830.888058 1302453126
2451.896064 830.443614 1302453128
2430.877448 830.665836 1302453130
2410.107083 830.332503 1302453132
2389.419469 828.221394 1302453134
2368.235352 827.999172 1302453136
2347.051234 827.665839 1302453138
2325.784367 827.332506 1302453140
2304.765750 827.221395 1302453142
2283.912635 826.999173 1302453144
2263.059520 826.665840 1302453146
2242.289155 825.665841 1302453148
2221.767041 825.110286 1302453150
2192.142377 824.554731 1302453153
2163.841721 824.443620 1302453156
2136.203068 824.888064 1302453159
2107.654160 824.554731 1302453162
2078.939751 823.554732 1302453165
2049.728840 822.888066 1302453168
2020.269677 822.221400 1302453171
1991.555268 821.888067 1302453174
1964.413118 821.443623 1302453177
1939.836232 821.332512 1302453180
1919.810621 820.999179 1302453185
1897.219746 821.221401 1302453192
1861.719799 819.221403 1302453197
1836.149908 817.221405 1302453200
1811.490272 816.665850 1302453203
1789.230398 816.665850 1302453206
1769.122037 816.776961 1302453209
1748.186171 815.776962 1302453229
1726.753803 814.665852 1302453235
1706.728192 814.221408 1302453238
1682.647809 813.221409 1302453241
1655.588409 811.332522 1302453244
1616.281942 810.665856 1302453248
1595.759828 810.221412 1302453250
1575.485966 809.332524 1302453252
1546.357805 809.221413 1302453255
1523.270427 806.221416 1302453258
1502.665563 806.443638 1302453264
1479.164433 805.888083 1302453268
1455.332301 805.332528 1302453271
1428.852155 804.999195 1302453274
1400.965250 805.110306 1302453277
1373.574849 804.999195 1302453280
1348.501460 804.999195 1302453283
1326.738090 804.554751 1302453286
1305.305721 802.665864 1302453297
1284.866358 804.332529 1302453302
1256.482951 799.888089 1302453307
1235.381584 799.888089 1302453309
1208.570436 799.221423 1302453311
1183.414297 798.776979 1302453313
1163.140435 798.554757 1302453315
1139.308303 799.665867 1302453318
1118.041435 799.110312 1302453324
1094.374804 797.554758 1302453328
1070.459922 796.110315 1302453331
1043.648774 795.554760 1302453334
1015.017115 794.443650 1302453337
986.799209 793.888095 1302453340
959.739809 791.999208 1302453343
937.479936 792.110319 1302453346
914.227058 792.554763 1302453359
889.815673 792.332541 1302453363
865.073286 791.776986 1302453366
837.351882 791.110320 1302453369
807.892719 790.554765 1302453372
787.618857 790.332543 1302453374
767.179494 789.999210 1302453376
746.409129 789.888099 1302453378
725.638764 789.776988 1302453380
704.868399 789.776988 1302453382
684.098035 789.332544 1302453384
663.327670 787.110324 1302453386
642.557305 785.776992 1302453388
622.448944 785.443659 1302453390
594.065536 785.332548 1302453393
568.081893 785.776992 1302453396
544.746264 785.776992 1302453400
524.555152 786.110325 1302453418
490.130962 785.776992 1302453423
464.147318 784.443660 1302453426
435.763911 783.221439 1302453429
406.387498 781.999218 1302453432
377.755840 780.554775 1302453435
350.530939 780.221442 1302453438
326.781558 782.332551 1302453441
306.755947 785.665881 1302453447
284.165072 782.221440 1302453460
263.477458 780.888108 1302453463
240.224579 780.554775 1302453466
217.716454 779.554776 1302453469
196.118585 777.999222 1302453474
171.458949 778.554777 1302453480
150.523083 778.332555 1302453483
128.676962 778.776999 1302453486
106.830841 779.110332 1302453490
87.880986 789.221433 1302453509
88.625740 815.665851 1302453513
88.791241 841.443603 1302453516
88.708491 871.332462 1302453519
87.715485 892.332441 1302453521
86.639729 913.776864 1302453523
85.729474 935.665731 1302453525
85.563973 957.999042 1302453527
85.977726 980.554575 1302453529
85.563973 1002.776775 1302453531
85.232972 1025.887863 1302453533
84.901970 1048.554507 1302453535
83.991715 1071.110040 1302453537
83.743463 1093.554462 1302453539
83.164210 1115.554440 1302453541
82.336706 1137.998862 1302453543
81.922953 1160.109951 1302453545
81.343700 1181.887707 1302453547
80.598946 1202.887686 1302453549
80.433445 1223.443221 1302453551
80.019693 1252.220970 1302453554
79.854192 1277.220945 1302453557
79.854192 1299.554256 1302453560
81.757452 1323.109788 1302453564
103.520823 1328.443116 1302453568
124.704940 1328.665338 1302453571
149.695578 1329.220893 1302453574
176.920479 1330.220892 1302453577
204.310880 1331.443113 1302453580
230.873777 1332.220890 1302453583
255.367913 1333.220889 1302453587
276.386529 1332.776445 1302453614
302.452923 1332.554223 1302453618
327.774563 1332.998667 1302453621
355.826969 1333.998666 1302453624
385.368882 1334.554221 1302453627
414.745294 1335.220887 1302453630
441.887445 1335.443109 1302453633
465.471325 1335.109776 1302453637
491.123967 1335.443109 1302453644
513.052838 1335.554220 1302453647
539.036482 1336.220886 1302453650
567.419889 1337.220885 1302453653
597.375555 1337.665329 1302453656
617.649417 1338.109773 1302453658
638.006030 1338.331995 1302453660
658.693644 1338.443106 1302453662
679.546759 1338.443106 1302453664
700.648126 1338.665328 1302453666
721.997744 1338.331995 1302453668
743.181861 1337.998662 1302453670
772.723775 1339.331994 1302453673
800.196927 1340.443104 1302453676
825.435816 1341.443103 1302453679
848.109442 1339.998660 1302453682
868.052302 1338.554217 1302453690
881.209625 1320.332013 1302453695
882.864634 1298.109813 1302453698
884.271392 1274.443170 1302453701
885.181647 1253.776524 1302453704
886.009152 1231.554324 1302453708
