3323.341135 630.554925 1302456560
3322.679132 610.110501 1302456575
3319.865616 590.110521 1302456581
3299.591754 583.777194 1302456585
3277.580132 583.221639 1302456588
3252.672244 582.888306 1302456591
3226.936852 582.332751 1302456594
3202.277216 581.888307 1302456597
3179.934592 581.110530 1302456600
3159.908981 580.888308 1302456603
3138.559363 580.777197 1302456606
3114.065228 580.554975 1302456609
3088.578087 579.666087 1302456612
3061.601437 578.999421 1302456615
3034.542038 578.221644 1302456618
3010.627155 578.221644 1302456621
2991.925552 586.888302 1302456625
2990.849796 610.999389 1302456629
2991.015297 633.554922 1302456632
2990.353293 657.666009 1302456635
2989.856791 683.554872 1302456638
2990.105042 710.888178 1302456641
2988.615534 740.221482 1302456644
2987.705279 768.332565 1302456647
2986.712273 793.888095 1302456650
2983.071253 816.999183 1302456653
2975.789213 841.110270 1302456657
2953.860341 847.554708 1302456662
2934.000232 844.888044 1302456678
2908.264839 841.443603 1302456682
2882.943199 840.332493 1302456685
2853.980539 839.665827 1302456688
2824.355875 838.110273 1302456691
2795.972468 836.776941 1302456694
2769.492321 835.999164 1302456697
2748.556456 835.999164 1302456700
2724.724324 835.888053 1302456707
2701.140443 834.999165 1302456711
2678.466818 834.221388 1302456714
2654.303684 834.999165 1302456717
2630.388802 835.110276 1302456720
2607.053173 833.999166 1302456723
2584.545048 832.888056 1302456726
2559.719911 834.665832 1302456730
2539.528799 835.888053 1302456741
2519.254937 835.554720 1302456745
2496.498561 834.999165 1302456748
2469.770163 833.554722 1302456751
2441.800509 832.332501 1302456754
2413.499852 831.332502 1302456757
2384.288940 830.665836 1302456760
2354.167774 829.999170 1302456763
2333.728411 829.332504 1302456765
2313.040796 828.665838 1302456767
2292.353182 828.110283 1302456769
2271.251815 827.776950 1302456771
2250.564201 827.443617 1302456773
2230.207588 826.776951 1302456775
2201.079427 826.221396 1302456778
2174.102778 825.888063 1302456781
2150.270646 826.776951 1302456784
2126.935017 827.776950 1302456788
2102.523632 828.665838 1302456803
2067.933940 826.554729 1302456808
2044.019058 825.332508 1302456811
2019.690423 824.665842 1302456814
1995.361789 822.888066 1302456817
1971.777908 821.443623 1302456820
1949.683536 821.776956 1302456823
1925.437652 821.110290 1302456827
1903.591531 821.332512 1302456834
1878.931895 821.665845 1302456838
1856.920273 821.221401 1302456841
1832.674389 819.999180 1302456844
1807.021747 818.888070 1302456847
1781.617356 818.110293 1302456850
1757.288722 818.443626 1302456853
1730.394823 818.665848 1302456856
1701.514913 818.110293 1302456859
1681.489302 817.443627 1302456861
1661.049939 815.999184 1302456863
1640.279574 814.888074 1302456865
1619.178208 814.110297 1302456867
1598.159591 813.443631 1302456869
1577.885729 812.888076 1302456871
1549.419572 812.999187 1302456874
1526.663196 812.776965 1302456877
1503.244816 812.110299 1302456884
1480.819442 811.443633 1302456888
1457.980316 810.443634 1302456891
1432.244923 810.110301 1302456894
1403.696016 809.554746 1302456897
1374.816106 809.776968 1302456900
1347.342954 808.221414 1302456903
1324.834829 807.221415 1302456906
1301.416450 806.776971 1302456913
1278.329072 807.554748 1302456917
1255.076193 808.110303 1302456920
1229.009799 807.665859 1302456923
1202.364152 807.110304 1302456926
1175.718504 806.888082 1302456929
1151.141618 806.776971 1302456932
1126.399231 806.888082 1302456936
1101.574094 804.888084 1302456958
1075.755951 801.999198 1302456962
1051.923819 800.999199 1302456965
1026.519429 800.554755 1302456968
1000.535785 800.110311 1302456971
975.214145 799.665867 1302456974
952.126767 799.443645 1302456977
928.129135 798.554757 1302456981
