3338.401719 185.666481 1303342906
3338.815471 160.110951 1303342910
3339.394724 136.888752 1303342914
3340.304979 115.999884 1303342918
3339.973977 95.222127 1303342929
3340.056728 75.111036 1303342934
3339.477475 52.555503 1303342938
3317.134851 43.888845 1303342943
3291.233958 45.111066 1303342947
3267.567327 45.999954 1303342950
3242.907690 45.888843 1303342953
3219.158309 45.333288 1303342956
3197.891441 44.777733 1303342959
3177.700330 44.888844 1303342964
3157.178216 44.555511 1303342969
3131.442824 43.888845 1303342973
3109.679453 43.333290 1303342987
3082.040800 42.888846 1303342992
3059.532676 42.444402 1303342995
3037.024551 42.222180 1303342998
3013.192420 42.222180 1303343002
2995.566572 56.777721 1303343010
2996.476827 76.888812 1303343014
2996.063075 97.111014 1303343017
2995.649323 119.999880 1303343020
2995.401071 140.333193 1303343023
2995.152820 161.777616 1303343028
2994.656317 184.444260 1303343034
2994.077064 211.222011 1303343038
2993.580561 233.221989 1303343041
2993.084058 256.110855 1303343044
2992.422055 276.888612 1303343047
2992.256554 298.888590 1303343053
2991.842802 322.666344 1303343058
2991.677301 343.555212 1303343061
2991.180798 367.555188 1303343064
2990.684295 394.110717 1303343067
2990.187792 421.332912 1303343070
2989.525789 449.110662 1303343073
2988.781035 476.555079 1303343076
2987.705279 501.999498 1303343079
2986.381271 524.555031 1303343082
2985.553767 545.999454 1303343085
2982.574750 566.443878 1303343089
2963.873147 575.666091 1303343093
2942.606279 575.888313 1303343096
2918.194894 574.666092 1303343099
2892.707753 574.221648 1303343102
2865.979355 573.888315 1303343105
2838.754455 573.554982 1303343108
2811.115802 573.110538 1303343111
2783.559899 572.443872 1303343114
2756.583250 571.777206 1303343117
2728.282593 571.666095 1303343120
2699.319933 571.332762 1303343123
2671.184778 569.999430 1303343126
2641.808365 568.554987 1303343129
2613.673209 568.332765 1303343132
2588.434320 568.110543 1303343135
2566.257197 567.999432 1303343138
2541.018307 568.554987 1303343142
2521.489199 576.443868 1303343154
2519.585939 600.777177 1303343159
2518.344682 621.110490 1303343162
2517.434427 643.666023 1303343165
2517.020675 667.332666 1303343168
2516.689673 692.221530 1303343171
2516.027669 717.888171 1303343174
2515.613917 743.221479 1303343177
2514.869163 768.554787 1303343180
2515.117414 792.999207 1303343183
2515.779418 816.776961 1303343186
2515.531166 839.888049 1303343189
2514.372660 863.554692 1303343192
2513.048653 888.999111 1303343195
2512.221148 915.443529 1303343198
2511.807396 942.665724 1303343201
2511.310893 970.110141 1303343204
2510.648889 997.110114 1303343207
2509.986886 1024.665642 1303343210
2509.324882 1051.665615 1303343213
2509.821385 1076.998923 1303343216
2511.228143 1099.443345 1303343219
2512.303899 1123.109988 1303343223
2513.545155 1144.665522 1303343230
2514.289910 1169.221053 1303343234
2514.951913 1192.221030 1303343237
2516.193170 1217.332116 1303343240
2517.848179 1242.554313 1303343243
2518.344682 1268.220954 1303343246
2518.179181 1293.998706 1303343249
2517.599928 1317.776460 1303343252
2517.103425 1337.998662 1303343255
2519.254937 1359.220863 1303343259
2539.611550 1363.776414 1303343263
2564.850439 1362.665304 1303343267
2585.455303 1362.665304 1303343271
2609.204685 1363.776414 1303343285
2630.885305 1364.109747 1303343289
2656.455196 1364.220858 1303343293
2678.384067 1364.887524 1303343296
2701.388695 1365.331968 1303343299
2725.138076 1365.554190 1303343302
2749.383960 1365.887523 1303343305
2774.209098 1366.665300 1303343308
2799.613488 1367.109744 1303343311
2824.190374 1367.776410 1303343314
2848.022506 1368.554187 1303343317
2868.958372 1368.998631 1303343320
2890.390740 1369.109742 1303343325
