3045.547849 191.555364 1303355316
3032.225025 174.777603 1303355345
3011.454660 174.777603 1303355351
2999.290343 192.888696 1303355360
2998.380088 216.222006 1303355365
2996.973330 238.110873 1303355369
2995.980324 261.777516 1303355373
2995.483822 284.666382 1303355377
2993.828812 304.666362 1303355384
2992.753057 326.444118 1303355388
2992.091053 346.888542 1303355391
2991.429049 368.777409 1303355394
2990.767046 392.110719 1303355397
2990.353293 416.221806 1303355400
2989.774040 440.444004 1303355403
2989.360288 465.555090 1303355406
2988.781035 490.443954 1303355409
2987.291526 514.999485 1303355412
2986.215770 536.999463 1303355415
2981.416244 560.777217 1303355419
2960.811380 572.221650 1303355423
2939.130760 573.332760 1303355426
2916.126133 572.888316 1303355429
2895.024766 572.666094 1303355432
2869.206623 571.999428 1303355436
2845.788244 571.666095 1303355440
2825.762633 571.888317 1303355444
2804.495765 572.554983 1303355457
2782.235892 573.221649 1303355461
2760.720773 574.221648 1303355464
2736.226637 573.999426 1303355467
2709.663740 572.110539 1303355470
2682.273339 571.777206 1303355473
2653.889932 571.777206 1303355476
2625.920277 571.443873 1303355479
2599.522881 571.332762 1303355482
2576.021751 570.443874 1303355485
2551.775867 569.999430 1303355489
2528.936741 571.554984 1303355509
2523.061458 594.221628 1303355514
2521.240948 614.221608 1303355517
2519.751440 638.443806 1303355520
2519.585939 664.221558 1303355523
2519.254937 690.777087 1303355526
2518.179181 717.332616 1303355529
2517.517177 744.999255 1303355532
2517.103425 772.332561 1303355535
2516.772423 798.665868 1303355538
2516.689673 823.888065 1303355541
2515.696667 849.665817 1303355544
2514.538161 876.888012 1303355547
2513.379655 905.665761 1303355550
2512.552150 935.110176 1303355553
2511.890146 964.665702 1303355556
2511.145392 993.999006 1303355559
2510.069636 1023.665643 1303355562
2509.159381 1052.221170 1303355565
2510.400638 1078.110033 1303355568
2511.393644 1101.332232 1303355571
2512.634900 1124.332209 1303355575
2513.379655 1145.776632 1303355582
2513.876157 1170.887718 1303355586
2514.786412 1192.887696 1303355589
2516.027669 1216.332117 1303355592
2517.517177 1239.998760 1303355595
2517.765429 1264.109847 1303355598
2517.268926 1287.998712 1303355601
2516.689673 1309.665357 1303355604
2516.027669 1333.554222 1303355608
2516.689673 1354.887534 1303355615
2537.211786 1360.554195 1303355620
2562.202425 1359.998640 1303355624
2584.131296 1360.220862 1303355627
2607.218674 1360.554195 1303355630
2630.057800 1361.443083 1303355633
2654.055433 1361.776416 1303355636
2678.549568 1363.109748 1303355639
2703.291955 1364.776413 1303355642
2728.696346 1365.887523 1303355645
2753.438733 1366.554189 1303355648
2777.188114 1366.998633 1303355651
2800.192741 1367.665299 1303355654
2822.287113 1367.998632 1303355657
2845.126240 1368.331965 1303355660
2866.724109 1368.554187 1303355663
2891.797498 1369.443075 1303355667
2915.133127 1370.443074 1303355678
2937.972253 1370.887518 1303355683
2957.997864 1370.887518 1303355686
2979.843985 1371.665295 1303355689
3003.179614 1372.665294 1303355692
3027.094497 1373.887515 1303355695
3050.926628 1374.665292 1303355698
3083.695810 1375.443069 1303355702
3107.858943 1376.109735 1303355705
3132.518580 1375.554180 1303355708
3158.005721 1375.331958 1303355711
3182.830858 1375.665291 1303355714
3207.076742 1376.331957 1303355717
3230.826124 1372.331961 1303355720
3253.251498 1367.554188 1303355723
3274.849367 1362.998637 1303355726
3298.267747 1356.443088 1303355730
3306.211791 1334.443110 1303355734
3308.032301 1309.443135 1303355738
3308.032301 1286.887602 1303355741
3308.280552 1262.776515 1303355744
3308.446053 1238.220984 1303355747
3309.108057 1213.776564 1303355750
3313.411080 1193.221029 1303355753
3313.742082 1169.887719 1303355756
3313.990334 1146.443298 1303355759
3314.900589 1122.554433 1303355762
3315.810844 1098.665568 1303355765
3316.472847 1074.887814 1303355768
3317.052101 1050.887838 1303355771
3317.300352 1027.110084 1303355774
3317.465853 1002.776775 1303355777
3317.714104 977.887911 1303355780
3317.962356 953.443491 1303355783
3319.286363 930.554625 1303355786
3319.534614 908.665758 1303355789
3319.203613 887.665779 1303355792
3319.617365 865.221357 1303355795
3320.196618 840.776937 1303355798
3320.610370 815.554740 1303355801
3321.106873 789.776988 1303355804
3321.603376 763.332570 1303355807
3322.017128 737.777040 1303355810
3322.596381 713.777064 1303355813
3323.175635 692.888196 1303355816
3324.085890 666.777111 1303355820
3324.582392 643.999356 1303355824
3325.327146 621.666045 1303355840
3327.313157 596.221626 1303355845
3329.133667 574.777203 1303355848
3331.036928 550.999449 1303355851
3332.278185 526.888362 1303355854
3332.609187 501.999498 1303355857
3333.519442 477.999522 1303355860
3333.767693 453.555102 1303355864
3331.202429 433.666233 1303355874
