2518.592933 1351.554204 1303398507
2537.046285 1364.776413 1303398532
2557.899401 1363.220859 1303398535
2581.897034 1362.998637 1303398538
2608.128929 1363.776414 1303398541
2628.899294 1364.331969 1303398543
2651.655670 1364.776413 1303398545
2676.398056 1365.554190 1303398547
2702.547201 1365.998634 1303398549
2729.441100 1366.776411 1303398551
2756.417749 1367.887521 1303398553
2783.063396 1368.554187 1303398555
2809.791794 1368.998631 1303398557
2835.444436 1368.887520 1303398559
2858.283563 1369.220853 1303398561
2883.025950 1370.443074 1303398564
2908.182089 1371.220851 1303398582
2929.448956 1371.331962 1303398585
2956.922108 1371.998628 1303398588
2977.940725 1372.776405 1303398590
3000.117847 1373.554182 1303398592
3021.881218 1373.998626 1303398594
3043.148085 1374.554181 1303398596
3063.173696 1374.998625 1303398598
3092.632859 1375.887513 1303398601
3113.816976 1376.554179 1303398603
3135.745848 1376.887512 1303398605
3158.915976 1377.554178 1303398607
3182.582607 1377.998622 1303398609
3205.669984 1378.220844 1303398611
3229.005614 1376.554179 1303398613
3251.844740 1373.665293 1303398615
3279.152391 1370.331963 1303398618
3299.591754 1367.220855 1303398622
3307.535798 1346.331987 1303398628
3306.791044 1322.443122 1303398631
3308.115051 1292.665374 1303398634
3309.521809 1270.998729 1303398636
3310.680315 1248.554307 1303398638
3312.087073 1227.220995 1303398640
3314.155835 1196.998803 1303398643
3313.907583 1176.887712 1303398645
3313.328330 1152.776625 1303398648
3313.411080 1132.443312 1303398653
3315.479842 1105.221117 1303398657
3317.548603 1077.665589 1303398660
3318.789860 1056.332277 1303398662
3319.700115 1032.887856 1303398664
3320.196618 1007.665659 1303398666
3320.775871 982.554573 1303398668
3321.355124 958.776819 1303398670
3322.761882 936.776841 1303398672
3324.996145 915.332418 1303398674
3326.982156 888.110223 1303398677
3326.651154 866.554689 1303398682
3335.174451 844.110267 1303398691
3360.827093 842.443602 1303398695
3383.583469 845.332488 1303398698
3404.602085 848.888040 1303398703
3426.944709 851.221371 1303398724
3450.445839 852.888036 1303398727
3476.677734 853.443591 1303398730
3506.467899 854.554701 1303398733
3528.479520 855.443589 1303398735
3550.904894 856.110255 1303398737
3573.082017 856.665810 1303398739
3595.424641 857.221365 1303398741
3618.512018 857.888031 1303398743
3642.095899 858.776919 1303398745
3663.942020 859.443585 1303398747
3685.870891 860.110251 1303398750
3706.144753 860.443584 1303398779
3716.571311 883.554672 1303398795
3715.992058 908.221314 1303398798
3714.833551 938.665728 1303398801
3713.757795 961.999038 1303398803
3712.930291 987.332346 1303398805
3712.185537 1013.887875 1303398807
3711.109781 1039.665627 1303398809
3710.116775 1062.998937 1303398811
3709.289271 1082.998917 1303398813
3713.261293 1104.998895 1303398820
3732.128397 1116.665550 1303398825
3754.553771 1114.776663 1303398828
3781.778672 1112.887776 1303398831
3803.624792 1110.332223 1303398834
3824.974411 1106.443338 1303398853
3828.284429 1086.332247 1303398857
3828.036178 1064.221158 1303398860
3829.691187 1035.110076 1303398863
3830.766943 1013.221209 1303398865
3831.759948 990.332343 1303398867
3832.090950 967.332366 1303398869
3832.339201 944.221278 1303398871
3832.421952 922.665744 1303398873
3833.332207 901.332432 1303398876
3831.925449 879.221343 1303398881
3819.016378 863.443581 1303398898
3794.273991 862.110249 1303398902
3767.545593 861.776916 1303398905
3747.023479 861.443583 1303398907
3724.929107 860.999139 1303398909
3702.007230 860.443584 1303398911
3678.340599 859.776918 1303398913
3655.335972 859.443585 1303398915
3634.317356 859.221363 1303398917
3612.967738 859.110252 1303398919
3592.528375 858.888030 1303398921
3567.868738 858.665808 1303398924
3546.188118 857.776920 1303398927
3520.287225 856.999143 1303398930
3491.903818 856.443588 1303398933
3471.050703 856.110255 1303398935
3448.377077 855.443589 1303398937
3425.289699 854.221368 1303398939
3402.781575 852.221370 1303398941
3375.556674 849.776928 1303398944
3353.710553 848.554707 1303398948
3332.857438 847.888041 1303398955
3319.617365 829.888059 1303398969
3320.610370 807.665859 1303398972
3322.017128 778.888110 1303398975
3322.844633 756.554799 1303398977
3323.423886 732.888156 1303398979
3324.085890 709.777068 1303398981
3325.409897 687.332646 1303398983
3327.644159 664.666002 1303398985
3329.381919 642.443802 1303398987
3330.457675 617.888271 1303398990
