2512.717651 1352.443092 1303399716
2532.246759 1364.998635 1303399731
2554.423882 1363.776414 1303399734
2578.752516 1364.109747 1303399737
2599.357380 1365.443079 1303399750
2624.513519 1366.665300 1303399754
2651.241917 1367.665299 1303399757
2672.260534 1368.220854 1303399759
2695.678913 1368.776409 1303399761
2720.669551 1369.554186 1303399763
2746.735946 1370.220852 1303399765
2773.712595 1371.109740 1303399767
2800.523743 1371.776406 1303399769
2826.921139 1372.331961 1303399771
2851.746276 1372.554183 1303399773
2872.351140 1372.443072 1303399775
2894.445513 1372.554183 1303399778
2914.553874 1373.109738 1303399781
2939.296261 1375.109736 1303399784
2969.169176 1377.665289 1303399787
2991.429049 1377.665289 1303399789
3014.433676 1376.887512 1303399791
3036.693550 1376.220846 1303399793
3057.381164 1375.998624 1303399795
3086.261074 1376.887512 1303399798
3106.452186 1378.887510 1303399800
3127.139800 1380.331953 1303399802
3149.316923 1381.109730 1303399804
3173.066304 1380.776397 1303399806
3197.312188 1379.554176 1303399808
3221.475322 1377.554178 1303399810
3245.059202 1374.998625 1303399812
3267.153575 1372.331961 1303399814
3291.564960 1368.887520 1303399817
3307.370297 1353.331980 1303399821
3309.604559 1332.443112 1303399824
3310.101062 1305.998694 1303399827
3310.514814 1284.998715 1303399829
3310.763066 1261.220961 1303399831
3311.425070 1235.776542 1303399833
3312.004323 1210.109901 1303399835
3312.500825 1184.998815 1303399837
3311.838822 1162.443282 1303399839
3312.252574 1138.554417 1303399842
3317.714104 1117.887771 1303399859
3319.948367 1097.221125 1303399862
3320.941372 1069.332264 1303399865
3321.272374 1047.998952 1303399867
3321.603376 1024.776753 1303399869
3322.265379 1000.776777 1303399871
3323.754888 963.665703 1303399874
3324.996145 940.110171 1303399876
3327.147656 919.554636 1303399878
3328.968167 894.443550 1303399881
3328.637165 872.999127 1303399886
3333.519442 849.443595 1303399891
3356.772320 842.999157 1303399895
3383.500718 845.665821 1303399899
3407.250100 847.554708 1303399911
3430.833980 849.665817 1303399915
3454.997114 851.888037 1303399918
3480.070502 853.110258 1303399921
3506.054146 852.776925 1303399924
3535.596060 853.110258 1303399927
3556.449175 853.888035 1303399929
3577.467791 854.554701 1303399931
3598.900160 855.221367 1303399933
3620.746281 855.776922 1303399935
3641.599396 856.332477 1303399937
3663.362766 856.665810 1303399940
3686.946647 856.221366 1303399951
3708.048014 859.554696 1303399955
3719.798579 882.332451 1303399959
3719.136575 908.776869 1303399962
3718.060819 929.110182 1303399964
3716.736812 950.999049 1303399966
3715.743806 974.221248 1303399968
3714.419799 997.665669 1303399970
3713.178542 1021.554534 1303399972
3711.854535 1045.110066 1303399974
3710.861529 1066.554489 1303399976
3709.868524 1087.665579 1303399979
3710.116775 1110.221112 1303399999
3734.445410 1115.221107 1303400003
3762.084063 1114.776663 1303400006
3789.722716 1113.665553 1303400009
3812.561842 1112.443332 1303400013
3829.525686 1100.443344 1303400022
3826.381168 1078.221144 1303400026
3826.050167 1057.332276 1303400031
3828.532680 1032.443412 1303400036
3829.773937 1007.665659 1303400039
3831.759948 978.554577 1303400042
3833.911460 949.887939 1303400045
3834.738965 922.887966 1303400048
3833.166706 902.665764 1303400051
3834.325212 882.332451 1303400057
3819.595631 867.221355 1303400064
3799.404519 867.888021 1303400067
3774.910384 867.332466 1303400070
3751.078252 866.665800 1303400074
3726.915118 866.888022 1303400081
3704.655245 866.221356 1303400084
3677.430344 864.776913 1303400087
3652.025954 864.221358 1303400090
3630.593585 863.665803 1303400095
3607.257956 863.110248 1303400108
3586.984094 863.221359 1303400111
3565.551725 863.110248 1303400117
3540.395586 862.221360 1303400122
3515.156697 861.776916 1303400125
3485.118280 861.443583 1303400128
3464.099664 861.332472 1303400130
3442.667296 861.110250 1303400132
3421.483178 859.888029 1303400134
3400.961065 858.221364 1303400136
3373.818915 856.554699 1303400139
3350.648786 855.776922 1303400143
3327.726910 851.888037 1303400154
3318.707110 831.332502 1303400158
3318.955361 806.110305 1303400161
3319.782866 786.110325 1303400163
3320.031117 763.888125 1303400165
3320.693121 741.999258 1303400167
3321.355124 720.221502 1303400169
3322.348130 697.999302 1303400171
3324.085890 676.332657 1303400173
3326.154651 655.999344 1303400175
3327.561409 628.554927 1303400178
3328.388913 606.110505 1303400182
