906.365764 788.221434 1302741479
882.699133 789.332544 1302741482
854.398477 793.776984 1302741485
833.462611 799.332534 1302741487
809.547729 803.665863 1302741489
783.150333 803.332530 1302741491
754.518674 800.999199 1302741493
724.397508 798.999201 1302741495
693.945339 797.443647 1302741497
664.982679 796.221426 1302741499
638.502532 794.665872 1302741501
615.746156 792.665874 1302741503
590.341766 790.221432 1302741506
569.323150 790.665876 1302741513
542.760253 791.999208 1302741539
514.542347 792.999207 1302741542
492.116972 792.554763 1302741544
467.953839 791.554764 1302741546
442.714949 789.332544 1302741548
419.048318 787.554768 1302741550
396.788445 786.443658 1302741552
375.190576 785.332548 1302741554
354.585712 785.332548 1302741556
327.360811 784.221438 1302741559
305.431940 782.665884 1302741563
281.765309 786.443658 1302741592
261.160445 792.110319 1302741595
239.148823 797.776980 1302741598
215.730443 792.665874 1302741602
190.905306 793.221429 1302741607
167.983429 797.110314 1302741610
146.964813 800.110311 1302741613
126.939202 799.443645 1302741616
107.410094 803.776974 1302741621
99.797052 825.999174 1302741633
96.487034 852.554703 1302741636
94.666524 875.110236 1302741638
92.763263 900.110211 1302741640
91.439256 925.887963 1302741642
91.191004 951.221271 1302741644
90.197999 974.110137 1302741646
89.287744 994.332339 1302741648
87.053482 1023.554532 1302741651
85.481223 1044.887844 1302741653
83.908964 1068.332265 1302741655
82.419456 1093.776684 1302741657
81.095449 1120.554435 1302741659
79.936942 1148.554407 1302741661
79.357689 1176.665490 1302741663
79.026687 1204.221018 1302741665
79.109438 1230.220992 1302741667
79.357689 1254.109857 1302741669
78.861186 1274.776503 1302741671
77.537179 1298.665368 1302741674
80.847197 1319.665347 1302741694
107.161843 1325.887563 1302741699
137.200259 1326.109785 1302741702
161.032391 1326.109785 1302741704
185.443776 1325.887563 1302741706
209.358658 1324.998675 1302741708
232.363285 1324.776453 1302741710
254.954160 1325.109786 1302741712
278.786292 1325.887563 1302741714
304.852687 1326.332007 1302741716
333.980848 1327.776450 1302741718
365.757023 1330.109781 1302741720
398.112452 1330.998669 1302741722
427.819867 1330.332003 1302741724
451.403747 1330.109781 1302741726
472.008611 1329.887559 1302741729
492.696226 1331.220891 1302741734
517.438613 1333.109778 1302741737
539.863987 1334.554221 1302741739
566.261383 1335.443109 1302741741
597.127303 1336.109775 1302741743
628.986230 1336.776441 1302741745
661.258908 1337.554218 1302741747
696.593354 1337.887551 1302741749
730.521041 1338.443106 1302741751
762.710969 1339.220883 1302741753
792.583885 1339.554216 1302741755
818.484778 1338.998661 1302741757
839.834396 1338.331995 1302741759
862.839023 1335.554220 1302741762
881.623377 1322.776455 1302741790
884.436893 1296.776481 1302741793
886.588405 1271.332062 1302741797
887.664161 1250.443194 1302741800
888.326164 1224.220998 1302741803
891.884434 1198.554357 1302741806
893.042941 1177.665489 1302741808
895.359953 1155.221067 1302741810
899.083724 1132.887756 1302741812
901.979990 1110.887778 1302741814
903.717750 1090.221132 1302741816
907.607021 1068.332265 1302741819
931.852905 1059.110052 1302741823
961.891321 1057.110054 1302741826
987.709464 1056.443388 1302741829
1004.673308 1045.776732 1302741839
1024.698919 1058.998941 1302741855
1048.944803 1065.665601 1302741858
1069.549667 1064.332269 1302741860
1096.857318 1060.998939 1302741863
1122.096208 1059.665607 1302741866
1143.445826 1058.998941 1302741873
1167.443459 1063.221159 1302741901
1198.888633 1065.110046 1302741904
1224.789526 1065.887823 1302741906
1248.952659 1066.443378 1302741908
1269.061021 1065.776712 1302741910
1290.658890 1065.665601 1302741914
1313.911769 1060.665606 1302741926
1340.391915 1064.110047 1302741929
1362.817289 1064.887824 1302741931
1386.318419 1064.998935 1302741933
1410.233302 1065.110046 1302741935
1433.486180 1065.221157 1302741937
1454.670298 1065.221157 1302741939
1477.592174 1063.665603 1302741942
1499.272794 1061.887827 1302741960
1511.023359 1041.443403 1302741969
1510.775108 1020.332313 1302741972
1511.188860 1000.332333 1302741974
1511.933614 976.554579 1302741976
1513.092121 950.443494 1302741978
1513.423123 922.887966 1302741980
1512.926620 895.665771 1302741982
1511.354361 870.443574 1302741984
1508.540846 848.110263 1302741986
1504.486073 827.110284 1302741989
1505.561829 804.665862 1302742004
1508.871847 778.776999 1302742011
1514.002376 755.332578 1302742014
1517.395145 725.332608 1302742017
1518.305400 700.221522 1302742019
1520.043159 669.999330 1302742021
1521.118915 640.666026 1302742023
1520.787913 615.554940 1302742025
1519.298405 590.110521 1302742028
1517.643396 570.110541 1302742052
