3323.754888 433.999566 1303415951
3326.071901 411.999588 1303415974
3327.478658 389.332944 1303415979
3329.547420 366.666300 1303415993
3334.015944 343.555212 1303415997
3335.670954 321.221901 1303416000
3337.077711 296.888592 1303416003
3338.236218 270.777507 1303416006
3339.725726 241.999758 1303416009
3340.553231 221.888667 1303416011
3341.132484 200.555355 1303416013
3341.546236 178.444266 1303416015
3342.042739 155.666511 1303416017
3342.870243 132.666534 1303416019
3343.697748 110.444334 1303416021
3343.780498 90.111021 1303416023
3342.373741 66.222156 1303416026
3335.422702 45.222177 1303416032
3311.838822 45.222177 1303416036
3288.172191 45.333288 1303416039
3259.954285 43.777734 1303416042
3239.928674 42.999957 1303416044
3219.241060 42.222180 1303416046
3192.843663 41.444403 1303416049
3171.825047 40.666626 1303416053
3151.137433 39.888849 1303416056
3124.574536 38.999961 1303416059
3104.466175 38.444406 1303416061
3083.033806 37.888851 1303416063
3061.518687 37.555518 1303416065
3041.410326 37.222185 1303416067
3019.646955 36.888852 1303416070
3000.035097 46.888842 1303416079
2998.876590 73.444371 1303416084
2998.628339 97.999902 1303416087
2998.131836 127.444317 1303416090
2997.552583 152.999847 1303416093
2997.469833 173.777604 1303416098
2996.973330 200.777577 1303416102
2996.725079 228.555327 1303416105
2996.228576 249.221973 1303416107
2995.980324 276.888612 1303416110
2995.897574 299.221923 1303416129
2995.566572 321.110790 1303416133
2994.904568 344.332989 1303416136
2994.325315 371.888517 1303416139
2993.663312 392.221830 1303416141
2992.753057 414.110697 1303416143
2992.173803 436.777341 1303416145
2991.594550 460.110651 1303416147
2990.849796 483.777294 1303416149
2990.105042 507.999492 1303416151
2989.194787 530.666136 1303416153
2988.201781 555.443889 1303416156
2979.595734 574.554981 1303416164
2952.288083 575.332758 1303416168
2923.987426 574.777203 1303416171
2902.637808 574.221648 1303416173
2879.881432 573.666093 1303416175
2856.297552 573.221649 1303416177
2832.961923 572.777205 1303416179
2809.791794 572.332761 1303416181
2787.118169 571.666095 1303416183
2765.437549 571.110540 1303416185
2743.425927 570.443874 1303416187
2720.586801 569.888319 1303416189
2697.085671 569.554986 1303416191
2674.163794 567.999432 1303416193
2650.166161 567.777210 1303416195
2627.989039 567.332766 1303416197
2604.405158 566.999433 1303416200
2577.511259 566.888322 1303416204
2554.672133 566.221656 1303416207
2533.984519 566.221656 1303416210
2521.158198 582.221640 1303416216
2520.165192 602.221620 1303416220
2518.675684 625.888263 1303416223
2517.103425 654.110457 1303416226
2516.689673 683.554872 1303416229
2516.937924 704.221518 1303416231
2516.606922 725.221497 1303416233
2516.027669 746.332587 1303416235
2514.455410 767.443677 1303416237
2513.710656 788.443656 1303416239
2513.710656 816.999183 1303416242
2513.627906 843.332490 1303416245
2513.131403 870.332463 1303416248
2511.724645 899.999100 1303416251
2511.393644 921.332412 1303416253
2511.145392 943.776834 1303416255
2510.731640 966.776811 1303416257
2510.400638 989.887899 1303416259
2510.152387 1013.221209 1303416261
2509.655884 1036.776741 1303416263
2508.911130 1060.221162 1303416265
2507.835374 1083.332250 1303416267
2507.835374 1103.554452 1303416269
2509.821385 1125.776652 1303416272
2514.289910 1150.776627 1303416281
2515.282915 1173.554382 1303416284
2516.441421 1202.443242 1303416287
2517.682678 1223.554332 1303416289
2518.592933 1245.554310 1303416291
2519.337688 1267.109844 1303416293
2519.337688 1287.665379 1303416295
2519.172187 1315.776462 1303416298
2519.089436 1336.665330 1303416301
2526.454227 1358.554197 1303416310
2553.596377 1361.331972 1303416314
2585.538054 1361.665305 1303416318
2609.783938 1363.443081 1303416331
2630.637053 1364.554191 1303416334
2656.206945 1365.109746 1303416337
2685.831609 1366.331967 1303416340
2707.512229 1367.331966 1303416342
2730.351355 1367.776410 1303416344
2754.017986 1368.109743 1303416346
2777.767367 1368.665298 1303416348
2801.351248 1369.331964 1303416350
2824.438625 1369.887519 1303416352
2846.698499 1369.887519 1303416354
2873.261395 1370.554185 1303416357
2895.686770 1371.665295 1303416380
2917.781142 1372.554183 1303416385
2940.703019 1372.887516 1303416389
2963.045642 1373.331960 1303416392
2985.719268 1375.665291 1303416395
3012.778667 1376.665290 1303416398
3039.341564 1375.998624 1303416401
3063.339197 1376.220846 1303416405
3086.178323 1376.998623 1303416409
3107.279690 1377.665289 1303416412
3131.856576 1378.220844 1303416416
3158.253972 1377.665289 1303416420
3186.223627 1379.109732 1303416423
3206.414739 1379.331954 1303416425
3234.549894 1376.554179 1303416428
3259.457782 1371.554184 1303416431
3279.152391 1367.887521 1303416437
3299.012501 1360.887528 1303416456
3303.481026 1336.109775 1303416460
3303.315525 1308.776469 1303416463
3303.315525 1287.776490 1303416465
3303.729277 1264.998735 1303416467
3304.308530 1241.776536 1303416469
3304.805033 1219.332114 1303416471
3304.639532 1198.221024 1303416473
3303.812027 1172.443272 1303416476
3303.894778 1148.998851 1303416480
