1708.217700 815.665851 1301835969
1682.151306 815.999184 1301835972
1660.387936 815.221407 1301835974
1637.466059 815.665851 1301835976
1614.957934 816.332517 1301835978
1591.125802 815.776962 1301835980
1568.203926 815.554740 1301835982
1548.012814 815.776962 1301835984
1527.407950 816.221406 1301835987
1503.824069 814.888074 1301835995
1483.798459 817.554738 1301835998
1456.242556 818.665848 1301836001
1435.306690 817.665849 1301836003
1414.039823 816.776961 1301836005
1392.524704 816.665850 1301836007
1372.499093 817.999182 1301836009
1348.915212 822.888066 1301836012
1322.517816 823.999176 1301836016
1326.241587 846.221376 1301836025
1336.999147 866.776911 1301836028
1311.346505 880.332453 1301836031
1288.507378 881.999118 1301836033
1264.757997 880.999119 1301836035
1240.346612 877.332456 1301836037
1218.748742 872.888016 1301836039
1198.474880 867.221355 1301836042
1178.614770 861.999138 1301836046
1154.368886 855.776922 1301836049
1133.846773 851.999148 1301836051
1110.428393 847.443597 1301836053
1082.706990 843.888045 1301836055
1053.496078 839.776938 1301836057
1026.105677 836.776941 1301836059
996.563763 833.776944 1301836061
966.442597 829.332504 1301836063
938.390191 825.888063 1301836065
912.489298 823.888065 1301836067
885.760900 820.999179 1301836069
859.280754 818.221404 1301836071
833.297110 816.999183 1301836073
807.230716 815.665851 1301836075
780.750569 814.443630 1301836077
754.022171 813.554742 1301836079
727.459274 811.999188 1301836081
700.730877 806.999193 1301836083
674.995484 802.776975 1301836085
650.749600 801.221421 1301836087
627.082969 797.999202 1301836089
605.071347 798.443646 1301836091
584.052731 798.221424 1301836093
559.972348 798.888090 1301836096
537.877976 797.221425 1301836120
512.556336 796.999203 1301836124
485.662437 795.776982 1301836127
464.726571 794.776983 1301836129
441.059940 793.221429 1301836131
417.145058 791.443653 1301836133
393.395676 790.110321 1301836135
370.887552 788.110323 1301836137
349.372433 786.332547 1301836139
320.409773 784.776993 1301836142
300.549663 782.110329 1301836145
275.393524 782.665884 1301836151
250.071883 784.665882 1301836154
221.026473 783.221439 1301836157
199.594104 780.110331 1301836160
173.196708 782.888106 1301836167
148.371571 782.888106 1301836170
122.222426 780.221442 1301836173
102.196815 780.110331 1301836177
89.949748 797.776980 1301836185
87.632735 818.221404 1301836212
85.977726 839.999160 1301836216
84.405467 863.443581 1301836219
83.991715 883.776894 1301836221
82.833208 906.887982 1301836223
82.502206 930.887958 1301836225
77.950931 955.332378 1301836228
77.040676 980.554575 1301836231
76.047671 1011.110100 1301836234
75.882170 1034.332299 1301836236
75.385667 1057.443387 1301836238
74.309911 1080.332253 1301836240
73.482407 1102.221120 1301836242
71.661896 1122.332211 1301836244
70.255139 1143.554412 1301836246
70.503390 1166.221056 1301836248
70.255139 1188.998811 1301836250
70.006887 1211.554344 1301836252
69.841386 1233.220989 1301836254
70.006887 1253.443191 1301836256
71.165394 1280.443164 1301836259
72.985904 1302.220920 1301836263
92.763263 1317.776460 1301836271
119.988164 1322.220900 1301836275
142.910041 1323.443121 1301836278
165.831917 1324.998675 1301836281
189.250297 1326.554229 1301836284
212.254924 1327.443117 1301836287
232.694287 1328.109783 1301836290
253.216401 1329.887559 1301836294
274.400518 1330.776447 1301836306
295.501885 1331.220891 1301836309
324.464545 1332.776445 1301836312
346.393416 1333.554222 1301836314
368.984291 1333.554222 1301836316
391.740667 1334.220888 1301836318
412.924784 1334.331999 1301836320
441.142690 1334.998665 1301836323
461.913055 1337.998662 1301836328
484.338429 1338.331995 1301836332
513.052838 1338.554217 1301836335
535.312711 1338.887550 1301836337
558.400089 1339.109772 1301836339
582.149471 1339.554216 1301836341
606.064353 1339.887549 1301836343
629.648233 1340.109771 1301836345
653.314864 1339.776438 1301836347
677.064246 1339.554216 1301836349
700.317124 1339.665327 1301836351
722.825249 1339.887549 1301836353
744.588619 1339.887549 1301836355
766.103738 1339.554216 1301836357
786.874103 1339.554216 1301836359
815.836763 1338.998661 1301836362
841.489405 1337.554218 1301836365
862.011519 1336.554219 1301836370
874.175836 1317.109794 1301836376
875.913596 1292.776485 1301836379
877.403104 1272.554283 1301836381
879.720117 1249.998750 1301836383
882.368131 1225.332108 1301836385
884.105891 1200.443244 1301836387
886.257403 1175.887713 1301836389
889.153669 1151.554404 1301836391
891.305181 1127.998872 1301836393
893.125691 1105.332228 1301836395
894.532449 1085.332248 1301836397
897.097713 1061.665605 1301836401
920.019590 1053.776724 1301836406
940.293452 1054.665612 1301836409
964.042833 1055.443389 1301836413
985.557952 1058.332275 1301836418
1006.080066 1059.443385 1301836422
1029.084693 1059.665607 1301836425
1054.323583 1059.554496 1301836428
1076.997208 1059.665607 1301836431
1098.429577 1060.443384 1301836436
1119.861945 1061.443383 1301836442
1140.466809 1063.221159 1301836445
1166.864205 1066.221156 1301836448
1195.826866 1068.887820 1301836451
1223.465518 1068.998931 1301836454
1247.545902 1070.665596 1301836457
1271.957287 1073.443371 1301836461
1295.458417 1075.221147 1301836480
1316.477033 1075.776702 1301836483
1346.101697 1076.776701 1301836486
1367.285814 1077.221145 1301836488
1388.221680 1077.221145 1301836490
1416.936089 1077.998922 1301836493
1446.478002 1079.665587 1301836496
1469.896382 1080.887808 1301836499
1490.004743 1077.887811 1301836505
1495.631774 1056.110055 1301836509
1499.190044 1031.998968 1301836512
1501.093304 1001.554554 1301836515
1501.589807 978.999021 1301836517
1501.176055 955.554600 1301836519
1500.514051 931.999068 1301836521
1502.169060 908.776869 1301836523
1505.148077 888.221334 1301836525
1508.540846 859.999140 1301836528
1509.120099 834.332499 1301836531
1511.354361 811.665855 1301836538
1538.165509 808.888080 1301836543
1562.659645 811.888077 1301836546
1588.064036 810.888078 1301836549
1612.475421 811.888077 1301836552
1634.073290 812.554743 1301836555
1654.595404 813.443631 1301836558
1677.848282 812.665854 1301836562
1698.287645 812.221410 1301836569
1724.767792 813.776964 1301836573
1751.992692 815.888073 1301836576
1772.018303 816.999183 1301836578
1792.374916 817.776960 1301836580
1821.668578 819.221403 1301836583
1849.472732 820.332513 1301836586
1871.567104 820.443624 1301836589
1893.661476 821.999178 1301836595
1916.831604 824.554731 1301836599
1941.491241 826.554729 1301836602
1967.640385 828.999171 1301836605
1994.782536 828.888060 1301836608
2016.545906 830.554725 1301836613
2038.061025 833.999166 1301836618
2058.748639 832.999167 1301836622
