3009.634150 174.110937 1303431504
2995.649323 193.222029 1303431512
2996.559578 215.333118 1303431515
2996.476827 242.333091 1303431518
2996.063075 268.333065 1303431521
2996.063075 291.110820 1303431525
2994.821818 316.555239 1303431531
2994.573567 340.110771 1303431534
2993.911563 369.444075 1303431537
2993.415060 391.777386 1303431539
2993.001308 414.888474 1303431541
2992.339304 438.555117 1303431543
2991.594550 462.666204 1303431545
2991.098047 486.110625 1303431547
2991.180798 508.888380 1303431549
2990.932546 530.777247 1303431551
2992.173803 556.554999 1303431554
3016.502438 567.888321 1303431558
3042.817084 566.999433 1303431561
3070.621237 567.666099 1303431564
3097.101384 568.221654 1303431567
3126.477796 568.777209 1303431570
3147.165411 569.332764 1303431572
3167.687524 569.443875 1303431574
3197.312188 569.888319 1303431577
3224.868091 570.221652 1303431580
3249.113975 568.110543 1303431583
3274.352864 567.443877 1303431587
3298.019495 568.443876 1303431591
3318.293357 566.999433 1303431596
3327.230407 548.777229 1303431600
3327.644159 527.443917 1303431603
3328.471664 502.777275 1303431606
3329.878422 479.221743 1303431609
3331.450680 457.221765 1303431612
3332.526436 436.888452 1303431615
3333.519442 415.888473 1303431618
3334.595198 394.444050 1303431621
3335.505453 373.444071 1303431624
3335.919205 349.444095 1303431628
3337.243212 328.110783 1303431634
3339.146473 302.666364 1303431653
3340.966983 278.666388 1303431656
3342.290990 250.555305 1303431659
3343.035744 229.999770 1303431661
3343.945999 208.666458 1303431663
3344.525253 186.888702 1303431665
3344.773504 164.777613 1303431667
3344.773504 142.333191 1303431669
3346.263012 121.444323 1303431671
3347.504269 96.444348 1303431674
3348.249023 75.222147 1303431678
3349.324779 55.111056 1303431685
3333.602192 36.999963 1303431695
3311.094068 37.999962 1303431698
3284.696672 39.111072 1303431701
3256.975268 39.222183 1303431704
3229.667617 39.222183 1303431707
3205.090731 39.333294 1303431710
3184.485867 39.333294 1303431715
3164.460256 39.333294 1303431719
3141.869381 39.111072 1303431722
3116.299490 38.222184 1303431725
3087.750582 37.333296 1303431728
3059.284425 36.999963 1303431731
3033.962785 36.888852 1303431734
3013.357921 36.777741 1303431739
3001.193603 56.333277 1303431746
3000.862601 83.888805 1303431750
2999.786845 109.444335 1303431753
2999.290343 132.777645 1303431756
2998.380088 156.777621 1303431760
2997.221581 181.333152 1303431766
2996.063075 203.222019 1303431769
2994.821818 228.777549 1303431772
2993.911563 255.333078 1303431775
2993.415060 279.444165 1303431778
2992.422055 300.110811 1303431786
2991.842802 320.555235 1303431790
2991.263548 343.999656 1303431793
2990.684295 372.332961 1303431796
2990.353293 393.444051 1303431798
2990.105042 414.555141 1303431800
2989.608539 435.444009 1303431802
2989.029286 456.555099 1303431804
2988.698284 476.777301 1303431806
2988.450033 504.999495 1303431809
2987.457027 529.666137 1303431812
2986.546772 554.888334 1303431816
2980.092236 575.888313 1303431827
2956.839358 578.999421 1303431831
2931.931470 577.999422 1303431834
2905.699575 577.110534 1303431837
2881.122689 576.554979 1303431840
2859.442069 575.999424 1303431843
2836.933945 575.666091 1303431848
2815.915328 575.221647 1303431867
2790.345437 574.666092 1303431871
2765.768551 574.332759 1303431874
2735.812885 573.443871 1303431877
2713.470261 572.999427 1303431879
2689.803631 572.221650 1303431881
2664.812992 571.554984 1303431883
2640.153356 570.999429 1303431885
2616.155723 570.888318 1303431887
2592.985595 570.777207 1303431889
2572.297980 571.110540 1303431891
2550.120858 571.443873 1303431894
2528.026486 570.999429 1303431907
2520.909946 592.221630 1303431912
2520.661695 615.221607 1303431915
2519.420438 644.110467 1303431918
2518.758434 665.666001 1303431920
2518.261932 686.665980 1303431922
2517.765429 706.999293 1303431924
2517.103425 735.554820 1303431927
2516.441421 761.110350 1303431930
2516.606922 784.110327 1303431933
2517.351677 808.999191 1303431937
2516.358671 830.221392 1303431960
2515.200165 857.110254 1303431964
2514.041658 885.999114 1303431967
2512.965902 907.887981 1303431969
2512.221148 930.999069 1303431971
2511.559144 954.332379 1303431973
2510.979891 976.887912 1303431975
2510.483389 999.332334 1303431977
2509.986886 1021.110090 1303431979
2509.573133 1042.665624 1303431981
2509.076631 1064.443380 1303431983
2509.738634 1084.665582 1303431985
2510.979891 1113.109998 1303431988
2511.972897 1133.332200 1303431992
2512.386649 1154.554401 1303431998
2512.717651 1177.221045 1303432001
2513.710656 1205.109906 1303432004
2514.786412 1234.776543 1303432007
2515.448416 1254.998745 1303432009
2515.613917 1275.443169 1303432011
2515.531166 1304.443140 1303432014
2515.282915 1328.665338 1303432017
2514.786412 1350.887538 1303432021
2530.508999 1367.998632 1303432031
2550.617361 1366.776411 1303432034
2571.387725 1366.443078 1303432037
2591.744338 1366.554189 1303432052
2617.893483 1367.443077 1303432057
2643.049622 1368.443076 1303432060
2671.929532 1369.220853 1303432063
2692.368895 1369.554186 1303432065
2712.725507 1370.109741 1303432067
2742.019169 1370.776407 1303432070
2770.899079 1371.665295 1303432073
2800.358242 1372.554183 1303432076
2829.651904 1372.776405 1303432079
2856.628553 1373.109738 1303432082
2880.708937 1373.554182 1303432086
2906.030577 1375.220847 1303432108
2927.131944 1375.665291 1303432111
2953.777591 1376.887512 1303432114
2982.409249 1377.776400 1303432117
3010.792656 1378.887510 1303432120
3036.941801 1378.998621 1303432123
3057.132913 1378.443066 1303432127
3078.896283 1379.554176 1303432133
3104.797176 1380.443064 1303432137
3128.960310 1380.665286 1303432140
3156.019710 1381.220841 1303432143
3183.823864 1381.665285 1303432146
3211.545267 1380.331953 1303432149
3238.190914 1376.443068 1303432152
3260.699039 1373.554182 1303432155
3280.807400 1369.998630 1303432160
3300.833011 1356.109755 1303432183
3303.232774 1329.776448 1303432187
3303.398275 1305.332028 1303432190
3303.729277 1276.887612 1303432193
3304.556782 1247.109864 1303432196
3305.218785 1218.109893 1303432199
3305.467037 1191.998808 1303432202
3305.467037 1171.332162 1303432205
3304.805033 1150.776627 1303432211
3303.563776 1130.665536 1303432225
3306.460042 1108.554447 1303432252
3307.453048 1085.998914 1303432255
3307.287547 1058.332275 1303432258
3307.453048 1037.887851 1303432260
3308.197802 1009.332324 1303432263
3309.604559 981.665685 1303432266
3311.259569 951.776826 1303432269
3312.169824 923.221299 1303432272
3312.914578 898.554657 1303432275
3313.576581 876.665790 1303432279
3314.900589 853.332480 1303432300
3315.562592 832.554723 1303432303
3317.052101 806.443638 1303432306
3318.045106 778.999221 1303432309
3318.955361 751.110360 1303432312
3320.113868 724.443720 1303432315
3321.272374 698.554857 1303432318
3322.182629 673.888215 1303432321
3322.927383 651.999348 1303432324
3323.672137 627.554928 1303432328
3324.251390 607.332726 1303432335
3326.154651 585.332748 1303432340
3327.892411 562.999437 1303432343
3329.464669 536.110575 1303432346
3330.623176 507.221715 1303432349
3332.195434 480.555075 1303432352
3334.264196 458.999541 1303432356
3334.098695 437.332896 1303432365
