1390.786944 801.665865 1303483860
1366.044557 800.888088 1303483881
1345.522444 800.221422 1303483884
1320.531805 800.221422 1303483888
1301.912952 790.332543 1303483899
1299.678690 765.665901 1303483904
1301.333699 741.665925 1303483907
1302.657707 712.554843 1303483910
1304.064464 692.110419 1303483912
1306.050475 671.332662 1303483914
1307.374483 649.999350 1303483916
1308.367488 629.110482 1303483918
1307.705485 608.332725 1303483920
1306.960730 581.999418 1303483923
1305.967725 559.777218 1303483927
1309.774246 535.999464 1303483932
1333.854629 530.888358 1303483936
1359.921023 532.777245 1303483939
1380.774139 534.332799 1303483941
1403.034012 535.443909 1303483943
1426.866144 536.555019 1303483945
1451.194778 537.443907 1303483947
1474.944160 537.666129 1303483949
1498.362539 537.777240 1303483951
1521.449917 536.999463 1303483953
1544.123542 536.443908 1303483955
1566.714417 536.221686 1303483957
1589.305292 535.332798 1303483959
1613.054674 535.999464 1303483961
1637.631560 537.221685 1303483963
1662.042945 538.555017 1303483965
1685.626825 539.666127 1303483967
1709.127955 540.555015 1303483969
1732.960087 540.999459 1303483971
1757.205971 541.443903 1303483973
1781.700107 542.221680 1303483975
1806.690745 543.110568 1303483977
1832.260636 543.888345 1303483979
1858.244280 544.666122 1303483981
1884.641676 545.221677 1303483983
1911.287324 545.888343 1303483985
1938.346723 546.666120 1303483987
1965.737125 547.666119 1303483989
1992.962025 548.332785 1303483991
2020.435177 549.110562 1303483993
2047.246326 549.777228 1303483995
2074.140225 549.999450 1303483997
2100.620371 550.110561 1303483999
2127.017767 550.777227 1303484001
2153.911666 551.443893 1303484003
2180.888315 551.888337 1303484005
2207.368462 552.443892 1303484007
2232.938353 552.777225 1303484009
2257.763490 552.999447 1303484011
2282.257626 553.221669 1303484013
2307.082763 553.777224 1303484015
2331.990651 554.221668 1303484017
2357.229541 554.999445 1303484019
2382.882183 555.888333 1303484021
2408.534825 556.666110 1303484023
2434.187466 557.332776 1303484025
2459.922859 558.110553 1303484027
2485.244499 558.888330 1303484029
2510.152387 559.554996 1303484031
2535.391276 560.110551 1303484033
2561.043918 560.332773 1303484035
2586.531059 559.999440 1303484037
2611.438947 559.666107 1303484039
2635.353829 559.666107 1303484041
2658.110205 559.999440 1303484043
2679.873576 560.666106 1303484045
2707.760480 561.332772 1303484048
2729.027348 561.443883 1303484051
2750.045964 561.221661 1303484080
2774.374598 561.888327 1303484084
2800.192741 562.999437 1303484087
2830.231157 563.888325 1303484090
2851.994528 564.554991 1303484092
2874.668153 564.999435 1303484094
2897.921032 565.221657 1303484096
2920.015404 565.666101 1303484098
2949.888319 566.221656 1303484101
2972.396444 566.777211 1303484104
2986.298521 550.666116 1303484111
2987.622528 530.110581 1303484115
2988.284532 505.666161 1303484118
2989.112036 475.999524 1303484121
2990.022291 455.221767 1303484123
2990.684295 433.888455 1303484125
2991.263548 412.888476 1303484127
2991.760051 392.444052 1303484129
2992.339304 363.555192 1303484132
2992.670306 336.999663 1303484135
2993.332310 315.555240 1303484139
2994.159814 293.333040 1303484145
2994.904568 272.110839 1303484148
2995.897574 249.555306 1303484151
2996.559578 227.444217 1303484154
2997.056080 202.444242 1303484158
2997.552583 182.222040 1303484163
3017.329943 173.110938 1303484172
3040.003568 173.555382 1303484178
3061.766938 175.110936 1303484182
3082.702804 185.666481 1303484187
3082.537303 207.888681 1303484192
3061.270436 217.666449 1303484198
3043.975590 205.333128 1303484205
