2814.094818 572.888316 1303491884
2790.179936 572.221650 1303491893
2765.768551 571.888317 1303491896
2735.564634 571.666095 1303491899
2712.560006 571.554984 1303491901
2687.734869 571.110540 1303491903
2662.082227 569.666097 1303491905
2635.602081 568.888320 1303491907
2608.211679 568.554987 1303491909
2581.897034 568.221654 1303491911
2560.381915 567.666099 1303491913
2539.363298 567.666099 1303491916
2521.820201 577.666089 1303491930
2521.654700 604.110507 1303491935
2520.744445 629.110482 1303491938
2520.082442 659.554896 1303491941
2519.999691 682.554873 1303491943
2519.585939 706.888182 1303491945
2518.841185 730.665936 1303491947
2518.592933 752.554803 1303491949
2518.841185 779.443665 1303491952
2519.254937 801.332532 1303491955
2518.758434 826.332507 1303491958
2517.517177 855.221367 1303491961
2515.862168 885.110226 1303491964
2515.282915 905.665761 1303491966
2514.703662 926.999073 1303491968
2514.455410 948.887940 1303491970
2514.372660 971.443473 1303491972
2513.214154 1006.221216 1303491975
2512.717651 1029.110082 1303491977
2512.717651 1051.776726 1303491979
2512.800401 1074.221148 1303491981
2513.462405 1095.665571 1303491983
2513.793407 1122.332211 1303491986
2514.620911 1142.554413 1303491990
2515.779418 1168.554387 1303491994
2516.027669 1195.887693 1303491997
2516.524172 1217.998782 1303491999
2517.517177 1241.665425 1303492001
2518.427432 1267.443177 1303492003
2518.013680 1293.220929 1303492005
2517.268926 1315.887573 1303492007
2516.855174 1340.331993 1303492010
2519.668689 1361.665305 1303492019
2545.238581 1364.554191 1303492024
2570.394720 1363.220859 1303492027
2600.681388 1364.220858 1303492030
2623.851516 1365.220857 1303492032
2648.593903 1366.331967 1303492034
2674.412045 1366.998633 1303492036
2700.974942 1367.887521 1303492038
2727.372338 1367.665299 1303492040
2753.438733 1368.331965 1303492042
2779.587877 1369.776408 1303492044
2805.157769 1371.220851 1303492046
2828.907150 1372.220850 1303492048
2850.587770 1372.554183 1303492050
2876.902416 1370.776407 1303492053
2897.093527 1370.998629 1303492082
2921.753164 1371.331962 1303492087
2945.502545 1371.998628 1303492090
2975.127209 1373.331960 1303492093
3008.310143 1374.665292 1303492096
3031.232019 1374.887514 1303492098
3053.574643 1375.109736 1303492100
3076.082768 1375.220847 1303492102
3099.087395 1376.220846 1303492104
3122.340273 1376.887512 1303492106
3145.841403 1377.220845 1303492108
3168.597779 1377.443067 1303492110
3190.443900 1377.443067 1303492112
3219.820313 1376.887512 1303492115
3248.865723 1372.776405 1303492118
3268.891334 1370.554185 1303492120
3295.123229 1368.220854 1303492123
3310.266563 1349.331984 1303492126
3311.838822 1321.443123 1303492129
3311.507820 1300.443144 1303492131
3311.590570 1277.665389 1303492133
3311.921572 1252.998747 1303492135
3312.335325 1226.776551 1303492137
3312.418075 1200.554355 1303492139
3312.335325 1175.998824 1303492141
3311.838822 1155.776622 1303492143
3311.342319 1133.443311 1303492163
3312.004323 1111.998888 1303492167
3312.169824 1087.998912 1303492170
3314.321336 1060.221162 1303492173
3315.645343 1038.887850 1303492175
3316.803849 1016.332317 1303492177
3317.548603 993.776784 1303492179
3318.376108 971.110140 1303492181
3319.120862 949.554606 1303492183
3322.099879 923.110188 1303492186
3323.092884 902.665764 1303492189
3323.010134 880.999119 1303492193
3324.168640 857.776920 1303492218
3343.283996 846.776931 1303492222
3368.605636 846.221376 1303492225
3388.713997 847.776930 1303492227
3409.980865 849.776928 1303492229
3431.247732 851.665815 1303492231
3453.507606 852.776925 1303492233
3475.684728 853.332480 1303492235
3497.944601 854.110257 1303492237
3521.280230 855.110256 1303492239
3546.105368 856.665810 1303492241
3571.675259 858.110253 1303492243
3596.914149 859.332474 1303492245
3621.739286 860.110251 1303492247
3646.150671 860.443584 1303492249
3668.245044 860.776917 1303492251
3696.711201 862.221360 1303492254
3714.419799 875.554680 1303492257
3717.895318 901.110210 1303492260
3717.316065 931.554624 1303492263
3716.819562 954.443490 1303492265
3715.992058 979.221243 1303492267
3715.412804 1005.221217 1303492269
3714.916302 1031.110080 1303492271
3714.337048 1055.776722 1303492273
3713.757795 1077.665589 1303492275
3713.675045 1097.887791 1303492278
3729.728634 1113.665553 1303492283
3753.229764 1113.776664 1303492286
3781.695921 1113.109998 1303492289
3809.748326 1112.221110 1303492292
3830.684192 1094.665572 1303492297
3828.118928 1067.665599 1303492301
3829.194684 1039.665627 1303492314
3829.939438 1014.221208 1303492317
3830.187689 983.999016 1303492320
3830.270440 961.332372 1303492322
3830.353190 936.776841 1303492324
3830.518691 912.221310 1303492326
3830.932444 890.332443 1303492328
3826.877671 868.999131 1303492331
3807.596814 862.332471 1303492334
3782.026923 862.776915 1303492337
3753.312514 863.443581 1303492340
3732.542149 863.888025 1303492343
