2986.795024 549.221673 1303492990
2977.195970 571.554984 1303493004
2955.018848 575.888313 1303493007
2926.469940 575.554980 1303493010
2904.872070 574.443870 1303493012
2880.791687 573.666093 1303493014
2855.304546 573.554982 1303493016
2829.155401 573.110538 1303493018
2802.675255 572.332761 1303493020
2776.112358 571.666095 1303493022
2749.052958 571.110540 1303493024
2721.000553 570.110541 1303493026
2693.279150 569.110542 1303493028
2668.867765 566.554989 1303493030
2642.139367 566.110545 1303493032
2615.410969 566.110545 1303493034
2589.841078 565.666101 1303493036
2566.174447 565.332768 1303493038
2539.032296 564.999435 1303493041
2521.571950 576.777201 1303493045
2521.571950 603.221619 1303493049
2519.337688 629.554926 1303493052
2518.510183 649.999350 1303493054
2517.765429 672.332661 1303493056
2516.689673 696.221526 1303493058
2515.613917 720.443724 1303493060
2514.620911 744.221478 1303493062
2514.289910 767.110344 1303493064
2514.124409 789.332544 1303493066
2514.207159 811.443633 1303493068
2514.538161 833.665833 1303493070
2513.131403 855.665811 1303493072
2512.552150 877.888011 1303493074
2511.890146 901.110210 1303493076
2511.476394 925.110186 1303493078
2511.062642 949.887939 1303493080
2510.897141 975.221247 1303493082
2510.400638 1000.221222 1303493084
2509.738634 1025.110086 1303493086
2509.324882 1049.221173 1303493088
2509.242132 1072.665594 1303493090
2509.655884 1094.776683 1303493092
2510.152387 1119.887769 1303493095
2511.310893 1140.109971 1303493099
2512.634900 1165.443279 1303493103
2512.800401 1192.332141 1303493106
2513.545155 1213.554342 1303493108
2514.869163 1236.665430 1303493110
2516.358671 1260.776517 1303493112
2516.689673 1284.887604 1303493114
2516.358671 1306.109805 1303493116
2516.855174 1329.776448 1303493119
2516.275921 1351.109760 1303493125
2537.460038 1367.109744 1303493132
2560.961168 1365.887523 1303493135
2590.999584 1365.220857 1303493138
2613.590459 1365.443079 1303493140
2637.008838 1366.331967 1303493142
2660.675469 1366.776411 1303493144
2684.424851 1367.220855 1303493146
2708.918986 1367.331966 1303493148
2732.999370 1368.220854 1303493150
2756.003997 1368.776409 1303493152
2778.760373 1369.331964 1303493154
2801.599499 1369.998630 1303493156
2823.611121 1370.220852 1303493158
2844.712488 1370.443074 1303493160
2871.109884 1370.776407 1303493163
2892.294001 1371.998628 1303493184
2917.946643 1372.220850 1303493188
2944.840541 1373.554182 1303493191
2965.941908 1374.776403 1303493193
2988.532783 1375.776402 1303493195
3011.040908 1377.331956 1303493197
3032.390526 1377.887511 1303493199
3061.684188 1378.331955 1303493202
3090.812349 1379.109732 1303493205
3117.706248 1379.776398 1303493208
3144.269145 1379.554176 1303493211
3164.956759 1379.443065 1303493213
3187.878636 1379.443065 1303493215
3212.455522 1379.220843 1303493217
3236.866907 1376.887512 1303493219
3259.871534 1374.554181 1303493221
3287.344686 1370.331963 1303493224
3305.549787 1356.776421 1303493227
3308.942556 1330.665336 1303493230
3308.197802 1300.220922 1303493233
3308.197802 1276.665390 1303493235
3307.949550 1251.554304 1303493237
3308.280552 1225.887663 1303493239
3308.528803 1201.554354 1303493241
3309.108057 1178.998821 1303493243
3310.183813 1157.665509 1303493245
3311.011317 1136.998863 1303493247
3311.838822 1110.332223 1303493250
3313.080079 1084.221138 1303493253
3315.562592 1054.998945 1303493256
3317.300352 1034.110077 1303493258
3317.962356 1010.332323 1303493260
3318.541609 985.554570 1303493262
3319.038112 960.554595 1303493264
3320.113868 937.443507 1303493266
3321.355124 916.443528 1303493268
3322.348130 893.110218 1303493271
3322.265379 871.776906 1303493286
3331.616181 848.554707 1303493291
3353.545053 844.443600 1303493294
3379.363195 845.332488 1303493297
3405.760591 847.332486 1303493300
3429.840975 848.999151 1303493304
3454.914363 849.554706 1303493320
3475.436477 850.110261 1303493323
3496.372343 850.443594 1303493326
3520.121724 851.110260 1303493330
3546.188118 852.999147 1303493334
3572.751015 854.776923 1303493337
3601.382674 856.221366 1303493340
3626.621563 856.999143 1303493343
3649.874442 857.554698 1303493347
3671.306810 857.554698 1303493358
3692.325427 858.332475 1303493370
3712.020036 875.443569 1303493374
3715.330054 901.887987 1303493377
3715.081803 922.554633 1303493379
3713.840546 944.887944 1303493381
3712.764790 968.887920 1303493383
3711.771784 993.887895 1303493385
3710.944280 1018.887870 1303493387
3710.530527 1042.887846 1303493389
3709.951274 1063.443381 1303493391
3709.454771 1083.554472 1303493394
3712.764790 1107.776670 1303493403
3737.920929 1113.887775 1303493407
3764.483826 1114.554441 1303493410
3792.039728 1114.443330 1303493413
3812.313591 1113.776664 1303493417
3828.863682 1099.221123 1303493428
3829.277434 1078.332255 1303493431
3828.118928 1050.332283 1303493434
3827.622425 1028.554527 1303493436
3827.953427 1004.110107 1303493438
3828.532680 978.443466 1303493440
3828.946433 953.221269 1303493442
3829.111933 929.776848 1303493444
3828.780932 901.554654 1303493447
3827.953427 881.221341 1303493451
3809.831077 864.776913 1303493464
3788.233207 864.110247 1303493467
3766.387086 864.221358 1303493470
3745.037468 863.888025 1303493482
3722.777595 865.443579 1303493486
3698.366210 864.999135 1303493489
3671.968814 864.221358 1303493492
3648.136682 863.554692 1303493495
3625.711308 863.665803 1303493519
3599.231162 863.554692 1303493524
3575.316279 863.110248 1303493528
3552.890905 862.665804 1303493534
3525.914256 862.443582 1303493538
3500.509866 862.110249 1303493541
3471.464455 861.443583 1303493544
3442.750046 861.110250 1303493547
3416.518151 859.888029 1303493550
3391.693014 857.443587 1303493553
3371.088150 855.665811 1303493559
3350.897038 855.332478 1303493564
3329.712921 852.665814 1303493569
3317.796855 831.221391 1303493576
3318.293357 808.332525 1303493579
3319.700115 778.332555 1303493582
3320.196618 755.443689 1303493584
3320.693121 731.554824 1303493586
3321.355124 707.332626 1303493588
3321.934378 684.110427 1303493590
3322.430880 663.999336 1303493592
3323.341135 638.777139 1303493595
3323.506636 617.666049 1303493599
