1479.164433 811.443633 1303560779
1455.332301 809.110302 1303560782
1428.272902 806.332527 1303560785
1400.220496 804.554751 1303560788
1370.926834 805.443639 1303560791
1344.363937 806.554749 1303560794
1324.007325 808.332525 1303560797
1301.002697 813.443631 1303560808
1279.984081 816.221406 1303560812
1259.461968 820.776957 1303560815
1231.244062 823.665843 1303560818
1209.811693 821.332512 1303560820
1189.372330 819.332514 1303560822
1162.312930 815.776962 1303560825
1143.114824 809.221413 1303560828
1121.765206 807.110304 1303560836
1100.084586 801.776976 1303560840
1076.583456 800.554755 1303560843
1048.365550 799.554756 1303560846
1019.237389 798.665868 1303560849
992.922743 798.221424 1303560852
970.166367 798.110313 1303560855
944.927478 797.776980 1303560859
924.405364 797.110314 1303560865
905.207258 787.665879 1303560892
880.464871 787.443657 1303560896
856.467238 787.221435 1303560899
828.580334 786.776991 1303560902
808.223721 786.665880 1303560904
786.791353 786.665880 1303560906
765.027982 786.665880 1303560908
743.512863 786.776991 1303560910
722.411497 786.888102 1303560912
701.641132 786.999213 1303560914
681.615521 786.888102 1303560916
653.149363 787.332546 1303560919
627.165720 787.443657 1303560922
603.416338 788.665878 1303560925
581.901219 791.110320 1303560928
557.986337 792.332541 1303560932
537.133222 793.332540 1303560938
512.308084 794.776983 1303560951
490.792965 794.332539 1303560954
465.554076 793.332540 1303560957
438.660177 792.110319 1303560960
410.359520 791.221431 1303560963
381.810612 790.443654 1303560966
354.916713 789.999210 1303560969
330.339828 788.999211 1303560972
306.176694 788.221434 1303560976
285.654580 787.110324 1303560982
260.415691 786.221436 1303560986
236.335307 785.665881 1303560989
214.158185 784.999215 1303560992
191.236308 783.999216 1303560998
164.838912 783.554772 1303561003
143.241042 783.332550 1303561006
123.049931 783.554772 1303561009
100.376305 784.999215 1303561013
89.949748 803.665863 1303561018
88.708491 826.554729 1303561028
88.956742 851.999148 1303561032
88.377489 877.443567 1303561035
87.467234 905.221317 1303561038
86.225977 934.332399 1303561041
85.894975 962.221260 1303561044
85.315722 987.221235 1303561047
84.322716 1014.443430 1303561050
83.164210 1043.998956 1303561053
82.502206 1065.443379 1303561055
81.591951 1086.887802 1303561057
80.185194 1109.110002 1303561059
79.357689 1131.554424 1303561061
79.026687 1153.443291 1303561063
78.530184 1175.443269 1303561065
78.033682 1197.221025 1303561067
77.537179 1218.109893 1303561069
76.957926 1246.332087 1303561072
76.295922 1271.998728 1303561075
75.799419 1292.887596 1303561078
76.378673 1312.887576 1303561097
91.770258 1327.109784 1303561104
114.112881 1327.554228 1303561108
136.786507 1328.665338 1303561111
164.094158 1329.887559 1303561114
192.643066 1330.109781 1303561117
218.378458 1330.220892 1303561120
240.886583 1331.332002 1303561123
261.408696 1332.887556 1303561127
282.427312 1332.998667 1303561140
307.335200 1334.331999 1303561144
332.325838 1334.554221 1303561147
359.881741 1335.443109 1303561150
389.175403 1335.665331 1303561153
417.724311 1335.776442 1303561156
443.459703 1336.443108 1303561159
463.568065 1336.998663 1303561162
483.759176 1337.665329 1303561168
509.080816 1338.665328 1303561172
534.567957 1340.109771 1303561175
563.116865 1342.331991 1303561178
583.142476 1343.776434 1303561180
603.995591 1344.554211 1303561182
625.427960 1344.665322 1303561184
647.356831 1344.665322 1303561186
669.782205 1345.331988 1303561188
692.952334 1345.554210 1303561190
715.874210 1345.887543 1303561192
738.299584 1346.443098 1303561194
759.897454 1347.331986 1303561196
780.254067 1347.776430 1303561198
808.306472 1348.554207 1303561201
833.628112 1348.776429 1303561204
855.556983 1345.998654 1303561207
878.230609 1338.998661 1303561214
884.850645 1316.554239 1303561218
885.760900 1292.998707 1303561221
886.919407 1265.443179 1303561224
887.664161 1236.443208 1303561227
888.491665 1216.109895 1303561229
889.153669 1194.887694 1303561231
889.898423 1173.109938 1303561233
890.560427 1151.109960 1303561235
892.298186 1129.998870 1303561237
894.366948 1109.443335 1303561239
895.525454 1081.665585 1303561242
902.310992 1059.332274 1303561246
927.632632 1056.998943 1303561250
950.389008 1058.443386 1303561253
976.041650 1060.887828 1303561256
1003.514802 1062.665604 1303561259
1030.905203 1064.554491 1303561262
1056.557845 1065.443379 1303561265
1079.396971 1065.776712 1303561268
1101.408593 1065.554490 1303561273
1122.178958 1065.443379 1303561278
1143.445826 1064.887824 1303561281
1169.677721 1062.554493 1303561284
1197.647376 1063.110048 1303561287
1224.541274 1063.554492 1303561290
1248.373406 1064.110047 1303561293
1270.385028 1065.443379 1303561297
1291.651896 1064.221158 1303561314
1313.001514 1065.332268 1303561318
1335.426888 1067.332266 1303561321
1360.996779 1068.554487 1303561324
1388.387181 1069.887819 1303561327
1415.860333 1070.110041 1303561330
1440.519969 1071.110040 1303561333
1464.021099 1070.665596 1303561336
1488.101482 1071.332262 1303561340
1502.996565 1053.776724 1303561347
1503.493068 1026.221196 1303561351
1503.410317 999.776778 1303561354
1504.320572 970.665696 1303561357
1504.817075 940.776837 1303561360
1504.899825 920.554635 1303561362
1504.899825 900.332433 1303561364
1505.148077 880.110231 1303561366
1505.479079 852.332481 1303561369
1505.644580 831.110280 1303561372
1511.519862 810.554745 1303561385
1534.772741 807.999192 1303561389
1559.184126 809.554746 1303561392
1586.409026 810.554745 1303561395
1609.579155 811.443633 1303561398
1635.397297 812.110299 1303561402
1656.829666 812.443632 1303561405
1683.558064 812.332521 1303561408
1713.596480 812.443632 1303561411
1734.201344 813.221409 1303561413
1755.385461 814.665852 1303561415
1776.817830 815.888073 1303561417
1798.084697 817.110294 1303561419
1818.606811 817.443627 1303561421
1838.632422 817.554738 1303561423
1866.850328 817.888071 1303561426
1890.020456 817.888071 1303561429
1911.783826 819.665847 1303561436
1935.119455 822.443622 1303561440
1959.696341 822.999177 1303561443
1988.328000 823.332510 1303561446
2008.684612 822.776955 1303561448
2038.309276 823.443621 1303561451
2067.271937 823.888065 1303561454
2097.310353 823.888065 1303561457
2117.997967 824.332509 1303561459
2138.768332 825.332508 1303561461
2159.786948 826.443618 1303561463
2181.467568 827.554728 1303561465
2204.058443 827.999172 1303561467
2227.063071 828.221394 1303561469
2250.315949 828.888060 1303561471
2273.899830 829.443615 1303561473
2297.814712 829.665837 1303561475
2321.398592 830.221392 1303561477
2344.154968 830.665836 1303561479
2366.663093 830.999169 1303561481
2388.922966 831.443613 1303561483
2410.189834 831.999168 1303561485
2430.546446 832.665834 1303561487
2459.426356 833.888055 1303561490
2485.575501 833.999166 1303561493
2505.683862 835.554720 1303561496
2518.841185 856.332477 1303561501
2518.013680 878.776899 1303561504
2516.689673 906.332427 1303561507
2515.531166 936.221286 1303561510
2514.869163 956.887932 1303561512
2514.372660 977.665689 1303561514
2514.041658 998.887890 1303561516
2513.296904 1019.665647 1303561518
2513.131403 1049.110062 1303561521
2512.717651 1076.443368 1303561524
2512.552150 1100.998899 1303561527
2513.131403 1122.221100 1303561530
2512.552150 1145.998854 1303561537
2513.214154 1169.109942 1303561541
2513.958908 1192.554363 1303561544
2514.951913 1218.998781 1303561547
2516.524172 1247.776530 1303561550
2516.772423 1267.776510 1303561552
2516.524172 1297.443147 1303561555
2516.110420 1324.887564 1303561558
2515.282915 1347.665319 1303561561
2523.971713 1367.443077 1303561565
2550.782861 1369.776408 1303561569
2576.352753 1370.331963 1303561572
2604.901661 1371.220851 1303561575
2625.175523 1371.665295 1303561577
2645.780387 1372.109739 1303561579
2666.633502 1372.665294 1303561581
2687.734869 1372.665294 1303561583
2708.505234 1372.665294 1303561585
2728.944597 1372.998627 1303561587
2749.052958 1373.665293 1303561589
2769.078569 1374.220848 1303561591
2789.517932 1373.887515 1303561593
2810.122796 1372.887516 1303561595
2830.396658 1373.554182 1303561597
2859.773071 1374.887514 1303561600
2887.163472 1375.220847 1303561603
2912.981615 1375.665291 1303561606
2940.041015 1375.887513 1303561609
2968.424422 1376.554179 1303561612
2997.635334 1377.331956 1303561615
3026.597994 1378.887510 1303561618
3055.560654 1380.109731 1303561621
3081.958050 1380.776397 1303561624
3108.189945 1381.220841 1303561627
3136.738853 1381.776396 1303561630
3165.370511 1382.443062 1303561633
3193.174665 1382.998617 1303561636
3218.992808 1380.887508 1303561639
3241.666434 1378.887510 1303561642
3261.940296 1381.665285 1303561646
