3130.780820 580.666086 1303561883
3108.272696 581.110530 1303561889
3086.923078 580.999419 1303561892
3060.856683 580.554975 1303561895
3033.880034 580.443864 1303561898
3009.965152 580.221642 1303561901
2989.939541 590.332743 1303561905
2990.022291 611.443833 1303561908
2990.105042 635.221587 1303561911
2989.029286 661.554894 1303561914
2988.036280 689.888199 1303561917
2987.043275 719.999280 1303561920
2986.629523 740.443704 1303561922
2985.967519 768.665898 1303561925
2984.809013 794.665872 1303561928
2982.243748 815.776962 1303561931
2975.044459 838.221384 1303561960
2954.605095 844.443600 1303561964
2932.510723 843.221379 1303561967
2906.527080 841.776936 1303561970
2877.729920 840.554715 1303561973
2847.526003 840.221382 1303561976
2818.397842 840.776937 1303561979
2791.586694 839.999160 1303561982
2766.678806 839.554716 1303561985
2742.019169 839.443605 1303561989
2721.248805 839.554716 1303561995
2693.692902 839.221383 1303561999
2668.040260 838.888050 1303562002
2640.567108 838.443606 1303562005
2612.183701 837.776940 1303562008
2584.379547 837.221385 1303562011
2557.651149 836.110275 1303562014
2530.757251 836.110275 1303562017
2502.456594 834.999165 1303562020
2473.411183 832.776945 1303562023
2453.385573 831.888057 1303562025
2433.194461 831.443613 1303562027
2412.755098 831.332502 1303562029
2391.819232 831.554724 1303562031
2370.800616 831.999168 1303562033
2349.947500 831.665835 1303562035
2329.094385 831.221391 1303562037
2308.572272 830.332503 1303562039
2288.463910 829.554726 1303562041
2268.107298 828.999171 1303562043
2247.502434 828.221394 1303562045
2227.063071 827.776950 1303562047
2206.458207 827.443617 1303562049
2186.018844 827.332506 1303562051
2165.910482 827.110284 1303562053
2145.719371 826.999173 1303562055
2124.949006 827.332506 1303562057
2103.764888 827.221395 1303562059
2082.663522 826.332507 1303562061
2061.479405 825.221397 1303562063
2040.212537 824.443620 1303562065
2019.028420 823.665843 1303562067
1998.920058 822.888066 1303562069
1970.702152 821.999178 1303562072
1945.132261 821.221401 1303562075
1924.361896 820.776957 1303562079
1900.529764 820.888068 1303562085
1878.931895 820.221402 1303562088
1852.948251 819.776958 1303562091
1825.557849 818.888070 1303562094
1797.339943 817.888071 1303562097
1767.963531 817.443627 1303562100
1747.937920 817.443627 1303562102
1727.250306 817.332516 1303562104
1705.983438 816.888072 1303562106
1684.385568 816.332517 1303562108
1662.704948 814.999185 1303562110
1640.776077 813.888075 1303562112
1618.847206 813.110298 1303562114
1597.911340 812.332521 1303562116
1568.617678 811.888077 1303562119
1542.137531 811.999188 1303562122
1519.132904 812.221410 1303562126
1498.197038 813.221409 1303562132
1477.840426 812.888076 1303562135
1452.270534 810.999189 1303562138
1423.556125 809.110302 1303562141
1403.530515 808.665858 1303562143
1383.504904 808.888080 1303562145
1354.955996 809.443635 1303562148
1333.027125 811.110300 1303562151
1311.925758 810.888078 1303562164
1290.162387 808.776969 1303562168
1268.978270 807.554748 1303562171
1241.256867 806.221416 1303562174
1220.900254 805.332528 1303562176
1200.874643 805.110306 1303562178
1173.566992 803.888085 1303562181
1150.893367 801.554754 1303562184
1128.633494 802.221420 1303562189
1104.222109 802.665864 1303562195
1081.879485 802.221420 1303562198
1055.068337 801.332532 1303562201
1026.022926 800.443644 1303562204
996.977515 800.443644 1303562207
970.828371 801.665865 1303562210
947.823744 802.999197 1303562214
927.798133 799.332534 1303562232
902.476493 798.888090 1303562258
882.368131 798.221424 1303562261
857.460244 797.332536 1303562264
829.407838 796.665870 1303562267
809.382228 796.332537 1303562269
788.694613 795.776982 1303562271
767.427746 795.221427 1303562273
745.995377 794.665872 1303562275
724.397508 794.110317 1303562277
702.716888 793.776984 1303562279
681.615521 793.332540 1303562281
661.341659 793.110318 1303562283
640.985046 792.776985 1303562285
620.876685 792.443652 1303562287
592.741529 792.443652 1303562290
567.833641 792.776985 1303562293
546.897776 793.554762 1303562297
523.479396 794.221428 1303562316
496.171745 794.110317 1303562320
470.188101 792.888096 1303562323
441.390942 791.554764 1303562326
411.435276 790.665876 1303562329
382.058864 790.110321 1303562332
354.420211 789.665877 1303562335
330.339828 789.888099 1303562338
309.734964 792.221430 1303562342
287.144089 789.554766 1303562355
266.787476 787.554768 1303562358
242.210590 786.665880 1303562361
219.288713 786.332547 1303562364
197.359842 786.110325 1303562369
176.754978 785.888103 1303562374
156.398365 785.776992 1303562377
134.138492 785.999214 1303562380
110.306360 786.776991 1303562384
90.777252 799.665867 1303562391
91.273755 820.110291 1303562394
91.439256 845.332488 1303562397
90.860003 873.999126 1303562400
90.032498 902.999097 1303562403
89.204994 931.776846 1303562406
89.039493 951.887937 1303562408
88.625740 972.665694 1303562410
88.294738 993.999006 1303562412
87.880986 1015.554540 1303562414
87.218983 1036.887852 1303562416
86.391478 1058.443386 1303562418
85.563973 1080.110031 1303562420
84.901970 1101.665565 1303562422
84.157216 1123.109988 1303562424
83.743463 1144.665522 1303562426
83.329711 1165.443279 1303562428
82.750458 1185.776592 1303562430
82.502206 1205.776572 1303562432
81.757452 1235.220987 1303562435
80.847197 1262.776515 1303562438
80.350695 1285.776492 1303562441
79.688691 1306.887582 1303562446
85.894975 1326.776451 1303562461
108.734102 1328.776449 1303562465
129.835468 1328.665338 1303562468
155.322609 1329.887559 1303562471
182.464759 1330.887558 1303562474
208.282902 1332.109779 1303562477
231.204779 1332.998667 1303562480
253.630153 1332.554223 1303562484
276.634780 1330.998669 1303562505
301.459918 1331.887557 1303562509
326.533306 1332.776445 1303562512
354.668462 1333.332000 1303562515
384.706878 1334.331999 1303562518
412.924784 1334.998665 1303562521
438.991179 1335.554220 1303562524
459.513292 1336.109775 1303562527
480.366407 1336.109775 1303562533
505.605297 1337.554218 1303562537
530.513185 1339.443105 1303562540
558.896592 1340.887548 1303562543
579.749707 1341.220881 1303562545
601.347577 1341.887547 1303562547
623.938452 1342.220880 1303562549
646.446576 1342.554213 1303562551
668.789200 1342.665324 1303562553
691.793827 1342.776435 1303562555
712.729693 1343.443101 1303562557
733.417307 1344.109767 1303562559
753.691170 1345.109766 1303562561
781.495323 1346.443098 1303562564
806.734213 1347.109764 1303562567
831.228349 1346.665320 1303562570
855.308732 1342.998657 1303562574
876.658350 1334.887554 1303562596
881.375126 1309.665357 1303562600
882.037130 1288.332045 1303562603
882.864634 1267.332066 1303562606
883.609388 1243.220979 1303562610
