1690.012600 809.665857 1303564743
1714.092983 810.221412 1303564761
1735.939104 811.443633 1303564764
1761.674496 812.999187 1303564767
1789.975153 814.776963 1303564770
1817.779306 815.888073 1303564773
1845.252458 816.554739 1303564776
1870.822350 816.776961 1303564779
1891.013461 817.332516 1303564782
1913.107834 819.332514 1303564789
1939.587980 820.443624 1303564793
1964.082116 821.110290 1303564796
1991.141515 822.221400 1303564799
2019.690423 822.888066 1303564802
2046.253320 823.665843 1303564805
2070.250953 823.110288 1303564808
2091.352320 820.554735 1303564813
2115.349953 819.221403 1303564831
2136.285818 821.999178 1303564834
2162.600464 823.332510 1303564837
2191.232122 824.776953 1303564840
2221.022287 825.665841 1303564843
2241.875403 826.332507 1303564845
2263.473272 827.110284 1303564847
2285.733145 827.665839 1303564849
2308.241270 827.776950 1303564851
2330.501143 828.110283 1303564853
2352.761016 828.221394 1303564855
2375.186390 828.110283 1303564857
2397.529014 828.221394 1303564859
2418.961382 828.443616 1303564861
2440.228250 827.999172 1303564863
2469.356411 828.999171 1303564866
2494.760802 830.554725 1303564869
2516.358671 835.110276 1303564873
2519.172187 856.221366 1303564878
2517.765429 878.999121 1303564881
2516.441421 906.665760 1303564884
2515.779418 926.999073 1303564886
2515.034664 947.887941 1303564888
2514.455410 969.221253 1303564890
2513.793407 990.665676 1303564892
2512.965902 1012.110099 1303564894
2512.138398 1032.776745 1303564896
2511.890146 1061.443383 1303564899
2512.221148 1087.998912 1303564902
2512.965902 1111.110000 1303564905
2513.793407 1132.998867 1303564911
2514.455410 1154.998845 1303564916
2514.869163 1175.776602 1303564919
2515.531166 1200.221022 1303564922
2517.186176 1225.665441 1303564925
2518.179181 1249.998750 1303564928
2518.427432 1273.220949 1303564931
2518.923935 1296.220926 1303564934
2518.841185 1317.998682 1303564937
2518.510183 1343.443101 1303564941
2526.785229 1365.554190 1303564946
2548.879601 1366.443078 1303564950
2569.898217 1365.998634 1303564953
2594.061351 1366.443078 1303564956
2620.955250 1366.443078 1303564959
2647.600897 1366.998633 1303564962
2673.584541 1368.331965 1303564965
2698.657930 1368.220854 1303564968
2726.048331 1368.776409 1303564971
2752.693978 1369.776408 1303564974
2779.256875 1370.776407 1303564977
2804.909517 1371.331962 1303564980
2829.155401 1371.887517 1303564983
2853.153034 1371.776406 1303564986
2874.750904 1372.331961 1303564989
2897.341779 1373.109738 1303565001
2922.084166 1374.331959 1303565006
2943.682035 1375.443069 1303565009
2968.507172 1376.109735 1303565012
2995.732073 1376.443068 1303565015
3023.867229 1377.554178 1303565018
3050.430126 1378.665288 1303565021
3074.510509 1379.109732 1303565024
3098.177140 1379.665287 1303565028
3119.361257 1379.331954 1303565034
3139.717870 1381.887507 1303565038
3160.901987 1383.665283 1303565041
3183.989364 1385.887503 1303565044
3206.166487 1385.665281 1303565047
3229.171114 1384.665282 1303565051
3251.679239 1383.109728 1303565056
3271.870351 1385.998614 1303565075
3289.247947 1371.998628 1303565103
3305.549787 1356.998643 1303565107
3307.287547 1335.776442 1303565110
3307.287547 1310.332023 1303565113
3308.032301 1282.220940 1303565116
3308.777055 1261.998738 1303565118
3309.025306 1240.776537 1303565120
3309.521809 1219.221003 1303565122
3310.349314 1198.221024 1303565124
3310.928567 1177.443267 1303565126
3311.342319 1156.776621 1303565128
3311.590570 1135.665531 1303565130
3311.921572 1114.109997 1303565132
3312.252574 1091.332242 1303565134
3312.914578 1068.998931 1303565136
3313.493831 1046.443398 1303565138
3313.659332 1023.776754 1303565140
3313.824833 1000.776777 1303565142
3314.238585 978.554577 1303565144
3314.404086 956.887932 1303565146
3314.735088 936.110175 1303565148
3314.900589 907.443537 1303565151
3315.148840 883.888005 1303565155
