921.012595 802.888086 1303565914
894.697950 801.999198 1303565935
871.693322 800.776977 1303565938
845.047675 799.665867 1303565941
816.002264 799.110312 1303565944
795.811153 798.554757 1303565946
775.785542 798.332535 1303565948
755.594430 798.110313 1303565950
735.155067 797.554758 1303565952
714.715704 796.999203 1303565954
694.110840 796.443648 1303565956
673.505976 795.776982 1303565958
653.149363 795.110316 1303565960
623.441949 794.332539 1303565963
596.051547 794.665872 1303565966
570.978159 795.110316 1303565969
549.380289 795.443649 1303565973
527.616919 795.554760 1303565992
507.094805 795.332538 1303565995
481.938666 794.221428 1303565998
453.720760 792.888096 1303566001
424.344348 791.443653 1303566004
395.216186 790.888098 1303566007
367.494783 789.999210 1303566010
342.090393 790.110321 1303566013
319.168516 791.665875 1303566017
298.563652 789.110322 1303566034
274.069516 787.443657 1303566038
250.568386 786.332547 1303566041
227.977511 785.888103 1303566044
203.979878 784.999215 1303566048
180.395998 785.332548 1303566055
154.246853 784.443660 1303566059
133.559239 783.554772 1303566062
111.216615 783.221439 1303566066
93.508017 800.999199 1303566075
93.921770 828.443616 1303566079
94.004520 853.332480 1303566082
93.342516 880.999119 1303566085
92.680513 909.887979 1303566088
92.266760 929.887959 1303566090
92.101260 949.887939 1303566092
91.273755 979.776798 1303566095
90.777252 1000.110111 1303566097
90.032498 1020.665646 1303566099
88.956742 1041.887847 1303566101
88.377489 1063.665603 1303566103
87.632735 1085.554470 1303566105
86.722480 1107.776670 1303566107
85.812225 1130.109981 1303566109
85.067471 1152.221070 1303566111
84.239966 1173.109938 1303566113
83.660713 1193.443251 1303566115
83.329711 1213.554342 1303566117
82.171205 1241.887647 1303566120
81.426450 1269.443175 1303566123
80.433445 1295.220927 1303566126
79.688691 1316.998683 1303566129
98.555795 1329.109782 1303566134
118.498656 1330.776447 1303566137
141.999786 1332.443112 1303566140
168.148930 1334.220888 1303566143
196.946090 1335.554220 1303566146
217.799205 1336.220886 1303566148
239.231573 1337.220885 1303566150
260.663942 1337.998662 1303566152
282.179061 1337.331996 1303566154
304.107932 1337.220885 1303566156
326.698807 1336.998663 1303566158
349.289682 1337.443107 1303566160
371.384055 1337.776440 1303566162
392.402671 1337.998662 1303566164
412.428282 1338.109773 1303566166
440.149685 1338.776439 1303566169
460.671799 1339.109772 1303566172
481.028411 1339.665327 1303566178
514.211345 1340.109771 1303566183
540.856992 1340.665326 1303566186
570.398906 1340.998659 1303566189
601.347577 1341.998658 1303566192
622.779945 1342.331991 1303566194
644.874318 1342.998657 1303566196
667.134191 1343.443101 1303566198
689.559565 1343.887545 1303566200
711.405686 1344.220878 1303566202
732.838054 1344.331989 1303566204
754.104922 1344.554211 1303566206
774.792536 1344.776433 1303566208
803.672446 1345.331988 1303566211
830.152593 1345.665321 1303566214
850.757457 1342.665324 1303566217
872.189825 1340.887548 1303566224
882.202631 1320.665346 1303566228
883.112886 1298.443146 1303566231
884.105891 1277.332056 1303566234
884.933396 1254.220968 1303566238
885.347148 1230.998769 1303566243
885.843651 1209.887679 1303566246
886.753906 1183.554372 1303566249
887.746911 1153.554402 1303566252
889.732922 1132.887756 1303566254
892.463687 1104.221118 1303566257
893.373942 1079.221143 1303566260
905.041757 1061.443383 1303566264
926.143124 1059.665607 1303566267
950.306257 1059.887829 1303566270
972.317879 1060.221162 1303566273
993.005494 1063.110048 1303566291
1016.920376 1064.665602 1303566296
1039.014748 1067.110044 1303566299
1062.764129 1069.776708 1303566302
1083.037992 1070.665596 1303566305
1103.725606 1071.776706 1303566311
1126.068230 1071.776706 1303566315
1149.072857 1072.665594 1303566318
1175.470253 1072.776705 1303566321
1204.101911 1072.998927 1303566324
1224.375774 1073.332260 1303566326
1244.815137 1073.998926 1303566328
1274.770802 1074.221148 1303566331
1294.961914 1073.665593 1303566333
1324.338327 1073.110038 1303566336
1354.045741 1073.776704 1303566339
1383.504904 1074.776703 1303566342
1410.895305 1075.110036 1303566345
1436.547947 1075.776702 1303566348
1457.649314 1078.332255 1303566351
1478.998932 1078.776699 1303566355
1493.894015 1061.665605 1303566362
1495.052521 1041.221181 1303566365
1496.873031 1015.998984 1303566368
1498.114288 987.999012 1303566371
1498.362539 958.665708 1303566374
1498.610791 938.332395 1303566376
1499.355545 917.999082 1303566378
1499.852047 889.221333 1303566381
1499.024543 862.443582 1303566384
1498.362539 840.221382 1303566387
1499.272794 819.776958 1303566393
1517.146893 809.221413 1303566397
1541.558278 810.999189 1303566400
1570.107186 813.776964 1303566403
1590.381048 815.443629 1303566405
1610.489410 816.554739 1303566407
1639.534820 816.665850 1303566410
1667.835477 816.332517 1303566413
1697.377390 816.221406 1303566416
1717.734003 816.332517 1303566418
1738.752619 817.110294 1303566420
1760.019487 818.332515 1303566422
1781.203604 819.665847 1303566424
1801.891218 820.443624 1303566426
1830.688378 821.110290 1303566429
1857.085774 821.665845 1303566432
1879.428397 822.221400 1303566435
1902.929527 823.665843 1303566443
1925.437652 825.665841 1303566447
1949.518035 826.221396 1303566450
1977.404939 827.110284 1303566453
2005.291844 827.888061 1303566456
2031.854741 828.443616 1303566459
2058.831390 829.221393 1303566462
2087.463048 829.332504 1303566465
2107.902411 829.332504 1303566467
2128.921028 829.665837 1303566469
2150.187895 830.443614 1303566471
2171.951266 830.999169 1303566473
2194.376640 831.554724 1303566475
2217.629518 831.999168 1303566477
2241.130648 831.999168 1303566479
2264.797279 832.665834 1303566481
2288.298409 833.665833 1303566483
2310.889284 834.221388 1303566485
2333.231908 834.332499 1303566487
2355.657282 834.554721 1303566489
2378.496408 834.665832 1303566491
2400.756281 834.554721 1303566493
2421.857648 834.999165 1303566495
2442.048760 835.665831 1303566497
2470.514917 836.888052 1303566500
2493.933297 837.999162 1303566503
