1999.333811 817.332516 1302094353
1972.522662 817.665849 1302094356
1949.021532 817.443627 1302094359
1926.182406 816.888072 1302094363
1901.191768 815.999184 1302094370
1877.194135 816.443628 1302094373
1848.479726 815.999184 1302094376
1819.020563 815.554740 1302094379
1790.306154 814.665852 1302094382
1764.488012 813.999186 1302094385
1738.669869 814.110297 1302094388
1711.279467 814.332519 1302094391
1682.234056 813.888075 1302094394
1661.711943 813.221409 1302094396
1641.438081 812.554743 1302094398
1612.061668 811.665855 1302094401
1585.167769 810.443634 1302094404
1562.742395 810.221412 1302094407
1541.061775 809.999190 1302094411
1519.794908 809.776968 1302094424
1497.038532 810.443634 1302094433
1473.206400 809.554746 1302094436
1445.236745 807.665859 1302094439
1421.073612 806.888082 1302094442
1400.137746 808.999191 1302094447
1380.277636 806.443638 1302094476
1356.859256 805.999194 1302094479
1334.682134 805.999194 1302094482
1314.491022 809.888079 1302094495
1305.388472 829.110282 1302094505
1305.967725 853.221369 1302094509
1305.388472 876.776901 1302094512
1304.064464 902.776875 1302094515
1302.905958 927.332406 1302094518
1301.995703 947.554608 1302094523
1302.243954 968.776809 1302094532
1302.078453 993.665673 1302094535
1301.085448 1022.776755 1302094538
1299.761441 1043.221179 1302094541
1298.685685 1068.998931 1302094561
1297.775430 1094.998905 1302094564
1296.865175 1116.554439 1302094566
1295.706668 1139.665527 1302094568
1294.879164 1162.109949 1302094570
1294.548162 1183.887705 1302094572
1294.217160 1205.554350 1302094574
1293.637907 1227.109884 1302094576
1292.975903 1249.220973 1302094578
1292.810402 1271.998728 1302094580
1292.479400 1293.443151 1302094582
1291.982898 1320.443124 1302094585
1295.954919 1342.331991 1302094590
1319.456050 1344.998655 1302094595
1342.543427 1343.109768 1302094598
1366.789311 1342.331991 1302094601
1389.793939 1341.776436 1302094604
1412.715815 1335.220887 1302094607
1438.037456 1323.443121 1302094610
1467.827620 1322.887566 1302094613
1492.570007 1329.443115 1302094615
1519.132904 1335.998664 1302094617
1543.378788 1338.887550 1302094619
1565.638661 1340.220882 1302094621
1586.409026 1341.331992 1302094623
1615.371687 1343.443101 1302094626
1638.872817 1345.331988 1302094629
1658.319174 1350.665316 1302094634
1683.144312 1353.887535 1302094642
1704.576680 1354.665312 1302094645
1732.463584 1355.331978 1302094648
1754.475206 1356.109755 1302094650
1778.059087 1356.665310 1302094652
1801.642967 1357.220865 1302094654
1826.137103 1357.554198 1302094656
1850.879489 1357.443087 1302094658
1875.952878 1357.109754 1302094660
1900.695265 1356.665310 1302094662
1925.437652 1356.109755 1302094664
1949.600786 1355.443089 1302094666
1972.770914 1354.998645 1302094668
1995.113537 1354.887534 1302094670
2016.380405 1355.331978 1302094672
2043.522555 1356.443088 1302094675
2065.865179 1357.554198 1302094679
2086.718294 1358.331975 1302094684
2109.309169 1358.998641 1302094687
2139.347585 1359.443085 1302094690
2162.848715 1359.887529 1302094692
2188.335856 1360.443084 1302094694
2214.981504 1360.776417 1302094696
2241.792652 1361.331972 1302094698
2268.603800 1361.887527 1302094700
2295.745951 1362.554193 1302094702
2323.136352 1363.220859 1302094704
2350.195752 1363.998636 1302094706
2376.841399 1364.443080 1302094708
2403.818048 1364.998635 1302094710
2430.463696 1365.665301 1302094712
2454.957831 1366.331967 1302094714
2480.610473 1366.887522 1302094717
