2100.785872 811.554744 1301837504
2125.776510 817.665849 1301837526
2147.870882 819.332514 1301837529
2174.433779 820.554735 1301837532
2203.975693 822.110289 1301837535
2224.497806 822.665844 1301837537
2246.012925 823.443621 1301837539
2269.183054 823.888065 1301837541
2293.097936 823.776954 1301837543
2317.095569 823.665843 1301837545
2341.175952 823.888065 1301837547
2376.510397 822.999177 1301837550
2399.680526 823.332510 1301837552
2421.278395 823.888065 1301837554
2450.489307 824.665842 1301837557
2475.314444 826.443618 1301837560
2500.056831 830.221392 1301837564
2514.620911 848.110263 1301837569
2512.883152 868.665798 1301837573
2512.469400 888.776889 1301837576
2512.221148 913.776864 1301837579
2511.559144 942.999057 1301837582
2509.573133 972.887916 1301837585
2509.242132 995.887893 1301837587
2508.911130 1018.443426 1301837589
2505.601112 1040.110071 1301837591
2504.773607 1060.998939 1301837593
2506.263115 1089.443355 1301837596
2510.400638 1111.332222 1301837600
2511.310893 1133.776644 1301837607
2512.634900 1156.443288 1301837610
2513.958908 1184.332149 1301837613
2515.944919 1213.998786 1301837616
2518.427432 1242.998757 1301837619
2518.841185 1272.554283 1301837622
2519.420438 1298.887590 1301837625
2521.075447 1321.109790 1301837629
2521.075447 1342.887546 1301837637
2541.432060 1349.331984 1301837641
2564.105685 1352.998647 1301837644
2591.330586 1355.998644 1301837647
2619.300241 1357.887531 1301837650
2647.931899 1359.665307 1301837653
2677.804814 1362.220860 1301837656
2698.326928 1363.443081 1301837658
2719.180043 1364.665302 1301837660
2740.281410 1365.331968 1301837662
2761.217276 1365.665301 1301837664
2781.408387 1366.109745 1301837666
2810.453798 1367.220855 1301837669
2838.837205 1367.776410 1301837672
2867.220612 1368.443076 1301837675
2892.956004 1368.331965 1301837678
2915.546879 1368.331965 1301837681
2940.454767 1369.665297 1301837684
2968.010670 1370.887518 1301837687
2988.781035 1371.665295 1301837689
3009.965152 1372.887516 1301837691
3030.818267 1373.776404 1301837693
3051.754133 1374.109737 1301837695
3073.021001 1374.331959 1301837697
3094.039617 1375.109736 1301837699
3114.892732 1375.665291 1301837701
3135.911349 1375.554180 1301837703
3156.681713 1375.331958 1301837705
3177.369328 1374.887514 1301837707
3197.808691 1374.443070 1301837709
3226.109348 1372.331961 1301837712
3252.423993 1369.776408 1301837715
3274.518365 1367.220855 1301837718
3296.778238 1361.109750 1301837722
3306.791044 1328.998671 1301837727
3306.708293 1302.220920 1301837730
3306.294541 1272.332061 1301837733
3305.880789 1251.998748 1301837735
3305.549787 1223.554332 1301837738
3303.894778 1194.776583 1301837741
3304.970534 1173.665493 1301837743
3309.687310 1151.221071 1301837745
3313.493831 1128.887760 1301837747
3314.321336 1106.554449 1301837749
3315.976345 1084.554471 1301837751
3317.134851 1062.221160 1301837753
3317.300352 1039.221183 1301837755
3317.796855 1016.332317 1301837757
3317.052101 994.999005 1301837759
3315.148840 965.887923 1301837762
3314.155835 938.221284 1301837765
3313.245580 912.554643 1301837768
3311.756071 892.554663 1301837771
3314.073084 871.999128 1301837795
3316.224596 850.332483 1301837799
3317.383102 825.110286 1301837802
3318.707110 795.110316 1301837805
3319.038112 773.777004 1301837807
3319.451864 752.777025 1301837809
3320.196618 731.443713 1301837811
3320.858622 710.888178 1301837813
3320.858622 682.443762 1301837816
3320.527620 657.999342 1301837819
3319.534614 637.777140 1301837823
