2998.380088 576.221646 1303567283
2986.464022 592.332741 1303567300
2987.788029 619.554936 1303567304
2988.284532 644.888244 1303567307
2988.036280 672.888216 1303567310
2987.291526 702.332631 1303567313
2986.877774 722.665944 1303567315
2986.215770 751.554804 1303567318
2985.636517 779.110332 1303567321
2982.740251 804.221418 1303567324
2979.512983 825.554730 1303567327
2963.293894 840.110271 1303567331
2936.648246 839.221383 1303567335
2911.161105 838.332495 1303567338
2883.356951 836.665830 1303567341
2855.056295 834.999165 1303567344
2827.086640 834.221388 1303567347
2801.020246 833.888055 1303567350
2775.615855 833.888055 1303567353
2751.949224 833.554722 1303567356
2731.096109 833.221389 1303567361
2705.939970 833.221389 1303567367
2684.507601 832.332501 1303567370
2659.434213 831.332502 1303567373
2632.540314 829.999170 1303567376
2604.653409 829.332504 1303567379
2577.511259 828.665838 1303567382
2552.686122 826.888062 1303567385
2528.522988 826.221396 1303567388
2502.456594 825.332508 1303567391
2473.907686 823.665843 1303567394
2453.137321 822.554733 1303567396
2431.622202 822.221400 1303567398
2409.362329 822.221400 1303567400
2386.936955 824.110287 1303567402
2364.346080 824.332509 1303567404
2342.168957 824.221398 1303567406
2320.074585 823.888065 1303567408
2298.559466 823.888065 1303567410
2277.127098 823.554732 1303567412
2255.942980 822.999177 1303567414
2235.007115 822.554733 1303567416
2214.733252 821.999178 1303567418
2186.598097 821.999178 1303567421
2160.697203 821.776956 1303567424
2137.444325 822.443622 1303567427
2114.356947 821.332512 1303567430
2089.035307 820.999179 1303567433
2061.562155 819.221403 1303567436
2032.020242 817.888071 1303567439
2002.395578 816.888072 1303567442
1974.591424 817.443627 1303567445
1949.021532 816.332517 1303567448
1927.092661 815.665851 1303567451
1905.991294 815.554740 1303567457
1882.821166 812.443632 1303567461
1859.237286 811.332522 1303567464
1831.929635 810.999189 1303567467
1803.546228 811.443633 1303567470
1777.562584 810.888078 1303567473
1754.061454 811.110300 1303567476
1732.049832 811.776966 1303567480
1712.106972 813.776964 1303567489
1685.130322 813.443631 1303567493
1658.815677 812.221410 1303567496
1629.604765 810.776967 1303567499
1600.062852 809.888079 1303567502
1571.762195 808.888080 1303567505
1546.192304 808.776969 1303567508
1525.008187 806.665860 1303567511
1500.927803 808.554747 1303567518
1475.937165 806.888082 1303567522
1451.277529 804.776973 1303567525
1424.300880 805.221417 1303567528
1396.248474 804.888084 1303567531
1368.361570 805.443639 1303567534
1342.460677 806.554749 1303567537
1321.442060 808.110303 1303567540
1300.671696 798.110313 1303567552
1283.625101 781.776996 1303567555
1262.523735 769.221453 1303567558
1238.360601 764.665902 1303567561
1211.714953 766.221456 1303567564
1183.662548 766.665900 1303567567
1157.596154 766.999233 1303567570
1134.426026 769.777008 1303567573
1116.303676 780.443664 1303567578
1092.223292 784.888104 1303567583
1071.535678 785.776992 1303567586
1048.448300 786.221436 1303567589
1023.126660 786.221436 1303567592
995.901760 786.110325 1303567595
970.580119 786.110325 1303567598
947.658243 786.332547 1303567601
925.067368 787.332546 1303567605
900.573232 787.888101 1303567615
879.389115 787.776990 1303567618
851.750462 786.665880 1303567621
831.062848 785.776992 1303567623
809.216727 784.554771 1303567625
786.460351 783.443661 1303567627
763.538474 782.665884 1303567629
740.947599 782.110329 1303567631
718.853227 781.554774 1303567633
696.924356 780.332553 1303567635
675.326486 777.777000 1303567637
653.976868 777.665889 1303567639
633.289253 777.999222 1303567641
613.180892 778.221444 1303567643
585.376738 779.776998 1303567646
562.454862 782.221440 1303567649
539.946737 785.888103 1303567672
519.341873 786.443658 1303567676
491.289468 786.332547 1303567680
466.960833 784.888104 1303567683
440.232435 783.443661 1303567686
412.428282 781.999218 1303567689
384.210376 781.554774 1303567692
357.481978 780.888108 1303567695
333.567095 780.443664 1303567698
313.375984 782.443662 1303567714
290.702358 781.888107 1303567722
264.304962 781.888107 1303567726
241.383085 781.332552 1303567729
219.123212 780.999219 1303567732
198.352847 780.110331 1303567736
175.761972 779.221443 1303567742
155.405360 778.221444 1303567745
133.062736 778.999221 1303567748
107.906597 780.554775 1303567752
88.956742 788.888100 1303567769
88.046487 813.221409 1303567773
87.963737 837.554718 1303567776
87.384483 865.221357 1303567779
86.970731 885.443559 1303567781
86.556979 905.776872 1303567783
86.391478 926.110185 1303567785
86.060476 946.332387 1303567787
85.646724 966.665700 1303567789
85.398472 997.221225 1303567792
85.563973 1018.776759 1303567794
85.563973 1040.554515 1303567796
84.819219 1061.887827 1303567798
84.570968 1083.221139 1303567800
83.991715 1104.221118 1303567802
83.577962 1125.332208 1303567804
83.412461 1146.332187 1303567806
83.246961 1166.887722 1303567808
83.081460 1187.221035 1303567810
82.998709 1215.887673 1303567813
82.998709 1242.665424 1303567816
82.750458 1268.554287 1303567819
82.336706 1294.220928 1303567822
82.005704 1315.443129 1303567825
98.142043 1327.998672 1303567830
122.884430 1328.332005 1303567834
146.964813 1329.220893 1303567837
174.189714 1330.443114 1303567840
202.904123 1331.220891 1303567843
231.784032 1331.998668 1303567846
262.236201 1331.776446 1303567849
283.916821 1330.776447 1303567851
305.845692 1330.443114 1303567853
328.022815 1330.109781 1303567855
349.868936 1330.332003 1303567857
370.970302 1330.776447 1303567859
391.244164 1331.109780 1303567861
420.455076 1331.109780 1303567864
447.017973 1330.998669 1303567867
467.126334 1331.332002 1303567871
491.041217 1331.443113 1303567877
512.721836 1331.554224 1303567880
538.788231 1331.665335 1303567883
568.081893 1332.109779 1303567886
588.686757 1332.443112 1303567888
609.870874 1333.109778 1303567890
631.385993 1333.776444 1303567892
652.818362 1334.443110 1303567894
674.416231 1334.776443 1303567896
696.014100 1335.331998 1303567898
717.529220 1335.887553 1303567900
738.961588 1336.443108 1303567902
759.814703 1336.998663 1303567904
780.088566 1337.443107 1303567906
808.720224 1337.887551 1303567909
834.290115 1337.109774 1303567912
856.715490 1334.443110 1303567916
876.244598 1326.220896 1303567935
880.630372 1300.109811 1303567939
881.954379 1274.220948 1303567942
883.112886 1244.554311 1303567945
883.774889 1223.665443 1303567947
884.933396 1190.887698 1303567950
885.760900 1168.554387 1303567952
886.753906 1146.443298 1303567954
888.574416 1125.887763 1303567956
891.470682 1096.998903 1303567959
892.298186 1072.998927 1303567962
904.379753 1056.221166 1303567966
931.935656 1054.221168 1303567970
954.030028 1053.887835 1303567973
974.800393 1054.665612 1303567976
995.405257 1054.887834 1303567992
1016.341123 1057.998942 1303567996
1038.849247 1059.554496 1303567999
1062.433128 1061.443383 1303568002
1082.789740 1062.110049 1303568005
1106.042619 1061.776716 1303568012
1131.695261 1062.665604 1303568016
1157.182402 1064.443380 1303568019
1185.648559 1064.887824 1303568022
1205.756921 1065.665601 1303568024
1226.361784 1067.221155 1303568026
1247.132149 1067.998932 1303568028
1267.819764 1072.665594 1303568030
1288.838380 1072.776705 1303568032
1309.029492 1071.776706 1303568034
1336.750895 1072.110039 1303568037
1357.604011 1071.887817 1303568040
1380.277636 1071.443373 1303568043
1404.771771 1071.110040 1303568046
1430.010661 1070.110041 1303568049
1454.587547 1070.554485 1303568052
1478.419679 1070.110041 1303568056
1494.142266 1053.776724 1303568063
1494.390517 1026.110085 1303568067
1494.969770 998.665668 1303568070
1495.797275 978.554577 1303568072
1497.866037 957.665709 1303568074
1498.445290 936.554619 1303568076
1498.859042 915.999084 1303568078
1499.190044 895.999104 1303568080
1499.355545 867.332466 1303568083
1499.438295 840.999159 1303568086
1499.438295 819.332514 1303568090
1514.829880 803.776974 1303568098
1536.344999 804.443640 1303568101
1562.907896 806.443638 1303568104
1588.974291 803.554752 1303568107
1619.012707 803.443641 1303568110
1640.196824 803.554752 1303568112
1661.049939 803.332530 1303568114
1684.137317 803.554752 1303568117
