1726.753803 817.110294 1303569363
1706.231689 816.888072 1303569369
1684.137317 816.443628 1303569372
1657.574420 815.332518 1303569375
1628.777261 814.554741 1303569378
1599.814601 813.665853 1303569381
1571.762195 812.776965 1303569384
1546.192304 812.554743 1303569387
1525.835691 812.332521 1303569390
1503.079315 811.332522 1303569397
1479.081683 810.221412 1303569401
1455.249551 809.443635 1303569404
1429.762410 808.665858 1303569407
1401.544504 807.999192 1303569410
1373.657599 807.221415 1303569413
1347.673956 806.110305 1303569416
1325.993336 805.443639 1303569419
1305.222971 802.776975 1303569425
1284.618107 794.110317 1303569429
1263.351239 777.999222 1303569432
1236.291839 777.665889 1303569435
1215.852476 779.999220 1303569437
1187.551820 784.332549 1303569440
1164.712693 795.332538 1303569443
1142.452820 797.554758 1303569446
1119.696444 802.221420 1303569452
1096.360815 802.221420 1303569456
1072.280432 801.221421 1303569459
1044.724530 800.332533 1303569462
1016.672124 799.999200 1303569465
989.860976 798.999201 1303569468
965.284090 798.332535 1303569471
944.017223 797.443647 1303569474
923.412359 796.554759 1303569478
902.310992 796.332537 1303569503
875.086091 795.332538 1303569507
849.267948 795.221427 1303569510
820.967292 795.332538 1303569513
791.259877 794.888094 1303569516
770.903265 794.554761 1303569518
750.463902 794.443650 1303569520
729.941788 794.554761 1303569522
709.419675 793.999206 1303569524
688.897561 793.221429 1303569526
668.209947 792.332541 1303569528
647.522332 791.888097 1303569530
627.413971 791.776986 1303569532
599.196065 791.221431 1303569535
573.046920 791.332542 1303569538
552.607557 791.443653 1303569541
530.264934 791.665875 1303569560
504.198539 791.332542 1303569564
478.380397 790.221432 1303569567
449.252235 788.776989 1303569570
428.895623 788.110323 1303569572
408.787261 787.110324 1303569574
388.761651 786.999213 1303569576
359.633490 786.443658 1303569579
332.987842 785.999214 1303569582
311.803725 785.665881 1303569585
288.219844 784.665882 1303569592
263.808459 784.888104 1303569596
239.976328 784.888104 1303569599
217.054451 784.554771 1303569602
194.960079 784.443660 1303569607
173.610460 784.665882 1303569612
152.095341 784.443660 1303569615
128.511461 784.776993 1303569618
105.258582 785.776992 1303569622
88.956742 797.665869 1303569647
90.280749 825.110286 1303569651
90.777252 852.554703 1303569654
90.777252 872.776905 1303569656
90.446250 894.554661 1303569658
89.949748 916.776861 1303569660
89.535995 939.221283 1303569662
89.039493 961.887927 1303569664
88.625740 984.443460 1303569666
87.963737 1006.665660 1303569668
87.715485 1029.998970 1303569670
87.301733 1053.554502 1303569672
86.887981 1077.110034 1303569674
86.225977 1099.554456 1303569676
85.481223 1121.554434 1303569678
85.067471 1143.221079 1303569680
84.488217 1165.221057 1303569682
83.908964 1186.443258 1303569684
83.577962 1206.554349 1303569686
83.164210 1235.443209 1303569689
82.833208 1263.665403 1303569692
82.336706 1290.443154 1303569695
81.426450 1312.220910 1303569698
96.156032 1330.220892 1303569703
122.387927 1329.109782 1303569707
147.295815 1328.109783 1303569710
175.017218 1327.887561 1303569713
201.993867 1327.887561 1303569716
227.812010 1328.109783 1303569719
255.781665 1327.443117 1303569722
285.902832 1327.998672 1303569725
306.838697 1328.443116 1303569727
328.022815 1329.220893 1303569729
349.124181 1329.998670 1303569731
369.894546 1330.554225 1303569733
390.085658 1330.998669 1303569735
418.717316 1331.665335 1303569738
444.783711 1332.220890 1303569741
467.043584 1332.554223 1303569745
492.365224 1333.887555 1303569752
513.880343 1334.331999 1303569755
539.863987 1334.554221 1303569758
568.412895 1334.887554 1303569761
588.438505 1334.776443 1303569763
609.208870 1335.331998 1303569765
630.392987 1335.776442 1303569767
651.742606 1336.331997 1303569769
673.505976 1336.887552 1303569771
695.186596 1337.220885 1303569773
716.784465 1337.776440 1303569775
737.885832 1338.331995 1303569777
758.407946 1338.776439 1303569779
787.370606 1339.554216 1303569782
814.016253 1340.109771 1303569785
838.344888 1339.443105 1303569788
861.184014 1336.665330 1303569792
880.051119 1327.332006 1303569800
883.112886 1305.998694 1303569803
883.940390 1281.220941 1303569806
884.685144 1253.554302 1303569809
885.181647 1233.220989 1303569811
885.843651 1211.887677 1303569813
886.340153 1189.443255 1303569815
887.002157 1166.332167 1303569817
888.326164 1143.221079 1303569819
890.312175 1120.887768 1303569821
891.884434 1099.665567 1303569823
892.794689 1072.332261 1303569826
904.876256 1051.554504 1303569830
932.183907 1049.776728 1303569834
955.850538 1050.332283 1303569837
980.841176 1051.332282 1303569840
1008.231578 1052.665614 1303569843
1036.118482 1053.998946 1303569846
1062.184876 1054.776723 1303569849
1083.865496 1055.554500 1303569852
1106.870123 1056.110055 1303569858
1133.846773 1057.554498 1303569862
1160.244169 1058.332275 1303569865
1188.296574 1058.998941 1303569868
1214.362968 1059.554496 1303569871
1237.781348 1059.998940 1303569874
1258.137960 1060.443384 1303569877
1279.404828 1062.665604 1303569882
1303.236960 1062.443382 1303569895
1325.248582 1062.998937 1303569898
1351.480477 1063.443381 1303569901
1379.615632 1063.887825 1303569904
1407.833538 1064.776713 1303569907
1434.892938 1065.665601 1303569910
1460.711081 1066.443378 1303569913
1483.715708 1066.554489 1303569917
1499.272794 1053.221169 1303569925
1500.183049 1032.998967 1303569931
1499.603796 1011.332322 1303569934
1500.265800 984.443460 1303569937
