86.225977 1007.554548 1303573284
86.474228 1032.110079 1303573293
86.308727 1055.221167 1303573296
85.481223 1082.110029 1303573299
84.322716 1111.665555 1303573302
82.833208 1131.998868 1303573304
82.502206 1152.776625 1303573306
81.757452 1173.998826 1303573308
80.929948 1194.665472 1303573310
80.847197 1224.109887 1303573313
80.598946 1251.665415 1303573316
80.102443 1277.332056 1303573319
80.185194 1297.554258 1303573322
81.591951 1318.332015 1303573340
99.548801 1328.332005 1303573346
120.732918 1329.109782 1303573350
143.572044 1330.109781 1303573353
170.383193 1330.443114 1303573356
197.525343 1330.887558 1303573359
225.246746 1331.998668 1303573362
255.036911 1332.998667 1303573365
275.559024 1333.554222 1303573367
296.163888 1333.887555 1303573369
317.348006 1333.665333 1303573371
338.945875 1333.998666 1303573373
360.791996 1334.665332 1303573375
382.389865 1335.665331 1303573377
403.160230 1336.109775 1303573379
441.225441 1337.331996 1303573383
464.643821 1337.887551 1303573386
489.386207 1337.554218 1303573392
509.991071 1338.331995 1303573395
536.222966 1339.220883 1303573398
556.331328 1339.998660 1303573400
577.846447 1340.554215 1303573402
600.520072 1341.220881 1303573404
623.359199 1341.331992 1303573406
647.025829 1341.776436 1303573408
670.857961 1342.220880 1303573410
694.110840 1342.665324 1303573412
716.784465 1343.109768 1303573414
739.127089 1343.554212 1303573416
760.973210 1344.220878 1303573418
781.743575 1344.554211 1303573420
810.623485 1344.887544 1303573423
833.462611 1344.109767 1303573426
853.819224 1340.998659 1303573444
873.679333 1337.109774 1303573449
880.051119 1311.109800 1303573453
881.706128 1287.665379 1303573456
883.361137 1265.332068 1303573459
884.685144 1239.554316 1303573463
886.505654 1215.665451 1303573484
887.746911 1189.665477 1303573488
888.739917 1163.554392 1303573491
890.725928 1134.665532 1303573494
893.539443 1105.887783 1303573497
894.863451 1080.554475 1303573500
904.545254 1061.110050 1303573504
931.190902 1061.221161 1303573508
955.023033 1061.110050 1303573511
978.110411 1061.221161 1303573514
999.129027 1063.221159 1303573533
1021.057899 1063.443381 1303573538
1043.152271 1065.776712 1303573541
1067.729157 1068.332265 1303573544
1087.672017 1070.221152 1303573547
1110.014641 1068.887820 1303573553
1135.667283 1068.998931 1303573557
1160.740671 1069.776708 1303573560
1188.048323 1069.665597 1303573563
1215.355974 1069.443375 1303573566
1241.670619 1069.887819 1303573569
1264.261494 1070.332263 1303573572
1284.618107 1069.443375 1303573596
1311.098253 1067.221155 1303573602
1335.923391 1067.776710 1303573605
1365.548054 1067.110044 1303573608
1386.235669 1066.665600 1303573610
1406.923283 1067.110044 1303573612
1427.031645 1067.221155 1303573614
1454.422046 1067.887821 1303573617
1476.930171 1067.554488 1303573620
1496.707530 1060.554495 1303573627
1498.693541 1035.554520 1303573631
1499.603796 1010.998989 1303573634
1500.596802 982.221240 1303573637
1502.086310 952.554603 1303573640
1502.417312 932.110179 1303573642
1502.334561 911.110200 1303573644
1502.748314 890.332443 1303573646
1503.244816 870.110241 1303573648
1503.824069 842.665824 1303573651
1504.568824 821.554734 1303573655
1523.849680 807.332526 1303573662
1545.613051 807.110304 1303573665
1572.506949 807.665859 1303573668
1600.311103 807.554748 1303573671
1625.880995 808.110303 1303573674
1649.630376 808.999191 1303573677
1673.462508 809.332524 1303573681
1696.549886 808.999191 1303573686
1718.065005 810.443634 1303573689
1744.048648 811.554744 1303573692
1773.425061 812.443632 1303573695
1802.966974 813.332520 1303573698
1830.191875 813.888075 1303573701
1855.348014 814.443630 1303573704
1880.255902 816.221406 1303573708
1901.688271 817.443627 1303573716
1921.962133 818.776959 1303573720
1944.139255 820.665846 1303573723
1971.198655 822.665844 1303573726
1999.333811 823.665843 1303573729
2027.220715 824.443620 1303573732
2056.266126 824.888064 1303573735
2078.939751 824.999175 1303573738
2100.537621 824.776953 1303573751
2128.259024 827.332506 1303573755
2156.394180 827.999172 1303573758
2177.247295 828.888060 1303573760
2199.589919 829.332504 1303573762
2223.339300 829.221393 1303573764
2247.916186 829.443615 1303573766
2272.989575 829.554726 1303573768
2298.062963 829.443615 1303573770
2322.805350 829.665837 1303573772
2346.802983 829.888059 1303573774
2370.221363 829.999170 1303573776
2392.729487 830.221392 1303573778
2414.244606 830.665836 1303573780
2443.124516 831.221391 1303573783
2466.294644 829.776948 1303573787
2486.154754 834.332499 1303573801
2506.511367 833.665833 1303573829
2513.048653 854.221368 1303573834
2512.055647 875.110236 1303573837
2512.138398 901.887987 1303573840
2512.386649 922.221300 1303573842
2512.138398 943.776834 1303573844
2511.559144 965.776812 1303573846
2510.979891 987.776790 1303573848
2510.566139 1009.554546 1303573850
2510.317888 1030.332303 1303573852
2510.069636 1050.554505 1303573854
2509.821385 1078.221144 1303573857
2509.821385 1104.221118 1303573860
2510.731640 1128.332205 1303573864
2512.303899 1153.109958 1303573871
2513.214154 1174.221048 1303573874
2514.455410 1200.443244 1303573877
2517.020675 1229.776548 1303573880
2518.841185 1249.776528 1303573882
2519.503188 1278.332055 1303573885
2518.758434 1305.554250 1303573888
2517.848179 1330.220892 1303573891
2517.682678 1351.887537 1303573895
