521.741636 796.221426 1302745314
497.661253 796.332537 1302745317
476.394386 796.332537 1302745319
451.320997 795.999204 1302745321
421.448082 795.999204 1302745323
390.747662 794.665872 1302745325
363.191759 793.332540 1302745327
343.083398 792.443652 1302745329
322.892286 792.888096 1302745334
298.563652 792.665874 1302745358
274.069516 791.554764 1302745361
253.630153 792.221430 1302745363
225.577748 792.554763 1302745366
205.386636 790.443654 1302745371
180.892501 792.776985 1302745377
160.370387 795.554760 1302745380
139.186270 795.554760 1302745383
119.739912 789.110322 1302745395
98.555795 793.443651 1302745409
92.018509 813.776964 1302745413
91.191004 837.776940 1302745416
88.542990 867.221355 1302745419
86.887981 890.665776 1302745421
86.308727 917.887971 1302745423
86.722480 948.999051 1302745425
86.391478 980.665686 1302745427
84.322716 1011.776766 1302745429
82.502206 1044.221178 1302745431
81.178199 1077.554478 1302745433
80.433445 1111.998888 1302745435
80.681696 1146.998853 1302745437
80.847197 1181.665485 1302745439
79.854192 1214.665452 1302745441
79.274939 1246.332087 1302745443
79.274939 1273.776504 1302745445
80.185194 1294.665372 1302745447
80.433445 1315.220907 1302745450
89.618746 1334.776443 1302745470
112.209621 1334.443110 1302745473
143.241042 1335.554220 1302745476
167.321426 1336.776441 1302745478
193.801572 1338.109773 1302745480
222.764232 1339.109772 1302745482
253.630153 1340.220882 1302745484
285.323578 1339.998660 1302745486
318.258261 1339.665327 1302745488
350.861941 1340.443104 1302745490
382.307115 1340.443104 1302745492
411.600777 1339.220883 1302745494
437.749922 1339.331994 1302745496
458.023784 1339.443105 1302745498
478.380397 1337.998662 1302745503
502.543530 1341.998658 1302745507
533.492201 1345.109766 1302745510
559.889597 1346.665320 1302745512
590.838269 1348.443096 1302745514
624.517705 1348.998651 1302745516
657.535138 1348.998651 1302745518
689.394064 1348.998651 1302745520
722.245996 1349.109762 1302745522
755.346179 1349.220873 1302745524
786.791353 1349.220873 1302745526
814.430006 1348.554207 1302745528
836.689879 1348.443096 1302745530
859.198003 1346.220876 1302745533
878.809862 1332.554223 1302745543
882.202631 1307.220915 1302745546
883.857640 1286.109825 1302745548
885.843651 1266.220956 1302745550
887.746911 1243.887645 1302745553
890.974179 1222.887666 1302745561
892.629188 1201.221021 1302745564
894.615199 1180.776597 1302745566
895.111702 1158.887730 1302745568
896.683961 1134.221088 1302745570
899.166474 1108.221114 1302745572
900.324981 1085.221137 1302745574
901.483487 1063.554492 1302745577
928.625637 1059.221163 1302745582
957.836549 1060.110051 1302745585
978.027661 1059.776718 1302745587
1000.866787 1057.665609 1302745590
1018.327134 1068.665598 1302745616
1018.492635 1091.776686 1302745621
1042.490267 1101.887787 1302745625
1064.998392 1096.110015 1302745630
1090.071781 1086.554469 1302745635
1110.759395 1079.665587 1302745641
1134.095024 1077.776700 1302745644
1161.899178 1079.332254 1302745647
1185.400308 1079.998920 1302745649
1216.928232 1077.998922 1302745651
1247.380401 1076.554479 1302745653
1277.584318 1075.554480 1302745655
1307.291732 1074.443370 1302745657
1336.419893 1073.887815 1302745659
1364.306798 1074.110037 1302745661
1390.869695 1075.665591 1302745663
1415.529331 1077.776700 1302745665
1437.954705 1078.221144 1302745667
1459.138822 1078.665588 1302745669
1481.564196 1080.554475 1302745673
1487.356728 1054.776723 1302745682
1487.356728 1023.887865 1302745685
1490.501246 996.999003 1302745687
1493.811264 966.221256 1302745689
1494.638769 933.776844 1302745691
1494.804270 901.554654 1302745693
1495.466273 872.554683 1302745695
1495.714525 847.888041 1302745697
1495.631774 823.332510 1302745700
1496.873031 799.554756 1302745707
1500.017548 777.443667 1302745710
1502.169060 747.110364 1302745713
1500.679552 720.888168 1302745715
1499.272794 690.888198 1302745717
1500.348550 658.888230 1302745719
1502.334561 629.666037 1302745721
1504.486073 606.332727 1302745723
1506.223833 584.221638 1302745727
