3309.108057 1130.887758 1303581610
3309.687310 1109.665557 1303581620
3311.094068 1087.998912 1303581623
3311.590570 1062.110049 1303581626
3312.004323 1032.998967 1303581629
3312.418075 1011.887877 1303581631
3312.997328 990.110121 1303581633
3313.411080 967.443477 1303581635
3313.576581 944.554611 1303581637
3313.990334 921.999078 1303581639
3314.238585 899.332434 1303581641
3314.983339 877.443567 1303581643
3315.810844 855.888033 1303581645
3316.803849 833.999166 1303581647
3317.631354 812.110299 1303581649
3318.293357 790.221432 1303581651
3318.376108 767.777010 1303581653
3318.624359 745.221477 1303581655
3318.872611 723.221499 1303581657
3318.624359 701.888187 1303581659
3318.045106 681.110430 1303581661
3317.217602 660.777117 1303581663
3317.217602 632.443812 1303581666
3317.548603 606.777171 1303581669
3308.197802 584.443860 1303581673
3281.552154 580.999419 1303581677
3257.058019 580.777197 1303581680
3234.136142 579.999420 1303581683
3211.628017 579.777198 1303581686
3186.637379 579.332754 1303581689
3160.570985 579.332754 1303581692
3132.353079 579.110532 1303581695
3103.390419 578.666088 1303581698
3074.593259 578.332755 1303581701
3046.127102 578.110533 1303581704
3019.729706 578.110533 1303581707
2999.207592 578.443866 1303581710
2986.464022 593.888295 1303581714
2987.043275 621.221601 1303581718
2986.712273 645.221577 1303581721
2985.884769 670.443774 1303581724
2985.884769 695.888193 1303581727
2985.802018 723.110388 1303581730
2985.305515 750.221472 1303581733
2984.891763 775.888113 1303581736
2983.733257 796.999203 1303581739
2981.581745 817.332516 1303581746
2973.472200 836.332497 1303581768
2949.888319 840.888048 1303581772
2926.387189 838.888050 1303581775
2899.410540 837.110274 1303581778
2871.689137 835.776942 1303581781
2843.719482 833.888055 1303581784
2816.577332 833.332500 1303581787
2791.255692 832.999167 1303581790
2767.920063 832.332501 1303581793
2744.418933 830.776947 1303581797
2723.152065 828.665838 1303581804
2695.844414 826.776951 1303581808
2670.688275 825.332508 1303581811
2642.056616 827.332506 1303581814
2616.486725 826.665840 1303581817
2592.737344 826.665840 1303581820
2572.463481 826.443618 1303581823
2545.652333 825.776952 1303581827
2523.723462 826.332507 1303581830
2498.070820 825.665841 1303581834
2472.666429 823.332510 1303581838
2449.496301 822.665844 1303581841
2423.098905 822.665844 1303581844
2394.301746 822.332511 1303581847
2374.276135 822.554733 1303581849
2344.072218 822.665844 1303581852
2323.467354 822.554733 1303581854
2303.276242 821.999178 1303581856
2283.167881 821.221401 1303581858
2262.728518 820.443624 1303581860
2233.269355 819.776958 1303581863
2206.044454 819.221403 1303581866
2180.805565 818.443626 1303581869
2153.994416 817.888071 1303581872
2124.452503 816.999183 1303581875
2104.261391 816.554739 1303581877
2083.904779 816.110295 1303581879
2063.713667 815.443629 1303581881
2035.164759 813.999186 1303581884
2008.850113 811.888077 1303581887
1984.686980 811.221411 1303581890
1963.337362 811.110300 1303581893
1941.242989 810.443634 1303581897
1919.479619 811.554744 1303581911
1896.971494 809.999190 1303581916
1870.574098 810.221412 1303581920
1848.314225 810.221412 1303581923
1824.564844 810.999189 1303581926
1800.318960 811.443633 1303581929
1776.238577 810.999189 1303581932
1751.247938 809.776968 1303581935
1723.030032 810.443634 1303581938
1693.322618 810.888078 1303581941
1663.201451 809.554746 1303581944
1642.844839 808.888080 1303581946
1622.488226 808.665858 1303581948
1593.360065 806.888082 1303581951
1566.217915 805.443639 1303581954
1540.730774 805.110306 1303581957
1518.967403 803.554752 1303581962
1493.976765 803.665863 1303581968
1472.296145 802.332531 1303581971
1447.140006 801.999198 1303581974
1421.404614 800.776977 1303581977
1395.669221 798.665868 1303581980
1370.016579 798.332535 1303581983
1343.784684 800.221422 1303581986
1321.276560 801.776976 1303581990
1299.016686 811.554744 1303582005
1274.191549 810.554745 1303582008
1248.125155 809.554746 1303582011
1221.727759 808.999191 1303582014
1197.316374 809.888079 1303582017
1176.877011 810.888078 1303582021
1149.983112 809.332524 1303582025
1120.772200 807.776970 1303582028
1098.595078 806.221416 1303582030
1076.169704 804.554751 1303582032
1054.240832 802.776975 1303582034
1034.132471 801.332532 1303582036
1007.404073 799.443645 1303582039
985.723453 797.888091 1303582042
961.477569 796.888092 1303582046
940.045201 796.110315 1303582050
