1760.267738 820.888068 1303585532
1739.083621 820.443624 1303585549
1717.734003 820.221402 1303585552
1692.991616 819.110292 1303585555
1666.263218 817.554738 1303585558
1638.955567 816.554739 1303585561
1611.482415 816.443628 1303585564
1584.257514 815.999184 1303585567
1559.184126 816.554739 1303585570
1536.924253 816.665850 1303585573
1516.484890 816.332517 1303585578
1492.901009 815.110296 1303585583
1471.220389 814.221408 1303585586
1446.809004 812.332521 1303585589
1420.577109 810.888078 1303585592
1395.255469 809.888079 1303585595
1370.926834 810.221412 1303585598
1348.170458 810.332523 1303585601
1324.255576 809.999190 1303585605
1300.009692 811.888077 1303585612
1279.322077 815.888073 1303585616
1252.262678 813.999186 1303585619
1223.134517 814.665852 1303585622
1194.585609 814.665852 1303585625
1168.850216 814.554741 1303585628
1147.500598 814.110297 1303585631
1127.392237 810.110301 1303585643
1106.373621 805.554750 1303585647
1083.617245 803.776974 1303585650
1057.468100 803.776974 1303585653
1030.325950 803.665863 1303585656
1004.673308 803.665863 1303585659
982.992688 804.443640 1303585662
961.725820 803.888085 1303585667
937.148935 803.443641 1303585685
915.882067 802.888086 1303585688
889.319170 801.888087 1303585691
859.777256 800.110311 1303585694
839.172392 799.332534 1303585696
818.071026 798.554757 1303585698
796.638657 798.110313 1303585700
775.289039 797.776980 1303585702
753.939421 797.443647 1303585704
732.672553 796.888092 1303585706
711.405686 796.221426 1303585708
690.552570 795.999204 1303585710
670.278708 795.776982 1303585712
641.729800 795.332538 1303585715
615.249654 795.443649 1303585718
593.734535 794.665872 1303585721
573.708924 794.776983 1303585735
552.359306 794.776983 1303585739
529.023677 794.554761 1303585742
502.957282 793.776984 1303585745
474.987628 792.665874 1303585748
446.438720 791.665875 1303585751
417.807061 790.665876 1303585754
390.995913 789.888099 1303585757
365.839774 788.999211 1303585760
343.166148 788.888100 1303585763
323.140538 789.332544 1303585768
300.880665 788.443656 1303585783
279.448296 787.443657 1303585788
259.091683 786.999213 1303585791
236.418058 786.221436 1303585794
211.841172 785.443659 1303585798
188.174541 784.221438 1303585805
163.763156 784.443660 1303585809
139.600022 784.554771 1303585813
119.077909 785.332548 1303585819
98.390294 787.332546 1303585829
93.673518 808.332525 1303585850
92.846014 830.221392 1303585854
91.853008 854.443590 1303585857
90.777252 881.443563 1303585860
89.453245 908.332425 1303585863
88.377489 933.776844 1303585866
86.970731 957.221265 1303585869
85.398472 980.665686 1303585872
85.315722 1007.443437 1303585875
85.646724 1036.776741 1303585878
84.653718 1066.443378 1303585881
84.239966 1086.887802 1303585883
83.495212 1107.221115 1303585885
82.419456 1136.665530 1303585888
82.005704 1165.332168 1303585891
81.343700 1193.776584 1303585894
81.509201 1223.220999 1303585897
81.260950 1250.887638 1303585900
80.598946 1273.220949 1303585903
80.350695 1294.332039 1303585909
82.171205 1318.443126 1303585925
101.203810 1327.776450 1303585929
127.270204 1328.109783 1303585933
151.185086 1329.554226 1303585936
177.416982 1331.998668 1303585939
203.317875 1333.887555 1303585942
226.653504 1335.776442 1303585945
251.230390 1336.554219 1303585949
272.331757 1333.554222 1303585973
297.736147 1332.332001 1303585977
322.975037 1331.776446 1303585980
350.530939 1331.554224 1303585983
379.162598 1332.443112 1303585986
407.711506 1332.776445 1303585989
434.274402 1332.887556 1303585992
455.293019 1334.665332 1303585995
476.808138 1336.220886 1303586001
502.129778 1336.887552 1303586005
526.954915 1336.887552 1303586008
554.345317 1337.443107 1303586011
583.059726 1337.998662 1303586014
612.436138 1338.220884 1303586017
641.729800 1338.776439 1303586020
671.354464 1339.443105 1303586023
700.565376 1339.887549 1303586026
729.114284 1339.554216 1303586029
756.918437 1339.109772 1303586032
783.977837 1339.220883 1303586035
809.713230 1339.998660 1303586038
833.214360 1340.998659 1303586041
853.819224 1339.331994 1303586044
874.920590 1334.109777 1303586048
880.878623 1307.665359 1303586052
882.119880 1285.887603 1303586055
883.195636 1264.887624 1303586058
884.188642 1240.776537 1303586062
885.098897 1216.776561 1303586087
886.340153 1196.221026 1303586090
887.829662 1170.554385 1303586093
889.153669 1142.221080 1303586096
891.056930 1122.221100 1303586098
893.456693 1102.221120 1303586100
895.028951 1076.221146 1303586103
904.710755 1056.665610 1303586107
931.687404 1054.443390 1303586111
954.609281 1055.332278 1303586114
976.538152 1055.332278 1303586117
997.556769 1056.665610 1303586130
1018.161633 1058.776719 1303586134
1040.090504 1060.554495 1303586137
1063.012381 1061.776716 1303586140
1083.037992 1063.332270 1303586143
1104.635861 1067.776710 1303586149
1128.467993 1071.554484 1303586153
1151.307119 1073.443371 1303586156
1176.297758 1076.221146 1303586159
1202.281401 1079.332254 1303586162
1228.016794 1079.776698 1303586165
1253.917687 1079.998920 1303586168
1283.128599 1079.110032 1303586171
1303.485211 1078.998921 1303586173
1323.759073 1079.332254 1303586175
1344.860440 1080.332253 1303586177
1366.458310 1080.776697 1303586179
1387.394175 1079.776698 1303586181
1416.770588 1079.887809 1303586184
1442.671481 1083.887805 1303586187
1465.510608 1089.110022 1303586190
1485.536218 1086.332247 1303586195
1494.638769 1062.443382 1303586199
1495.466273 1037.998962 1303586202
1497.452284 1012.332321 1303586205
1499.603796 983.554572 1303586208
1500.762303 963.443481 1303586210
1502.003559 942.554613 1303586212
1502.748314 921.999078 1303586214
1504.237822 893.221329 1303586217
1505.148077 866.221356 1303586220
1505.975581 841.776936 1303586223
1506.223833 819.665847 1303586228
1527.573451 806.443638 1303586234
1550.743579 808.110303 1303586237
1577.802979 809.888079 1303586240
1605.441632 809.554746 1303586243
1633.576787 808.665858 1303586246
1663.035950 808.443636 1303586249
1692.991616 809.221413 1303586252
1713.099977 809.665857 1303586254
1733.125588 809.554746 1303586256
1753.233949 809.999190 1303586258
1773.425061 810.554745 1303586260
1793.698923 810.776967 1303586262
1822.165081 811.221411 1303586265
1848.314225 812.110299 1303586268
1871.153352 813.110298 1303586271
1895.564737 818.110293 1303586277
1917.990111 821.776956 1303586283
1939.670731 824.332509 1303586286
1965.157872 825.665841 1303586289
1993.541279 826.776951 1303586292
2021.593684 827.665839 1303586295
2048.322082 828.221394 1303586298
2072.485215 831.665835 1303586301
2094.248586 831.443613 1303586317
