3317.300352 636.110475 1303586973
3319.700115 610.554945 1303586980
3311.507820 587.777190 1303586984
3290.323703 584.666082 1303586987
3264.257309 584.443860 1303586990
3235.129147 584.221638 1303586993
3206.993992 583.666083 1303586996
3177.948581 582.888306 1303586999
3157.674719 582.443862 1303587001
3137.235356 582.110529 1303587003
3116.630492 581.888307 1303587005
3095.942877 581.554974 1303587007
3066.566465 581.443863 1303587010
3039.672566 580.999419 1303587013
3015.095680 580.221642 1303587016
2991.594550 584.443860 1303587020
2989.525789 608.443836 1303587024
2989.856791 631.332702 1303587027
2989.525789 657.777120 1303587030
2988.781035 686.443758 1303587033
2988.036280 716.110395 1303587036
2987.291526 745.665921 1303587039
2987.043275 774.110337 1303587042
2985.553767 800.888088 1303587045
2982.823002 823.110288 1303587048
2969.169176 840.999159 1303587052
2948.233310 843.443601 1303587055
2923.159922 841.554714 1303587058
2895.024766 840.554715 1303587061
2866.062106 840.110271 1303587064
2837.264946 839.443605 1303587067
2808.550537 838.888050 1303587070
2780.994635 837.665829 1303587073
2755.838496 836.221386 1303587076
2734.737129 834.221388 1303587080
2709.167238 833.554722 1303587086
2686.493612 832.665834 1303587089
2659.930715 831.332502 1303587092
2631.630059 831.332502 1303587095
2603.577654 830.554725 1303587098
2575.607999 829.443615 1303587101
2548.631350 829.221393 1303587104
2520.744445 829.221393 1303587107
2491.864536 828.221394 1303587110
2463.150127 826.776951 1303587113
2436.669980 825.665841 1303587116
2411.100089 825.110286 1303587119
2383.461436 825.888063 1303587122
2355.657282 826.443618 1303587125
2326.529121 825.888063 1303587128
2287.801907 825.221397 1303587132
2258.342744 824.554731 1303587135
2228.552579 824.221398 1303587138
2198.845164 823.665843 1303587141
2170.875510 823.221399 1303587144
2143.319607 823.554732 1303587147
2115.184452 822.999177 1303587150
2086.718294 822.443622 1303587153
2057.176381 821.443623 1303587156
2027.882719 819.665847 1303587159
1999.416561 819.221403 1303587162
1972.688163 819.665847 1303587165
1948.442279 819.665847 1303587168
1928.168417 818.221404 1303587171
1905.163790 817.665849 1303587178
1879.511148 816.776961 1303587182
1856.341020 815.999184 1303587185
1833.915646 815.221407 1303587188
1813.641783 813.443631 1303587191
1793.202420 814.776963 1303587194
1769.039287 815.554740 1303587198
1748.599924 816.110295 1303587222
1724.850542 816.443628 1303587226
1700.852909 815.999184 1303587229
1674.041761 814.665852 1303587232
1645.327352 813.221409 1303587235
1615.371687 812.332521 1303587238
1585.829773 811.110300 1303587241
1558.687623 809.888079 1303587244
1536.593251 811.443633 1303587247
1515.409134 812.221410 1303587260
1494.804270 811.110300 1303587264
1472.296145 809.110302 1303587267
1447.140006 806.332527 1303587270
1419.832355 804.554751 1303587273
1391.200696 803.332530 1303587276
1364.306798 803.554752 1303587279
1340.309165 803.443641 1303587282
1320.035303 804.443640 1303587286
1297.196176 803.776974 1303587294
1275.184555 804.665862 1303587298
1249.862915 803.554752 1303587301
1220.652003 802.999197 1303587304
1192.516847 801.999198 1303587307
1165.871200 800.776977 1303587310
1143.776828 796.221426 1303587313
1121.930707 796.665870 1303587319
1097.188320 797.443647 1303587324
1076.004203 797.665869 1303587327
1053.330577 797.999202 1303587330
1030.160449 797.999202 1303587333
1008.479829 797.888091 1303587336
988.288717 797.443647 1303587339
963.380830 796.776981 1303587343
939.962450 798.221424 1303587359
916.378570 798.110313 1303587363
893.373942 797.554758 1303587366
867.555800 795.999204 1303587369
839.834396 794.776983 1303587372
810.540734 794.110317 1303587375
790.266872 793.999206 1303587377
769.579257 793.665873 1303587379
748.891643 793.221429 1303587381
728.369529 792.776985 1303587383
707.764666 792.554763 1303587385
687.490803 790.888098 1303587387
657.948890 790.221432 1303587390
630.723989 789.776988 1303587393
604.740346 789.999210 1303587396
580.577212 790.554765 1303587399
557.986337 790.999209 1303587403
536.471218 791.443653 1303587415
515.783603 791.999208 1303587418
490.048211 791.443653 1303587421
461.085551 789.443655 1303587424
440.811689 788.554767 1303587426
411.104274 787.554768 1303587429
383.382871 787.110324 1303587432
357.895730 786.999213 1303587435
335.304855 788.443656 1303587438
314.699991 789.665877 1303587450
290.702358 787.110324 1303587458
265.546219 785.332548 1303587462
242.210590 784.776993 1303587465
220.198968 784.443660 1303587468
197.856345 783.665883 1303587473
177.085980 784.443660 1303587478
151.929841 784.665882 1303587482
129.173465 784.888104 1303587486
108.403100 784.999215 1303587493
90.860003 796.665870 1303587521
