90.694502 815.665851 1303587551
90.529001 839.776938 1303587555
89.784247 864.554691 1303587558
89.287744 892.110219 1303587561
88.460239 918.776859 1303587564
87.384483 943.776834 1303587567
85.563973 964.999035 1303587570
85.977726 992.110119 1303587574
89.204994 1012.665654 1303587577
88.046487 1039.110072 1303587581
87.218983 1063.554492 1303587584
86.391478 1090.998909 1303587587
85.315722 1119.665547 1303587590
84.653718 1148.665518 1303587593
84.488217 1176.109935 1303587596
83.908964 1201.665465 1303587599
83.412461 1225.776552 1303587602
82.998709 1247.554308 1303587605
82.502206 1271.665395 1303587609
80.764447 1291.665375 1303587622
80.433445 1314.776463 1303587628
102.858819 1321.665345 1303587633
129.338966 1324.887564 1303587637
154.991607 1326.554229 1303587640
182.547510 1329.665337 1303587643
210.268913 1331.998668 1303587646
236.335307 1334.220888 1303587649
259.505436 1333.665333 1303587653
291.529863 1329.443115 1303587668
315.444745 1328.554227 1303587671
342.669646 1328.443116 1303587674
371.135803 1328.443116 1303587677
399.519210 1329.109782 1303587680
426.578610 1329.443115 1303587683
451.155496 1329.998670 1303587686
472.670615 1332.554223 1303587691
496.916499 1332.776445 1303587696
519.755625 1331.332002 1303587699
546.732275 1331.443113 1303587702
576.522439 1331.554224 1303587705
597.292804 1331.998668 1303587707
618.311421 1332.665334 1303587709
639.247286 1333.109778 1303587711
660.017651 1333.998666 1303587713
680.539765 1334.665332 1303587715
710.247179 1336.109775 1303587718
738.382335 1336.554219 1303587721
765.276234 1336.998663 1303587724
791.508129 1337.443107 1303587727
817.160771 1338.443106 1303587730
841.241154 1338.109773 1303587733
862.342521 1337.331996 1303587737
880.133869 1320.665346 1303587746
881.457876 1299.332034 1303587749
882.699133 1276.887612 1303587752
883.609388 1256.554299 1303587755
884.436893 1234.665432 1303587759
885.512649 1211.332122 1303587769
887.084908 1190.887698 1303587772
888.160663 1165.554390 1303587775
889.650172 1137.443307 1303587778
892.711939 1109.554446 1303587781
893.787695 1083.221139 1303587784
898.090718 1059.554496 1303587788
922.502103 1053.221169 1303587792
945.920483 1053.665613 1303587795
968.594108 1054.221168 1303587798
993.088244 1056.221166 1303587801
1020.230394 1058.998941 1303587804
1046.627790 1059.665607 1303587807
1070.956425 1062.776715 1303587810
1094.126553 1064.554491 1303587814
1116.220925 1064.776713 1303587820
1138.894551 1066.443378 1303587832
1163.223185 1067.776710 1303587837
1187.469069 1068.554487 1303587840
1215.521475 1069.554486 1303587843
1245.725392 1068.443376 1303587846
1266.661257 1067.887821 1303587848
1288.093626 1070.110041 1303587850
1309.443244 1070.665596 1303587852
1330.461860 1071.221151 1303587854
1350.818473 1072.554483 1303587856
1378.705377 1074.665592 1303587859
1401.379003 1074.110037 1303587862
1423.225124 1071.665595 1303587879
1443.416235 1080.887808 1303587887
1464.269351 1082.776695 1303587893
1476.268167 1053.110058 1303587898
1480.240189 1028.665638 1303587901
1483.632958 999.110112 1303587904
1485.784470 978.443466 1303587906
1487.935982 957.443487 1303587908
1489.508240 936.554619 1303587910
1490.583996 915.665751 1303587912
1491.246000 895.332438 1303587914
1492.652758 866.554689 1303587917
1494.473268 841.110270 1303587920
1497.121282 821.221401 1303587933
1512.016365 807.888081 1303587938
1532.290227 807.443637 1303587941
1556.370610 807.888081 1303587944
1582.354254 808.221414 1303587947
1608.586149 808.665858 1303587950
1633.411286 809.888079 1303587953
1656.415914 810.110301 1303587956
1681.075550 810.554745 1303587960
