2980.919741 818.665848 1301839356
2968.341671 838.999161 1301839364
2943.516534 839.999160 1301839368
2919.684402 837.665829 1301839371
2890.473491 835.888053 1301839374
2869.206623 834.888054 1301839376
2847.526003 833.888055 1301839378
2825.514381 833.110278 1301839380
2803.999262 832.443612 1301839382
2783.063396 831.888057 1301839384
2755.176492 829.999170 1301839387
2733.330371 829.332504 1301839393
2706.353722 830.332503 1301839398
2679.211572 830.221392 1301839401
2650.248912 828.999171 1301839404
2623.768765 827.443617 1301839407
2598.943628 826.443618 1301839410
2577.842261 826.110285 1301839413
2553.596377 825.221397 1301839417
2532.908763 819.221403 1301839431
2511.559144 817.888071 1301839435
2485.327249 816.221406 1301839438
2464.639635 814.443630 1301839440
2441.717758 812.110299 1301839442
2409.610580 809.332524 1301839445
2388.426463 808.554747 1301839447
2367.076845 808.554747 1301839449
2345.065223 808.110303 1301839451
2322.805350 807.888081 1301839453
2300.545477 807.221415 1301839455
2278.285604 806.554749 1301839457
2257.018736 805.443639 1301839459
2236.910375 804.888084 1301839461
2208.609718 804.332529 1301839464
2182.957077 803.776974 1301839467
2161.441958 804.888084 1301839470
2140.423341 806.554749 1301839473
2117.087712 806.776971 1301839476
2091.269569 806.554749 1301839479
2061.396654 806.443638 1301839482
2039.798785 806.221416 1301839484
2018.035414 805.999194 1301839486
1997.182299 806.221416 1301839488
1976.660185 806.443638 1301839490
1950.262789 806.110305 1301839493
1928.995922 804.443640 1301839498
1905.412041 803.888085 1301839503
1876.118379 802.110309 1301839506
1852.782750 801.332532 1301839508
1827.461110 800.665866 1301839510
1801.560217 799.888089 1301839512
1775.907575 798.999201 1301839514
1750.668685 797.665869 1301839516
1725.181544 796.776981 1301839518
1699.032399 796.554759 1301839520
1672.469502 795.443649 1301839522
1645.575604 794.999205 1301839524
1619.922962 794.665872 1301839526
1594.932324 794.888094 1301839528
1570.769190 794.888094 1301839530
1550.164326 795.665871 1301839532
1530.055965 796.332537 1301839535
1507.878842 797.888091 1301839542
1487.191227 798.999201 1301839545
1459.221573 797.776980 1301839548
1438.616709 797.110314 1301839550
1417.680843 796.776981 1301839552
1388.138929 795.221427 1301839555
1359.921023 793.665873 1301839558
1336.006141 793.110318 1301839561
1315.649528 793.888095 1301839567
1292.893153 793.999206 1301839571
1265.502751 797.221425 1301839574
1242.829126 796.999203 1301839576
1220.486502 795.999204 1301839578
1199.136884 794.443650 1301839580
1179.028523 791.999208 1301839582
1156.106646 790.888098 1301839585
1133.764022 789.443655 1301839591
1110.842145 786.776991 1301839595
1084.361999 784.888104 1301839598
1054.902836 782.888106 1301839601
1027.760686 782.554773 1301839604
1002.273545 780.776997 1301839607
980.344673 779.332554 1301839610
956.595292 777.554778 1301839614
934.831922 778.332555 1301839632
911.661794 778.776999 1301839636
883.443887 778.665888 1301839639
862.425271 779.443665 1301839641
838.344888 779.888109 1301839643
813.933503 780.110331 1301839645
789.935870 779.443665 1301839647
765.772736 778.665888 1301839649
741.857854 777.554778 1301839651
717.280968 775.888113 1301839653
692.621332 773.999226 1301839655
667.796194 772.110339 1301839657
644.295064 771.221451 1301839659
621.786940 771.332562 1301839661
600.437322 772.554783 1301839663
577.846447 774.554781 1301839666
556.827830 777.554778 1301839693
531.671691 777.554778 1301839697
504.364040 777.554778 1301839700
483.014422 777.443667 1301839702
459.927044 776.888112 1301839704
437.418920 776.221446 1301839706
415.821050 775.665891 1301839708
395.464438 775.332558 1301839710
367.163781 775.332558 1301839713
342.917897 774.665892 1301839716
319.665018 773.999226 1301839720
297.322395 773.665893 1301839727
272.331757 774.999225 1301839731
249.658131 776.221446 1301839734
223.591737 776.221446 1301839738
200.587110 773.443671 1301839745
177.996235 772.554783 1301839749
157.639622 772.110339 1301839752
136.290004 772.443672 1301839755
113.947380 772.665894 1301839759
102.031314 790.443654 1301839765
96.900786 812.999187 1301839786
95.825030 840.221382 1301839790
93.839019 866.443578 1301839793
93.011515 895.554660 1301839796
92.515012 922.776855 1301839799
89.122243 946.332387 1301839802
87.218983 971.776806 1301839805
85.315722 1000.998999 1301839808
84.736469 1022.110089 1301839810
83.329711 1044.443400 1301839812
82.419456 1068.221154 1301839814
81.343700 1091.110020 1301839816
80.267944 1113.776664 1301839818
79.854192 1137.109974 1301839820
79.192188 1160.776617 1301839822
78.778436 1183.998816 1301839824
78.281933 1206.109905 1301839826
78.199183 1226.665440 1301839828
78.281933 1254.776523 1301839831
76.709674 1279.998720 1301839834
77.950931 1302.220920 1301839839
98.142043 1315.109796 1301839847
118.250404 1316.998683 1301839850
143.241042 1318.220904 1301839853
168.810934 1318.665348 1301839856
191.401809 1318.443126 1301839859
216.475198 1318.998681 1301839863
236.418058 1322.776455 1301839867
256.195417 1327.443117 1301839873
279.448296 1328.998671 1301839883
304.769936 1330.887558 1301839886
326.036804 1332.665334 1301839888
348.875930 1333.109778 1301839890
372.542561 1332.998667 1301839892
395.050686 1333.554222 1301839894
416.234803 1334.109777 1301839896
443.045951 1334.554221 1301839899
464.726571 1333.887555 1301839903
487.648448 1337.554218 1301839909
510.156572 1338.998661 1301839912
537.960726 1339.220883 1301839915
567.750891 1340.665326 1301839918
589.597012 1342.331991 1301839920
612.270637 1343.776434 1301839922
635.192514 1344.220878 1301839924
658.279892 1344.109767 1301839926
681.284519 1344.554211 1301839928
704.040895 1346.554209 1301839930
727.045522 1347.776430 1301839932
750.050149 1348.331985 1301839934
772.061771 1349.109762 1301839936
792.583885 1349.776428 1301839938
820.884541 1349.554206 1301839941
843.889169 1348.776429 1301839944
864.825034 1346.220876 1301839951
876.410098 1325.998674 1301839957
878.230609 1300.554255 1301839960
879.471865 1279.332054 1301839962
880.382120 1255.776522 1301839964
881.209625 1230.554325 1301839966
882.285381 1205.554350 1301839968
883.774889 1181.443263 1301839970
885.181647 1157.221065 1301839972
887.250408 1133.221089 1301839974
889.484671 1110.443334 1301839976
890.891429 1090.110021 1301839978
893.787695 1069.332264 1301839981
916.213069 1059.110052 1301839986
937.066184 1059.998940 1301839989
961.146567 1060.221162 1301839992
981.999683 1063.110048 1301839995
1002.935548 1061.998938 1301840011
1027.346933 1065.776712 1301840016
1047.786297 1065.110046 1301840020
1070.377172 1069.665597 1301840036
1094.705806 1066.110045 1301840042
1122.427210 1065.887823 1301840046
1151.886372 1067.110044 1301840049
1174.063495 1066.998933 1301840051
1197.233623 1066.554489 1301840053
1220.569252 1065.665601 1301840055
1244.318634 1064.887824 1301840057
1268.481768 1063.554492 1301840059
1292.562151 1062.110049 1301840061
1315.897780 1060.998939 1301840063
1338.571405 1060.554495 1301840065
1361.658783 1060.332273 1301840067
1384.663410 1059.554496 1301840069
1406.923283 1058.887830 1301840071
1427.362646 1058.221164 1301840073
1456.904560 1057.998942 1301840076
1482.474451 1053.221169 1301840079
1502.996565 1046.998953 1301840087
1504.982576 1020.776757 1301840092
1506.803086 995.110116 1301840095
1508.706346 964.999035 1301840098
1509.202849 943.443501 1301840100
1509.533851 921.554634 1301840102
1510.113104 899.665767 1301840104
1510.609607 878.554677 1301840106
1511.602613 858.554697 1301840108
1513.009370 831.888057 1301840111
1513.588623 810.554745 1301840115
1532.207476 795.999204 1301840124
1559.184126 795.443649 1301840128
1587.484782 796.221426 1301840131
1616.943945 796.665870 1301840134
1645.575604 796.110315 1301840137
1673.379757 794.888094 1301840140
1694.067372 792.776985 1301840143
