3054.981401 205.888683 1303646452
3035.948796 195.555360 1303646470
3024.942985 174.333159 1303646475
3003.758867 172.888716 1303646481
2994.987319 191.222031 1303646486
2994.904568 215.999784 1303646490
2994.656317 239.555316 1303646493
2993.994313 263.110848 1303646496
2994.490816 287.555268 1303646500
2994.821818 308.999691 1303646506
2994.408066 334.332999 1303646510
2993.911563 358.555197 1303646513
2993.084058 385.999614 1303646516
2992.587556 415.555140 1303646519
2992.173803 445.221777 1303646522
2991.760051 473.999526 1303646525
2991.925552 501.443943 1303646528
2992.173803 526.999473 1303646531
2992.504805 549.110562 1303646535
2992.587556 571.110540 1303646550
2992.422055 591.666075 1303646553
2992.008302 617.221605 1303646556
2991.429049 645.888243 1303646559
2990.932546 666.332667 1303646561
2990.270543 687.443757 1303646563
2989.608539 709.110402 1303646565
2988.781035 730.888158 1303646567
2988.450033 752.665914 1303646569
2988.201781 772.999227 1303646571
2986.215770 800.221422 1303646574
2984.560761 820.776957 1303646578
3002.765862 834.332499 1303646586
3023.867229 833.665833 1303646589
3049.602621 833.110278 1303646592
3078.399780 833.776944 1303646595
3108.603697 834.776943 1303646598
3129.539563 834.999165 1303646600
3150.723680 835.332498 1303646602
3172.238799 835.999164 1303646604
3193.091915 836.332497 1303646606
3222.302826 837.332496 1303646609
3249.362226 838.110273 1303646612
3273.856362 838.110273 1303646615
3294.378475 838.888050 1303646618
3314.652337 835.443609 1303646624
3318.293357 812.332521 1303646628
3318.458858 788.999211 1303646631
3318.872611 761.110350 1303646634
3319.120862 741.110370 1303646636
3319.451864 720.443724 1303646638
3319.369113 699.554856 1303646640
3318.541609 678.443766 1303646642
3318.376108 657.777120 1303646644
3317.962356 628.888260 1303646647
3317.796855 603.777174 1303646650
3305.301536 583.221639 1303646654
3283.703666 580.666086 1303646657
3258.299276 580.332753 1303646660
3231.157125 580.110531 1303646663
3204.759729 580.777197 1303646666
3180.431095 581.332752 1303646669
3158.419473 580.999419 1303646672
3132.187578 581.110530 1303646675
3102.728415 581.221641 1303646678
3082.040800 581.221641 1303646680
3061.601437 581.221641 1303646682
3032.473276 581.666085 1303646685
3006.075880 581.221641 1303646688
2986.629523 591.777186 1303646692
2986.546772 619.221603 1303646696
2986.629523 644.777133 1303646699
2986.381271 671.999328 1303646702
2986.050269 699.110412 1303646705
2985.719268 726.888162 1303646708
2985.388266 754.221468 1303646711
2985.057264 782.332551 1303646714
2982.243748 808.221414 1303646717
2977.857974 828.443616 1303646720
2958.742618 841.665825 1303646724
2937.558501 840.776937 1303646727
2913.560868 839.443605 1303646730
2887.163472 838.554717 1303646733
2858.945566 837.332496 1303646736
2830.313908 835.665831 1303646739
2802.261503 834.888054 1303646742
2775.946857 834.776943 1303646745
2752.362977 834.665832 1303646748
2731.840863 835.332498 1303646753
2707.512229 835.221387 1303646758
2685.831609 834.888054 1303646761
2660.178967 833.332500 1303646764
2633.036817 832.665834 1303646767
2604.901661 832.332501 1303646770
2575.773500 831.999168 1303646773
2547.059091 831.443613 1303646776
2517.930930 831.999168 1303646779
2497.905319 831.221391 1303646781
2477.465956 829.554726 1303646783
2456.530090 827.665839 1303646785
2434.932221 826.888062 1303646787
2413.168850 826.554729 1303646789
2390.991727 826.999173 1303646791
2369.311108 827.221395 1303646793
2347.961489 827.221395 1303646795
2326.363620 827.776950 1303646797
2305.676005 827.332506 1303646799
2285.402143 826.665840 1303646801
2265.293782 826.110285 1303646803
2245.019920 825.999174 1303646805
2214.981504 825.554730 1303646808
2185.687842 825.332508 1303646811
2157.387185 825.332508 1303646814
2128.838277 825.443619 1303646817
2100.289369 825.554730 1303646820
2071.409459 824.221398 1303646823
2041.784796 822.888066 1303646826
2011.911880 822.110289 1303646829
1982.783719 821.776956 1303646832
1955.807070 821.221401 1303646835
1932.885193 820.999179 1303646838
1912.032078 820.776957 1303646844
1891.509964 820.776957 1303646848
1864.947067 821.221401 1303646852
1840.535682 820.776957 1303646856
