2515.200165 1354.776423 1303648121
2537.129036 1365.109746 1303648137
2557.402898 1364.443080 1303648140
2580.821278 1364.443080 1303648143
2605.977417 1364.776413 1303648146
2631.712809 1365.443079 1303648149
2657.696453 1365.998634 1303648152
2683.431845 1366.887522 1303648155
2709.498240 1367.443077 1303648158
2735.730135 1368.109743 1303648161
2761.382777 1368.776409 1303648164
2786.787167 1369.220853 1303648167
2811.115802 1370.554185 1303648170
2835.858189 1371.443073 1303648173
2859.111067 1371.998628 1303648176
2879.881432 1372.998627 1303648179
2900.238045 1374.109737 1303648182
2922.497918 1374.776403 1303648185
2946.992053 1375.331958 1303648188
2973.554950 1375.998624 1303648191
3000.366099 1377.443067 1303648194
3027.590999 1378.443066 1303648197
3054.650399 1379.665287 1303648200
3081.709799 1380.554175 1303648203
3109.100200 1381.109730 1303648206
3136.656103 1381.887507 1303648209
3164.708508 1382.776395 1303648212
3192.098909 1383.554172 1303648215
3217.172298 1382.331951 1303648218
3240.673428 1380.220842 1303648221
3261.609294 1377.887511 1303648224
3284.779422 1374.554181 1303648228
3304.391281 1360.665306 1303648232
3306.211791 1339.665327 1303648235
3306.377292 1315.554240 1303648238
3307.039295 1287.887601 1303648241
3307.618548 1267.776510 1303648243
3308.115051 1247.220975 1303648245
3308.446053 1227.220995 1303648247
3309.190807 1195.776582 1303648250
3310.349314 1174.776603 1303648252
3310.514814 1154.443290 1303648254
3310.432064 1134.221088 1303648256
3310.432064 1113.443331 1303648258
3311.011317 1091.776686 1303648260
3311.590570 1070.332263 1303648262
3311.921572 1048.776729 1303648264
3312.169824 1026.887862 1303648266
3312.500825 1005.443439 1303648268
3312.997328 984.554571 1303648270
3314.073084 955.332378 1303648273
3315.066090 927.443517 1303648276
3315.562592 902.776875 1303648279
3316.059095 881.110230 1303648283
3316.555598 860.776917 1303648296
3316.721099 840.332493 1303648299
3317.134851 814.221408 1303648302
3317.714104 784.888104 1303648305
3318.127857 764.443680 1303648307
3318.458858 743.888145 1303648309
3318.707110 723.777054 1303648311
3318.707110 695.221527 1303648314
3317.548603 668.221554 1303648317
3317.052101 643.554912 1303648320
3316.886600 619.666047 1303648324
3319.865616 598.666068 1303648342
3303.563776 584.221638 1303648347
3282.296908 582.554973 1303648350
3257.554521 581.999418 1303648353
3231.570878 581.443863 1303648356
3204.925230 581.110530 1303648359
3179.603590 580.666086 1303648362
3157.095466 580.110531 1303648365
3136.242350 579.443865 1303648369
3115.720237 579.221643 1303648382
3088.164334 579.221643 1303648386
3064.414953 579.221643 1303648389
3040.996573 579.221643 1303648392
3019.729706 579.221643 1303648395
2996.476827 580.443864 1303648399
2988.284532 600.332733 1303648403
2988.863785 627.221595 1303648407
2987.953530 649.777128 1303648410
2987.043275 672.332661 1303648413
2986.298521 695.999304 1303648416
2985.884769 720.777057 1303648419
2985.719268 746.332587 1303648422
2984.891763 771.554784 1303648425
2983.650506 795.554760 1303648428
2980.754240 816.443628 1303648431
2972.727446 836.665830 1303648435
2949.226316 843.332490 1303648439
2926.552690 842.332491 1303648442
2901.313801 841.443603 1303648445
2874.502652 840.554715 1303648448
2847.360502 840.888048 1303648451
2820.052851 842.554713 1303648454
2794.151958 841.665825 1303648457
2770.319826 840.999159 1303648460
2749.714962 840.332493 1303648463
2728.448094 839.665827 1303648469
2707.181227 838.888050 1303648473
2685.831609 838.221384 1303648476
2662.330479 836.999163 1303648479
2637.753593 835.888053 1303648482
2613.755960 835.221387 1303648485
2590.751333 834.221388 1303648488
2568.656960 833.554722 1303648491
2543.666322 833.999166 1303648495
2522.564955 834.332499 1303648512
2501.463589 833.665833 1303648516
2479.038215 831.776946 1303648519
2453.716574 830.221392 1303648522
2426.739925 829.665837 1303648525
2399.432274 829.999170 1303648528
2372.290124 830.443614 1303648531
2345.396225 829.999170 1303648534
2318.171325 829.554726 1303648537
2291.691178 828.665838 1303648540
2265.128281 827.999172 1303648543
2237.986131 827.554728 1303648546
2211.257733 826.999173 1303648549
2185.687842 826.554729 1303648552
2160.614453 826.332507 1303648555
2135.706565 826.554729 1303648558
2110.053923 826.554729 1303648561
2083.491026 825.665841 1303648564
2056.514377 824.332509 1303648567
2029.123976 823.443621 1303648570
2001.568073 822.665844 1303648573
1975.501679 822.443622 1303648576
1951.586797 821.888067 1303648579
1927.506413 820.888068 1303648583
1903.426030 819.776958 1303648590
1876.366630 819.665847 1303648594
1852.120746 819.332514 1303648597
1827.543860 818.776959 1303648600
1803.380727 818.443626 1303648603
1778.307338 818.110293 1303648606
1752.406445 817.888071 1303648609
1724.767792 818.221404 1303648612
1697.294640 817.776960 1303648615
1669.655987 816.554739 1303648618
1641.934584 815.110296 1303648621
1614.295931 814.332519 1303648624
1587.071030 813.443631 1303648627
1561.666639 813.221409 1303648630
1539.158515 813.665853 1303648633
1517.395145 814.221408 1303648638
1493.563013 814.554741 1303648644
1472.792648 813.776964 1303648647
1449.622520 812.888076 1303648650
1424.797382 812.221410 1303648653
1399.227491 810.776967 1303648656
1373.492098 810.221412 1303648659
1350.073719 809.665857 1303648662
1329.717106 809.221413 1303648665
1304.560967 804.332529 1303648671
1280.811586 803.554752 1303648676
1259.710219 804.221418 1303648679
1235.547085 804.332529 1303648682
1210.556447 804.443640 1303648685
1185.483058 804.443640 1303648688
1161.733677 803.888085 1303648691
1140.549560 804.332529 1303648694
1118.124186 803.999196 1303648700
1092.637045 803.110308 1303648705
1066.239649 802.443642 1303648709
1044.641779 802.110309 1303648712
1023.043910 801.888087 1303648715
1001.611541 801.888087 1303648718
980.013672 801.888087 1303648721
954.443780 801.665865 1303648725
933.673415 800.665866 1303648729
