922.915856 800.443644 1303648759
901.731739 800.776977 1303648784
879.058113 799.999200 1303648787
851.667712 798.999201 1303648790
821.463795 798.110313 1303648793
800.362428 797.999202 1303648795
778.847309 797.999202 1303648797
757.414940 797.554758 1303648799
736.230823 796.999203 1303648801
715.212207 796.443648 1303648803
694.276341 795.999204 1303648805
673.671477 795.443649 1303648807
653.397615 795.110316 1303648809
633.372004 794.888094 1303648811
605.236848 794.776983 1303648814
579.253205 795.221427 1303648817
557.655335 795.776982 1303648820
534.154205 796.332537 1303648839
510.818576 796.665870 1303648843
487.151945 796.110315 1303648846
460.258046 794.554761 1303648849
432.122891 793.110318 1303648852
403.822234 792.110319 1303648855
375.852579 791.554764 1303648858
349.124181 791.332542 1303648861
325.043798 790.776987 1303648864
304.107932 790.443654 1303648868
283.751320 789.665877 1303648874
257.271173 788.999211 1303648878
233.935544 788.332545 1303648881
211.758421 788.110323 1303648884
190.408803 787.332546 1303648890
168.397182 786.888102 1303648894
147.047563 786.665880 1303648897
125.449694 787.110324 1303648900
102.031314 787.776990 1303648904
91.439256 807.332526 1303648910
90.860003 828.999171 1303648924
89.618746 855.554700 1303648928
88.791241 879.332454 1303648931
87.963737 904.776873 1303648934
87.549984 929.665737 1303648937
87.136232 953.554602 1303648940
86.391478 978.554577 1303648943
85.812225 1004.776773 1303648946
85.315722 1032.443412 1303648949
84.653718 1060.776717 1303648952
83.826214 1089.665577 1303648955
82.667707 1118.998881 1303648958
82.088454 1138.998861 1303648960
81.012698 1168.332165 1303648963
80.681696 1197.221025 1303648966
80.185194 1224.776553 1303648969
80.019693 1250.109861 1303648972
79.274939 1273.109838 1303648975
78.612935 1297.220925 1303648979
80.019693 1321.220901 1303648995
99.548801 1328.109783 1303648999
124.373938 1327.665339 1303649003
147.130314 1328.109783 1303649006
172.534704 1327.776450 1303649009
199.263102 1327.998672 1303649012
226.819005 1328.887560 1303649015
252.471647 1329.109782 1303649018
274.317768 1328.554227 1303649024
297.653397 1329.554226 1303649028
321.651029 1330.665336 1303649031
348.296677 1331.998668 1303649034
377.424838 1332.998667 1303649037
397.533199 1333.220889 1303649039
426.082107 1333.332000 1303649042
451.403747 1333.332000 1303649045
471.760360 1334.220888 1303649050
494.102983 1334.665332 1303649055
515.949104 1335.887553 1303649058
540.856992 1337.554218 1303649061
566.840636 1339.220883 1303649064
593.734535 1340.443104 1303649067
621.952441 1341.331992 1303649070
651.659855 1342.109769 1303649073
672.430220 1342.776435 1303649075
693.200585 1342.998657 1303649077
713.557198 1343.331990 1303649079
742.933610 1343.998656 1303649082
771.482518 1344.443100 1303649085
797.879914 1344.331989 1303649088
822.125798 1344.220878 1303649091
843.309915 1342.776435 1303649094
865.073286 1340.109771 1303649100
878.727111 1320.220902 1303649105
880.961374 1298.332035 1303649108
882.037130 1273.998726 1303649111
883.112886 1247.554308 1303649114
884.105891 1220.554335 1303649117
885.098897 1193.443251 1303649120
886.009152 1165.887723 1303649123
887.912412 1138.443306 1303649126
890.146674 1112.109999 1303649129
891.470682 1088.110023 1303649132
894.863451 1065.443379 1303649136
913.896056 1057.221165 1303649140
934.087168 1057.887831 1303649143
955.685037 1059.665607 1303649146
978.855165 1060.332273 1303649149
1003.349301 1061.332272 1303649152
1028.588190 1062.332271 1303649155
1052.834075 1062.332271 1303649158
1075.176698 1061.998938 1303649161
1095.698812 1062.221160 1303649165
1117.462182 1062.443382 1303649171
1142.452820 1064.332269 1303649175
1165.622948 1064.554491 1303649178
1189.289579 1064.554491 1303649181
1213.121711 1065.554490 1303649184
1235.712586 1066.554489 1303649187
1260.951476 1066.887822 1303649191
1285.611112 1065.332268 1303649197
1311.512006 1065.332268 1303649201
1335.426888 1065.665601 1303649204
1359.755522 1066.776711 1303649207
1384.084157 1068.221154 1303649210
1407.999039 1069.221153 1303649213
1431.500169 1069.776708 1303649216
1454.091044 1075.332258 1303649221
1475.688914 1072.665594 1303649226
1488.349734 1054.665612 1303649230
1490.252994 1027.221195 1303649234
1492.404506 1002.110109 1303649237
1494.887020 975.999024 1303649240
1496.459279 949.332384 1303649243
1497.369534 921.999078 1303649246
1498.362539 895.332438 1303649249
1499.521046 870.332463 1303649252
1500.431301 848.776929 1303649255
1501.424306 825.776952 1303649259
1511.271611 805.888083 1303649266
1534.193487 804.110307 1303649270
1556.370610 805.776972 1303649273
1580.864746 805.554750 1303649276
1607.096641 805.665861 1303649279
1631.921778 806.110305 1303649282
1654.760904 806.332527 1303649285
1674.869266 806.665860 1303649288
1695.639631 807.221415 1303649292
1721.209522 809.554746 1303649296
1745.372656 810.999189 1303649299
1771.190799 812.554743 1303649302
1797.422694 813.888075 1303649305
1822.992585 814.554741 1303649308
1848.314225 815.221407 1303649311
1871.484353 815.999184 1303649314
1892.337469 816.332517 1303649318
1916.914355 817.665849 1303649324
1941.408490 819.554736 1303649328
1964.826870 820.443624 1303649331
1991.720769 821.221401 1303649334
2018.531917 821.888067 1303649337
2046.501572 821.999178 1303649340
2073.891973 822.221400 1303649343
2101.530626 822.332511 1303649346
2128.672776 823.776954 1303649349
2156.973433 825.665841 1303649352
2186.515346 827.221395 1303649355
2207.120210 828.110283 1303649357
2228.056076 828.665838 1303649359
2248.991942 828.888060 1303649361
2269.762307 829.665837 1303649363
2290.615422 830.888058 1303649365
2311.882290 832.221390 1303649367
2332.735405 832.776945 1303649369
2353.588521 832.999167 1303649371
2374.358885 833.110278 1303649373
2403.818048 833.554722 1303649376
2432.035955 834.110277 1303649379
2459.426356 835.332498 1303649382
2482.679235 836.443608 1303649385
