886.671155 1223.220999 1303650847
886.836656 1202.998797 1303650874
887.333159 1181.776596 1303650877
887.912412 1155.109956 1303650880
890.394926 1125.554430 1303650883
891.967185 1096.665570 1303650886
892.794689 1073.110038 1303650889
906.117513 1056.443388 1303650893
933.342413 1055.554500 1303650897
957.091795 1056.554499 1303650900
978.524163 1056.221166 1303650903
999.377279 1059.110052 1303650917
1025.278172 1061.110050 1303650922
1046.958792 1062.443382 1303650925
1069.384166 1062.998937 1303650928
1092.388793 1063.887825 1303650932
1116.386426 1064.998935 1303650938
1136.494787 1066.443378 1303650941
1160.906172 1067.887821 1303650944
1187.386319 1068.998931 1303650947
1214.445719 1070.221152 1303650950
1241.174116 1071.110040 1303650953
1267.902514 1071.332262 1303650956
1296.534173 1070.665596 1303650959
1324.503827 1070.443374 1303650962
1351.480477 1070.998929 1303650965
1379.284630 1071.776706 1303650968
1407.419786 1071.776706 1303650971
1434.975689 1071.443373 1303650974
1459.635325 1071.776706 1303650977
1481.481446 1074.998925 1303650981
1496.955781 1059.776718 1303650988
1498.031537 1035.887853 1303650992
1499.272794 1013.776764 1303650995
1499.686547 989.887899 1303650998
1500.514051 965.110146 1303651001
1501.341556 940.999059 1303651004
1501.838058 916.776861 1303651007
1501.755308 891.554664 1303651010
1501.755308 866.999133 1303651013
1501.755308 844.554711 1303651016
1502.334561 822.999177 1303651021
1518.470901 808.554747 1303651027
1544.702796 809.888079 1303651031
1569.776184 811.443633 1303651034
1596.090830 812.776965 1303651037
1622.405475 813.665853 1303651040
1649.299374 812.888076 1303651043
1674.290013 812.332521 1303651046
1695.722381 810.665856 1303651051
1721.706025 811.110300 1303651064
1743.634896 812.221410 1303651067
1768.956536 813.888075 1303651070
1795.767685 815.110296 1303651073
1822.827084 815.443629 1303651076
1848.893478 815.776962 1303651079
1872.808361 816.110295 1303651082
1895.812988 816.554739 1303651086
1916.252351 818.332515 1303651092
1943.477252 820.221402 1303651096
1968.054138 820.888068 1303651099
1994.699785 821.776956 1303651102
2022.172937 822.776955 1303651105
2049.646089 823.443621 1303651108
2076.539988 823.999176 1303651111
2104.592393 824.554731 1303651114
2133.472303 825.999174 1303651117
2153.497914 826.776951 1303651119
2174.351029 827.443617 1303651121
2195.617897 827.999172 1303651123
2217.546768 828.443616 1303651125
2239.558390 828.665838 1303651127
2261.983764 828.999171 1303651129
2284.822890 829.443615 1303651131
2308.075769 828.999171 1303651133
2330.335642 829.221393 1303651135
2351.933511 828.888060 1303651137
2373.614131 828.665838 1303651139
2394.715498 828.554727 1303651141
2423.926410 828.888060 1303651144
2451.813314 829.554726 1303651147
2476.886703 830.443614 1303651150
2500.139581 830.999169 1303651154
2519.089436 839.554716 1303651180
2519.751440 860.110251 1303651184
2518.841185 882.443562 1303651187
2517.351677 907.554648 1303651190
2516.606922 935.221287 1303651193
2515.862168 963.332370 1303651196
2515.034664 992.221230 1303651199
2514.041658 1021.221201 1303651202
2513.876157 1049.221173 1303651205
2514.786412 1074.665592 1303651208
2515.862168 1097.998902 1303651211
2516.027669 1122.554433 1303651215
2515.779418 1142.776635 1303651221
2515.862168 1167.554388 1303651225
2516.689673 1189.887699 1303651228
2517.682678 1212.998787 1303651231
2519.089436 1237.109874 1303651234
2519.999691 1261.776516 1303651237
2519.834190 1287.665379 1303651240
2519.420438 1312.554243 1303651243
2519.337688 1334.220888 1303651246
2519.668689 1357.443087 1303651250
2543.997324 1364.998635 1303651255
2570.973973 1365.443079 1303651259
2594.475103 1365.665301 1303651262
2619.465741 1366.554189 1303651265
2644.208128 1367.109744 1303651268
2669.612519 1367.331966 1303651271
2695.513412 1367.443077 1303651274
2721.745307 1367.887521 1303651277
2747.397949 1368.665298 1303651280
2772.885090 1369.331964 1303651283
2797.461976 1369.998630 1303651286
2821.625110 1370.887518 1303651289
2845.953744 1371.776406 1303651292
2870.116878 1372.109739 1303651295
2893.121505 1372.665294 1303651298
2916.622635 1373.776404 1303651301
2941.199521 1374.887514 1303651304
2967.596917 1375.554180 1303651307
2994.739068 1375.887513 1303651310
3020.805462 1376.554179 1303651313
3047.037357 1377.776400 1303651316
3073.186502 1378.331955 1303651319
3099.666648 1379.331954 1303651322
3126.146795 1381.554174 1303651325
