1729.732819 818.999181 1303652239
1708.383201 818.443626 1303652248
1686.454330 817.776960 1303652251
1660.967189 816.332517 1303652254
1633.907789 814.665852 1303652257
1605.524382 813.443631 1303652260
1577.140975 812.888076 1303652263
1551.074581 812.999187 1303652266
1528.318205 812.443632 1303652269
1504.320572 812.776965 1303652276
1479.578185 811.776966 1303652280
1455.084050 810.332523 1303652283
1428.355652 808.999191 1303652286
1400.303247 809.999190 1303652289
1372.085341 810.776967 1303652292
1346.101697 810.332523 1303652295
1325.331332 809.999190 1303652298
1305.305721 809.332524 1303652304
1280.811586 807.888081 1303652308
1256.648452 808.776969 1303652311
1229.258051 808.332525 1303652314
1200.626392 808.110303 1303652317
1173.235991 808.221414 1303652320
1148.328103 808.110303 1303652323
1125.819978 807.110304 1303652327
1101.656845 805.888083 1303652333
1079.810724 804.776973 1303652336
1053.578829 803.888085 1303652339
1025.360923 803.110308 1303652342
996.315512 801.665865 1303652345
968.842360 801.554754 1303652348
947.409991 803.776974 1303652351
927.301630 803.888085 1303652367
904.793506 802.665864 1303652371
882.368131 800.888088 1303652374
857.377493 799.110312 1303652377
829.490589 797.999202 1303652380
800.279677 797.332536 1303652383
780.171316 795.999204 1303652385
759.897454 795.332538 1303652387
739.623592 794.332539 1303652389
710.495431 793.110318 1303652392
681.284519 792.110319 1303652395
651.908106 791.888097 1303652398
623.938452 792.332541 1303652401
597.541056 792.888096 1303652404
573.377922 793.999206 1303652407
550.869798 794.776983 1303652410
527.120416 794.665872 1303652413
493.854732 793.332540 1303652417
467.126334 792.221430 1303652420
438.080924 791.110320 1303652423
408.539010 790.110321 1303652426
370.308299 788.999211 1303652430
344.159154 788.332545 1303652433
321.154527 788.110323 1303652436
298.398151 787.776990 1303652442
272.000755 787.110324 1303652447
249.740882 786.554769 1303652450
226.736254 785.999214 1303652453
202.904123 783.776994 1303652457
180.727000 783.999216 1303652463
154.577855 783.776994 1303652467
133.145487 783.110328 1303652470
112.457872 781.665885 1303652473
91.853008 791.999208 1303652478
90.694502 813.221409 1303652494
90.197999 837.665829 1303652499
89.701496 858.554697 1303652502
89.039493 881.332452 1303652505
89.370494 904.221318 1303652508
89.287744 927.999072 1303652511
89.287744 951.999048 1303652514
88.956742 976.554579 1303652517
88.542990 1001.776776 1303652520
87.301733 1027.443417 1303652523
86.060476 1053.332280 1303652526
85.067471 1079.332254 1303652529
84.570968 1106.110005 1303652532
84.157216 1133.443311 1303652535
83.826214 1160.221062 1303652538
82.998709 1187.443257 1303652541
82.584957 1213.776564 1303652544
81.757452 1238.776539 1303652547
81.095449 1260.998739 1303652550
81.178199 1284.332049 1303652554
80.350695 1304.332029 1303652569
88.956742 1322.554233 1303652574
110.306360 1324.887564 1303652578
130.331971 1326.776451 1303652581
152.922846 1328.665338 1303652584
176.920479 1330.332003 1303652587
201.993867 1331.220891 1303652590
226.488003 1332.443112 1303652593
247.672120 1333.443111 1303652596
274.897021 1333.998666 1303652600
298.811903 1334.443110 1303652603
325.126549 1334.443110 1303652606
352.930702 1334.887554 1303652609
381.645111 1335.443109 1303652612
410.607772 1335.776442 1303652615
437.253419 1336.554219 1303652618
459.596043 1337.554218 1303652621
481.111162 1338.443106 1303652627
505.688048 1338.554217 1303652631
530.182183 1338.998661 1303652634
557.655335 1339.776438 1303652637
587.279999 1340.331993 1303652640
607.884863 1340.776437 1303652642
628.406976 1340.887548 1303652644
659.355648 1341.554214 1303652647
680.043262 1341.887547 1303652649
700.234374 1342.331991 1303652651
729.610786 1342.776435 1303652654
758.656197 1343.331990 1303652657
786.791353 1343.887545 1303652660
813.354250 1344.220878 1303652663
837.931136 1343.331990 1303652666
861.432266 1340.331993 1303652670
879.968368 1331.554224 1303652677
883.774889 1306.443138 1303652681
885.347148 1283.776494 1303652684
886.340153 1259.109852 1303652687
887.084908 1232.665434 1303652690
887.912412 1203.776574 1303652693
889.070919 1174.443270 1303652696
890.643177 1146.554409 1303652699
892.794689 1120.221102 1303652702
894.201447 1095.443349 1303652705
895.111702 1073.887815 1303652708
912.323797 1054.554501 1303652713
939.383197 1054.221168 1303652717
962.056822 1055.554500 1303652720
984.316695 1057.998942 1303652723
1007.652325 1059.110052 1303652726
1031.732708 1060.221162 1303652729
1055.399339 1061.443383 1303652732
1077.659212 1062.776715 1303652735
1099.257081 1065.776712 1303652740
1122.013457 1066.554489 1303652745
1142.618321 1067.998932 1303652748
1165.209196 1068.887820 1303652751
1188.544825 1069.998930 1303652754
1212.376957 1069.665597 1303652757
1235.133333 1070.110041 1303652760
1255.407195 1070.110041 1303652763
1276.839564 1072.221150 1303652767
1302.243954 1072.887816 1303652776
1329.551605 1073.554482 1303652780
1353.300987 1074.776703 1303652783
1378.126124 1076.221146 1303652786
1401.792755 1076.665590 1303652789
1424.466380 1076.443368 1303652792
1446.312501 1076.554479 1303652795
1471.965143 1075.665591 1303652799
1492.818259 1076.887812 1303652805
1498.114288 1052.776725 1303652810
1500.183049 1028.443416 1303652814
1501.424306 1007.110104 1303652817
1501.507057 985.554570 1303652820
1500.927803 964.221258 1303652823
1500.348550 942.554613 1303652826
1500.183049 920.887968 1303652829
1500.348550 898.999101 1303652832
1500.265800 878.221344 1303652835
1499.686547 851.888037 1303652839
1498.031537 830.110281 1303652843
1505.148077 811.110300 1303652850
1530.221466 808.888080 1303652855
1550.743579 811.665855 1303652858
1572.093197 813.776964 1303652861
1594.435821 814.221408 1303652864
1616.530193 814.443630 1303652867
1638.045312 814.443630 1303652870
1664.028956 813.332520 1303652874
1686.206078 812.776965 1303652878
