1729.484568 814.888074 1303653987
1706.148939 815.776962 1303654015
1683.061561 815.332518 1303654018
1656.912416 813.888075 1303654021
1630.266769 812.776965 1303654024
1603.290120 811.221411 1303654027
1576.644472 810.443634 1303654030
1552.233087 811.110300 1303654033
1525.587440 810.554745 1303654037
1501.176055 809.332524 1303654044
1475.192411 807.665859 1303654048
1451.856782 806.554749 1303654051
1426.369641 804.999195 1303654054
1399.641243 805.332528 1303654057
1372.250842 806.443638 1303654060
1347.094702 806.888082 1303654063
1325.993336 806.332527 1303654066
1305.305721 802.665864 1303654072
1284.783608 793.443651 1303654077
1260.951476 788.554767 1303654082
1234.554080 788.665878 1303654085
1207.908432 788.554767 1303654088
1182.586792 788.776989 1303654091
1159.333914 788.776989 1303654094
1137.487793 790.776987 1303654098
1114.317665 799.999200 1303654104
1094.126553 799.332534 1303654107
1070.542672 798.665868 1303654110
1045.800286 797.999202 1303654113
1020.478646 796.888092 1303654116
995.074255 795.776982 1303654119
971.738626 795.554760 1303654122
951.382013 796.110315 1303654125
929.701393 796.665870 1303654130
908.517276 797.221425 1303654143
887.250408 797.110314 1303654146
861.763267 795.665871 1303654149
834.207365 794.554761 1303654152
805.989459 793.999206 1303654155
778.102555 793.443651 1303654158
750.215650 793.221429 1303654161
722.825249 792.443652 1303654164
695.517598 791.443653 1303654167
668.458198 790.110321 1303654170
641.729800 789.443655 1303654173
616.490911 788.888100 1303654176
593.403533 790.110321 1303654179
573.295172 791.776986 1303654182
551.200799 792.554763 1303654186
529.685680 793.110318 1303654195
505.770798 793.554762 1303654199
483.593675 794.332539 1303654202
459.927044 793.665873 1303654205
435.184658 792.665874 1303654208
400.594966 790.776987 1303654212
374.280321 790.110321 1303654215
350.199937 790.554765 1303654218
329.926075 791.776986 1303654221
309.072960 792.999207 1303654236
288.716347 790.776987 1303654242
263.808459 788.443656 1303654246
241.631337 786.554769 1303654249
221.109223 785.999214 1303654252
200.918112 785.776992 1303654257
177.996235 785.443659 1303654262
154.660606 784.776993 1303654265
130.414721 785.554770 1303654268
109.727107 787.221435 1303654271
92.515012 800.776977 1303654277
92.846014 822.665844 1303654281
92.515012 845.776932 1303654284
91.522006 872.665794 1303654287
90.777252 892.665774 1303654289
90.115249 920.554635 1303654292
89.701496 945.443499 1303654295
89.122243 968.332365 1303654298
88.708491 994.665672 1303654301
87.963737 1023.332310 1303654304
87.218983 1043.443401 1303654306
86.639729 1063.887825 1303654308
86.143227 1084.554471 1303654310
85.646724 1104.554451 1303654312
84.901970 1133.887755 1303654315
84.736469 1154.332179 1303654317
84.488217 1183.776594 1303654320
83.991715 1212.776565 1303654323
83.246961 1240.665426 1303654326
82.502206 1265.998734 1303654329
83.329711 1288.109823 1303654332
83.577962 1308.776469 1303654347
97.811041 1325.887563 1303654353
123.463683 1326.332007 1303654357
146.964813 1327.332006 1303654360
172.948457 1328.220894 1303654363
200.504359 1329.109782 1303654366
228.639515 1329.887559 1303654369
258.346929 1329.998670 1303654372
279.034544 1329.220893 1303654374
299.887659 1328.776449 1303654376
320.740774 1329.443115 1303654378
341.511139 1329.887559 1303654380
362.116003 1330.220892 1303654382
391.575166 1329.998670 1303654385
419.627571 1329.887559 1303654388
444.700960 1330.332003 1303654391
466.547081 1330.443114 1303654395
491.289468 1330.887558 1303654401
513.963093 1331.109780 1303654404
541.105244 1331.887557 1303654407
570.398906 1332.554223 1303654410
600.437322 1332.665334 1303654413
621.124936 1332.998667 1303654415
641.895301 1333.332000 1303654417
662.665666 1333.220889 1303654419
683.187780 1333.554222 1303654421
703.544392 1333.887555 1303654423
723.901005 1334.443110 1303654425
744.257617 1335.554220 1303654427
773.468529 1335.998664 1303654430
799.865925 1336.554219 1303654433
823.863558 1336.776441 1303654436
844.799424 1335.220887 1303654439
865.156036 1333.887555 1303654450
879.306365 1317.665349 1303654455
883.195636 1290.998709 1303654459
884.436893 1265.220957 1303654462
885.181647 1237.665429 1303654465
885.843651 1209.221013 1303654468
886.753906 1179.998820 1303654471
888.077913 1151.332182 1303654474
890.643177 1123.887765 1303654477
893.042941 1097.443347 1303654480
894.035946 1074.443370 1303654483
908.765527 1055.332278 1303654488
934.500920 1054.443390 1303654492
955.023033 1054.443390 1303654495
979.517169 1055.332278 1303654499
1003.183800 1055.887833 1303654517
1026.519429 1057.221165 1303654521
1046.793291 1057.887831 1303654524
1067.729157 1058.554497 1303654527
1090.237281 1058.887830 1303654531
1112.083402 1059.887829 1303654537
1139.556554 1060.776717 1303654541
1164.960945 1060.443384 1303654544
1192.351346 1059.998940 1303654547
1220.652003 1060.776717 1303654550
1247.463151 1060.776717 1303654553
1268.399017 1060.110051 1303654556
