2521.240948 1350.109761 1303656809
2538.618544 1363.109748 1303656837
2565.181441 1361.776416 1303656841
2588.434320 1361.887527 1303656844
2613.259457 1362.554193 1303656847
2639.408602 1363.665303 1303656850
2666.219750 1364.554191 1303656853
2692.948148 1365.109746 1303656856
2720.752302 1365.220857 1303656859
2748.308204 1366.665300 1303656862
2774.540099 1367.443077 1303656865
2800.109991 1368.220854 1303656868
2823.776622 1368.443076 1303656871
2845.870994 1368.887520 1303656874
2871.689137 1369.443075 1303656878
2893.949010 1370.220852 1303656882
2920.429156 1371.776406 1303656886
2942.771780 1372.554183 1303656889
2966.438411 1373.776404 1303656892
2991.263548 1374.220848 1303656895
3016.916190 1374.443070 1303656898
3042.568832 1374.443070 1303656901
3068.386975 1374.887514 1303656904
3093.708615 1375.220847 1303656907
3119.444007 1375.331958 1303656910
3146.089655 1375.443069 1303656913
3173.480056 1375.776402 1303656916
3200.456706 1376.109735 1303656919
3227.185103 1373.776404 1303656922
3252.341243 1370.220852 1303656925
3274.932118 1367.887521 1303656928
3299.840005 1360.554195 1303656932
3307.287547 1335.554220 1303656936
3308.528803 1313.220909 1303656939
3309.025306 1288.332045 1303656942
3309.604559 1262.220960 1303656945
3310.018312 1234.554321 1303656948
3312.169824 1207.776570 1303656951
3314.486836 1181.221041 1303656954
3315.479842 1152.332181 1303656957
3316.307347 1122.332211 1303656960
3317.134851 1101.443343 1303656962
3317.714104 1080.221142 1303656964
3318.210607 1059.332274 1303656966
3318.624359 1038.443406 1303656968
3318.789860 1017.998982 1303656970
3319.451864 988.554567 1303656973
3319.617365 960.332373 1303656976
3319.865616 933.221289 1303656979
3320.362119 909.332424 1303656982
3320.444869 889.110222 1303656985
3321.603376 868.665798 1303656991
3322.017128 842.443602 1303657006
3322.679132 819.888069 1303657009
3323.341135 794.665872 1303657012
3324.334141 767.777010 1303657015
3324.996145 740.999259 1303657018
3325.575398 713.777064 1303657021
3326.154651 686.110425 1303657024
3326.485653 658.777119 1303657027
3328.554414 633.554922 1303657030
3330.705926 612.443832 1303657033
3331.698932 590.221632 1303657041
3332.112684 567.777210 1303657045
3333.022939 544.110567 1303657048
3334.677948 516.999483 1303657051
3335.753704 496.888392 1303657053
3336.415708 474.888414 1303657055
3337.243212 452.999547 1303657057
3337.656965 432.555123 1303657059
3337.574214 403.777374 1303657062
3338.401719 376.777401 1303657065
3339.394724 354.221868 1303657068
3339.891227 330.555225 1303657073
3340.801482 305.110806 1303657077
3342.539242 282.555273 1303657080
3343.035744 260.444184 1303657083
3343.697748 240.444204 1303657086
3343.532247 218.999781 1303657089
3344.608003 196.666470 1303657092
3344.773504 173.666493 1303657095
3345.518258 151.333182 1303657098
3346.842265 129.666537 1303657101
3348.083522 106.333227 1303657104
3347.918021 81.666585 1303657107
3347.504269 61.444383 1303657110
3339.063722 40.444404 1303657118
3313.328330 38.999961 1303657122
3290.654705 39.333294 1303657125
3265.912318 39.222183 1303657128
3241.004430 38.777739 1303657131
3217.586050 38.222184 1303657134
3197.477689 37.999962 1303657137
3174.969565 38.333295 1303657143
3149.565174 37.999962 1303657147
3126.064044 37.666629 1303657150
3099.832149 37.444407 1303657153
3074.179507 37.111074 1303657156
3049.685372 36.888852 1303657159
3028.087502 36.999963 1303657162
3006.820634 38.888850 1303657168
3001.028102 58.666608 1303657172
3001.276354 80.444364 1303657175
3000.697100 106.444338 1303657178
2999.786845 131.222091 1303657181
2998.959341 151.999848 1303657184
3002.352110 173.888715 1303657190
3025.935990 176.444268 1303657195
3050.430126 174.333159 1303657199
3071.945245 175.333158 1303657203
3083.944061 196.999803 1303657208
3068.635226 212.444232 1303657213
3046.209852 213.999786 1303657218
