1703.583675 790.554765 1301840173
1727.415806 797.888091 1301840197
1752.902947 800.332533 1301840200
1773.425061 801.888087 1301840202
1795.850435 802.888086 1301840204
1817.613805 804.776973 1301840206
1838.384170 805.665861 1301840208
1867.015829 805.888083 1301840211
1887.537942 804.776973 1301840214
1909.301313 808.554747 1301840221
1929.988927 809.776968 1301840224
1958.372334 810.776967 1301840227
1979.970204 810.888078 1301840229
2002.064576 810.999189 1301840231
2023.662445 810.999189 1301840233
2044.846563 810.665856 1301840235
2071.161208 810.665856 1301840238
2091.517821 811.221411 1301840243
2115.515453 815.665851 1301840258
2138.271829 819.443625 1301840261
2167.730992 823.110288 1301840264
2190.487368 823.665843 1301840266
2214.153999 823.999176 1301840268
2238.151632 824.110287 1301840270
2261.901013 824.443620 1301840272
2285.898646 824.999175 1301840274
2309.979029 824.999175 1301840276
2333.562910 825.110286 1301840278
2357.146790 825.554730 1301840280
2380.730671 825.665841 1301840282
2403.569797 826.221396 1301840284
2426.160672 826.665840 1301840286
2448.337795 826.443618 1301840288
2469.356411 826.665840 1301840290
2494.926302 826.554729 1301840293
2515.200165 828.776949 1301840297
2519.999691 848.554707 1301840303
2516.855174 871.888017 1301840306
2514.289910 901.443543 1301840309
2513.296904 923.554632 1301840311
2512.634900 946.110165 1301840313
2512.221148 968.554587 1301840315
2511.972897 990.332343 1301840317
2511.310893 1011.554544 1301840319
2510.566139 1032.110079 1301840321
2509.904135 1052.887836 1301840323
2509.407633 1073.554482 1301840325
2510.483389 1102.443342 1301840328
2512.386649 1125.221097 1301840331
2509.655884 1145.443299 1301840338
2509.738634 1170.443274 1301840342
2510.566139 1194.554361 1301840345
2512.469400 1223.887665 1301840348
2514.289910 1244.998755 1301840350
2514.786412 1266.443178 1301840352
2514.041658 1287.665379 1301840354
2513.545155 1308.776469 1301840356
2512.552150 1337.331996 1301840359
2517.930930 1358.887530 1301840363
2539.197797 1364.331969 1301840367
2563.691933 1363.220859 1301840370
2592.489092 1362.331971 1301840373
2613.176707 1362.220860 1301840375
2634.609075 1362.665304 1301840377
2656.206945 1363.443081 1301840379
2678.135816 1364.331969 1301840381
2700.643941 1364.776413 1301840383
2723.317566 1365.776412 1301840385
2746.322193 1366.776411 1301840387
2769.575072 1367.220855 1301840389
2792.496949 1367.331966 1301840391
2815.418825 1366.776411 1301840393
2838.340702 1366.665300 1301840395
2860.931577 1366.998633 1301840397
2882.860449 1367.109744 1301840399
2903.465313 1368.109743 1301840401
2923.656424 1368.665298 1301840403
2944.095787 1368.443076 1301840405
2965.445405 1369.109742 1301840407
2987.457027 1370.331963 1301840409
3009.303148 1371.665295 1301840411
3030.404515 1372.443072 1301840413
3050.926628 1373.665293 1301840415
3080.220290 1374.998625 1301840418
3104.052422 1375.776402 1301840421
3125.319290 1375.220847 1301840435
3151.468435 1375.665291 1301840440
3173.976559 1377.998622 1301840443
3199.711951 1378.887510 1301840446
3225.778346 1377.220845 1301840449
3250.272481 1372.998627 1301840452
3271.456598 1369.554186 1301840455
3291.647710 1365.443079 1301840462
3303.315525 1346.220876 1301840480
3303.894778 1322.332011 1301840483
3303.894778 1302.220920 1301840485
3303.150024 1280.109831 1301840487
3302.984523 1256.665410 1301840489
3303.729277 1232.887656 1301840491
3304.143029 1210.221012 1301840493
3307.866800 1185.887703 1301840495
3312.418075 1162.332171 1301840497
3318.789860 1140.332193 1301840499
3324.913394 1120.443324 1301840502
