265.628970 1331.443113 1303670728
291.529863 1330.776447 1303670739
314.617241 1330.332003 1303670742
341.428389 1330.776447 1303670745
370.639300 1331.887557 1303670748
390.747662 1332.220890 1303670750
420.124074 1332.998667 1303670753
446.935223 1333.998666 1303670756
467.291835 1334.998665 1303670761
488.724204 1336.443108 1303670767
510.984077 1336.887552 1303670770
538.208977 1337.331996 1303670773
568.412895 1337.443107 1303670776
589.679762 1337.776440 1303670778
611.939635 1338.998661 1303670780
634.696011 1339.554216 1303670782
657.452387 1340.331993 1303670784
680.291514 1341.554214 1303670786
714.384702 1342.776435 1303670789
736.644575 1342.998657 1303670791
758.573447 1342.665324 1303670793
779.509312 1342.998657 1303670795
799.948675 1343.554212 1303670797
829.159587 1344.109767 1303670800
853.239970 1341.887547 1303670803
874.175836 1339.220883 1303670810
881.706128 1314.554241 1303670814
882.616383 1290.665376 1303670817
883.361137 1267.554288 1303670820
884.436893 1245.109866 1303670823
885.926401 1211.109900 1303670827
886.919407 1182.221040 1303670830
887.498660 1161.332172 1303670832
888.822667 1139.998860 1303670834
891.222430 1119.109992 1303670836
893.042941 1098.776679 1303670838
894.366948 1073.887815 1303670841
907.027768 1057.887831 1303670845
935.411175 1057.443387 1303670849
958.746804 1058.443386 1303670852
982.578936 1058.887830 1303670856
1006.659319 1060.332273 1303670871
1027.264183 1061.665605 1303670884
1052.172071 1062.554493 1303670888
1073.852691 1063.665603 1303670891
1094.209303 1063.998936 1303670895
1119.779195 1064.554491 1303670901
1142.121818 1067.221155 1303670904
1167.857211 1070.110041 1303670907
1195.661365 1071.110040 1303670910
1223.465518 1071.887817 1303670913
1250.359417 1073.554482 1303670916
1278.908325 1074.887814 1303670919
1298.933936 1075.110036 1303670921
1328.641350 1074.887814 1303670924
1348.749712 1074.554481 1303670926
1378.539876 1073.776704 1303670929
1407.585287 1073.443371 1303670932
1436.051445 1073.221149 1303670935
1463.441846 1073.554482 1303670938
1486.115472 1074.665592 1303670942
1497.783286 1054.776723 1303670948
1498.114288 1032.776745 1303670951
1499.355545 1006.776771 1303670954
1502.417312 977.999022 1303670957
1504.817075 948.665718 1303670960
1505.479079 918.554637 1303670963
1505.727330 898.443546 1303670965
1505.975581 869.221353 1303670968
1506.141082 842.888046 1303670971
1506.058332 819.888069 1303670975
1519.546656 803.665863 1303670982
1546.854308 805.665861 1303670986
1572.755201 807.221415 1303670989
1598.738845 803.554752 1303670992
1619.178208 804.554751 1303670994
1640.362325 805.443639 1303670996
1660.884438 805.554750 1303670998
1681.572053 806.332527 1303671000
1702.673420 807.221415 1303671002
1723.857537 808.332525 1303671004
1745.620907 809.332524 1303671006
1767.798030 810.554745 1303671008
1790.306154 811.221411 1303671010
1811.821273 811.888077 1303671012
1832.177886 812.221410 1303671014
1860.892295 812.776965 1303671017
1885.386430 813.332520 1303671020
1905.577542 814.665852 1303671027
1926.844410 816.999183 1303671031
1950.180039 818.554737 1303671034
1976.577435 820.665846 1303671037
2004.960842 822.110289 1303671040
2033.095998 824.110287 1303671043
2059.658894 825.443619 1303671046
2084.732283 827.665839 1303671049
2112.370936 828.665838 1303671052
2142.574853 828.999171 1303671055
2164.172723 829.888059 1303671057
2186.929099 830.665836 1303671059
2210.512979 830.665836 1303671061
2234.262360 830.110281 1303671063
2257.680740 830.110281 1303671065
2281.181870 831.332502 1303671067
2304.765750 831.665835 1303671069
2328.349631 831.776946 1303671071
2351.271508 831.554724 1303671073
2374.027884 830.665836 1303671075
2396.205006 830.554725 1303671077
2418.133878 830.999169 1303671079
2439.731747 831.554724 1303671081
2460.171110 832.110279 1303671083
2487.065009 833.999166 1303671086
2507.752623 834.665832 1303671090
2518.261932 851.776926 1303671101
2516.193170 875.443569 1303671106
2514.869163 897.332436 1303671109
2513.545155 924.332409 1303671112
2512.965902 944.332389 1303671114
2512.469400 965.776812 1303671116
2511.972897 987.776790 1303671118
2511.476394 1010.221212 1303671120
2511.145392 1032.443412 1303671122
2510.731640 1053.665613 1303671124
2510.979891 1074.221148 1303671126
2511.972897 1094.554461 1303671128
2512.800401 1119.776658 1303671131
2513.627906 1141.887747 1303671137
2514.620911 1164.887724 1303671141
2515.117414 1188.443256 1303671144
2516.524172 1215.221007 1303671147
2519.089436 1243.554312 1303671150
2519.668689 1272.332061 1303671153
2519.254937 1301.554254 1303671156
2518.923935 1328.554227 1303671159
2518.427432 1351.331982 1303671162
2536.053280 1367.443077 1303671167
2556.823645 1368.443076 1303671170
2581.317780 1368.665298 1303671173
2607.797927 1368.776409 1303671176
2635.353829 1369.220853 1303671179
2663.571735 1370.109741 1303671182
2692.782647 1370.554185 1303671185
2713.139260 1370.998629 1303671187
2733.495872 1370.887518 1303671189
2753.935235 1371.220851 1303671191
2774.209098 1371.331962 1303671193
2794.234708 1371.443073 1303671195
2823.114618 1372.220850 1303671198
2851.249774 1372.331961 1303671201
2874.916405 1372.665294 1303671204
2897.093527 1375.443069 1303671216
2920.346406 1376.887512 1303671220
2944.509540 1377.776400 1303671223
2972.561945 1378.220844 1303671226
3001.193603 1378.665288 1303671229
3029.825262 1379.554176 1303671232
3058.953423 1380.443064 1303671235
3088.578087 1380.998619 1303671238
3109.017450 1381.554174 1303671240
3129.787815 1382.443062 1303671242
3150.558180 1382.998617 1303671244
3170.832042 1383.998616 1303671246
3200.373955 1384.220838 1303671249
3228.591861 1381.998618 1303671252
3254.989257 1378.109733 1303671255
3277.166380 1375.443069 1303671258
