3318.293357 628.999371 1303671582
3317.962356 608.999391 1303671602
3306.708293 588.443856 1303671618
3279.317892 586.110525 1303671622
3253.665250 585.999414 1303671625
3225.447344 585.554970 1303671628
3195.988181 584.888304 1303671631
3175.631568 584.666082 1303671633
3154.943954 584.777193 1303671635
3134.256339 584.554971 1303671637
3113.568725 584.221638 1303671639
3093.460364 584.110527 1303671641
3064.001201 583.666083 1303671644
3035.369542 583.221639 1303671647
3010.296154 582.999417 1303671650
2991.346299 596.110515 1303671655
2991.511800 621.221601 1303671659
2990.932546 644.554911 1303671662
2990.187792 669.999330 1303671665
2989.112036 696.665970 1303671668
2988.284532 724.332609 1303671671
2987.953530 751.888137 1303671674
2987.208776 777.554778 1303671677
2985.636517 800.443644 1303671680
2982.988503 822.665844 1303671684
2975.292710 841.999158 1303671700
2953.446589 844.665822 1303671704
2932.510723 842.665824 1303671707
2908.099338 841.665825 1303671710
2881.784693 840.776937 1303671713
2855.139045 840.221382 1303671716
2829.403653 839.110272 1303671719
2803.254508 838.221384 1303671722
2777.519116 837.221385 1303671725
2754.348988 836.332497 1303671728
2733.495872 836.443608 1303671734
2713.222010 836.110275 1303671738
2692.203394 835.221387 1303671741
2667.378256 834.110277 1303671744
2640.401607 834.776943 1303671747
2612.349202 835.221387 1303671750
2584.793300 835.999164 1303671753
2558.892406 836.776941 1303671756
2538.866796 837.665829 1303671760
2514.124409 837.443607 1303671786
2492.526539 836.332497 1303671789
2466.708396 835.554720 1303671792
2438.986993 835.443609 1303671795
2409.776081 834.999165 1303671798
2389.750471 834.443610 1303671800
2369.145607 834.110277 1303671802
2347.713238 833.554722 1303671804
2327.273875 832.776945 1303671806
2297.814712 831.665835 1303671809
2277.292598 830.999169 1303671811
2256.770485 830.665836 1303671813
2236.496623 830.443614 1303671815
2207.451212 829.999170 1303671818
2180.805565 829.110282 1303671821
2155.235673 828.999171 1303671824
2127.679771 829.221393 1303671827
2098.799861 829.110282 1303671830
2070.085452 826.665840 1303671833
2041.122792 825.443619 1303671836
2011.249877 825.554730 1303671839
1981.790714 824.999175 1303671842
1954.565813 824.888064 1303671845
1933.960949 824.776953 1303671848
1913.356085 824.443620 1303671855
1890.351458 826.443618 1303671859
1866.684827 826.554729 1303671862
1839.377176 826.221396 1303671865
1810.662767 826.221396 1303671868
1780.872602 825.999174 1303671871
1760.764241 825.776952 1303671873
1739.414623 824.888064 1303671875
1718.065005 823.776954 1303671877
1696.798137 822.443622 1303671879
1675.365768 821.221401 1303671881
1654.016150 820.443624 1303671883
1632.914784 819.554736 1303671885
1612.227169 818.888070 1303671887
1582.768006 817.888071 1303671890
1555.377605 817.999182 1303671893
1532.703979 818.332515 1303671896
1508.375345 817.221405 1303671903
1483.136455 816.554739 1303671907
1457.980316 815.554740 1303671910
1429.679659 815.221407 1303671913
1401.296252 814.443630 1303671916
1373.740350 813.999186 1303671919
1348.004957 813.554742 1303671922
1327.234593 813.110298 1303671925
1305.967725 821.110290 1303671936
1282.218344 821.221401 1303671940
1252.097177 820.554735 1303671943
1231.988816 820.221402 1303671945
1203.191656 819.110292 1303671948
1177.373513 823.888065 1303671951
1154.286136 828.221394 1303671955
1133.350270 821.999178 1303671960
1108.194131 820.110291 1303671964
1083.534494 818.110293 1303671967
1056.061342 817.221405 1303671970
1028.919192 816.443628 1303671973
1003.266550 814.888074 1303671976
979.434418 812.554743 1303671979
959.160556 810.999189 1303671982
936.073179 809.110302 1303671987
909.675783 807.443637 1303671991
884.105891 806.443638 1303671994
854.563978 805.110306 1303671997
833.710862 804.776973 1303671999
812.609496 804.554751 1303672001
791.425378 804.221418 1303672003
769.993010 803.332530 1303672005
748.891643 802.665864 1303672007
727.790276 801.332532 1303672009
707.268163 800.554755 1303672011
686.911550 799.776978 1303672013
657.038635 798.999201 1303672016
627.910474 798.554757 1303672019
599.361566 797.999202 1303672022
572.633168 797.665869 1303672025
549.794042 796.776981 1303672029
488.724204 794.999205 1303672051
462.161307 793.776984 1303672054
433.612399 792.776985 1303672057
403.822234 791.888097 1303672060
374.280321 791.221431 1303672063
346.558917 790.665876 1303672066
321.733780 790.221432 1303672069
300.549663 789.332544 1303672074
280.275801 789.221433 1303672078
257.519425 788.776989 1303672081
232.280535 787.999212 1303672084
210.434414 786.999213 1303672087
190.077802 786.665880 1303672093
165.666417 787.221435 1303672097
142.496288 787.443657 1303672100
120.732918 787.665879 1303672103
98.638546 789.888099 1303672107
93.756269 811.554744 1303672113
92.349511 836.999163 1303672132
91.356505 859.443585 1303672135
90.529001 886.332447 1303672138
89.866997 914.776863 1303672141
89.204994 942.554613 1303672144
87.963737 967.999032 1303672147
86.722480 992.443452 1303672150
86.060476 1021.110090 1303672153
85.563973 1041.665625 1303672155
85.067471 1062.887826 1303672157
84.570968 1084.665582 1303672159
83.908964 1106.776671 1303672161
83.412461 1128.776649 1303672163
82.584957 1150.443294 1303672165
82.171205 1172.221050 1303672167
81.922953 1193.887695 1303672169
81.674702 1214.998785 1303672171
81.343700 1235.220987 1303672173
81.260950 1263.220959 1303672176
81.343700 1287.998712 1303672179
80.764447 1309.665357 1303672193
92.184010 1327.109784 1303672202
114.443883 1330.220892 1303672206
135.959002 1333.220889 1303672209
160.453138 1336.220886 1303672212
187.264286 1338.554217 1303672215
213.661682 1339.331994 1303672218
237.162812 1341.443103 1303672221
257.353924 1339.554216 1303672225
279.944799 1338.443106 1303672232
301.542668 1337.887551 1303672235
327.609062 1337.776440 1303672238
355.992469 1337.887551 1303672241
385.451632 1338.331995 1303672244
414.745294 1338.665328 1303672247
441.556443 1338.443106 1303672250
464.064567 1339.220883 1303672254
487.482947 1339.776438 1303672260
509.742820 1338.887550 1303672263
536.057466 1339.109772 1303672266
564.937375 1339.220883 1303672269
585.128487 1338.998661 1303672271
605.898852 1339.220883 1303672273
627.165720 1339.665327 1303672275
649.260092 1339.887549 1303672277
671.685466 1339.776438 1303672279
694.028090 1339.998660 1303672281
716.370713 1340.109771 1303672283
738.547836 1340.220882 1303672285
760.476707 1340.331993 1303672287
781.247072 1340.998659 1303672289
810.457984 1342.109769 1303672292
836.855380 1341.665325 1303672295
859.611756 1340.109771 1303672299
878.892612 1327.665339 1303672319
881.126875 1304.665362 1303672322
882.616383 1277.443167 1303672325
884.023141 1249.998750 1303672328
885.098897 1229.554326 1303672332
