296.743142 792.443652 1302746941
271.338751 792.221430 1302746945
245.686109 794.776983 1302746948
222.681482 797.776980 1302746951
199.345853 794.776983 1302746956
171.210697 796.110315 1302746960
141.503283 797.554758 1302746963
118.664156 797.888091 1302746966
102.610568 812.776965 1302746970
100.376305 838.888050 1302746974
98.059292 867.999132 1302746977
94.914775 891.776886 1302746979
93.011515 919.110192 1302746981
91.687507 946.443498 1302746983
91.604757 971.999028 1302746985
91.687507 993.221229 1302746987
82.502206 1011.443433 1302747007
80.102443 1031.998968 1302747011
77.371678 1059.554496 1302747014
75.964920 1083.443361 1302747016
74.558162 1112.221110 1302747018
73.399656 1142.887746 1302747020
73.234155 1174.332159 1302747022
72.985904 1205.221017 1302747024
73.234155 1232.776545 1302747026
72.985904 1257.220965 1302747028
72.241150 1278.443166 1302747030
70.503390 1301.887587 1302747033
68.186377 1321.776456 1302747060
86.225977 1334.443110 1302747073
111.961369 1336.220886 1302747076
136.207254 1336.665330 1302747078
162.439149 1337.331996 1302747080
189.498548 1337.443107 1302747082
217.302702 1337.443107 1302747084
246.761865 1338.665328 1302747086
278.869043 1338.776439 1302747088
312.879481 1338.998661 1302747090
346.310666 1340.109771 1302747092
378.831596 1341.443103 1302747094
408.787261 1340.220882 1302747096
433.033146 1339.887549 1302747098
457.030778 1340.998659 1302747101
480.780160 1340.998659 1302747107
504.115789 1341.998658 1302747110
525.796409 1343.220879 1302747112
549.959542 1345.554210 1302747114
578.011948 1347.331986 1302747116
610.698379 1349.554206 1302747118
645.039818 1349.887539 1302747120
679.712260 1349.887539 1302747122
713.557198 1350.331983 1302747124
745.747126 1350.887538 1302747126
776.033793 1351.220871 1302747128
803.672446 1351.331982 1302747130
826.677073 1350.665316 1302747132
850.757457 1347.554208 1302747135
870.452066 1342.109769 1302747150
877.816856 1323.332010 1302747153
879.802867 1292.332041 1302747156
881.706128 1266.665400 1302747158
883.195636 1237.554318 1302747160
883.940390 1206.776571 1302747162
885.843651 1174.998825 1302747164
888.326164 1142.998857 1302747166
891.139680 1113.109998 1302747168
892.546438 1088.443356 1302747170
893.622194 1066.221156 1302747173
912.985801 1057.887831 1302747178
940.376202 1060.776717 1302747182
967.352852 1061.110050 1302747185
991.846987 1062.110049 1302747188
1013.031104 1063.887825 1302747212
1039.759502 1071.110040 1302747216
1059.785113 1074.110037 1302747218
1080.803729 1073.998926 1302747220
1103.642856 1072.554483 1302747223
1126.233731 1074.332259 1302747226
1154.451637 1077.665589 1302747229
1179.028523 1079.332254 1302747231
1207.494680 1079.554476 1302747233
1234.885082 1078.887810 1302747235
1257.972459 1077.998922 1302747237
1279.239327 1075.332258 1302747240
1299.264938 1073.998926 1302747254
1323.097070 1073.776704 1302747257
1344.115686 1074.221148 1302747259
1366.375559 1074.110037 1302747261
1387.476926 1072.887816 1302747263
1412.798566 1071.776706 1302747266
1433.899933 1070.665596 1302747278
1452.932538 1078.998921 1302747285
1467.662119 1062.443382 1302747291
1473.371901 1043.221179 1302747294
1477.923176 1016.554539 1302747296
1482.805453 985.554570 1302747298
1486.777475 952.332381 1302747300
1489.425490 919.443525 1302747302
1491.328750 889.665777 1302747304
1492.404506 865.332468 1302747306
1494.969770 842.554713 1302747309
1498.941792 822.554733 1302747320
1501.755308 797.332536 1302747323
1504.486073 774.443670 1302747325
1506.803086 747.665919 1302747327
1508.209844 717.443727 1302747329
1509.368350 686.665980 1302747331
1508.871847 656.554899 1302747333
1508.540846 628.888260 1302747335
1507.878842 605.777172 1302747337
1507.961592 582.999417 1302747340
