1732.960087 813.999186 1303675867
1710.286462 815.443629 1303675890
1688.440341 814.665852 1303675893
1660.222435 813.110298 1303675896
1638.459064 811.776966 1303675898
1615.123435 811.332522 1303675900
1591.705056 810.665856 1303675902
1569.196931 810.332523 1303675904
1548.757568 810.110301 1303675906
1525.504689 809.999190 1303675909
1502.582813 809.665857 1303675916
1475.109661 808.443636 1303675920
1447.553758 806.888082 1303675923
1426.866144 805.443639 1303675925
1406.178529 804.554751 1303675927
1367.534065 804.221418 1303675931
1342.460677 805.665861 1303675934
1320.366305 807.332526 1303675938
1304.809218 820.999179 1303675952
1285.611112 829.443615 1303675956
1263.764991 828.221394 1303675958
1230.582058 820.776957 1303675960
1200.709143 814.776963 1303675962
1175.056501 812.332521 1303675964
1149.403859 810.776967 1303675967
1128.798995 810.776967 1303675973
1106.125369 808.999191 1303675977
1079.976225 806.332527 1303675980
1059.785113 805.443639 1303675982
1037.276988 804.332529 1303675984
1014.355112 803.443641 1303675986
991.184983 802.776975 1303675988
967.270101 801.999198 1303675990
942.279463 801.665865 1303675992
916.461320 800.999199 1303675994
889.815673 799.665867 1303675996
862.425271 798.110313 1303675998
834.041864 796.888092 1303676000
804.748202 796.221426 1303676002
775.123538 796.554759 1303676004
745.664375 796.110315 1303676006
716.701715 795.554760 1303676008
688.566559 795.443649 1303676010
661.507160 795.221427 1303676012
635.523516 794.776983 1303676014
611.608634 793.888095 1303676016
591.252021 793.332540 1303676018
569.736902 793.443651 1303676021
485.000433 793.110318 1303676046
463.650815 792.110319 1303676048
440.811689 791.443653 1303676050
417.310559 790.776987 1303676052
394.554183 790.221432 1303676054
372.956313 789.221433 1303676056
352.351449 788.665878 1303676058
324.878297 787.888101 1303676061
302.866676 787.110324 1303676065
278.289790 786.665880 1303676072
255.367913 786.110325 1303676075
231.287530 785.554770 1303676078
210.599915 784.999215 1303676081
189.746800 785.554770 1303676087
164.507910 784.888104 1303676091
140.179276 784.443660 1303676094
117.422900 783.999216 1303676097
94.087271 786.221436 1303676101
88.956742 805.554750 1303676123
87.880986 829.221393 1303676128
87.053482 853.221369 1303676131
86.887981 883.332450 1303676134
86.308727 904.554651 1303676136
85.729474 924.776853 1303676138
85.232972 953.554602 1303676141
84.653718 982.887906 1303676144
84.157216 1003.443441 1303676146
83.908964 1025.554530 1303676148
83.577962 1048.554507 1303676150
82.915959 1072.443372 1303676152
81.922953 1096.776681 1303676154
81.260950 1120.998879 1303676156
80.433445 1144.109967 1303676158
80.019693 1166.776611 1303676160
79.440439 1188.776589 1303676162
79.357689 1211.332122 1303676164
79.854192 1233.998766 1303676166
79.771441 1254.998745 1303676168
79.936942 1282.554273 1303676171
82.419456 1303.887585 1303676182
84.157216 1325.109786 1303676190
108.899602 1330.220892 1303676195
132.235232 1331.220891 1303676198
161.115141 1331.887557 1303676201
182.961262 1332.109779 1303676203
206.131390 1332.220890 1303676205
230.542775 1332.554223 1303676207
256.029916 1333.332000 1303676209
282.592813 1334.220888 1303676211
309.734964 1334.887554 1303676213
337.787369 1335.665331 1303676215
365.757023 1336.331997 1303676217
392.154419 1336.554219 1303676219
417.145058 1336.443108 1303676221
439.901434 1336.554219 1303676223
464.892072 1336.998663 1303676226
485.083184 1336.998663 1303676232
511.315079 1337.331996 1303676236
538.788231 1337.554218 1303676239
560.220599 1338.220884 1303676241
583.887230 1339.109772 1303676243
609.043369 1340.109771 1303676245
635.358015 1340.554215 1303676247
662.417415 1340.887548 1303676249
690.056068 1341.220881 1303676251
718.108473 1341.554214 1303676253
745.333373 1342.220880 1303676255
771.813520 1342.776435 1303676257
797.217910 1343.220879 1303676259
820.470789 1343.443101 1303676261
845.709679 1341.665325 1303676264
865.983541 1340.887548 1303676280
877.568605 1318.998681 1303676290
880.630372 1295.665371 1303676293
882.202631 1265.998734 1303676296
882.947385 1242.887646 1303676298
883.609388 1218.109893 1303676300
884.436893 1191.887697 1303676302
885.926401 1164.665502 1303676304
887.664161 1137.109974 1303676306
889.898423 1110.665556 1303676308
891.139680 1088.443356 1303676310
893.125691 1067.110044 1303676313
916.461320 1055.776722 1303676318
941.534709 1056.443388 1303676321
971.407624 1057.110054 1303676324
992.508991 1057.776720 1303676326
1014.024110 1059.110052 1303676328
1034.794475 1060.221162 1303676330
1063.177882 1061.998938 1303676333
1084.775751 1063.332270 1303676336
1106.208120 1064.221158 1303676342
1133.102019 1065.110046 1303676346
1160.906172 1066.776711 1303676349
1182.090290 1066.776711 1303676351
1203.605409 1066.776711 1303676353
1224.293023 1067.776710 1303676355
1252.841931 1067.776710 1303676358
1276.674063 1067.776710 1303676362
1298.851186 1067.776710 1303676369
1319.621550 1068.443376 1303676372
1346.432699 1069.776708 1303676375
1373.161097 1070.665596 1303676378
1396.496726 1069.776708 1303676381
1417.846344 1068.443376 1303676385
1439.195962 1070.998929 1303676402
1459.221573 1075.998924 1303676406
1480.902193 1075.998924 1303676412
1492.487257 1058.998941 1303676416
1497.286783 1031.665635 1303676420
1498.859042 1002.998997 1303676423
1500.265800 980.999019 1303676425
1501.672558 957.110154 1303676427
1502.500062 932.665734 1303676429
1503.162066 908.554647 1303676431
1503.989570 884.999115 1303676433
1504.899825 862.554693 1303676435
1506.389334 835.665831 1303676438
1509.699352 815.888073 1303676444
1530.138715 808.665858 1303676448
1553.474344 808.443636 1303676451
1581.526749 808.665858 1303676454
1610.489410 809.554746 1303676457
1637.797061 809.443635 1303676460
1662.125695 809.999190 1303676463
1683.144312 809.554746 1303676467
1708.548702 809.999190 1303676472
1732.629085 810.776967 1303676475
1761.508995 812.888076 1303676478
1782.693112 813.999186 1303676480
1803.546228 814.888074 1303676482
1832.839890 815.443629 1303676485
1859.568288 816.110295 1303676488
1881.745410 816.332517 1303676491
1904.419036 818.554737 1303676498
1929.988927 821.665845 1303676502
1956.800075 823.110288 1303676505
1977.156688 824.332509 1303676507
1997.265049 825.221397 1303676509
2017.456161 825.888063 1303676511
2037.730023 826.776951 1303676513
2066.692683 827.999172 1303676516
2096.317347 827.888061 1303676519
2117.004962 828.221394 1303676521
2139.016583 828.776949 1303676523
2162.269462 829.888059 1303676525
2186.763598 830.443614 1303676527
2212.085238 830.776947 1303676529
2238.317133 830.888058 1303676531
2265.128281 831.665835 1303676533
2292.435932 832.110279 1303676535
2319.412581 832.110279 1303676537
2346.471981 832.554723 1303676539
2373.117629 832.888056 1303676541
2398.770271 833.443611 1303676543
2423.429907 834.332499 1303676545
2447.179288 835.221387 1303676547
2468.197905 835.999164 1303676549
2490.871530 837.110274 1303676552
2511.310893 842.776935 1303676558
2514.703662 867.110244 1303676569
2513.627906 890.665776 1303676572
2512.386649 920.776857 1303676575
2511.807396 943.110168 1303676577
2511.310893 966.332367 1303676579
2510.814390 990.110121 1303676581
2510.152387 1014.110097 1303676583
2509.821385 1038.221184 1303676585
2509.655884 1061.887827 1303676587
2509.573133 1084.332249 1303676589
2509.904135 1112.998887 1303676592
2510.400638 1133.998866 1303676596
2511.062642 1157.443287 1303676601
2512.055647 1181.776596 1303676604
2513.296904 1211.776566 1303676607
2514.455410 1233.109878 1303676609
2515.531166 1255.109856 1303676611
2516.027669 1277.887611 1303676613
2515.944919 1300.443144 1303676615
2515.779418 1320.554235 1303676617
2515.531166 1342.220880 1303676620
2518.510183 1362.443082 1303676633
2542.259564 1364.998635 1303676638
2564.188436 1363.443081 1303676641
2586.365558 1362.998637 1303676645
2612.431953 1365.220857 1303676663
2636.098583 1365.776412 1303676666
2665.226745 1366.776411 1303676669
2687.652119 1367.443077 1303676671
2711.980753 1367.998632 1303676673
2737.136892 1368.554187 1303676675
2762.955035 1369.331964 1303676677
2787.945674 1370.776407 1303676679
2812.274308 1372.331961 1303676681
2836.520192 1372.665294 1303676683
2857.621559 1372.776405 1303676685
2879.384929 1372.443072 1303676688
2902.555058 1373.331960 1303676703
2922.911670 1373.665293 1303676706
2950.053820 1373.443071 1303676709
2971.072437 1373.776404 1303676711
2993.663312 1374.443070 1303676713
3017.578194 1375.776402 1303676715
3042.403331 1377.220845 1303676717
3066.980217 1378.220844 1303676719
3091.474353 1379.331954 1303676721
3116.382240 1380.554175 1303676723
3140.959126 1380.554175 1303676725
3166.032515 1380.998619 1303676727
3190.443900 1380.887508 1303676729
3214.772535 1379.220843 1303676731
3239.018419 1375.887513 1303676733
3260.699039 1372.554183 1303676735
3285.027673 1367.776410 1303676738
3301.908767 1351.443093 1303676742
3302.901772 1328.109783 1303676745
3302.819022 1300.332033 1303676748
3303.563776 1267.887621 1303676751
3304.639532 1243.998756 1303676753
3304.887783 1218.776559 1303676755
3305.053284 1194.443250 1303676757
3304.805033 1172.998827 1303676759
3304.308530 1151.109960 1303676762
3308.777055 1127.776650 1303676779
