1723.940287 815.888073 1303681100
1698.866898 816.665850 1303681104
1676.689776 816.776961 1303681108
1652.195640 812.999187 1303681127
1624.639738 811.443633 1303681131
1598.656094 811.221411 1303681134
1570.603689 810.888078 1303681137
1544.537295 810.888078 1303681140
1522.856675 810.221412 1303681143
1500.762303 809.999190 1303681150
1476.185417 808.999191 1303681154
1450.036272 807.888081 1303681157
1420.246107 807.110304 1303681160
1390.704194 806.443638 1303681163
1361.658783 806.888082 1303681166
1336.337143 809.554746 1303681169
1314.987525 808.999191 1303681183
1291.900147 807.665859 1303681188
1271.709035 808.776969 1303681191
1245.477140 807.776970 1303681194
1224.210273 806.554749 1303681196
1202.198651 805.888083 1303681198
1181.262785 805.221417 1303681200
1161.237174 804.554751 1303681202
1135.584532 803.554752 1303681205
1114.152164 803.221419 1303681214
1092.471544 802.665864 1303681219
1069.384166 802.221420 1303681222
1040.421506 801.443643 1303681225
1018.906387 800.888088 1303681227
996.398262 800.221422 1303681229
974.221140 799.888089 1303681231
951.961266 799.554756 1303681233
928.791138 799.332534 1303681235
904.545254 798.554757 1303681237
879.885618 797.443647 1303681239
854.481227 796.554759 1303681241
828.332083 795.554760 1303681243
801.107182 794.888094 1303681245
773.054777 794.221428 1303681247
745.167872 793.554762 1303681249
718.191223 792.888096 1303681251
691.793827 792.554763 1303681253
666.803189 791.665875 1303681255
642.474554 790.888098 1303681257
618.559672 790.443654 1303681259
595.720546 790.665876 1303681261
568.826647 790.999209 1303681264
548.635535 791.221431 1303681269
527.865170 790.888098 1303681288
505.605297 790.888098 1303681291
478.628648 790.110321 1303681294
458.603037 789.332544 1303681296
437.087918 788.332545 1303681298
415.407298 787.554768 1303681300
394.388682 786.776991 1303681302
372.873563 786.332547 1303681304
351.854947 785.999214 1303681306
323.471540 785.554770 1303681309
302.039171 785.221437 1303681313
276.386529 785.110326 1303681322
253.547403 784.443660 1303681325
226.157001 783.999216 1303681328
203.317875 783.665883 1303681331
182.630260 783.776994 1303681337
157.060369 783.888105 1303681341
132.483483 784.332549 1303681344
112.209621 784.776993 1303681347
92.184010 787.443657 1303681364
90.860003 807.554748 1303681371
89.784247 834.110277 1303681398
88.791241 858.554697 1303681401
87.963737 888.665778 1303681404
87.136232 910.110201 1303681406
86.556979 931.332402 1303681408
85.481223 951.554604 1303681410
85.150221 979.665687 1303681413
87.384483 1002.221220 1303681416
90.032498 1023.221199 1303681437
88.294738 1048.665618 1303681442
86.308727 1072.554483 1303681445
85.315722 1100.554455 1303681448
84.570968 1121.443323 1303681450
84.074465 1143.554412 1303681452
83.743463 1164.998835 1303681454
83.081460 1186.554369 1303681456
82.667707 1207.665459 1303681458
82.419456 1228.109883 1303681460
82.005704 1256.776521 1303681463
81.922953 1281.332052 1303681466
82.253955 1301.887587 1303681470
85.398472 1324.443120 1303681489
110.058109 1329.887559 1303681494
133.145487 1330.109781 1303681497
161.528894 1330.332003 1303681500
190.491554 1330.887558 1303681503
216.557948 1332.109779 1303681506
238.983322 1333.332000 1303681509
259.670937 1332.665334 1303681515
282.675564 1332.220890 1303681528
305.762942 1332.776445 1303681531
334.891103 1333.332000 1303681534
356.157970 1334.109777 1303681536
379.162598 1334.776443 1303681538
401.753473 1335.109776 1303681540
423.020340 1335.220887 1303681542
449.169485 1335.887553 1303681545
471.594859 1337.220885 1303681550
498.075005 1336.887552 1303681555
523.893148 1337.109774 1303681558
544.084260 1338.109773 1303681560
566.261383 1339.554216 1303681562
590.424516 1340.220882 1303681564
615.249654 1340.776437 1303681566
639.661039 1341.443103 1303681568
663.410420 1342.220880 1303681570
686.994301 1342.665324 1303681572
710.412680 1342.665324 1303681574
733.996561 1342.554213 1303681576
757.580441 1342.887546 1303681578
781.247072 1343.331990 1303681580
804.582701 1343.220879 1303681582
826.511572 1343.665323 1303681584
854.067475 1343.554212 1303681587
875.582594 1337.331996 1303681591
883.692139 1311.776466 1303681595
885.926401 1285.887603 1303681598
886.919407 1259.776518 1303681601
886.836656 1238.220984 1303681604
