3316.886600 625.999374 1303684167
3317.548603 603.999396 1303684171
3301.826016 585.554970 1303684176
3277.993885 583.777194 1303684180
3256.230514 583.221639 1303684183
3235.625650 582.554973 1303684186
3211.959019 582.221640 1303684190
3189.864647 583.554972 1303684194
3168.763280 584.999415 1303684209
3147.744664 584.221638 1303684213
3123.416029 583.554972 1303684216
3095.694626 583.110528 1303684219
3068.055973 582.332751 1303684222
3041.658577 581.554974 1303684225
3017.081691 580.777197 1303684228
2993.001308 581.554974 1303684232
2983.981508 599.554956 1303684236
2987.126025 619.666047 1303684239
2987.043275 645.666021 1303684242
2986.464022 665.777112 1303684244
2985.388266 686.999313 1303684246
2984.643512 708.221514 1303684248
2984.312510 729.332604 1303684250
2984.312510 749.554806 1303684252
2983.733257 777.888111 1303684255
2981.664495 801.665865 1303684258
2979.016481 823.443621 1303684263
2970.741435 842.554713 1303684280
2949.557318 843.665823 1303684286
2929.035204 840.443604 1303684299
2908.844092 839.221383 1303684302
2884.101705 838.554717 1303684305
2856.214801 838.443606 1303684308
2828.410647 838.888050 1303684311
2801.102996 838.999161 1303684314
2772.223087 838.221384 1303684317
2746.570445 838.110273 1303684320
2724.393322 838.554717 1303684326
2701.305944 837.888051 1303684330
2675.901554 836.776941 1303684333
2647.352646 836.443608 1303684336
2617.479730 835.776942 1303684339
2596.378364 835.221387 1303684341
2575.276997 834.999165 1303684343
2553.430876 834.776943 1303684345
2530.922752 834.776943 1303684347
2508.249126 834.665832 1303684349
2485.078998 834.110277 1303684351
2461.246866 833.665833 1303684353
2436.918232 832.888056 1303684355
2412.589597 832.443612 1303684357
2388.426463 831.665835 1303684359
2363.766827 830.665836 1303684361
2338.776189 829.999170 1303684363
2314.116552 829.443615 1303684365
2290.615422 829.110282 1303684367
2267.610795 828.888060 1303684369
2244.854419 828.332505 1303684371
2222.346294 827.665839 1303684373
2200.831175 826.999173 1303684375
2180.474563 826.332507 1303684377
2152.339407 825.554730 1303684380
2131.734543 826.665840 1303684383
2107.902411 827.221395 1303684397
2083.325525 825.332508 1303684401
2058.583139 824.110287 1303684404
2030.530733 823.999176 1303684407
2003.388583 823.776954 1303684410
1978.232444 823.888065 1303684413
1953.655558 824.110287 1303684416
1931.892188 823.554732 1303684419
1909.135812 823.665843 1303684426
1885.386430 822.221400 1303684430
1859.733788 821.888067 1303684433
1829.364370 821.665845 1303684436
1807.352749 821.221401 1303684438
1784.017120 820.332513 1303684440
1759.688485 819.999180 1303684442
1735.773603 820.221402 1303684444
1713.265478 820.888068 1303684446
1686.123328 820.665846 1303684449
1664.359958 819.665847 1303684454
1643.672343 815.110296 1303684467
1622.322725 813.999186 1303684470
1596.090830 813.776964 1303684473
1567.541922 813.665853 1303684476
1540.979025 813.554742 1303684479
1520.374161 814.332519 1303684482
1499.272794 813.332520 1303684489
1473.868404 812.554743 1303684493
1449.870771 811.443633 1303684496
1422.811371 809.888079 1303684499
1394.758966 809.776968 1303684502
1367.285814 811.221411 1303684505
1343.370932 811.776966 1303684508
1321.524811 811.554744 1303684512
1299.761441 812.888076 1303684528
1272.867542 818.332515 1303684536
1248.787159 818.443626 1303684538
1224.872276 817.999182 1303684540
1199.716137 815.332518 1303684542
1177.870016 813.554742 1303684544
1155.279141 813.332520 1303684547
1133.681272 815.110296 1303684553
1106.208120 814.332519 1303684557
1075.424949 812.332521 1303684560
1052.254821 811.110300 1303684562
1029.994948 810.332523 1303684564
1008.893581 809.999190 1303684566
988.867971 809.554746 1303684568
962.553325 808.999191 1303684571
941.120956 808.665858 1303684576
918.364581 807.665859 1303684591
894.615199 806.332527 1303684594
864.742284 805.554750 1303684597
842.730662 804.888084 1303684599
819.146782 804.221418 1303684601
794.238894 803.554752 1303684603
767.593246 802.999197 1303684605
740.616597 802.776975 1303684607
714.301952 802.554753 1303684609
688.070057 802.332531 1303684611
662.500165 802.554753 1303684613
638.006030 802.110309 1303684615
614.422149 801.888087 1303684617
592.907030 801.888087 1303684619
568.495645 801.554754 1303684622
548.387284 800.665866 1303684644
527.120416 800.665866 1303684648
492.613475 799.888089 1303684652
471.760360 799.332534 1303684654
449.086734 798.665868 1303684656
424.840850 797.665869 1303684658
400.760467 797.110314 1303684660
377.507588 796.221426 1303684662
355.413216 795.554760 1303684664
327.940064 795.332538 1303684667
307.500701 795.999204 1303684671
286.813087 794.332539 1303684690
260.250190 793.554762 1303684694
234.597548 792.110319 1303684697
211.344669 790.888098 1303684700
189.415798 788.110323 1303684706
165.500916 787.221435 1303684710
140.924030 786.443658 1303684713
118.664156 786.110325 1303684716
98.390294 786.110325 1303684725
86.722480 803.776974 1303684735
87.549984 824.443620 1303684738
88.377489 850.665816 1303684741
88.129238 870.999129 1303684743
87.467234 892.999107 1303684745
86.639729 915.665751 1303684747
86.060476 938.332395 1303684749
85.646724 961.221261 1303684751
85.232972 983.776794 1303684753
84.405467 1005.443439 1303684755
82.833208 1025.998974 1303684757
81.178199 1053.554502 1303684760
79.605940 1076.332257 1303684763
78.447434 1099.332234 1303684767
77.950931 1121.554434 1303684771
77.868181 1142.443302 1303684774
78.447434 1168.887720 1303684777
79.026687 1189.109922 1303684779
79.357689 1209.443235 1303684781
79.026687 1237.998762 1303684784
78.281933 1264.665402 1303684787
77.454428 1290.554265 1303684790
77.040676 1312.443132 1303684793
91.604757 1327.443117 1303684799
116.181643 1327.554228 1303684803
139.765523 1328.443116 1303684806
163.183903 1329.554226 1303684809
187.512537 1330.776447 1303684812
210.517165 1332.443112 1303684815
230.542775 1333.443111 1303684818
251.975144 1334.665332 1303684822
273.573013 1333.665333 1303684842
295.005382 1333.554222 1303684845
322.478534 1334.331999 1303684848
343.414400 1334.887554 1303684850
365.922524 1335.331998 1303684852
388.265148 1335.331998 1303684854
409.614766 1335.443109 1303684856
429.888628 1335.554220 1303684858
455.624021 1335.776442 1303684861
476.559886 1336.220886 1303684867
499.647264 1336.887552 1303684871
525.465407 1337.554218 1303684874
545.904770 1337.776440 1303684876
568.081893 1337.665329 1303684878
591.831274 1337.554218 1303684880
616.408160 1338.220884 1303684882
640.405793 1338.887550 1303684884
664.651677 1339.776438 1303684886
688.897561 1340.109771 1303684888
712.398691 1340.443104 1303684890
734.989566 1340.887548 1303684892
756.670186 1341.109770 1303684894
777.275050 1341.331992 1303684896
805.823958 1341.665325 1303684899
830.649095 1341.776436 1303684902
854.398477 1339.554216 1303684906
876.492849 1335.665331 1303684918
881.871629 1314.554241 1303684922
883.278386 1291.443153 1303684925
884.188642 1268.998731 1303684928
885.016146 1248.998751 1303684931
885.760900 1227.998772 1303684936
