149.778329 786.221436 1303686809
124.291188 785.665881 1303686812
104.265577 785.443659 1303686815
86.143227 795.888093 1303686820
87.632735 816.665850 1303686832
87.384483 842.665824 1303686837
86.639729 868.776909 1303686840
86.143227 889.443555 1303686842
85.646724 912.110199 1303686844
85.067471 936.221286 1303686846
84.488217 959.999040 1303686848
84.239966 982.443462 1303686850
83.908964 1003.332330 1303686852
83.412461 1024.776753 1303686854
82.998709 1046.554509 1303686856
82.088454 1068.887820 1303686858
81.426450 1092.554463 1303686860
80.516195 1117.109994 1303686862
79.688691 1141.998858 1303686864
79.109438 1166.887722 1303686866
78.778436 1191.776586 1303686868
78.199183 1215.665451 1303686870
77.702680 1238.443206 1303686872
77.040676 1260.220962 1303686874
76.875175 1280.554275 1303686876
76.957926 1303.220919 1303686879
83.495212 1325.332008 1303686888
105.258582 1326.998673 1303686892
128.180459 1327.443117 1303686895
156.067363 1327.887561 1303686898
176.258475 1328.332005 1303686900
197.442592 1328.443116 1303686902
217.716454 1328.443116 1303686904
244.693104 1328.665338 1303686907
264.801465 1328.887560 1303686913
288.219844 1329.332004 1303686923
312.134727 1330.220892 1303686926
342.421394 1331.109780 1303686929
365.674273 1331.554224 1303686931
390.582161 1331.998668 1303686933
415.241797 1332.220890 1303686935
437.667171 1332.332001 1303686937
460.258046 1332.554223 1303686940
481.690415 1333.443111 1303686946
502.460780 1333.998666 1303686949
530.016682 1334.443110 1303686952
551.614552 1334.776443 1303686954
575.529434 1335.331998 1303686956
600.851074 1335.665331 1303686958
626.917468 1336.220886 1303686960
652.487360 1336.998663 1303686962
677.726249 1337.776440 1303686964
703.047889 1338.665328 1303686966
728.286779 1339.331994 1303686968
753.277417 1339.776438 1303686970
777.357801 1340.220882 1303686972
800.527929 1340.554215 1303686974
821.794796 1340.443104 1303686976
847.116436 1339.443105 1303686979
867.142047 1338.665328 1303686984
880.878623 1319.443125 1303686989
882.781884 1295.887593 1303686992
883.609388 1266.443178 1303686995
883.361137 1243.554312 1303686997
883.195636 1219.221003 1303686999
883.609388 1194.221028 1303687001
884.354142 1169.332164 1303687003
885.264397 1144.554411 1303687005
886.753906 1120.109991 1303687007
888.077913 1097.332236 1303687009
889.732922 1071.443373 1303687012
905.621010 1056.443388 1303687016
927.963634 1055.665611 1303687019
954.940283 1057.443387 1303687022
978.772415 1058.998941 1303687025
1002.770048 1059.221163 1303687038
1029.415695 1059.332274 1303687042
1054.323583 1060.332273 1303687045
1076.583456 1061.332272 1303687048
1099.670834 1062.221160 1303687053
1122.509960 1062.887826 1303687057
1148.576354 1064.221158 1303687060
1177.373513 1065.443379 1303687063
1204.184662 1066.110045 1303687066
1228.182295 1066.443378 1303687069
1249.035410 1066.887822 1303687072
1270.633279 1066.887822 1303687076
1292.810402 1066.110045 1303687103
1317.470039 1065.887823 1303687108
1340.557416 1066.221156 1303687111
1367.699566 1066.776711 1303687114
1395.172718 1067.110044 1303687117
1420.328858 1067.332266 1303687120
1444.905744 1067.443377 1303687123
1466.669114 1066.443378 1303687126
1486.694725 1067.221155 1303687131
1498.445290 1047.221175 1303687137
1498.445290 1026.665640 1303687140
1499.603796 1000.332333 1303687143
1500.679552 980.110131 1303687145
1501.589807 957.776820 1303687147
1501.920809 933.999066 1303687149
1500.927803 908.999091 1303687151
1500.845053 885.999114 1303687153
1500.762303 863.776914 1303687155
1500.679552 843.443601 1303687157
1500.431301 823.110288 1303687160
1513.588623 806.888082 1303687167
1541.641029 806.888082 1303687171
1569.610683 807.776970 1303687174
1591.208553 808.221414 1303687176
1615.040685 809.110302 1303687178
1640.362325 809.888079 1303687180
1666.180468 810.332523 1303687182
1691.336607 810.776967 1303687184
1715.416990 811.221411 1303687186
1739.662874 811.888077 1303687188
1764.074259 812.665854 1303687190
1788.485644 813.332520 1303687192
1812.814279 814.110297 1303687194
1836.149908 814.776963 1303687196
1857.168524 815.332518 1303687198
1881.000656 815.888073 1303687201
1903.426030 816.221406 1303687208
1927.423663 817.110294 1303687212
1953.821059 817.554738 1303687215
1982.783719 817.888071 1303687218
2010.422372 818.332515 1303687221
2035.330260 818.888070 1303687224
2056.266126 818.999181 1303687227
2081.339514 818.221404 1303687231
2102.854633 817.110294 1303687244
2129.252029 819.999180 1303687249
2154.739170 821.999178 1303687252
2175.178534 822.776955 1303687254
2197.686658 823.221399 1303687256
2222.015293 823.665843 1303687258
2247.585184 823.888065 1303687260
2274.313582 824.443620 1303687262
2301.952235 824.888064 1303687264
2329.839139 825.665841 1303687266
2357.726043 826.332507 1303687268
2385.447447 826.665840 1303687270
2412.755098 826.888062 1303687272
2438.655991 827.332506 1303687274
2461.660618 827.665839 1303687276
2488.885519 828.554727 1303687279
