3315.645343 625.554930 1303693159
3316.638348 603.443841 1303693175
3307.122046 585.110526 1303693193
3283.041662 582.888306 1303693197
3259.126780 582.666084 1303693200
3231.819129 582.332751 1303693203
3205.173482 582.221640 1303693206
3180.513845 581.999418 1303693209
3156.019710 581.443863 1303693212
3128.960310 580.777197 1303693215
3099.252896 580.221642 1303693218
3069.793733 579.888309 1303693221
3042.486082 579.666087 1303693224
3017.826445 579.221643 1303693227
2994.656317 580.221642 1303693231
2984.643512 601.332732 1303693236
2986.795024 628.666038 1303693240
2986.629523 653.999346 1303693243
2986.050269 681.110430 1303693246
2985.222765 709.332624 1303693249
2984.229759 737.554818 1303693252
2983.567756 763.221459 1303693255
2982.823002 786.665880 1303693258
2979.678484 810.776967 1303693262
2975.623712 833.665833 1303693289
2957.584112 843.443601 1303693294
2936.565496 840.665826 1303693312
2916.043382 839.110272 1303693316
2894.859265 838.443606 1303693319
2869.951377 838.110273 1303693322
2845.788244 837.999162 1303693325
2823.776622 837.665829 1303693328
2801.930501 836.999163 1303693331
2779.422376 836.443608 1303693334
2758.238259 835.888053 1303693337
2738.129898 835.443609 1303693342
2713.470261 834.999165 1303693348
2691.541390 834.443610 1303693351
2666.385251 833.776944 1303693354
2642.884121 833.221389 1303693357
2621.286252 832.999167 1303693360
2598.943628 832.776945 1303693363
2575.194247 831.999168 1303693366
2548.631350 831.554724 1303693369
2519.834190 831.332502 1303693372
2489.713024 831.110280 1303693375
2468.694407 830.332503 1303693377
2447.096538 829.221393 1303693379
2425.250417 828.776949 1303693381
2403.735298 828.776949 1303693383
2382.468430 828.776949 1303693385
2361.201563 828.554727 1303693387
2339.769194 828.332505 1303693389
2318.254075 827.888061 1303693391
2296.987207 827.221395 1303693393
2275.306587 826.888062 1303693395
2253.460467 826.554729 1303693397
2232.690102 826.110285 1303693399
2203.313689 825.554730 1303693402
2174.268279 825.110286 1303693405
2145.305618 825.110286 1303693408
2116.425709 824.888064 1303693411
2088.290553 824.110287 1303693414
2059.493394 822.776955 1303693417
2029.951480 821.888067 1303693420
2000.906069 821.332512 1303693423
1973.350167 820.776957 1303693426
1947.614775 820.332513 1303693429
1924.941149 820.110291 1303693433
1901.522770 819.554736 1303693440
1879.511148 819.110292 1303693443
1852.451748 818.665848 1303693446
1824.647594 818.665848 1303693449
1797.919196 818.221404 1303693452
1770.197793 817.443627 1303693455
1741.152382 817.332516 1303693458
1711.775970 817.665849 1303693461
1688.109339 818.888070 1303693464
1665.021961 816.776961 1303693484
1642.513837 813.999186 1303693488
1618.516204 813.332520 1303693491
1591.456804 812.554743 1303693494
1564.645656 812.221410 1303693497
1540.317021 811.999188 1303693500
1518.636401 811.888077 1303693505
1494.887020 812.332521 1303693511
1471.882393 811.554744 1303693514
1442.754232 809.888079 1303693517
1420.577109 809.443635 1303693519
1398.896489 809.332524 1303693521
1378.043374 809.554746 1303693523
1349.080713 811.443633 1303693526
1328.889602 811.888077 1303693529
1307.374483 810.999189 1303693549
1285.942114 809.554746 1303693553
1265.916503 808.332525 1303693556
1236.126339 807.221415 1303693559
1215.024972 806.665860 1303693561
1185.400308 806.110305 1303693564
1157.430653 805.443639 1303693567
1136.991290 805.888083 1303693570
1116.634677 805.776972 1303693576
1091.809540 804.888084 1303693580
1065.577645 804.776973 1303693583
1036.201232 805.332528 1303693586
1007.735075 805.110306 1303693589
982.827187 804.888084 1303693592
961.891321 804.665862 1303693595
941.451958 803.999196 1303693601
920.185091 802.110309 1303693624
899.166474 800.888088 1303693627
873.348332 799.221423 1303693630
853.074469 798.332535 1303693632
831.062848 797.665869 1303693634
807.478967 797.221425 1303693636
783.481334 796.665870 1303693638
759.318201 796.110315 1303693640
734.741315 795.443649 1303693642
709.916177 794.888094 1303693644
685.008290 794.554761 1303693646
660.596905 794.110317 1303693648
636.847523 793.776984 1303693650
613.925646 793.443651 1303693652
592.162276 793.443651 1303693654
566.178632 793.888095 1303693657
545.739269 794.221428 1303693664
492.116972 793.221429 1303693680
463.733565 792.332541 1303693683
442.963201 791.665875 1303693685
421.530832 791.332542 1303693687
400.760467 791.332542 1303693689
371.632306 791.332542 1303693692
344.490156 791.443653 1303693695
321.651029 791.443653 1303693698
300.632413 790.554765 1303693716
277.379535 787.999212 1303693721
253.630153 786.776991 1303693724
228.308513 786.221436 1303693727
204.062629 785.443659 1303693731
180.561499 784.888104 1303693737
158.798129 784.221438 1303693740
134.883246 784.332549 1303693743
114.774885 784.888104 1303693746
94.087271 787.110324 1303693755
85.646724 805.332528 1303693760
87.632735 825.999174 1303693763
88.129238 852.332481 1303693766
87.715485 882.776895 1303693769
87.218983 904.665762 1303693771
86.639729 927.665739 1303693773
86.225977 950.999049 1303693775
85.812225 974.999025 1303693777
85.563973 998.999001 1303693779
85.315722 1022.443422 1303693781
84.819219 1045.554510 1303693783
84.322716 1068.221154 1303693785
83.660713 1090.665576 1303693787
82.833208 1113.109998 1303693789
82.502206 1135.887753 1303693791
82.419456 1158.887730 1303693793
81.674702 1182.221040 1303693795
81.178199 1204.665462 1303693797
81.178199 1225.998774 1303693799
81.012698 1245.998754 1303693801
80.847197 1272.998727 1303693804
82.253955 1296.776481 1303693808
81.591951 1318.109793 1303693829
100.376305 1326.443118 1303693839
127.187454 1329.776448 1303693844
150.688584 1331.554224 1303693847
174.603466 1333.109778 1303693850
196.697838 1334.554221 1303693853
222.267730 1336.220886 1303693857
243.038095 1337.776440 1303693861
263.063705 1336.998663 1303693867
285.489079 1336.443108 1303693878
307.831703 1336.331997 1303693881
337.290866 1336.887552 1303693884
358.888735 1336.665330 1303693886
379.741851 1336.331997 1303693888
409.201014 1336.554219 1303693891
435.101907 1336.554219 1303693894
458.437536 1337.109774 1303693898
483.510925 1338.998661 1303693905
504.943293 1338.776439 1303693908
532.499196 1338.998661 1303693911
553.600563 1339.331994 1303693913
576.191438 1339.998660 1303693915
599.196065 1341.220881 1303693917
622.531694 1342.109769 1303693919
646.198325 1342.554213 1303693921
669.947706 1343.220879 1303693923
693.862589 1343.220879 1303693925
717.115467 1343.443101 1303693927
739.458091 1343.665323 1303693929
760.724958 1343.443101 1303693931
781.743575 1342.443102 1303693933
809.713230 1342.665324 1303693936
833.297110 1343.776434 1303693939
855.225981 1343.109768 1303693943
875.830845 1340.331993 1303693951
883.692139 1321.887567 1303693954
885.926401 1298.332035 1303693957
886.836656 1270.776507 1303693960
887.415909 1246.554309 1303693963
888.574416 1226.109885 1303693969
