3323.092884 610.443834 1301841020
3323.837638 587.777190 1301841040
3304.225780 575.888313 1301841049
3279.483393 575.777202 1301841053
3258.961279 575.999424 1301841056
3234.880896 574.777203 1301841060
3213.696779 573.888315 1301841063
3189.699146 573.221649 1301841067
3169.673535 572.554983 1301841071
3148.654919 571.666095 1301841076
3125.402040 572.777205 1301841092
3098.756393 572.554983 1301841096
3075.420764 571.888317 1301841099
3053.243641 571.888317 1301841102
3031.645772 571.221651 1301841105
3006.075880 571.999428 1301841109
2993.497811 591.554964 1301841114
2993.911563 611.777166 1301841117
2992.753057 636.110475 1301841120
2991.346299 662.888226 1301841123
2988.036280 691.110420 1301841126
2985.222765 718.110393 1301841129
2982.492000 746.999253 1301841132
2981.333493 773.554782 1301841135
2979.347482 796.443648 1301841138
2977.775224 817.332516 1301841143
2963.955897 833.332500 1301841151
2943.764786 833.888055 1301841154
2916.126133 830.665836 1301841157
2895.024766 829.665837 1301841159
2873.757898 828.999171 1301841161
2852.573781 829.110282 1301841163
2831.555165 829.110282 1301841165
2810.784800 828.999171 1301841167
2781.739389 827.999172 1301841170
2755.590245 826.999173 1301841173
2734.406127 827.443617 1301841177
2710.656746 828.888060 1301841183
2689.638130 831.999168 1301841186
2666.881754 836.332497 1301841189
2642.553119 838.110273 1301841192
2616.238474 837.776940 1301841195
2587.110312 836.221386 1301841198
2557.568399 834.665832 1301841201
2537.294537 833.110278 1301841203
2516.275921 832.221390 1301841205
2494.098798 831.888057 1301841207
2471.011420 830.776947 1301841209
2447.675791 829.999170 1301841211
2424.009160 829.332504 1301841213
2400.094278 828.888060 1301841215
2375.517392 826.999173 1301841217
2351.437009 824.776953 1301841219
2328.018629 823.221399 1301841221
2306.420760 821.665845 1301841223
2284.574639 820.999179 1301841225
2263.307771 820.110291 1301841227
2243.282160 818.221404 1301841229
2223.173799 816.221406 1301841231
2202.899937 814.999185 1301841233
2182.626075 814.332519 1301841235
2161.441958 813.776964 1301841237
2139.595837 812.443632 1301841239
2117.915217 812.443632 1301841241
2096.151846 812.554743 1301841243
2074.636727 812.443632 1301841245
2054.362865 811.999188 1301841247
2025.979458 810.221412 1301841250
1998.009803 808.554747 1301841253
1970.288400 809.110302 1301841256
1946.621769 808.888080 1301841259
1924.527397 809.776968 1301841264
1902.102023 810.888078 1301841269
1874.297869 810.554745 1301841272
1851.541493 809.999190 1301841274
1828.619616 809.665857 1301841276
1804.621984 809.665857 1301841278
1780.127848 808.776969 1301841280
1755.716463 808.443636 1301841282
1732.215333 807.776970 1301841284
1709.127955 807.554748 1301841286
1686.040578 807.221415 1301841288
1663.201451 806.665860 1301841290
1640.858828 806.554749 1301841292
1618.267953 806.999193 1301841294
1596.256331 808.110303 1301841296
1575.982469 808.221414 1301841298
1547.599062 809.665857 1301841301
1527.407950 809.665857 1301841304
1507.382339 808.443636 1301841311
1480.157439 809.332524 1301841315
1452.022283 809.332524 1301841318
1424.549131 811.554744 1301841321
1398.565487 811.221411 1301841324
1376.140113 811.888077 1301841327
1353.549238 811.332522 1301841330
1330.627361 810.888078 1301841333
1310.187998 811.554744 1301841337
1292.727652 797.443647 1301841345
1272.122788 801.999198 1301841348
1242.332623 803.665863 1301841351
1220.734753 804.110307 1301841353
1199.302385 804.443640 1301841355
1179.028523 803.999196 1301841357
1155.030890 803.110308 1301841360
1132.522765 803.665863 1301841367
1104.553111 802.332531 1301841371
1073.521689 800.221422 1301841374
1050.351561 798.443646 1301841376
1027.346933 797.221425 1301841378
1005.997315 796.443648 1301841380
985.723453 796.332537 1301841382
959.160556 794.665872 1301841385
937.645437 793.888095 1301841390
916.213069 792.999207 1301841419
892.877440 793.776984 1301841422
861.763267 793.999206 1301841425
837.103631 793.554762 1301841427
811.037237 792.888096 1301841429
784.557090 792.110319 1301841431
757.911443 790.999209 1301841433
731.348546 790.554765 1301841435
705.447653 787.665879 1301841437
680.291514 783.776994 1301841439
655.962879 779.776998 1301841441
632.875501 778.554777 1301841443
610.615628 776.665890 1301841445
590.176265 775.999224 1301841447
567.171638 775.888113 1301841450
546.070271 778.332555 1301841461
523.231145 780.221442 1301841477
499.564514 781.443663 1301841480
479.207901 781.776996 1301841482
455.293019 780.554775 1301841484
430.798883 780.332553 1301841486
406.884001 780.221442 1301841488
384.044875 779.999220 1301841490
362.529756 779.443665 1301841492
342.338644 778.332555 1301841494
316.768752 776.777001 1301841497
295.998388 775.110336 1301841502
275.890026 776.554779 1301841506
252.637148 776.999223 1301841509
225.825999 774.554781 1301841512
204.393631 772.888116 1301841516
178.409987 774.777003 1301841522
150.936835 773.110338 1301841526
129.752718 771.888117 1301841529
106.996342 776.999223 1301841535
94.418272 794.999205 1301841541
94.666524 816.332517 1301841567
94.749274 837.221385 1301841570
94.418272 865.665801 1301841573
92.515012 885.776892 1301841575
91.770258 907.887981 1301841577
92.846014 929.999070 1301841579
90.942753 958.665708 1301841582
88.542990 983.665683 1301841585
86.060476 1006.221216 1301841589
86.474228 1026.332307 1301841592
85.067471 1053.554502 1301841595
83.246961 1075.665591 1301841597
81.840203 1100.443344 1301841599
82.088454 1126.887762 1301841601
81.840203 1153.443291 1301841603
81.343700 1179.443265 1301841605
80.433445 1204.332129 1301841607
79.854192 1227.887661 1301841609
79.192188 1249.998750 1301841611
78.281933 1270.220952 1301841613
78.364684 1294.332039 1301841616
85.563973 1316.443128 1301841640
111.216615 1322.887566 1301841645
136.455505 1325.887563 1301841648
157.060369 1327.887561 1301841650
179.402992 1329.665337 1301841652
202.904123 1330.776447 1301841654
228.060262 1331.887557 1301841656
255.450663 1332.109779 1301841658
283.006566 1333.332000 1301841660
310.562468 1334.776443 1301841662
337.456367 1335.554220 1301841664
363.026258 1335.554220 1301841666
388.016897 1335.665331 1301841668
411.187025 1336.443108 1301841670
431.709138 1336.331997 1301841672
452.727755 1335.776442 1301841675
473.249868 1335.887553 1301841681
493.854732 1337.554218 1301841684
524.389651 1338.554217 1301841687
547.394278 1339.554216 1301841689
571.888414 1340.665326 1301841691
596.630801 1341.665325 1301841693
622.531694 1341.887547 1301841695
648.349837 1341.443103 1301841697
673.671477 1340.443104 1301841699
697.669110 1340.998659 1301841701
721.583992 1341.665325 1301841703
744.671370 1342.443102 1301841705
766.517491 1343.998656 1301841707
787.784358 1344.443100 1301841709
816.416017 1344.998655 1301841712
841.323904 1343.331990 1301841715
861.928768 1343.109768 1301841720
876.327348 1325.332008 1301841733
881.292375 1300.998699 1301841736
883.443887 1279.109832 1301841738
884.602394 1252.332081 1301841740
885.264397 1222.887666 1301841742
886.257403 1192.887696 1301841744
887.167658 1163.998836 1301841746
888.739917 1136.332197 1301841748
890.229425 1109.776668 1301841750
891.718933 1084.776693 1301841752
893.953196 1064.221158 1301841754
906.862267 1045.221177 1301841758
927.218880 1047.554508 1301841761
953.450775 1049.110062 1301841764
976.041650 1049.665617 1301841767
997.970521 1055.221167 1301841786
1020.313145 1058.221164 1301841790
1041.000759 1063.554492 1301841793
1063.260632 1065.887823 1301841796
1083.534494 1065.998934 1301841800
1104.635861 1068.110043 1301841805
1132.191764 1069.665597 1301841808
1155.692894 1070.554485 1301841810
1181.180035 1071.554484 1301841812
1207.080928 1072.332261 1301841814
1232.733570 1072.221150 1301841816
1257.393206 1072.665594 1301841818
1280.977087 1072.443372 1301841820
1302.740457 1073.998926 1301841822
1324.421077 1075.332258 1301841824
1347.260203 1076.443368 1301841826
1370.347581 1076.665590 1301841828
1393.103957 1076.998923 1301841830
1415.281080 1076.887812 1301841832
1436.465197 1076.998923 1301841834
1463.441846 1077.110034 1301841837
1484.543213 1076.887812 1301841842
1495.383523 1055.998944 1301841849
1495.880026 1030.110081 1301841853
1495.135271 1001.554554 1301841856
1496.211027 980.554575 1301841858
1496.955781 959.887929 1301841860
1496.955781 938.443506 1301841862
1497.038532 916.776861 1301841864
1497.617785 896.776881 1301841866
1498.197038 868.665798 1301841869
1497.535035 845.999154 1301841872
1498.445290 825.665841 1301841876
1504.072321 804.443640 1301841888
1527.738952 808.332525 1301841892
1550.826329 813.776964 1301841895
1570.851940 814.999185 1301841897
1591.043052 815.110296 1301841899
1619.343709 814.665852 1301841902
1645.410103 814.443630 1301841905
1665.435714 813.110298 1301841908
