3174.638563 584.666082 1302751785
3153.288945 584.666082 1302751787
3131.442824 584.666082 1302751791
3105.293679 579.999420 1302751803
3075.503514 580.332753 1302751806
3051.257630 581.110530 1302751808
3024.115480 582.888306 1302751810
2993.994313 583.777194 1302751812
2962.880141 584.332749 1302751814
2931.683219 584.554971 1302751816
2901.479302 584.666082 1302751818
2873.426896 585.332748 1302751820
2848.519009 585.554970 1302751822
2827.334891 586.221636 1302751824
2806.647277 586.999413 1302751826
2783.063396 586.554969 1302751828
2756.417749 586.332747 1302751830
2727.124087 585.443859 1302751832
2694.768658 584.666082 1302751834
2660.509969 584.221638 1302751836
2625.754776 583.554972 1302751838
2593.730349 582.666084 1302751840
2564.767689 580.666086 1302751842
2537.294537 579.888309 1302751844
2508.911130 580.554975 1302751846
2478.458961 580.110531 1302751848
2448.089543 580.666086 1302751850
2418.961382 580.443864 1302751852
2392.150234 580.888308 1302751854
2367.407847 580.777197 1302751856
2343.658466 580.554975 1302751858
2306.007007 580.110531 1302751861
2279.857863 579.221643 1302751863
2253.212215 578.888310 1302751865
2226.566568 577.777200 1302751867
2199.672669 577.110534 1302751869
2173.523524 576.666090 1302751871
2150.187895 575.888313 1302751873
2129.996784 574.666092 1302751875
2100.206619 573.110538 1302751878
2076.953740 571.999428 1302751880
2050.059841 570.332763 1302751882
2019.855924 568.666098 1302751884
1988.079748 567.221655 1302751886
1955.393318 566.110545 1302751888
1923.368890 564.999435 1302751890
1892.420219 563.554992 1302751892
1863.126557 562.443882 1302751894
1835.653405 561.777216 1302751896
1810.745517 561.443883 1302751898
1789.478650 561.332772 1302751900
1764.984514 560.777217 1302751903
1743.386645 560.666106 1302751929
1720.051016 559.443885 1302751932
1698.618647 558.999441 1302751934
1674.290013 558.999441 1302751936
1648.389119 558.554997 1302751938
1623.232980 558.332775 1302751940
1601.138608 558.332775 1302751942
1576.561722 558.777219 1302751945
1552.895091 556.443888 1302751960
1530.552467 555.888333 1302751963
1510.609607 565.554990 1302751967
1510.030354 593.332740 1302751971
1509.285600 624.221598 1302751974
1507.961592 649.999350 1302751976
1507.216838 679.221543 1302751978
1505.810080 709.554846 1302751980
1504.982576 739.554816 1302751982
1504.734325 766.110345 1302751984
1504.237822 786.221436 1302751986
1500.431301 806.776971 1302751991
1478.171428 815.888073 1302751995
1448.877765 818.999181 1302751998
1423.721626 818.554737 1302752000
1395.255469 817.332516 1302752002
1365.382554 816.665850 1302752004
1340.226414 817.332516 1302752006
1315.070275 816.221406 1302752009
1291.982898 803.221419 1302752020
1261.613480 801.110310 1302752023
1238.112349 800.776977 1302752025
1216.928232 800.888088 1302752027
1190.779088 802.554753 1302752030
1165.953950 810.554745 1302752037
1140.880562 813.888075 1302752040
1118.041435 813.776964 1302752042
1089.409777 813.110298 1302752044
1058.212854 812.999187 1302752046
1027.760686 813.221409 1302752048
1000.866787 813.221409 1302752050
978.275912 812.332521 1302752052
955.767788 810.776967 1302752055
931.273652 807.221415 1302752080
906.531265 805.110306 1302752083
883.361137 804.665862 1302752085
856.384488 804.776973 1302752087
825.849569 803.999196 1302752089
792.004632 803.554752 1302752091
756.918437 803.999196 1302752093
722.328746 803.443641 1302752095
687.408053 803.110308 1302752097
653.397615 802.776975 1302752099
622.614444 803.110308 1302752101
596.382549 802.776975 1302752103
575.694935 801.999198 1302752105
