919.688588 797.443647 1303697386
894.449698 797.888091 1303697401
869.128058 796.665870 1303697404
848.854196 795.776982 1303697406
827.256327 795.110316 1303697408
804.996453 794.221428 1303697410
781.991826 793.332540 1303697412
758.738948 792.888096 1303697414
735.568819 792.332541 1303697416
712.729693 792.110319 1303697418
690.718071 791.665875 1303697420
669.285703 790.999209 1303697422
648.184336 790.554765 1303697424
627.744973 790.221432 1303697426
598.865063 790.110321 1303697429
573.129671 790.332543 1303697432
551.614552 790.888098 1303697436
528.692675 791.554764 1303697457
501.467774 791.443653 1303697461
473.746371 790.332543 1303697464
444.783711 788.665878 1303697467
417.062307 787.221435 1303697470
389.258153 785.888103 1303697473
362.364255 785.554770 1303697476
338.118371 786.665880 1303697479
316.603252 786.776991 1303697483
294.922632 786.221436 1303697503
272.166256 783.999216 1303697507
247.341118 782.665884 1303697510
220.116218 781.332552 1303697513
197.277091 780.665886 1303697517
172.451954 780.221442 1303697525
149.116325 779.554776 1303697528
123.794685 778.776999 1303697531
99.631551 779.332554 1303697535
85.812225 797.776980 1303697541
86.970731 817.999182 1303697545
87.549984 841.110270 1303697548
87.798236 868.665798 1303697551
87.549984 897.887991 1303697554
87.218983 924.776853 1303697557
86.805230 949.999050 1303697560
86.308727 972.999027 1303697563
86.556979 995.110116 1303697566
86.474228 1017.776760 1303697569
85.812225 1044.887844 1303697572
85.150221 1066.332267 1303697574
84.405467 1089.887799 1303697576
83.908964 1114.776663 1303697578
83.329711 1140.109971 1303697580
82.833208 1164.998835 1303697582
82.419456 1189.109922 1303697584
82.005704 1212.221010 1303697586
81.591951 1233.998766 1303697588
81.178199 1254.443190 1303697590
80.764447 1282.332051 1303697593
80.598946 1306.220916 1303697597
92.515012 1324.887564 1303697613
114.609384 1326.220896 1303697617
138.027764 1325.887563 1303697620
165.004413 1326.554229 1303697623
191.236308 1327.665339 1303697626
214.489187 1328.443116 1303697629
234.928550 1329.220893 1303697632
257.602175 1329.998670 1303697636
278.869043 1328.776449 1303697648
300.053160 1328.776449 1303697651
327.774563 1329.998670 1303697654
348.627679 1330.665336 1303697656
370.142798 1331.109780 1303697658
391.244164 1331.554224 1303697660
411.518027 1331.776446 1303697662
439.653182 1332.109779 1303697665
463.071562 1333.332000 1303697669
487.400196 1333.109778 1303697675
509.908321 1332.776445 1303697678
538.374478 1333.220889 1303697681
559.475845 1333.776444 1303697683
581.404716 1334.331999 1303697685
603.664590 1334.998665 1303697687
625.758962 1335.443109 1303697689
648.018835 1335.665331 1303697691
670.526959 1336.109775 1303697693
692.952334 1336.887552 1303697695
715.294957 1337.443107 1303697697
736.975577 1337.665329 1303697699
757.580441 1337.887551 1303697701
786.956854 1338.887550 1303697704
813.685251 1338.998661 1303697707
837.682884 1337.776440 1303697710
859.860007 1337.665329 1303697715
879.223614 1323.665343 1303697725
881.871629 1303.332030 1303697728
883.195636 1277.332056 1303697731
884.188642 1257.109854 1303697733
884.767895 1235.665431 1303697735
885.512649 1213.443231 1303697737
886.753906 1191.332142 1303697739
887.664161 1169.665497 1303697741
888.491665 1147.776630 1303697743
889.732922 1126.332207 1303697745
891.139680 1105.776672 1303697747
892.298186 1080.665586 1303697750
897.428715 1060.998939 1303697755
919.440337 1057.665609 1303697760
941.700210 1058.887830 1303697763
964.291085 1059.554496 1303697766
986.137206 1058.665608 1303697769
1011.210594 1059.998940 1303697772
1038.683746 1061.110050 1303697775
1064.005386 1062.887826 1303697778
1084.610250 1064.443380 1303697781
1105.380615 1065.554490 1303697788
1128.385242 1064.443380 1303697792
1154.534387 1065.332268 1303697795
1174.808249 1065.998934 1303697797
1195.744115 1066.221156 1303697799
1216.100728 1066.665600 1303697801
1244.732386 1067.332266 1303697804
1267.406012 1066.776711 1303697807
1287.597123 1065.110046 1303697818
1309.691495 1064.443380 1303697822
1334.433882 1064.221158 1303697825
1360.748528 1064.221158 1303697828
1386.070168 1063.998936 1303697831
1411.226307 1064.998935 1303697834
1437.458202 1065.998934 1303697837
1461.704086 1065.887823 1303697840
1482.391701 1066.665600 1303697844
1499.852047 1054.110057 1303697852
1499.272794 1029.998970 1303697856
1499.190044 1004.332329 1303697859
1499.272794 974.110137 1303697862
1499.686547 952.665714 1303697864
1500.100299 931.776846 1303697866
1500.348550 911.221311 1303697868
1500.596802 891.110220 1303697870
1501.010554 863.221359 1303697873
1501.258805 838.888050 1303697876
1500.927803 818.110293 1303697881
1519.050154 803.665863 1303697889
1540.482522 803.443641 1303697892
1566.797168 804.776973 1303697895
1592.780812 804.776973 1303697898
1617.440448 805.999194 1303697901
1641.189829 806.665860 1303697904
1662.373947 806.332527 1303697907
1683.806315 806.221416 1303697911
