1737.676863 815.776962 1303699039
1716.740997 816.888072 1303699045
1693.819121 818.332515 1303699049
1673.214257 819.221403 1303699067
1648.223618 818.554737 1303699072
1622.901978 817.554738 1303699075
1594.270320 815.443629 1303699078
1565.721412 814.776963 1303699081
1540.399772 814.554741 1303699084
1519.546656 811.221411 1303699089
1495.218022 810.221412 1303699094
1471.468640 808.665858 1303699097
1442.836982 807.221415 1303699100
1422.314869 806.665860 1303699102
1401.958256 805.776972 1303699104
1372.250842 804.665862 1303699107
1344.446688 803.665863 1303699110
1322.600567 803.554752 1303699113
1302.326705 814.110297 1303699128
1275.681057 812.999187 1303699131
1246.718397 812.888076 1303699134
1217.176484 811.776966 1303699137
1189.868833 808.776969 1303699140
1164.712693 805.888083 1303699143
1143.280325 807.221415 1303699147
1119.282692 807.221415 1303699151
1094.292054 806.665860 1303699154
1074.100942 806.443638 1303699156
1051.013564 805.443639 1303699158
1028.836442 805.221417 1303699160
1007.486824 804.888084 1303699162
987.295712 804.110307 1303699164
964.042833 803.443641 1303699167
943.189718 800.665866 1303699183
921.343597 799.110312 1303699189
900.738733 797.110314 1303699192
874.093086 795.332538 1303699195
853.488222 794.554761 1303699197
831.642101 794.110317 1303699199
809.299477 792.999207 1303699201
786.377600 792.221430 1303699203
763.621225 791.888097 1303699205
741.940605 791.665875 1303699207
712.233190 791.554764 1303699210
684.015284 788.332545 1303699213
663.741422 789.443655 1303699215
642.391804 789.332544 1303699217
622.366193 789.221433 1303699219
594.396538 789.332544 1303699222
571.391911 789.332544 1303699225
548.801036 789.776988 1303699230
490.627464 788.888100 1303699247
460.258046 787.665879 1303699250
438.577426 786.443658 1303699252
417.310559 784.665882 1303699254
396.705695 783.554772 1303699256
367.825785 782.888106 1303699259
340.931886 782.665884 1303699262
317.513507 782.665884 1303699265
296.660391 782.776995 1303699272
270.759498 782.554773 1303699277
248.499625 781.665885 1303699280
225.825999 781.221441 1303699283
205.800389 781.665885 1303699287
184.533521 782.665884 1303699293
164.011407 782.999217 1303699296
143.323793 781.999218 1303699299
118.084903 783.443661 1303699303
96.652535 791.110320 1303699308
92.349511 811.110300 1303699316
91.522006 831.554724 1303699333
90.280749 852.443592 1303699336
89.204994 879.665787 1303699339
88.377489 899.999100 1303699341
87.798236 920.332413 1303699343
87.384483 949.554606 1303699346
86.805230 976.776801 1303699349
86.060476 1004.998995 1303699352
84.819219 1034.998965 1303699355
84.157216 1056.110055 1303699357
83.495212 1077.887811 1303699359
83.081460 1100.332233 1303699361
82.502206 1122.776655 1303699363
82.171205 1145.109966 1303699365
81.840203 1167.332166 1303699367
81.591951 1189.221033 1303699369
81.178199 1210.109901 1303699371
80.598946 1239.220983 1303699374
80.019693 1265.887623 1303699377
79.854192 1290.109821 1303699380
79.854192 1310.998689 1303699385
96.569784 1326.220896 1303699396
121.312171 1325.443119 1303699400
146.137308 1326.332007 1303699403
176.423976 1327.109784 1303699406
199.263102 1327.998672 1303699408
223.508986 1328.776449 1303699410
248.996127 1329.332004 1303699412
274.235017 1330.109781 1303699414
299.308406 1330.443114 1303699416
324.216294 1330.665336 1303699418
348.462178 1331.220891 1303699420
372.046058 1331.554224 1303699422
394.636933 1331.776446 1303699424
415.324548 1331.887557 1303699426
439.735933 1332.220890 1303699429
461.664804 1332.665334 1303699434
485.827938 1333.332000 1303699440
509.660070 1333.665333 1303699443
539.615735 1334.331999 1303699446
561.792858 1334.776443 1303699448
584.714735 1334.887554 1303699450
607.802112 1334.998665 1303699452
630.310237 1335.443109 1303699454
652.570110 1335.776442 1303699456
674.664482 1336.331997 1303699458
696.924356 1336.776441 1303699460
719.432480 1337.109774 1303699462
742.354357 1337.554218 1303699464
764.283228 1338.331995 1303699466
784.888092 1338.776439 1303699468
814.099004 1339.109772 1303699471
839.420644 1337.776440 1303699474
860.853012 1336.554219 1303699478
879.968368 1322.776455 1303699505
883.857640 1294.776483 1303699509
884.519643 1265.998734 1303699512
884.933396 1244.332089 1303699514
885.098897 1221.998778 1303699516
885.429898 1199.776578 1303699518
886.174653 1177.776600 1303699520
887.084908 1155.887733 1303699522
888.326164 1133.887755 1303699524
889.650172 1112.221110 1303699526
890.643177 1092.221130 1303699528
891.884434 1069.887819 1303699531
906.779516 1052.887836 1303699536
928.294636 1051.332282 1303699540
952.788771 1051.110060 1303699544
973.724637 1052.110059 1303699547
996.232761 1052.554503 1303699550
1019.651141 1053.776724 1303699553
1040.752508 1054.332279 1303699556
1066.901652 1053.665613 1303699560
1087.920269 1054.221168 1303699565
1113.490160 1054.443390 1303699571
1136.660288 1055.110056 1303699574
1163.802438 1055.665611 1303699577
1193.427102 1056.554499 1303699580
1213.452713 1056.887832 1303699582
1233.478324 1057.221165 1303699584
1262.854736 1057.443387 1303699587
1290.576140 1057.665609 1303699590
1326.903591 1057.554498 1303699594
1354.790495 1057.776720 1303699597
1381.601643 1057.998942 1303699600
1406.344030 1058.998941 1303699603
1428.438402 1059.110052 1303699606
1453.925543 1058.887830 1303699610
1476.019916 1060.221162 1303699616
1492.983760 1047.332286 1303699622
1496.128277 1025.221197 1303699626
1499.852047 1004.221218 1303699629
1502.417312 977.665689 1303699632
1503.989570 948.776829 1303699635
1504.817075 920.887968 1303699638
1506.968587 895.887993 1303699641
1508.209844 872.554683 1303699644
1509.037348 852.443592 1303699647
1509.699352 830.665836 1303699651
1514.995381 810.888078 1303699660
1540.399772 804.999195 1303699665
1562.411394 803.888085 1303699668
1588.312287 803.221419 1303699671
1617.109446 803.554752 1303699674
1646.072106 803.888085 1303699677
1671.559247 803.665863 1303699680
1693.074366 803.554752 1303699685
