2980.423238 824.443620 1303700506
2965.031653 841.443603 1303700518
2944.178538 840.888048 1303700536
2917.946643 839.443605 1303700541
2893.866259 838.665828 1303700544
2865.731104 837.888051 1303700547
2836.602943 838.776939 1303700550
2808.550537 837.888051 1303700553
2782.070391 836.554719 1303700556
2758.403760 835.665831 1303700559
2736.888641 835.443609 1303700564
2712.642757 839.665827 1303700572
2690.134632 841.665825 1303700575
2662.744231 841.665825 1303700578
2632.871316 841.221381 1303700581
2603.163901 841.221381 1303700584
2573.208236 839.776938 1303700587
2543.749073 839.888049 1303700590
2514.455410 839.221383 1303700593
2484.996248 838.110273 1303700596
2464.639635 837.332496 1303700598
2444.034771 836.888052 1303700600
2423.347156 836.999163 1303700602
2402.742292 836.888052 1303700604
2382.137428 836.110275 1303700606
2361.780816 835.110276 1303700608
2341.424203 833.999166 1303700610
2321.398592 832.999167 1303700612
2292.104930 831.443613 1303700615
2262.728518 829.554726 1303700618
2234.179610 827.999172 1303700621
2205.878953 826.776951 1303700624
2177.412796 824.999175 1303700627
2149.277640 824.554731 1303700630
2121.390736 824.443620 1303700633
2092.262575 823.888065 1303700636
2072.154214 823.443621 1303700638
2042.364049 823.776954 1303700641
2012.408383 823.776954 1303700644
1973.598418 824.554731 1303700648
1948.525030 824.332509 1303700651
1926.596158 824.110287 1303700656
1904.998289 824.999175 1303700662
1883.317669 825.221397 1303700665
1857.168524 825.554730 1303700668
1829.281620 825.443619 1303700671
1801.477466 824.888064 1303700674
1775.576573 824.554731 1303700677
1754.475206 825.221397 1303700680
1732.794586 822.221400 1303700699
1712.851726 820.665846 1303700703
1690.178100 819.776958 1303700706
1664.856460 818.221404 1303700709
1638.624565 817.110294 1303700712
1611.896167 816.443628 1303700715
1585.995274 815.999184 1303700718
1560.425383 815.888073 1303700721
1536.841502 815.332518 1303700724
1516.650390 816.554739 1303700730
1493.232011 817.665849 1303700735
1468.820626 817.332516 1303700738
1446.312501 825.443619 1303700741
1426.204140 825.443619 1303700743
1405.599276 823.999176 1303700745
1376.884867 822.776955 1303700748
1353.631989 823.999176 1303700751
1333.606378 824.888064 1303700756
1312.174009 824.554731 1303700782
1290.576140 822.888066 1303700786
1265.006248 828.665838 1303700790
1243.408379 828.221394 1303700792
1221.810509 827.888061 1303700794
1200.129889 826.554729 1303700796
1179.028523 823.665843 1303700798
1153.872383 825.776952 1303700801
1132.440015 822.665844 1303700807
1111.835151 822.665844 1303700811
1087.423766 821.665845 1303700814
1057.054348 819.888069 1303700817
1036.118482 818.665848 1303700819
1015.265367 817.332516 1303700821
995.157005 815.999184 1303700823
968.097606 815.221407 1303700826
947.740993 815.110296 1303700830
928.211885 810.776967 1303700849
908.269025 806.443638 1303700864
887.746911 804.999195 1303700867
859.942757 803.776974 1303700870
838.675890 803.221419 1303700872
816.085015 802.776975 1303700874
792.583885 802.110309 1303700876
768.503502 801.332532 1303700878
743.926616 800.999199 1303700880
719.432480 800.443644 1303700882
695.848600 799.888089 1303700884
673.092224 799.221423 1303700886
651.080602 798.665868 1303700888
630.310237 798.110313 1303700890
601.016575 797.443647 1303700893
575.032931 796.776981 1303700896
553.186810 795.888093 1303700900
494.930488 793.443651 1303700926
466.547081 792.443652 1303700929
446.355969 791.665875 1303700931
426.164858 791.332542 1303700933
397.202197 792.665874 1303700936
370.060047 792.888096 1303700939
344.738407 792.554763 1303700942
323.306039 793.665873 1303700945
301.459918 792.665874 1303700969
276.634780 790.443654 1303700974
253.878405 790.221432 1303700977
230.956528 789.443655 1303700980
206.793394 788.554767 1303700984
182.878512 787.221435 1303700992
162.852901 785.888103 1303700995
141.006780 785.554770 1303700998
116.347144 785.443659 1303701002
94.914775 790.443654 1303701007
92.101260 811.110300 1303701014
89.866997 831.110280 1303701030
88.542990 851.999148 1303701033
87.880986 879.554676 1303701036
87.218983 909.665757 1303701039
87.053482 929.999070 1303701041
86.391478 950.332383 1303701043
86.308727 976.776801 1303701046
85.563973 997.776780 1303701049
85.977726 1022.665644 1303701052
85.067471 1047.998952 1303701055
83.660713 1073.665593 1303701058
82.336706 1103.110008 1303701061
82.419456 1124.776653 1303701063
82.584957 1146.443298 1303701065
82.502206 1167.776610 1303701067
82.336706 1188.998811 1303701069
82.336706 1209.887679 1303701071
82.088454 1230.332103 1303701073
81.591951 1258.443186 1303701076
81.840203 1281.220941 1303701079
83.164210 1303.665363 1303701084
87.632735 1325.665341 1303701103
108.403100 1325.998674 1303701107
130.331971 1325.220897 1303701110
154.412354 1324.776453 1303701113
179.651244 1324.554231 1303701116
206.379642 1325.109786 1303701119
231.039278 1324.998675 1303701122
253.878405 1325.220897 1303701126
