3319.369113 619.888269 1303744824
3321.106873 597.999402 1303744848
3305.632537 585.332748 1303744852
3281.883156 582.999417 1303744855
3252.589494 583.110528 1303744858
3231.653628 582.888306 1303744860
3211.628017 582.777195 1303744862
3184.899620 582.221640 1303744865
3160.819236 581.777196 1303744869
3134.918343 581.443863 1303744873
3112.327468 581.110530 1303744876
3088.081584 580.332753 1303744879
3064.332203 580.221642 1303744882
3042.899834 580.888308 1303744885
3019.729706 582.332751 1303744889
2997.966335 581.110530 1303744906
2976.285715 578.332755 1303744910
2952.453584 576.888312 1303744913
2923.490923 576.554979 1303744916
2901.810303 576.221646 1303744918
2878.722926 575.666091 1303744920
2854.228790 575.221647 1303744922
2829.569154 574.443870 1303744924
2804.909517 573.888315 1303744926
2780.249881 573.221649 1303744928
2755.259243 572.443872 1303744930
2729.772102 571.888317 1303744932
2704.615963 571.666095 1303744934
2680.452829 570.999429 1303744936
2657.530952 570.221652 1303744938
2637.174339 569.443875 1303744940
2614.997217 569.332764 1303744943
2591.413336 568.777209 1303744961
2564.271186 568.110543 1303744965
2536.963535 567.554988 1303744968
2516.772423 567.221655 1303744970
2495.091803 566.777211 1303744972
2472.418178 566.332767 1303744974
2448.834297 565.554990 1303744976
2424.671164 564.888324 1303744978
2400.590781 564.332769 1303744980
2376.344896 564.110547 1303744982
2340.100196 563.443881 1303744985
2316.268064 562.777215 1303744987
2293.263437 562.221660 1303744989
2272.244821 561.666105 1303744991
2247.998936 561.332772 1303744994
2227.890575 560.999439 1303744997
2206.623708 560.888328 1303745002
2185.108588 560.999439 1303745029
2162.021211 560.110551 1303745033
2137.527075 559.888329 1303745036
2108.564415 559.221663 1303745039
2087.214797 558.888330 1303745041
2064.872173 558.554997 1303745043
2041.950296 557.999442 1303745045
2018.614667 557.443887 1303745047
1995.941042 557.110554 1303745049
1973.350167 556.221666 1303745051
1951.090294 555.555000 1303745053
1929.988927 554.999445 1303745055
1909.963316 554.332779 1303745057
1881.828161 553.888335 1303745060
1856.341020 553.221669 1303745063
1830.771128 552.777225 1303745067
1809.835262 552.221670 1303745076
1786.334132 551.999448 1303745094
1764.984514 551.888337 1303745097
1738.256116 551.999448 1303745100
1718.147755 551.888337 1303745102
1696.715387 551.888337 1303745104
1674.703765 551.888337 1303745106
1653.767899 551.888337 1303745108
1628.280758 551.666115 1303745111
1605.607133 551.777226 1303745119
1584.836768 551.888337 1303745123
1563.652650 552.555003 1303745126
1539.406766 553.666113 1303745130
1518.884653 555.777222 1303745148
1513.009370 576.110535 1303745153
1511.933614 602.888286 1303745157
1511.271611 629.332704 1303745160
1510.444106 658.999341 1303745163
1509.864853 678.999321 1303745165
1509.451101 699.110412 1303745167
1508.458095 728.443716 1303745170
1507.299589 755.110356 1303745173
1506.885836 776.554779 1303745176
1506.058332 796.554759 1303745183
1488.680736 811.332522 1303745190
1462.779842 810.776967 1303745194
1439.195962 810.110301 1303745197
1412.302063 809.888079 1303745200
1384.001407 809.888079 1303745203
1356.445504 809.888079 1303745206
1335.923391 809.888079 1303745209
1314.739273 808.443636 1303745220
1293.555156 807.999192 1303745225
1272.040037 807.443637 1303745228
1248.042404 807.665859 1303745231
1221.893260 807.110304 1303745234
1194.916611 806.332527 1303745237
1168.850216 805.888083 1303745240
1146.011090 806.443638 1303745243
1125.323476 804.999195 1303745248
1113.324659 823.221399 1303745254
1111.586900 844.332489 1303745257
1109.352637 868.443576 1303745260
1108.938885 892.443552 1303745263
1108.276881 913.776864 1303745266
1106.456371 937.443507 1303745270
1100.746590 968.776809 1303745277
1094.788557 988.443456 1303745283
1088.003019 1008.443436 1303745304
1091.395788 1031.443413 1303745309
1102.980852 1049.998950 1303745315
1122.178958 1060.332273 1303745321
1142.121818 1058.887830 1303745350
1166.036701 1058.332275 1303745355
1208.156684 1058.998941 1303745361
1266.992259 1061.554494 1303745368
