1375.147108 819.888069 1303768892
1350.652972 818.888070 1303768897
1328.724101 817.665849 1303768901
1308.367488 814.776963 1303768919
1299.678690 833.999166 1303768926
1307.457233 856.332477 1303768931
1305.305721 877.665789 1303768934
1305.388472 904.332429 1303768937
1310.850002 923.776854 1303768942
1312.505011 949.110162 1303768950
1313.001514 972.332361 1303768953
1310.601751 995.110116 1303768956
1304.064464 1014.221208 1303768960
1300.257943 1034.110077 1303768965
1301.499200 1054.443390 1303768970
1324.586578 1063.110048 1303768975
1345.605194 1065.776712 1303768978
1366.292809 1068.554487 1303768981
1387.063174 1070.554485 1303768987
1408.247291 1071.110040 1303768992
1433.982683 1070.776707 1303768996
1454.587547 1071.665595 1303769000
1475.688914 1072.998927 1303769014
1501.258805 1072.554483 1303769035
1522.194671 1073.887815 1303769038
1547.516311 1076.332257 1303769041
1577.802979 1078.776699 1303769044
1598.573344 1079.110032 1303769046
1624.887989 1078.998921 1303769049
1649.216624 1079.443365 1303769053
1670.317991 1079.332254 1303769067
1691.005605 1076.443368 1303769074
1708.383201 1089.776688 1303769078
1711.610469 1111.665555 1303769081
1711.941471 1138.998861 1303769084
1711.941471 1159.665507 1303769086
1711.527719 1182.332151 1303769088
1711.196717 1206.221016 1303769090
1710.700214 1229.887659 1303769092
1709.872709 1252.220970 1303769094
1709.376207 1280.776497 1303769097
1709.293456 1301.665365 1303769100
1710.451963 1323.332010 1303769107
1712.272473 1346.665320 1303769112
1733.456590 1356.109755 1303769116
1757.123221 1357.331976 1303769119
1785.672129 1357.665309 1303769122
1807.269998 1357.887531 1303769124
1830.853879 1357.554198 1303769126
1855.927267 1356.776421 1303769128
1882.159163 1355.665311 1303769130
1909.715065 1354.331979 1303769132
1938.760476 1352.554203 1303769134
1968.798892 1351.887537 1303769136
1998.092554 1351.665315 1303769138
2024.158948 1351.776426 1303769140
2046.253320 1352.443092 1303769142
2071.823212 1353.109758 1303769145
2098.717111 1353.776424 1303769148
2119.073723 1353.998646 1303769150
2141.416347 1354.554201 1303769152
2165.496730 1354.776423 1303769154
2191.066621 1355.220867 1303769156
2217.877770 1355.331978 1303769158
2246.178426 1355.443089 1303769160
2275.968591 1355.331978 1303769162
2306.751761 1355.109756 1303769164
2338.279686 1355.665311 1303769166
2369.145607 1356.554199 1303769168
2396.536008 1357.220865 1303769170
2420.285390 1357.998642 1303769172
2447.841292 1358.887530 1303769175
2474.486939 1360.109751 1303769179
2498.484572 1361.220861 1303769182
2527.447232 1361.331972 1303769185
2549.458854 1361.554194 1303769187
2573.208236 1362.331971 1303769189
2598.116123 1362.998637 1303769191
2624.348018 1363.776414 1303769193
2651.572919 1364.109747 1303769195
2680.039077 1364.331969 1303769197
2709.167238 1365.109746 1303769199
2738.543650 1365.443079 1303769201
2768.747567 1365.887523 1303769203
2798.868734 1366.220856 1303769205
2828.741649 1366.998633 1303769207
2859.193818 1367.776410 1303769209
2889.976988 1368.665298 1303769211
2919.767153 1368.887520 1303769213
2947.985059 1368.887520 1303769215
2973.389449 1368.554187 1303769217
2994.904568 1368.776409 1303769219
3018.902201 1369.109742 1303769222
3039.589816 1370.665296 1303769227
3060.691182 1373.109738 1303769236
3081.296046 1373.554182 1303769243
3105.293679 1377.220845 1303769250
3126.064044 1382.665284 1303769253
3151.385684 1388.665278 1303769256
3176.045321 1395.776382 1303769259
3197.063937 1402.443042 1303769262
3218.413555 1400.331933 1303769286
3242.245687 1411.109700 1303769291
3265.415815 1393.109718 1303769295
3282.048657 1378.665288 1303769300
3290.654705 1357.109754 1303769304
3290.820206 1332.998667 1303769307
3291.730461 1303.776474 1303769310
3292.226963 1281.776496 1303769312
3292.806216 1258.554297 1303769314
3293.302719 1233.998766 1303769316
3293.964723 1210.554345 1303769318
3294.212974 1189.887699 1303769320
3295.288730 1167.109944 1303769323
3299.095251 1143.887745 1303769344
3301.495015 1119.665547 1303769348
3302.901772 1094.221128 1303769351
3304.308530 1064.443380 1303769354
3305.632537 1037.776740 1303769357
3307.204796 1016.443428 1303769360
3310.349314 989.776788 1303769364
3312.335325 965.332368 1303769367
3315.066090 941.443503 1303769370
3317.548603 921.332412 1303769378
3319.534614 899.999100 1303769386
3320.444869 875.665791 1303769390
3330.209423 854.888034 1303769396
3356.855071 851.443593 1303769400
3379.776948 853.776924 1303769404
3402.202322 856.443588 1303769417
3429.261721 858.776919 1303769421
3455.245365 860.332473 1303769424
3482.139264 860.443584 1303769427
3511.598427 860.110251 1303769430
3533.692799 860.665806 1303769432
3558.021434 861.665805 1303769434
3583.508575 862.443582 1303769436
3609.905971 862.888026 1303769438
3636.220616 863.443581 1303769440
3660.714752 864.221358 1303769442
3687.029397 864.332469 1303769445
