3686.615645 2321.886567 1303772087
3688.436155 2343.442101 1303772096
3693.152931 2363.553192 1303772100
3717.895318 2370.553185 1303772104
3742.554955 2374.108737 1303772108
3760.677305 2363.775414 1303772119
3777.475648 2350.108761 1303772137
3795.680749 2341.664325 1303772147
3814.382352 2334.330999 1303772152
3813.554847 2314.331019 1303772178
3811.982589 2290.331043 1303772197
3808.507069 2268.219954 1303772200
3797.666759 2248.108863 1303772204
3778.054901 2237.997762 1303772209
3755.960529 2232.331101 1303772212
3732.045646 2223.442221 1303772215
3703.910491 2217.331116 1303772218
3681.402366 2211.442233 1303772222
3659.390745 2204.775573 1303772233
3638.289378 2203.886685 1303772236
3612.305734 2206.442238 1303772239
3586.156589 2207.331126 1303772242
3565.220724 2205.442239 1303772247
3559.759193 2181.108930 1303772274
3559.179940 2154.331179 1303772277
3558.435186 2133.220089 1303772279
3557.193929 2109.997890 1303772281
3556.945678 2084.775693 1303772283
3558.766188 2058.331275 1303772285
3561.000450 2030.775747 1303772287
3562.324458 2002.220220 1303772289
3563.813966 1972.775805 1303772291
3564.724221 1942.331391 1303772293
3565.717226 1910.886978 1303772295
3566.461980 1879.553676 1303772297
3567.372235 1846.442598 1303772299
3568.282490 1813.553742 1303772301
3569.192746 1780.775997 1303772303
3570.516753 1748.887140 1303772305
3571.427008 1716.664950 1303772307
3572.916516 1683.887205 1303772309
3574.323274 1651.442793 1303772311
3573.330268 1618.776159 1303772313
3572.916516 1585.887303 1303772315
3572.833766 1552.220670 1303772317
3573.578520 1517.998482 1303772319
3573.826771 1485.331848 1303772321
3574.406024 1458.331875 1303772323
3574.654276 1436.998563 1303772325
3575.647281 1415.887473 1303772328
3575.647281 1395.443049 1303772338
3563.234713 1379.109732 1303772342
3541.719594 1379.443065 1303772345
3516.977207 1380.109731 1303772348
3487.600794 1379.776398 1303772351
3464.596167 1379.443065 1303772353
3439.853780 1379.331954 1303772355
3415.442395 1379.220843 1303772357
3392.355017 1379.109732 1303772359
3365.543869 1379.554176 1303772362
3344.690754 1380.109731 1303772366
3319.700115 1380.109731 1303772381
3297.440242 1381.776396 1303772384
3268.725833 1385.554170 1303772387
3246.134958 1387.998612 1303772389
3221.889074 1390.887498 1303772391
3198.222443 1393.776384 1303772393
3173.728308 1393.776384 1303772395
3148.572169 1392.776385 1303772397
3123.498780 1392.220830 1303772399
3098.094389 1391.665275 1303772401
3071.531492 1391.331942 1303772403
3043.892839 1390.443054 1303772405
3015.012930 1389.554166 1303772407
2985.140014 1388.220834 1303772409
2954.936097 1387.443057 1303772411
2924.897681 1386.554169 1303772413
2894.942015 1385.776392 1303772415
2864.241596 1385.220837 1303772417
2833.872178 1384.776393 1303772419
2804.164763 1383.998616 1303772421
2774.705600 1382.998617 1303772423
2745.908441 1382.331951 1303772425
2719.511045 1381.443063 1303772427
2695.182410 1380.776397 1303772429
2671.846781 1380.331953 1303772431
2649.669659 1379.554176 1303772433
2628.733793 1378.887510 1303772435
2599.605632 1378.331955 1303772438
2573.952990 1377.998622 1303772441
2553.017124 1377.443067 1303772444
2532.412260 1377.331956 1303772473
2507.421622 1377.665289 1303772480
2484.168743 1377.443067 1303772483
2454.957831 1376.998623 1303772486
2432.201455 1376.665290 1303772488
2407.459069 1376.220846 1303772490
2380.730671 1375.443069 1303772492
2352.430014 1374.998625 1303772494
2322.970851 1374.665292 1303772496
2293.925440 1373.887515 1303772498
2265.873035 1373.220849 1303772500
2238.565384 1372.220850 1303772502
2211.423234 1371.554184 1303772504
2185.191339 1370.998629 1303772506
2161.110956 1370.109741 1303772508
2139.761338 1369.554186 1303772510
2117.253213 1369.220853 1303772513
2093.503832 1368.776409 1303772529
2071.657711 1368.331965 1303772532
2043.108803 1367.887521 1303772535
2020.848930 1367.443077 1303772537
1996.520295 1367.109744 1303772539
1970.453901 1367.109744 1303772541
1942.897999 1367.220855 1303772543
1913.438836 1367.776410 1303772545
1882.572915 1368.220854 1303772547
1850.382987 1368.776409 1303772549
1818.524060 1369.554186 1303772551
1787.989142 1369.331964 1303772553
1759.026481 1368.776409 1303772555
1730.974076 1367.776410 1303772557
1704.907682 1366.776411 1303772559
1680.827299 1366.220856 1303772561
1657.491670 1365.998634 1303772563
1633.907789 1366.220856 1303772565
1609.082652 1366.220856 1303772567
1584.092014 1364.887524 1303772569
1558.273871 1363.665303 1303772571
1533.365983 1362.109749 1303772573
1511.519862 1361.220861 1303772575
1488.266983 1358.443086 1303772578
1481.233194 1338.887550 1303772582
1483.632958 1318.998681 1303772586
1484.212211 1293.887595 1303772589
1484.046710 1273.776504 1303772591
1483.384706 1248.665418 1303772594
1484.625963 1227.332106 1303772601
1494.059515 1207.332126 1303772604
1505.892831 1186.332147 1303772607
1507.961592 1160.998839 1303772610
1505.644580 1133.665533 1303772613
1502.003559 1113.665553 1303772617
1500.514051 1091.332242 1303772621
1501.093304 1067.221155 1303772624
1502.251811 1036.443408 1303772627
1503.162066 1013.887875 1303772629
1504.403323 989.221233 1303772631
1505.396328 963.887925 1303772633
1505.313578 939.332394 1303772635
1504.899825 915.221307 1303772637
1505.230827 892.554663 1303772639
1505.561829 871.554684 1303772641
1505.975581 847.776930 1303772644
1494.804270 828.221394 1303772650
1468.241373 826.443618 1303772654
1443.167984 826.888062 1303772657
1419.997856 826.332507 1303772660
