1288.590129 1072.221150 1301843619
1311.677506 1071.776706 1301843630
1337.743901 1072.332261 1301843633
1360.583027 1073.221149 1301843635
1384.580660 1073.998926 1301843637
1408.909294 1074.332259 1301843639
1432.824177 1074.665592 1301843641
1455.746053 1075.554480 1301843643
1476.350917 1076.998923 1301843646
1487.853231 1058.665608 1301843657
1487.935982 1035.110076 1301843660
1489.425490 1004.332329 1301843663
1491.494251 981.776796 1301843665
1493.397512 958.554597 1301843667
1494.225016 936.221286 1301843669
1494.804270 914.443530 1301843671
1495.052521 893.887995 1301843673
1495.052521 866.110245 1301843676
1494.059515 844.443600 1301843679
1499.438295 822.221400 1301843686
1517.891647 813.332520 1301843690
1539.241265 815.221407 1301843693
1565.886913 817.110294 1301843696
1594.518571 816.999183 1301843699
1622.322725 815.888073 1301843702
1648.471870 813.999186 1301843705
1670.731743 813.443631 1301843709
1691.667609 813.776964 1301843725
1716.078994 815.332518 1301843730
1737.925115 816.888072 1301843733
1765.894769 817.888071 1301843736
1786.168631 818.443626 1301843738
1806.773495 818.554737 1301843740
1827.047358 818.554737 1301843742
1854.272258 819.888069 1301843745
1878.352641 820.665846 1301843748
1900.529764 821.554734 1301843753
1925.603153 823.888065 1301843758
1946.290767 825.999174 1301843761
1972.605413 827.443617 1301843765
1994.782536 828.443616 1301843768
2019.607673 829.443615 1301843771
2046.005069 830.999169 1301843774
2073.809223 832.665834 1301843777
2102.689133 832.110279 1301843780
2123.376747 831.888057 1301843782
2149.360391 831.999168 1301843785
2170.130756 833.888055 1301843788
2196.776403 833.332500 1301843791
2222.842797 834.221388 1301843794
2246.261177 836.110275 1301843797
2271.996569 836.554719 1301843800
2296.490705 835.776942 1301843803
2323.963857 836.776941 1301843806
2344.320469 839.443605 1301843808
2372.207374 841.665825 1301843811
2400.921782 843.665823 1301843814
2423.429907 844.776933 1301843817
2444.034771 847.221375 1301843823
2465.632640 848.332485 1301843838
2485.823752 845.888043 1301843846
2504.856357 858.443586 1301843855
2510.235137 880.110231 1301843859
2510.731640 903.776874 1301843862
2513.296904 929.665737 1301843865
2515.117414 950.221272 1301843867
2516.275921 970.443474 1301843869
2516.772423 990.665676 1301843871
2516.193170 1012.554543 1301843873
2515.531166 1035.554520 1301843875
2515.200165 1056.665610 1301843877
2515.200165 1082.554473 1301843880
2516.275921 1106.776671 1301843883
2518.510183 1126.776651 1301843887
2522.895957 1149.776628 1301843893
2521.902952 1169.776608 1301843897
2522.316704 1193.554362 1301843900
2521.571950 1220.998779 1301843903
2520.247943 1248.998751 1301843906
2517.930930 1275.554280 1301843909
2516.193170 1296.332037 1301843912
2514.786412 1319.776458 1301843917
2516.193170 1340.665326 1301843932
2530.095247 1355.776422 1301843938
2549.955357 1359.443085 1301843941
2576.270002 1363.443081 1301843944
2596.130112 1365.776412 1301843946
2617.562481 1367.331966 1301843948
2640.318857 1368.443076 1301843950
2663.075233 1369.554186 1301843952
2685.335106 1371.109740 1301843954
2706.850225 1372.220850 1301843956
2727.786091 1372.443072 1301843958
2748.721957 1372.109739 1301843960
2769.326820 1372.220850 1301843962
2798.703233 1372.776405 1301843965
2825.928134 1373.109738 1301843968
2850.836021 1373.109738 1301843971
2873.013144 1372.887516 1301843974
2893.038755 1372.998627 1301843979
2913.478118 1374.443070 1301843983
2934.910487 1377.109734 1301843986
2964.038648 1378.887510 1301843989
2985.222765 1380.109731 1301843991
3007.068886 1379.998620 1301843993
3029.577010 1379.776398 1301843995
3052.747138 1379.665287 1301843997
3075.834516 1379.554176 1301843999
3099.749398 1379.331954 1301844001
3123.498780 1380.109731 1301844003
3146.834409 1380.665286 1301844005
3169.839036 1380.776397 1301844007
3191.850658 1380.220842 1301844009
3212.041770 1378.998621 1301844011
3241.169931 1376.665290 1301844014
3268.394831 1372.998627 1301844017
3288.751444 1368.776409 1301844020
3302.488020 1348.109763 1301844024
3302.984523 1323.332010 1301844027
3302.736271 1303.332030 1301844029
3302.653521 1281.443163 1301844031
3302.157018 1259.665407 1301844033
3302.736271 1238.887650 1301844035
3303.315525 1217.776560 1301844037
3304.474031 1195.998804 1301844039
3305.963539 1174.221048 1301844041
3306.129040 1152.776625 1301844043
3306.625543 1130.776647 1301844045
3307.204796 1108.110003 1301844047
3307.784049 1084.776693 1301844049
3308.446053 1060.776717 1301844051
3308.942556 1036.332297 1301844053
3309.273558 1012.665654 1301844055
3309.935561 989.776788 1301844057
3309.687310 968.443476 1301844059
3309.025306 939.443505 1301844062
3308.032301 908.110203 1301844066
3308.197802 888.110223 1301844087
3309.687310 866.888022 1301844096
3311.425070 839.443605 1301844099
3312.666326 818.665848 1301844101
3313.493831 788.999211 1301844104
3313.245580 762.554793 1301844107
3312.583576 739.777038 1301844110
3312.749077 718.888170 1301844113
3311.094068 695.221527 1301844117
3309.273558 674.999325 1301844121
3309.439059 651.777126 1301844125
3313.576581 631.777146 1301844133
