2990.436044 548.666118 1303819172
2990.187792 571.888317 1303819183
2990.187792 593.221629 1303819186
2989.277537 619.777158 1303819189
2988.036280 649.110462 1303819192
2987.457027 669.665997 1303819194
2986.795024 689.999310 1303819196
2986.050269 718.999281 1303819199
2984.312510 747.999252 1303819202
2982.574750 776.888112 1303819205
2979.181981 802.776975 1303819208
2978.850980 822.999177 1303819212
2998.876590 834.110277 1303819234
3026.018741 832.776945 1303819238
3051.257630 832.999167 1303819241
3079.061784 833.888055 1303819244
3099.418397 834.221388 1303819246
3120.437013 834.776943 1303819248
3142.034882 835.110276 1303819250
3163.715502 835.665831 1303819252
3185.065120 836.443608 1303819254
3205.918236 837.443607 1303819256
3226.688601 837.776940 1303819258
3246.879712 838.332495 1303819260
3274.187363 839.221383 1303819263
3298.350497 840.776937 1303819267
3317.796855 833.554722 1303819292
3320.444869 810.221412 1303819296
3320.941372 785.999214 1303819299
3321.603376 757.665909 1303819302
3321.520625 737.443707 1303819304
3321.106873 707.999292 1303819307
3320.113868 680.554875 1303819310
3318.624359 655.777122 1303819313
3318.789860 634.443810 1303819316
3319.782866 614.221608 1303819321
3314.900589 592.110519 1303819338
3294.295725 582.999417 1303819342
3271.539349 582.443862 1303819345
3244.231698 582.777195 1303819348
3216.013792 581.777196 1303819351
3189.947397 581.221641 1303819354
3168.349528 580.888308 1303819357
3148.323917 580.777197 1303819376
3123.002277 581.221641 1303819382
3100.245901 581.443863 1303819385
3073.186502 581.332752 1303819388
3043.892839 580.999419 1303819391
3013.854423 580.443864 1303819394
2984.560761 579.777198 1303819397
2955.349850 578.888310 1303819400
2935.241488 578.332755 1303819402
2915.133127 577.999422 1303819404
2894.114511 577.443867 1303819406
2872.599392 576.888312 1303819408
2850.670521 576.999423 1303819410
2828.824400 576.554979 1303819412
2806.895528 576.110535 1303819414
2785.214908 575.888313 1303819416
2763.782540 575.554980 1303819418
2742.350171 575.110536 1303819420
2720.835052 574.666092 1303819422
2699.899186 573.888315 1303819424
2670.026271 569.666097 1303819427
2648.593903 570.666096 1303819429
2628.154540 571.110540 1303819431
2602.253646 570.777207 1303819434
2577.345758 570.332763 1303819438
2557.071896 570.554985 1303819453
2531.005502 569.999430 1303819458
2508.414627 569.777208 1303819461
2482.430983 569.443875 1303819464
2453.054571 568.443876 1303819467
2432.449707 567.888321 1303819469
2411.762092 567.666099 1303819471
2390.743476 567.443877 1303819473
2369.062856 566.888322 1303819475
2347.051234 566.221656 1303819477
2324.956862 565.666101 1303819479
2302.531488 565.110546 1303819481
2279.775112 564.110547 1303819483
2256.191232 563.777214 1303819485
2233.021104 563.554992 1303819487
2210.264728 563.110548 1303819489
2187.591102 562.777215 1303819491
2164.586475 562.332771 1303819493
2141.250846 561.999438 1303819495
2117.666965 561.443883 1303819497
2093.917584 560.888328 1303819499
2069.754450 560.332773 1303819501
2045.260315 559.777218 1303819503
2020.517928 558.888330 1303819505
1995.692791 558.221664 1303819507
1970.702152 557.332776 1303819509
1945.794265 556.554999 1303819511
1920.886377 555.999444 1303819513
1896.557742 555.332778 1303819515
1872.725610 554.999445 1303819517
1850.382987 554.888334 1303819519
1823.323587 554.110557 1303819522
1799.160453 553.666113 1303819526
1778.721090 554.666112 1303819553
1754.971709 553.999446 1303819558
1731.553329 554.110557 1303819561
1703.831926 554.110557 1303819564
1683.640814 554.110557 1303819566
1662.622198 553.888335 1303819568
1641.355330 553.555002 1303819570
1620.336714 554.332779 1303819572
1593.525566 554.777223 1303819575
1570.355438 555.110556 1303819578
1546.854308 555.555000 1303819581
1525.918442 555.999444 1303819584
1508.871847 572.999427 1303819589
1508.209844 607.554948 1303819594
1507.216838 634.332699 1303819597
1506.472084 664.443780 1303819600
1506.141082 685.665981 1303819602
1505.561829 706.888182 1303819604
1504.982576 727.443717 1303819606
1503.906820 756.221466 1303819609
1503.410317 776.999223 1303819612
1503.493068 797.776980 1303819620
1489.342739 813.554742 1303819627
1465.262356 811.999188 1303819632
1444.822993 810.221412 1303819635
1421.073612 807.332526 1303819638
1394.758966 806.221416 1303819641
1366.954812 806.443638 1303819644
1341.881424 806.665860 1303819647
1319.952552 806.554749 1303819651
1296.451422 806.443638 1303819670
1272.122788 803.443641 1303819674
1246.635647 803.554752 1303819677
1216.017977 802.221420 1303819680
1194.502858 800.888088 1303819682
1173.897994 799.554756 1303819684
1147.831600 798.221424 1303819687
1126.730233 798.554757 1303819691
1113.655661 814.554741 1303819698
1108.194131 835.999164 1303819702
1109.269887 861.999138 1303819706
1109.104386 888.221334 1303819710
1109.600889 908.999091 1303819713
1109.187136 932.999067 1303819717
1108.607883 956.554599 1303819721
1109.435388 979.221243 1303819725
1108.525133 1001.221221 1303819729
1107.201125 1021.443423 1303819733
1105.132364 1042.776735 1303819748
1122.592710 1054.221168 1303819756
