883.857640 1217.332116 1302754152
885.595399 1196.554359 1302754170
885.512649 1166.776611 1302754173
885.678150 1143.332190 1302754175
888.077913 1117.332216 1302754177
890.560427 1092.554463 1302754179
891.470682 1071.110040 1302754181
897.428715 1046.221176 1302754184
913.316803 1032.110079 1302754187
932.349408 1016.665650 1302754190
959.657059 1010.887878 1302754193
979.599919 1016.665650 1302754197
1004.425057 1019.443425 1302754209
1034.711724 1022.221200 1302754212
1057.054348 1024.110087 1302754214
1083.617245 1028.665638 1302754217
1110.180142 1031.554524 1302754220
1132.274514 1033.110078 1302754222
1158.340908 1034.998965 1302754224
1187.386319 1036.554519 1302754226
1217.590236 1038.110073 1302754228
1246.635647 1038.887850 1302754230
1274.439800 1039.554516 1302754232
1301.168198 1040.887848 1302754234
1326.903591 1040.887848 1302754236
1352.059730 1041.110070 1302754238
1375.643610 1042.110069 1302754240
1399.723994 1042.332291 1302754243
1422.397619 1046.887842 1302754257
1443.747237 1047.665619 1302754260
1467.579369 1048.998951 1302754264
1481.729697 1029.554526 1302754269
1486.280972 1003.221219 1302754272
1489.590991 979.221243 1302754274
1491.990754 951.665715 1302754276
1493.811264 922.776855 1302754278
1494.390517 895.332438 1302754280
1494.142266 872.443572 1302754282
1495.135271 847.776930 1302754285
1497.535035 827.776950 1302754290
1502.665563 802.554753 1302754296
1503.824069 776.554779 1302754299
1504.982576 747.554808 1302754302
1506.472084 723.665943 1302754304
1508.209844 694.221528 1302754306
1509.202849 664.443780 1302754308
1509.616602 638.443806 1302754310
1509.864853 617.999382 1302754312
1510.526857 597.110514 1302754316
1516.733141 575.554980 1302754342
1518.719152 552.666114 1302754346
1538.579262 541.999458 1302754350
1565.390410 541.221681 1302754353
1587.484782 538.888350 1302754355
1611.813417 537.332796 1302754357
1635.480048 536.777241 1302754359
1662.125695 534.443910 1302754362
1683.392563 531.221691 1302754367
1704.742181 529.110582 1302754371
1733.291089 525.999474 1302754374
1755.219960 525.999474 1302754376
1780.293349 527.110584 1302754378
1807.849251 527.666139 1302754380
1837.722167 527.443917 1302754382
1868.091585 527.666139 1302754384
1897.964500 528.221694 1302754386
1926.347907 528.999471 1302754388
1951.835048 529.777248 1302754390
1973.763919 529.999470 1302754392
1999.416561 530.332803 1302754395
2026.062209 532.332801 1302754398
2047.411827 533.888355 1302754400
2071.905962 534.888354 1302754402
2097.972356 535.332798 1302754404
2125.280007 535.777242 1302754406
2154.325418 536.221686 1302754408
2185.025838 536.221686 1302754410
2217.133016 536.666130 1302754412
2251.391705 536.221686 1302754414
2286.560650 535.332798 1302754416
2321.315842 535.332798 1302754418
2355.657282 535.443909 1302754420
2389.667720 535.999464 1302754422
2421.774898 536.999463 1302754424
2452.227066 538.443906 1302754426
2482.348233 539.777238 1302754428
2513.296904 540.777237 1302754430
2545.073080 541.666125 1302754432
2578.256013 542.888346 1302754434
2612.597453 543.443901 1302754436
2647.269895 543.777234 1302754438
2680.039077 544.777233 1302754440
2708.670735 546.332787 1302754442
2732.502867 547.999452 1302754444
2756.914252 548.888340 1302754447
2781.573888 550.777227 1302754452
2806.812778 553.999446 1302754455
2828.658899 555.999444 1302754457
2850.174018 559.666107 1302754459
2874.171651 562.554993 1302754461
2899.989793 563.888325 1302754463
2923.490923 564.110547 1302754465
2943.847536 565.999434 1302754467
2965.941908 566.888322 1302754471
2985.471016 577.666089 1302754494
2989.029286 600.221622 1302754497
2989.194787 623.554932 1302754499
2988.036280 650.666016 1302754501
2987.788029 680.999319 1302754503
2986.795024 712.332621 1302754505
2985.305515 743.665923 1302754507
2983.650506 772.999227 1302754509
2981.167992 798.110313 1302754511
2979.512983 822.221400 1302754514
2995.732073 839.443605 1302754535
3023.618977 837.443607 1302754538
3047.120107 837.110274 1302754540
3073.765755 837.776940 1302754542
3103.059417 838.665828 1302754544
3132.849582 839.332494 1302754546
3162.308745 839.888049 1302754548
3192.181660 840.665826 1302754550
3221.889074 840.776937 1302754552
3251.430988 841.332492 1302754554
3277.331881 841.888047 1302754556
3297.688494 841.332492 1302754558
3317.465853 831.332502 1302754561
3319.617365 808.554747 1302754564
3318.045106 777.221445 1302754567
3318.127857 750.665916 1302754569
3318.541609 720.888168 1302754571
3318.955361 690.888198 1302754573
3318.127857 662.777115 1302754575
3316.390097 638.554917 1302754577
3315.066090 611.777166 1302754580
3313.907583 591.221631 1302754597
3293.633721 581.888307 1302754601
3273.608110 579.888309 1302754603
3250.024230 577.221645 1302754605
3221.558072 575.110536 1302754607
3189.368144 572.666094 1302754609
3153.288945 571.332762 1302754611
3115.720237 570.443874 1302754613
3079.475536 570.221652 1302754615
3045.382348 569.110542 1302754617
3014.764678 567.999432 1302754619
2990.353293 566.554989 1302754621
2968.093420 562.888326 1302754624
2969.748429 538.110573 1302754628
2974.134204 518.110593 1302754630
2977.113220 493.443951 1302754632
2979.347482 464.332869 1302754634
2981.250743 432.110679 1302754636
2981.664495 400.555155 1302754638
2981.664495 371.666295 1302754640
2981.333493 347.444097 1302754642
2982.243748 322.888566 1302754645
2984.229759 300.110811 1302754650
2986.298521 271.777506 1302754653
2988.201781 249.333084 1302754655
2990.270543 217.666449 1302754658
2990.767046 196.110915 1302754661
3000.117847 176.999823 1302754672
3022.708722 178.777599 1302754678
3047.368359 182.333151 1302754683
3064.332203 193.333140 1302754690
