1792.043914 552.999447 1303823151
1767.467028 553.555002 1303823170
1744.131399 553.555002 1303823173
1716.244495 553.555002 1303823176
1695.970632 553.666113 1303823178
1674.455513 553.666113 1303823180
1651.864638 553.555002 1303823182
1629.191013 553.555002 1303823184
1606.848389 553.666113 1303823186
1584.919518 553.999446 1303823188
1563.735401 554.332779 1303823190
1536.344999 554.777223 1303823193
1513.588623 558.777219 1303823197
1508.292594 583.221639 1303823202
1506.968587 604.332729 1303823205
1506.141082 631.888257 1303823208
1505.727330 652.666014 1303823210
1505.479079 674.665992 1303823212
1504.568824 695.554860 1303823214
1504.155071 717.221505 1303823216
1503.658569 737.888151 1303823218
1503.493068 764.999235 1303823221
1503.327567 787.888101 1303823225
1494.390517 807.776970 1303823248
1474.199406 808.554747 1303823252
1453.511791 807.554748 1303823255
1429.762410 806.221416 1303823258
1407.916289 810.888078 1303823261
1385.490915 813.443631 1303823275
1363.727544 813.443631 1303823280
1341.881424 814.332519 1303823289
1321.276560 814.776963 1303823303
1298.106431 817.221405 1303823315
1277.087815 821.665845 1303823319
1253.421184 820.999179 1303823322
1227.685792 819.554736 1303823325
1198.392130 817.776960 1303823328
1170.174224 816.332517 1303823331
1144.852584 815.110296 1303823334
1123.751217 813.665853 1303823339
1108.607883 828.888060 1303823352
1108.442382 849.999150 1303823356
1108.938885 870.665796 1303823359
1108.690634 893.110218 1303823362
1108.525133 915.999084 1303823365
1107.945879 937.776840 1303823368
1107.366626 958.999041 1303823371
1107.118375 979.887909 1303823374
1106.787373 1002.110109 1303823377
1106.290870 1022.665644 1303823380
1105.463366 1042.887846 1303823386
1118.786189 1060.332273 1303823408
1139.225552 1061.665605 1303823417
1159.333914 1067.887821 1303823439
1186.145062 1070.887818 1303823443
1209.811693 1072.776705 1303823446
1233.395573 1073.554482 1303823449
1254.000437 1072.776705 1303823452
1275.184555 1067.665599 1303823464
1295.706668 1066.665600 1303823469
1316.642534 1067.332266 1303823472
1341.219420 1068.221154 1303823475
1365.796306 1068.665598 1303823478
1386.897673 1068.998931 1303823481
1408.909294 1068.443376 1303823486
1431.169168 1069.998930 1303823515
1453.594542 1070.665596 1303823520
1474.447657 1072.554483 1303823526
1492.652758 1061.332272 1303823554
1495.135271 1034.887854 1303823559
1497.369534 1010.554545 1303823562
1498.362539 983.665683 1303823565
1499.355545 959.665707 1303823568
1499.521046 938.443506 1303823571
1499.438295 917.221305 1303823574
1499.603796 895.332438 1303823577
1500.183049 874.221348 1303823580
1500.100299 851.665815 1303823584
1499.355545 830.110281 1303823589
1499.272794 807.110304 1303823599
1498.941792 782.776995 1303823603
1499.190044 757.999242 1303823606
1499.769297 729.443715 1303823609
1500.431301 707.665959 1303823611
1501.258805 684.443760 1303823613
1501.341556 660.110451 1303823615
1501.258805 636.443808 1303823617
1501.755308 615.554940 1303823619
1502.500062 591.888297 1303823622
1502.086310 571.554984 1303823628
1504.072321 549.666117 1303823634
1522.277422 534.888354 1303823639
1543.213287 535.666131 1303823642
1569.362432 535.888353 1303823645
1595.759828 536.555019 1303823648
1616.695694 537.443907 1303823652
1638.210813 538.888350 1303823673
1662.042945 539.443905 1303823677
1685.792326 539.777238 1303823680
1711.941471 539.888349 1303823683
1741.069632 540.332793 1303823686
1761.177993 540.443904 1303823688
1781.948358 541.110570 1303823690
1803.546228 541.666125 1303823692
1826.054352 542.332791 1303823694
1848.893478 543.110568 1303823696
1871.236102 543.777234 1303823698
1893.744227 544.666122 1303823700
1916.583353 545.221677 1303823702
1939.918982 545.666121 1303823704
1963.916615 546.443898 1303823706
1987.996998 547.332786 1303823708
2012.739385 548.110563 1303823710
2037.730023 548.666118 1303823712
2062.803412 548.888340 1303823714
2088.207802 549.221673 1303823716
2114.191446 550.666116 1303823718
2141.085345 551.888337 1303823720
2168.144745 552.332781 1303823722
2195.204144 552.666114 1303823724
2221.684291 552.777225 1303823726
2247.585184 553.110558 1303823728
2273.237826 553.888335 1303823730
2298.973218 554.443890 1303823732
2324.874112 554.777223 1303823734
2349.947500 554.999445 1303823736
2373.945133 555.555000 1303823738
2396.949760 556.554999 1303823740
2417.968377 557.110554 1303823742
2443.786520 557.777220 1303823745
2467.701402 558.888330 1303823749
