1142.039068 1054.776723 1303826993
1166.119451 1054.110057 1303827012
1188.296574 1056.110055 1303827015
1215.521475 1058.221164 1303827018
1243.987632 1058.776719 1303827021
1271.129782 1060.110051 1303827025
1294.879164 1059.221163 1303827041
1321.359310 1058.887830 1303827045
1346.846451 1057.998942 1303827048
1372.995596 1058.110053 1303827051
1396.662227 1059.776718 1303827054
1416.936089 1061.665605 1303827057
1437.375452 1063.776714 1303827060
1461.786837 1065.887823 1303827064
1481.977949 1062.110049 1303827070
1493.397512 1045.221177 1303827078
1495.052521 1018.554537 1303827082
1496.955781 990.999009 1303827085
1498.445290 970.887918 1303827087
1499.852047 950.554605 1303827089
1500.679552 921.665745 1303827092
1501.672558 895.110216 1303827095
1503.741319 869.332464 1303827098
1505.313578 844.332489 1303827101
1506.637585 820.665846 1303827105
1506.885836 797.776980 1303827113
1507.465090 770.332563 1303827117
1507.878842 743.999256 1303827120
1508.623596 713.443731 1303827123
1509.120099 690.999309 1303827125
1509.533851 668.332665 1303827127
1509.864853 645.999354 1303827129
1509.782102 623.999376 1303827131
1510.195855 602.554953 1303827133
1510.526857 582.332751 1303827135
1510.857858 557.221665 1303827138
1517.726146 537.888351 1303827142
1539.241265 535.666131 1303827146
1561.004636 536.110575 1303827149
1587.153780 536.332797 1303827152
1614.957934 537.332796 1303827155
1638.955567 538.666128 1303827158
1660.470686 540.666126 1303827162
1681.489302 540.888348 1303827170
1709.045205 540.999459 1303827174
1736.187355 541.999458 1303827177
1756.957720 542.110569 1303827179
1778.969342 542.666124 1303827181
1801.394716 543.221679 1303827183
1824.564844 543.999456 1303827185
1848.314225 544.555011 1303827187
1872.725610 544.999455 1303827189
1897.716249 545.221677 1303827191
1923.286140 545.666121 1303827193
1949.683536 546.666120 1303827195
1976.411934 547.666119 1303827197
2002.643829 547.999452 1303827199
2028.461972 547.888341 1303827201
2054.280115 548.110563 1303827203
2080.015507 548.555007 1303827205
2105.502648 548.888340 1303827207
2131.320791 549.443895 1303827209
2157.800937 549.777228 1303827211
2184.446585 550.221672 1303827213
2210.926731 550.221672 1303827215
2237.489628 550.777227 1303827217
2263.721523 551.555004 1303827219
2290.201670 552.332781 1303827221
2316.847317 552.999447 1303827223
2343.823967 553.332780 1303827225
2370.966117 553.888335 1303827227
2398.191017 554.443890 1303827229
2424.919415 555.110556 1303827231
2449.910053 556.110555 1303827233
2470.763169 557.110554 1303827235
2494.760802 558.110553 1303827239
2518.261932 557.332776 1303827264
2545.073080 556.777221 1303827268
2572.215230 556.221666 1303827271
2593.151096 556.777221 1303827273
2615.410969 557.221665 1303827275
2637.422591 557.666109 1303827277
2659.103211 558.110553 1303827279
2679.873576 558.221664 1303827281
2700.230188 558.666108 1303827283
2727.124087 559.666107 1303827286
2751.949224 560.332773 1303827290
2771.974835 560.777217 1303827293
2796.551721 561.777216 1303827296
2825.679882 562.110549 1303827299
2847.112251 562.443882 1303827301
2870.116878 563.332770 1303827303
2894.114511 564.332769 1303827305
2917.615641 565.221657 1303827307
2939.792764 566.888322 1303827309
2959.818374 568.888320 1303827311
2981.250743 573.221649 1303827314
2988.863785 594.221628 1303827318
2988.532783 616.888272 1303827321
2987.870780 643.999356 1303827324
2987.043275 673.999326 1303827327
2986.546772 693.999306 1303827329
2986.298521 714.221508 1303827331
2985.884769 743.888145 1303827334
2985.305515 771.221451 1303827337
2984.229759 795.999204 1303827340
2981.829996 820.999179 1303827344
2994.159814 838.332495 1303827349
3019.564205 838.332495 1303827353
3044.637594 836.554719 1303827356
3074.179507 837.221385 1303827359
3094.618870 837.888051 1303827361
3124.160784 838.999161 1303827364
3151.633936 840.443604 1303827367
3175.714319 839.999160 1303827371
