3323.010134 598.777179 1303830124
3306.294541 582.999417 1303830141
3284.696672 581.888307 1303830144
3257.637272 581.554974 1303830147
3236.949657 580.999419 1303830149
3215.434538 580.999419 1303830151
3195.160676 580.666086 1303830153
3170.583790 579.888309 1303830156
3150.558180 579.332754 1303830160
3127.967305 578.666088 1303830168
3107.858943 578.332755 1303830171
3081.709799 577.999422 1303830174
3061.435937 577.554978 1303830176
3039.010562 577.332756 1303830178
3014.930179 576.888312 1303830180
2989.939541 576.332757 1303830182
2964.452400 575.666091 1303830184
2938.882509 575.332758 1303830186
2914.636624 574.554981 1303830188
2893.535258 573.888315 1303830190
2871.689137 573.443871 1303830193
2851.084273 573.554982 1303830201
2826.176385 573.888315 1303830219
2802.758005 573.777204 1303830222
2773.464343 572.666094 1303830225
2751.369971 572.110539 1303830227
2729.275599 571.999428 1303830229
2707.594979 571.777206 1303830231
2685.583357 571.221651 1303830233
2664.812992 569.443875 1303830235
2638.746598 568.332765 1303830238
2616.900477 567.999432 1303830245
2595.799111 567.999432 1303830259
2575.525248 567.332766 1303830262
2548.631350 566.777211 1303830265
2519.089436 566.443878 1303830268
2489.133770 565.777212 1303830271
2468.363406 565.332768 1303830273
2447.262039 564.777213 1303830275
2425.746920 563.999436 1303830277
2404.231801 563.332770 1303830279
2382.137428 562.666104 1303830281
2359.629304 561.999438 1303830283
2336.541926 561.443883 1303830285
2313.620049 560.888328 1303830287
2290.532672 559.999440 1303830289
2267.528044 558.999441 1303830291
2244.275166 558.554997 1303830293
2220.443034 558.332775 1303830295
2196.279900 557.888331 1303830297
2171.620264 557.221665 1303830299
2146.546875 556.777221 1303830301
2120.976984 556.110555 1303830303
2095.572593 555.221667 1303830305
2070.747456 554.443890 1303830307
2046.832574 553.555002 1303830309
2024.076198 553.110558 1303830311
2002.478328 552.999447 1303830313
1981.294211 552.777225 1303830315
1959.696341 552.555003 1303830317
1937.850221 552.110559 1303830319
1915.838599 551.999448 1303830321
1893.578726 551.777226 1303830323
1871.484353 551.555004 1303830325
1850.879489 551.443893 1303830327
1824.482093 551.110560 1303830330
1800.318960 550.443894 1303830333
1779.052092 550.332783 1303830336
1755.219960 550.221672 1303830339
1726.919304 550.332783 1303830342
1706.148939 549.999450 1303830344
1683.889066 549.888339 1303830346
1648.471870 549.666117 1303830349
1624.391486 549.888339 1303830351
1601.221358 550.110561 1303830353
1579.044236 550.332783 1303830355
1558.108370 550.777227 1303830357
1532.207476 551.443893 1303830360
1511.106110 559.110552 1303830364
1509.120099 583.554972 1303830368
1508.375345 607.554948 1303830371
1507.713341 637.221585 1303830374
1507.299589 658.999341 1303830376
1506.389334 681.110430 1303830378
1505.561829 702.999297 1303830380
1504.982576 724.554831 1303830382
1504.734325 744.999255 1303830384
1504.237822 771.665895 1303830387
1503.410317 792.888096 1303830391
1493.563013 810.999189 1303830403
1467.331118 811.776966 1303830408
1445.402246 811.999188 1303830411
1420.163357 810.554745 1303830414
1398.813739 810.554745 1303830418
1375.974612 813.443631 1303830430
1350.901223 813.665853 1303830435
1326.738090 816.665850 1303830440
1304.560967 818.776959 1303830460
1278.494573 818.888070 1303830465
1255.738197 818.888070 1303830468
1229.009799 817.888071 1303830471
1199.716137 816.332517 1303830474
1170.836227 814.110297 1303830477
1144.935334 813.999186 1303830480
1124.744222 808.554747 1303830495
1114.400415 828.999171 1303830501
1112.166153 850.888038 1303830506
