3319.369113 628.110483 1303833805
3320.775871 607.332726 1303833827
3307.204796 591.666075 1303833835
3280.393648 588.110523 1303833839
3253.499749 587.666079 1303833842
3223.626834 587.221635 1303833845
3201.780713 586.443858 1303833847
3180.100093 585.666081 1303833849
3152.047688 584.888304 1303833852
3131.608325 583.999416 1303833856
3106.038433 582.666084 1303833877
3083.364808 582.221640 1303833880
3055.312403 581.554974 1303833883
3034.293786 580.999419 1303833885
3012.033913 580.443864 1303833887
2989.443038 580.110531 1303833889
2966.934914 579.554976 1303833891
2944.095787 578.888310 1303833893
2921.670413 578.110533 1303833895
2900.320795 577.554978 1303833897
2874.254401 576.999423 1303833900
2852.408280 576.554979 1303833905
2829.072651 575.999424 1303833909
2804.826767 575.221647 1303833912
2776.774362 574.777203 1303833915
2756.252248 574.110537 1303833917
2734.902630 573.554982 1303833919
2714.297766 573.443871 1303833921
2694.189405 572.888316 1303833923
2665.226745 571.999428 1303833926
2639.987855 571.554984 1303833929
2615.245468 570.999429 1303833932
2592.323591 570.443874 1303833935
2570.146469 569.999430 1303833939
2545.155830 569.554986 1303833943
2521.571950 569.332764 1303833946
2494.016047 568.666098 1303833949
2473.328433 568.221654 1303833951
2451.234061 567.666099 1303833953
2428.229433 567.554988 1303833955
2405.307557 567.221655 1303833957
2381.723676 566.666100 1303833959
2357.395042 566.110545 1303833961
2332.735405 565.554990 1303833963
2308.075769 564.999435 1303833965
2283.416132 564.332769 1303833967
2258.425494 563.777214 1303833969
2233.848608 563.221659 1303833971
2209.933726 562.443882 1303833973
2186.929099 561.888327 1303833975
2164.586475 561.332772 1303833977
2142.823105 560.888328 1303833979
2121.225235 560.554995 1303833981
2099.213613 560.110551 1303833983
2076.788239 559.666107 1303833985
2053.783612 559.332774 1303833987
2030.861735 559.110552 1303833989
2008.105359 558.666108 1303833991
1985.514484 558.110553 1303833993
1962.840859 557.554998 1303833995
1940.001732 556.777221 1303833997
1917.576358 556.443888 1303833999
1895.564737 556.110555 1303834001
1874.132368 555.777222 1303834003
1853.444754 555.221667 1303834005
1824.647594 554.443890 1303834008
1800.898213 553.999446 1303834011
1780.210598 553.999446 1303834016
1759.357483 553.332780 1303834024
1739.331872 552.999447 1303834027
1703.997427 552.999447 1303834031
1683.558064 552.888336 1303834033
1661.960194 552.777225 1303834035
1639.121068 552.777225 1303834037
1615.950940 552.888336 1303834039
1593.442815 553.221669 1303834041
1571.348443 553.555002 1303834043
1550.743579 553.888335 1303834045
1526.497695 554.332779 1303834048
1507.961592 563.332770 1303834053
1506.885836 586.888302 1303834058
1506.389334 614.110497 1303834062
1505.975581 638.554917 1303834065
1505.561829 663.666003 1303834068
1505.065326 689.443755 1303834071
1504.568824 713.888175 1303834074
1503.989570 738.110373 1303834077
1503.244816 762.999237 1303834080
1503.493068 784.776993 1303834083
1500.679552 806.110305 1303834091
1480.157439 815.999184 1303834096
1459.883576 813.999186 1303834099
1436.961700 813.110298 1303834102
1414.453575 812.332521 1303834105
1393.848711 812.110299 1303834108
1367.451315 810.888078 1303834112
1341.633172 812.110299 1303834116
1319.704301 812.888076 1303834121
1298.106431 812.665854 1303834148
1271.626285 810.554745 1303834153
1246.635647 808.443636 1303834156
1216.679981 808.110303 1303834159
1196.323368 807.554748 1303834161
1168.270963 806.776971 1303834164
1145.514587 805.554750 1303834167
1124.082219 805.443639 1303834172
1111.835151 824.443620 1303834179
1109.600889 849.554706 1303834183
1109.187136 872.554683 1303834186
1108.690634 898.221324 1303834189
1108.028630 922.554633 1303834192
1107.532127 945.443499 1303834195
1105.628867 981.332352 1303834200
1105.463366 1004.221218 1303834203
1104.056608 1027.332306 1303834208
1107.035624 1048.998951 1303834213
1127.888740 1057.665609 1303834221
