3320.031117 594.443850 1303834918
3296.695488 585.110526 1303834923
3273.442609 584.110527 1303834926
3247.789967 582.999417 1303834929
3222.468327 582.443862 1303834932
3200.787707 581.888307 1303834935
3179.769091 581.332752 1303834940
3155.523207 581.777196 1303834963
3128.463807 581.554974 1303834967
3105.293679 580.999419 1303834970
3080.551292 580.554975 1303834973
3054.981401 581.554974 1303834976
3031.397520 581.999418 1303834979
3008.475644 580.554975 1303834996
2983.816007 578.888310 1303835001
2959.404622 575.554980 1303835005
2934.579485 575.221647 1303835008
2905.782325 574.554981 1303835011
2885.011960 574.110537 1303835013
2863.414091 574.110537 1303835015
2841.402469 573.888315 1303835017
2819.639099 573.443871 1303835019
2798.289481 572.999427 1303835021
2777.436365 572.777205 1303835023
2757.328004 572.110539 1303835025
2728.530845 571.221651 1303835028
2700.395689 570.666096 1303835031
2670.522774 570.554985 1303835034
2650.000660 570.332763 1303835036
2629.313046 569.443875 1303835038
2608.377180 568.888320 1303835040
2587.524065 568.443876 1303835042
2566.505448 567.888321 1303835044
2545.238581 567.332766 1303835046
2523.475210 566.666100 1303835048
2501.463589 566.110545 1303835050
2478.707213 565.443879 1303835052
2455.454334 564.999435 1303835054
2432.284206 564.666102 1303835056
2409.610580 563.888325 1303835058
2387.847210 563.221659 1303835060
2367.159596 562.554993 1303835062
2345.975478 561.999438 1303835064
2323.550104 561.554994 1303835066
2301.041980 561.110550 1303835068
2278.533855 560.888328 1303835070
2256.522234 560.554995 1303835072
2235.255366 559.999440 1303835074
2205.961704 559.443885 1303835077
2180.557313 557.999442 1303835080
2156.311429 557.777220 1303835084
2135.210062 557.888331 1303835113
2112.288186 557.332776 1303835117
2087.545799 556.666110 1303835120
2057.672883 556.110555 1303835123
2035.744012 555.555000 1303835125
2013.153137 555.332778 1303835127
1990.396761 555.110556 1303835129
1967.474884 554.332779 1303835131
1944.884010 553.888335 1303835133
1922.210384 553.332780 1303835135
1900.198762 552.777225 1303835137
1878.518142 552.110559 1303835139
1857.334025 551.443893 1303835141
1836.811912 550.999449 1303835143
1807.269998 550.666116 1303835146
1781.286354 550.443894 1303835149
1758.198977 550.110561 1303835153
1734.284094 550.555005 1303835175
1707.472946 550.666116 1303835179
1680.413546 550.555005 1303835182
1660.056934 550.555005 1303835184
1638.210813 550.777227 1303835186
1615.454437 551.221671 1303835188
1592.946313 551.777226 1303835190
1571.596694 552.443892 1303835192
1543.544289 553.443891 1303835195
1522.277422 553.666113 1303835212
1509.037348 571.888317 1303835219
1508.540846 595.110516 1303835223
1507.878842 620.110491 1303835226
1506.885836 648.999351 1303835229
1506.472084 678.777099 1303835232
1505.230827 708.888180 1303835235
1503.989570 729.888159 1303835237
1502.665563 750.332583 1303835239
1502.169060 776.999223 1303835242
1501.672558 797.221425 1303835248
1488.928987 812.776965 1303835259
1463.028094 810.665856 1303835263
1439.278712 808.221414 1303835266
1412.633065 807.554748 1303835269
1384.828911 808.110303 1303835272
1358.017763 808.999191 1303835275
1335.095886 810.554745 1303835278
1313.911769 810.999189 1303835284
1289.583134 808.110303 1303835300
1264.013243 806.443638 1303835304
1241.339617 805.665861 1303835307
1217.507486 806.221416 1303835310
1192.185845 806.443638 1303835313
1167.195207 805.888083 1303835316
1144.190580 805.110306 1303835319
1121.599705 804.110307 1303835323
1108.359632 821.888067 1303835332
1106.373621 846.221376 1303835336
1107.035624 868.332465 1303835339
1107.366626 936.665730 1303835348
1107.697628 966.110145 1303835352
1106.704623 988.776789 1303835355
1106.373621 1034.443410 1303835363
1122.013457 1049.665617 1303835371
