3132.518580 579.554976 1303839719
3109.182951 579.110532 1303839729
3085.847322 579.110532 1303839732
3057.132913 578.666088 1303839735
3036.362548 577.999422 1303839737
3014.764678 577.221645 1303839739
2992.339304 576.666090 1303839741
2969.417427 576.110535 1303839743
2945.916297 575.443869 1303839745
2922.911670 574.777203 1303839747
2901.313801 574.332759 1303839749
2875.743909 573.554982 1303839752
2853.732287 572.999427 1303839757
2831.637915 572.443872 1303839761
2807.971284 571.999428 1303839764
2779.918879 571.332762 1303839767
2748.142703 570.221652 1303839770
2725.800080 569.554986 1303839772
2640.153356 567.554988 1303839780
2617.562481 567.666099 1303839782
2597.536870 567.777210 1303839784
2572.794483 567.888321 1303839787
2550.865612 567.221655 1303839790
2526.950730 566.554989 1303839793
2499.974080 565.999434 1303839796
2469.687413 565.332768 1303839799
2448.089543 564.999435 1303839801
2425.995171 564.554991 1303839803
2403.404296 564.221658 1303839805
2380.896172 563.554992 1303839807
2358.305297 563.110548 1303839809
2335.631671 562.554993 1303839811
2312.709794 562.110549 1303839813
2289.043163 561.666105 1303839815
2264.300777 561.221661 1303839817
2238.730885 560.777217 1303839819
2212.747241 560.332773 1303839821
2187.094599 559.554996 1303839823
2161.690209 558.888330 1303839825
2136.534070 558.554997 1303839827
2111.295180 558.110553 1303839829
2086.304542 557.443887 1303839831
2061.727656 556.888332 1303839833
2037.812774 556.332777 1303839835
2014.311644 555.999444 1303839837
1991.472517 555.555000 1303839839
1969.212644 554.999445 1303839841
1947.366523 554.332779 1303839843
1925.685903 553.888335 1303839845
1903.839782 553.332780 1303839847
1882.076412 552.777225 1303839849
1860.726794 552.555003 1303839851
1833.419143 552.332781 1303839854
1811.490272 551.999448 1303839858
1787.409888 550.999449 1303839877
1759.688485 551.110560 1303839881
1731.884331 551.332782 1303839884
1710.865715 551.332782 1303839886
1688.523091 551.332782 1303839888
1665.601214 551.332782 1303839890
1643.175840 551.332782 1303839892
1620.998718 551.555004 1303839894
1599.069846 551.888337 1303839896
1577.389226 552.332781 1303839898
1556.536111 552.777225 1303839900
1529.807713 553.332780 1303839903
1510.278605 561.666105 1303839907
1507.465090 584.888304 1303839911
1507.134088 608.666058 1303839914
1506.803086 637.554918 1303839917
1505.644580 667.221555 1303839920
1504.486073 695.665971 1303839923
1502.913814 719.888169 1303839926
1502.086310 741.999258 1303839929
1501.589807 762.888126 1303839933
1499.272794 783.776994 1303839952
1494.887020 805.665861 1303839981
1475.109661 809.665857 1303839986
1453.511791 807.221415 1303839989
1430.176162 804.443640 1303839992
1405.764777 802.665864 1303839995
1381.849895 800.443644 1303839998
1352.059730 800.332533 1303840002
1327.151842 805.221417 1303840006
1309.443244 795.888093 1303840027
1287.514373 808.776969 1303840041
1258.137960 806.221416 1303840044
1237.367595 804.221418 1303840046
1216.845482 802.999197 1303840048
1186.641565 804.776973 1303840050
1156.768649 808.332525 1303840052
1135.667283 807.999192 1303840056
1121.434204 822.110289 1303840061
1118.372437 843.999156 1303840065
1116.800178 866.221356 1303840068
1116.138175 891.554664 1303840071
1114.814167 916.999083 1303840074
1114.483166 940.332393 1303840077
1113.159158 960.887928 1303840080
1112.000652 986.887902 1303840084
1110.345643 1012.221210 1303840088
1108.276881 1034.776743 1303840092
1110.593894 1055.554500 1303840101
1131.529760 1057.443387 1303840107
