1446.478002 1077.887811 1303844062
1471.882393 1077.554478 1303844075
1489.011738 1061.110050 1303844085
1490.666747 1040.554515 1303844089
1493.728514 1014.776763 1303844093
1497.204033 992.332341 1303844096
1500.348550 966.665700 1303844099
1502.831064 938.999061 1303844102
1503.410317 910.999089 1303844105
1503.824069 883.999116 1303844108
1504.568824 858.221364 1303844111
1504.486073 835.999164 1303844114
1503.575818 815.888073 1303844121
1503.575818 790.110321 1303844126
1503.327567 766.665900 1303844129
1503.989570 739.554816 1303844132
1505.065326 710.554845 1303844135
1505.727330 680.999319 1303844138
1505.892831 660.777117 1303844140
1506.141082 640.443804 1303844142
1506.306583 611.221611 1303844145
1507.134088 587.332746 1303844148
1507.713341 564.554991 1303844164
1514.416128 541.777236 1303844170
1537.089754 539.888349 1303844174
1558.522122 539.888349 1303844177
1581.443999 539.777238 1303844181
1601.883362 539.555016 1303844192
1625.632743 540.110571 1303844196
1649.961378 540.777237 1303844199
1678.593036 541.221681 1303844202
1699.446152 541.555014 1303844204
1721.457773 541.666125 1303844206
1744.296900 542.110569 1303844208
1767.798030 542.443902 1303844210
1791.878413 542.888346 1303844212
1816.620800 543.555012 1303844214
1841.694189 544.110567 1303844216
1867.264080 544.666122 1303844218
1893.164973 545.443899 1303844220
1919.562369 546.110565 1303844222
1947.035521 546.777231 1303844224
1974.591424 547.443897 1303844226
2002.809330 548.110563 1303844228
2032.020242 548.666118 1303844230
2060.569150 548.888340 1303844232
2087.711300 548.888340 1303844234
2115.184452 549.999450 1303844236
2142.492103 550.999449 1303844238
2169.551502 551.555004 1303844240
2196.528152 552.443892 1303844242
2223.339300 553.221669 1303844244
2249.571195 553.999446 1303844246
2275.058336 554.666112 1303844248
2300.462727 554.999445 1303844250
2325.867117 555.777222 1303844252
2351.188757 556.554999 1303844254
2376.593148 557.221665 1303844256
2401.252784 557.999442 1303844258
2426.160672 558.443886 1303844260
2450.985809 559.110552 1303844262
2474.569690 559.888329 1303844264
2496.912313 560.666106 1303844266
2519.585939 560.666106 1303844268
2542.756067 560.999439 1303844270
2566.422698 561.110550 1303844272
2590.089329 561.554994 1303844274
2612.431953 562.332771 1303844276
2632.623064 562.999437 1303844278
2659.930715 563.666103 1303844281
2684.424851 565.554990 1303844284
2709.829241 567.554988 1303844287
2737.054142 569.777208 1303844290
2765.520299 570.888318 1303844293
2794.979462 571.443873 1303844296
2822.038862 571.666095 1303844299
2845.539992 571.332762 1303844303
2866.806860 571.443873 1303844332
2888.404729 572.999427 1303844336
2911.740358 573.332760 1303844339
2938.799758 574.221648 1303844342
2962.962892 575.554980 1303844345
2983.650506 577.666089 1303844370
2987.374277 602.888286 1303844376
2987.539778 622.999377 1303844379
2986.960524 647.332686 1303844382
2986.298521 671.888217 1303844385
2985.884769 694.888194 1303844388
2985.471016 718.665948 1303844391
2985.305515 743.443701 1303844394
2984.891763 766.888122 1303844397
2984.312510 788.776989 1303844401
2982.657501 808.776969 1303844428
2982.409249 829.665837 1303844436
3001.441855 839.110272 1303844442
3028.915007 836.776941 1303844446
3055.229652 836.665830 1303844449
3084.357813 835.554720 1303844452
3113.568725 833.999166 1303844455
3141.538380 834.665832 1303844458
3164.956759 834.888054 1303844461
3185.478873 836.332497 1303844486
