1289.996887 1073.776704 1302826682
1309.939747 1072.110039 1302826686
1337.743901 1071.221151 1302826689
1359.176269 1070.887818 1302826691
1380.939640 1070.776707 1302826693
1401.958256 1070.998929 1302826695
1422.976872 1071.110040 1302826697
1444.326490 1071.776706 1302826699
1464.352101 1071.887817 1302826701
1485.205216 1071.665595 1302826704
1499.934798 1053.887835 1302826719
1499.355545 1031.887857 1302826722
1500.265800 1001.443443 1302826725
1501.755308 976.665690 1302826727
1503.493068 949.332384 1302826729
1504.817075 921.110190 1302826731
1504.982576 893.887995 1302826733
1504.072321 868.221354 1302826735
1502.582813 845.888043 1302826737
1501.672558 820.665846 1302826740
1499.686547 797.665869 1302826746
1501.341556 769.999230 1302826750
1503.079315 749.777028 1302826752
1504.651574 725.332608 1302826754
1505.727330 696.665970 1302826756
1506.803086 665.666001 1302826758
1507.299589 635.888253 1302826760
1507.713341 609.110502 1302826762
1507.961592 587.221635 1302826764
1507.630591 566.110545 1302826767
1510.609607 542.110569 1302826796
1528.069954 529.999470 1302826801
1551.902085 531.443913 1302826804
1573.996458 531.999468 1302826806
1599.814601 533.110578 1302826808
1625.798244 533.888355 1302826810
1648.885622 533.555022 1302826812
1675.117517 532.999467 1302826815
1695.970632 533.555022 1302826819
1717.485751 534.332799 1302826822
1737.925115 535.443909 1302826824
1762.170999 536.555019 1302826826
1789.561400 537.555018 1302826828
1819.682567 538.555017 1302826830
1851.872495 539.443905 1302826832
1885.220929 539.999460 1302826834
1919.314118 540.555015 1302826836
1952.828053 541.110570 1302826838
1984.852481 541.999458 1302826840
2015.470150 542.999457 1302826842
2044.681062 543.666123 1302826844
2072.402465 544.443900 1302826846
2099.875617 545.443899 1302826848
2127.266018 546.110565 1302826850
2156.063178 546.666120 1302826852
2184.777587 547.443897 1302826854
2212.912742 548.332785 1302826856
2239.972142 549.110562 1302826858
2265.790285 549.443895 1302826860
2290.615422 549.888339 1302826862
2315.192308 550.332783 1302826864
2339.851945 550.332783 1302826866
2365.421836 550.777227 1302826868
2391.736482 551.666115 1302826870
2418.795881 552.221670 1302826872
2445.524279 552.777225 1302826874
2472.087176 553.443891 1302826876
2499.146576 553.999446 1302826878
2525.874974 554.443890 1302826880
2552.851623 555.110556 1302826882
2581.152279 555.999444 1302826884
2609.783938 557.221665 1302826886
2638.001844 557.443887 1302826888
2666.219750 557.666109 1302826890
2693.444651 558.332775 1302826892
2717.442283 559.666107 1302826894
2741.026164 559.332774 1302826897
2770.485327 565.666101 1302826907
2794.482960 568.999431 1302826910
2836.354691 571.999428 1302826914
2860.848827 572.332761 1302826916
2896.928026 572.443872 1302826919
2922.001415 570.999429 1302826922
2944.013037 574.554981 1302826929
2965.528156 573.666093 1302826935
2985.140014 579.554976 1302826947
2990.105042 603.554952 1302826951
2989.360288 632.221590 1302826954
2988.119031 655.777122 1302826956
2986.629523 680.999319 1302826958
2986.381271 707.777070 1302826960
2985.967519 735.999264 1302826962
2984.974514 763.332570 1302826964
2983.650506 788.888100 1302826966
2982.078247 810.221412 1302826968
2981.498994 831.443613 1302826971
2999.538594 847.554708 1302826989
3023.949979 845.221377 1302826992
3045.796100 844.110267 1302826994
3071.200491 843.665823 1302826996
3099.004644 843.665823 1302826998
3127.884554 843.999156 1302827000
3155.523207 843.443601 1302827002
3178.941587 842.110269 1302827004
3202.773718 840.776937 1302827007
