3006.241381 581.554974 1303917129
2985.388266 580.332753 1303917136
2963.376644 577.443867 1303917140
2938.717008 577.554978 1303917143
2909.340595 576.888312 1303917146
2880.708937 576.332757 1303917149
2857.538809 575.666091 1303917152
2834.699682 575.332758 1303917155
2808.798789 574.666092 1303917158
2779.339626 574.221648 1303917161
2758.486511 573.999426 1303917163
2736.392138 573.888315 1303917165
2713.553012 573.554982 1303917167
2690.382884 573.221649 1303917169
2666.633502 571.110540 1303917171
2630.719804 569.777208 1303917174
2607.715176 569.443875 1303917176
2585.455303 568.777209 1303917178
2564.105685 568.332765 1303917180
2536.301531 567.999432 1303917183
2515.862168 566.554989 1303917186
2493.602295 564.443880 1303917189
2466.294644 566.110545 1303917192
2445.441529 566.110545 1303917194
2422.602402 565.888323 1303917196
2398.025516 565.221657 1303917198
2371.628120 564.554991 1303917200
2344.485970 564.110547 1303917202
2317.178319 563.554992 1303917204
2289.787918 562.888326 1303917206
2262.232015 562.110549 1303917208
2235.172615 561.554994 1303917210
2208.444218 560.888328 1303917212
2182.129572 560.332773 1303917214
2155.897677 559.888329 1303917216
2129.748532 559.221663 1303917218
2103.433887 558.777219 1303917220
2077.119241 558.221664 1303917222
2051.135597 557.777220 1303917224
2025.731207 557.332776 1303917226
2000.740569 556.888332 1303917228
1975.998182 556.221666 1303917230
1951.338545 555.777222 1303917232
1927.009911 555.221667 1303917234
1903.591531 554.443890 1303917236
1881.083407 553.888335 1303917238
1859.485537 553.443891 1303917240
1839.377176 553.332780 1303917242
1815.462294 552.888336 1303917245
1795.022930 552.666114 1303917253
1770.197793 552.221670 1303917259
1746.613913 552.221670 1303917262
1718.396007 552.221670 1303917265
1697.708392 552.443892 1303917267
1675.945022 552.555003 1303917269
1653.685149 552.555003 1303917271
1632.004529 552.221670 1303917273
1603.372870 552.666114 1303917276
1580.533744 552.888336 1303917280
1559.266876 553.777224 1303917284
1539.075764 554.888334 1303917288
1518.139899 554.999445 1303917308
1511.768113 578.554977 1303917314
1511.354361 600.110511 1303917317
1510.775108 625.888263 1303917320
1510.361356 646.554909 1303917323
1508.540846 666.666000 1303917335
1507.713341 691.777086 1303917340
1506.885836 714.443730 1303917344
1506.389334 735.999264 1303917348
1505.396328 756.443688 1303917352
1504.817075 780.110331 1303917357
1504.568824 801.443643 1303917378
1483.301956 809.443635 1303917386
1462.779842 808.776969 1303917389
1436.547947 807.554748 1303917392
1411.391808 807.776970 1303917395
1388.469931 807.554748 1303917398
1367.616816 807.443637 1303917401
1347.508455 807.888081 1303917404
1324.503827 811.110300 1303917408
1304.229965 810.888078 1303917428
1283.542351 808.999191 1303917432
1256.234700 806.888082 1303917436
1231.409562 806.665860 1303917439
1206.253423 806.221416 1303917442
1181.593787 806.110305 1303917445
1157.844405 806.110305 1303917448
1133.019268 806.554749 1303917452
1114.400415 816.110295 1303917467
1111.669650 840.999159 1303917471
1110.262892 864.221358 1303917474
1109.931890 885.332448 1303917477
1108.028630 905.999094 1303917481
1104.635861 929.110182 1303917485
1102.980852 950.999049 1303917489
1100.498338 975.887913 1303917494
1098.760579 997.999002 1303917498
1096.774568 1021.221201 1303917503
1103.891107 1042.443402 1303917509
1112.497155 1060.887828 1303917520
1139.970307 1058.221164 1303917531
1169.925972 1057.554498 1303917555
1193.758104 1058.332275 1303917558
1216.514480 1059.110052 1303917561
1237.946849 1060.110051 1303917564
1259.379217 1060.221162 1303917568
1289.583134 1060.887828 1303917590
1314.573772 1061.665605 1303917594
1340.474666 1062.554493 1303917597
1366.789311 1063.443381 1303917600
1388.800933 1062.776715 1303917604
1409.405797 1062.776715 1303917609
1429.596909 1069.332264 1303917617
1452.518786 1068.332265 1303917623
1473.537402 1064.998935 1303917629
1479.412684 1040.221182 1303917633
1482.805453 1014.332319 1303917636
1485.453468 993.887895 1303917638
1488.184233 971.776806 1303917640
1490.418495 948.665718 1303917642
1492.487257 925.665741 1303917644
1494.556018 903.776874 1303917646
1496.376528 883.332450 1303917648
1498.610791 855.221367 1303917651
1501.010554 832.221390 1303917655
1504.155071 809.221413 1303917665
1504.651574 787.110324 1303917668
1505.396328 758.554797 1303917671
1505.810080 737.332596 1303917673
1506.472084 715.999284 1303917675
1507.134088 695.332638 1303917677
1507.796091 665.777112 1303917680
1508.209844 645.777132 1303917682
1508.540846 624.666042 1303917684
1508.871847 603.777174 1303917686
1509.616602 574.554981 1303917689
1512.016365 551.555004 1303917692
1530.055965 541.221681 1303917696
1550.991830 541.777236 1303917699
1577.223726 541.666125 1303917702
1597.249336 542.110569 1303917704
1617.357698 542.555013 1303917706
1645.161851 542.777235 1303917709
1672.635003 543.110568 1303917712
1701.266662 542.666124 1303917715
1731.222327 542.666124 1303917718
1752.489195 542.666124 1303917720
1774.583567 542.999457 1303917722
1797.836446 543.332790 1303917724
1822.082330 544.110567 1303917726
1847.486721 544.888344 1303917728
1873.470364 545.443899 1303917730
1900.116012 545.555010 1303917732
1927.009911 546.110565 1303917734
1953.986560 547.110564 1303917736
1981.045960 547.555008 1303917738
2008.188110 548.110563 1303917740
2035.578511 548.221674 1303917742
2063.713667 547.999452 1303917744
2091.600571 546.999453 1303917746
2119.652976 546.666120 1303917748
2147.539881 547.110564 1303917750
2175.592286 547.777230 1303917752
2203.561941 548.666118 1303917754
2231.531595 549.555006 1303917756
2259.004747 550.777227 1303917758
2285.981397 551.777226 1303917760
2313.040796 552.555003 1303917762
2340.513948 553.332780 1303917764
2367.904350 554.221668 1303917766
2394.798249 555.221667 1303917768
2421.195645 556.110555 1303917770
2446.931037 556.999443 1303917772
2471.921675 558.110553 1303917774
2496.581312 558.888330 1303917776
2521.406449 559.554996 1303917778
2546.562588 559.666107 1303917780
2572.380731 559.999440 1303917782
2598.033373 560.332773 1303917784
2622.610259 560.999439 1303917786
2646.276890 561.110550 1303917788
2669.033266 561.443883 1303917790
2690.631135 562.110549 1303917792
2719.593795 562.666104 1303917795
2745.908441 563.554992 1303917798
2774.209098 564.554991 1303917801
2794.648461 565.221657 1303917803
2816.246330 565.888323 1303917805
2838.671704 565.999434 1303917807
2861.014328 566.332767 1303917809
2882.777698 566.777211 1303917811
2903.134311 566.888322 1303917813
2927.876698 566.666100 1303917816
2952.701835 569.999430 1303917820
2973.389449 572.666094 1303917842
2992.504805 588.110523 1303917847
2991.925552 613.332720 1303917851
2990.684295 635.777142 1303917854
2989.525789 661.777116 1303917857
2988.946535 691.332642 1303917860
2988.615534 711.554844 1303917862
2988.615534 731.888157 1303917864
2988.119031 752.221470 1303917866
2987.457027 781.665885 1303917869
2986.298521 809.110302 1303917872
2988.367282 833.554722 1303917876
3012.861418 838.888050 1303917880
3037.355553 837.665829 1303917883
3066.980217 837.110274 1303917886
3088.412586 836.999163 1303917888
3109.762204 837.443607 1303917890
3130.532569 837.999162 1303917892
3157.095466 838.554717 1303917895
3177.534829 838.443606 1303917899
