3322.017128 599.888289 1303919149
3304.805033 587.777190 1303919160
3283.786417 586.777191 1303919163
3256.892518 586.332747 1303919166
3236.866907 585.777192 1303919168
3215.765540 584.999415 1303919170
3194.581423 584.554971 1303919172
3174.142060 584.332749 1303919174
3149.151422 583.554972 1303919177
3128.215556 582.332751 1303919197
3107.031439 581.777196 1303919201
3082.537303 581.110530 1303919204
3052.581638 580.110531 1303919207
3031.232019 579.554976 1303919209
3010.047902 578.888310 1303919211
2989.029286 578.332755 1303919213
2967.845169 577.666089 1303919215
2946.330050 577.221645 1303919217
2924.814931 576.888312 1303919219
2903.382562 576.666090 1303919221
2883.191450 576.221646 1303919223
2853.235785 575.554980 1303919226
2832.051668 574.999425 1303919228
2810.371048 574.554981 1303919230
2788.111174 573.999426 1303919232
2765.520299 573.554982 1303919234
2742.101920 572.999427 1303919236
2718.849041 572.443872 1303919238
2695.761664 571.999428 1303919240
2672.839787 571.332762 1303919242
2650.000660 570.443874 1303919244
2627.078784 569.443875 1303919246
2604.322408 568.888320 1303919248
2581.317780 568.666098 1303919250
2558.230403 568.443876 1303919252
2535.143025 568.221654 1303919254
2512.221148 567.554988 1303919256
2488.968269 566.888322 1303919258
2465.715391 566.332767 1303919260
2442.628013 565.888323 1303919262
2419.706136 565.443879 1303919264
2396.287757 565.110546 1303919266
2372.041873 564.777213 1303919268
2348.044240 564.221658 1303919270
2324.129358 563.554992 1303919272
2300.131725 563.221659 1303919274
2275.803090 563.221659 1303919276
2251.474456 562.777215 1303919278
2227.725074 562.110549 1303919280
2204.637697 561.443883 1303919282
2181.715820 560.777217 1303919284
2158.462941 560.221662 1303919286
2135.292813 559.888329 1303919288
2112.122685 559.554996 1303919290
2088.869806 558.999441 1303919292
2066.030680 558.666108 1303919294
2043.439805 558.221664 1303919296
2020.683429 557.666109 1303919298
1997.761552 557.110554 1303919300
1974.756925 556.554999 1303919302
1951.669547 555.999444 1303919304
1928.251167 555.332778 1303919306
1904.750037 554.443890 1303919308
1881.910911 553.777224 1303919310
1859.816539 553.443891 1303919312
1838.797923 553.221669 1303919314
1809.752512 552.666114 1303919317
1789.726901 552.221670 1303919320
1768.211782 551.555004 1303919335
1743.634896 550.999449 1303919340
1720.464768 550.888338 1303919343
1692.164111 550.666116 1303919346
1671.062745 550.777227 1303919348
1648.554620 550.888338 1303919350
1625.384492 551.110560 1303919352
1603.290120 551.443893 1303919354
1582.271503 551.888337 1303919356
1552.729590 552.555003 1303919359
1530.386966 553.110558 1303919362
1511.850864 560.666106 1303919367
1509.533851 584.888304 1303919372
1509.533851 606.999393 1303919375
1509.037348 633.777144 1303919378
1508.706346 659.999340 1303919381
1508.540846 686.110425 1303919384
1507.630591 711.110400 1303919387
1506.472084 734.221488 1303919390
1506.058332 759.221463 1303919394
1505.810080 779.999220 1303919398
1504.403323 801.110310 1303919426
1484.129461 808.776969 1303919432
1458.394068 807.776970 1303919437
1434.230934 806.665860 1303919441
1410.316052 805.554750 1303919445
1388.883684 808.888080 1303919449
1367.037563 810.443634 1303919457
1346.515449 809.443635 1303919462
1324.917580 810.554745 1303919469
1303.319710 809.999190 1303919495
1282.135593 807.332526 1303919499
1259.130966 804.332529 1303919502
1231.575063 804.665862 1303919505
1203.853660 804.776973 1303919508
1176.711510 804.221418 1303919511
1151.638121 803.554752 1303919514
1130.454004 803.110308 1303919518
1112.910907 818.776959 1303919528
1112.166153 839.110272 1303919531
1111.835151 864.110247 1303919534
1112.910907 892.110219 1303919537
1112.166153 919.221303 1303919540
1110.759395 944.665722 1303919543
1110.842145 966.443478 1303919546
1111.421399 987.665679 1303919549
1111.338648 1010.665656 1303919552
1109.435388 1034.776743 1303919556
1117.793184 1057.887831 1303919566
1142.039068 1055.665611 1303919575
