3319.203613 600.221622 1303921245
3301.412264 586.110525 1303921252
3280.145396 585.666081 1303921255
3253.748000 584.777193 1303921258
3223.709584 583.777194 1303921261
3203.601223 583.221639 1303921263
3175.466067 582.443862 1303921266
3147.496413 581.888307 1303921269
3117.457996 580.999419 1303921272
3096.108378 580.443864 1303921274
3074.179507 579.777198 1303921276
3052.002384 579.221643 1303921278
3030.321764 578.777199 1303921280
3008.972146 578.221644 1303921282
2987.622528 577.777200 1303921284
2966.190160 576.888312 1303921286
2944.178538 576.110535 1303921288
2923.159922 575.332758 1303921290
2903.051560 574.554981 1303921292
2875.661159 573.554982 1303921295
2855.304546 572.999427 1303921298
2829.817405 572.554983 1303921302
2805.654271 572.332761 1303921305
2777.353615 571.777206 1303921308
2756.583250 571.110540 1303921310
2734.571628 570.666096 1303921312
2711.318750 570.332763 1303921314
2686.990115 570.110541 1303921316
2662.330479 569.443875 1303921318
2638.332846 568.777209 1303921320
2614.666215 568.443876 1303921322
2591.330586 567.777210 1303921324
2567.994957 567.554988 1303921326
2544.245575 567.443877 1303921328
2519.916941 566.554989 1303921330
2496.084809 565.888323 1303921332
2472.335427 565.554990 1303921334
2447.675791 565.221657 1303921336
2422.354151 564.777213 1303921338
2396.453258 563.777214 1303921340
2370.304113 563.221659 1303921342
2343.989467 562.554993 1303921344
2317.757572 561.999438 1303921346
2291.608428 561.443883 1303921348
2265.045531 560.888328 1303921350
2238.482634 560.554995 1303921352
2211.919737 560.221662 1303921354
2185.439590 559.666107 1303921356
2159.290446 559.110552 1303921358
2133.886055 558.777219 1303921360
2108.895417 558.443886 1303921362
2083.408276 558.110553 1303921364
2057.176381 557.666109 1303921366
2030.696234 557.221665 1303921368
2004.547090 556.666110 1303921370
1978.646196 555.777222 1303921372
1952.828053 555.221667 1303921374
1927.589164 554.555001 1303921376
1903.177779 553.888335 1303921378
1879.842150 553.666113 1303921380
1857.499526 553.110558 1303921382
1836.977413 552.555003 1303921384
1812.235026 551.666115 1303921387
1792.043914 551.443893 1303921391
1767.880780 550.999449 1303921412
1745.124404 550.888338 1303921416
1724.933293 550.888338 1303921419
1701.432163 550.999449 1303921422
1674.290013 550.999449 1303921425
1633.411286 550.999449 1303921429
1612.227169 551.221671 1303921431
1591.787806 551.666115 1303921433
1563.735401 552.555003 1303921436
1542.882286 553.332780 1303921439
1521.615418 553.666113 1303921457
1509.699352 573.999426 1303921463
1509.037348 598.332735 1303921467
1508.044343 624.443820 1303921470
1507.299589 654.666012 1303921473
1506.554835 675.999324 1303921475
1505.975581 697.888191 1303921477
1505.148077 720.443724 1303921479
1504.486073 742.665924 1303921481
1503.824069 763.443681 1303921483
1503.410317 786.888102 1303921486
1502.582813 807.776970 1303921493
1479.164433 819.776958 1303921498
1453.594542 817.776960 1303921501
1432.989678 815.999184 1303921503
1410.895305 815.110296 1303921505
1388.966434 815.443629 1303921507
1368.361570 815.110296 1303921509
1343.205431 812.110299 1303921512
1322.186815 811.110300 1303921517
1300.423444 810.110301 1303921541
1277.915320 809.110302 1303921545
1255.986448 809.221413 1303921548
1234.967832 808.999191 1303921550
1212.211456 809.221413 1303921552
1190.365335 809.776968 1303921554
1170.256974 808.665858 1303921556
1144.687083 807.776970 1303921559
1124.661472 809.332524 1303921563
1109.021635 826.888062 1303921570
1106.787373 852.665814 1303921574
1106.539122 876.665790 1303921577
1105.380615 905.887983 1303921580
1105.380615 926.332407 1303921582
1105.959868 954.999045 1303921585
1105.546116 980.443464 1303921588
1103.808357 1002.554553 1303921591
1101.739595 1025.998974 1303921595
1103.311854 1046.665620 1303921601
