3302.901772 844.665822 1303940993
3317.300352 829.665837 1303941010
3316.803849 805.665861 1303941014
3316.472847 780.888108 1303941026
3317.217602 759.221463 1303941029
3317.962356 731.665935 1303941032
3318.210607 710.888178 1303941034
3317.631354 690.443754 1303941036
3316.472847 661.777116 1303941039
3316.472847 634.999365 1303941042
3317.134851 610.888278 1303941046
3310.928567 590.666076 1303941070
3286.351681 584.999415 1303941074
3260.864540 584.999415 1303941077
3230.826124 584.443860 1303941080
3210.138509 583.999416 1303941082
3188.871642 583.666083 1303941084
3166.777269 583.443861 1303941086
3143.938143 582.888306 1303941088
3120.271512 582.332751 1303941090
3096.273879 581.554974 1303941092
3072.855500 580.999419 1303941094
3050.595627 580.777197 1303941096
3024.694733 581.554974 1303941099
3002.269359 579.221643 1303941112
2977.361471 576.999423 1303941116
2954.605095 576.221646 1303941119
2933.669230 575.888313 1303941136
2910.664602 575.221647 1303941145
2888.073727 574.777203 1303941148
2861.593581 574.110537 1303941151
2835.030684 573.666093 1303941154
2808.054035 573.443871 1303941157
2780.994635 572.332761 1303941160
2752.942230 571.777206 1303941163
2723.896819 571.332762 1303941166
2703.540207 571.110540 1303941168
2682.687091 570.666096 1303941170
2661.420224 569.888319 1303941172
2639.160350 569.221653 1303941174
2616.486725 568.888320 1303941176
2593.316597 568.666098 1303941178
2569.484465 568.110543 1303941180
2545.155830 567.443877 1303941182
2520.330693 566.999433 1303941184
2495.091803 566.554989 1303941186
2469.025409 566.110545 1303941188
2442.793514 565.554990 1303941190
2416.809870 564.666102 1303941192
2390.743476 564.221658 1303941194
2364.759832 563.888325 1303941196
2339.438192 563.332770 1303941198
2314.364804 562.777215 1303941200
2289.787918 562.332771 1303941202
2265.542033 561.888327 1303941204
2242.206404 561.554994 1303941206
2220.112032 560.666106 1303941208
2194.293889 560.110551 1303941211
2172.034016 561.110550 1303941239
2150.105145 560.888328 1303941243
2125.362758 560.554995 1303941246
2096.731100 559.888329 1303941249
2066.940935 559.110552 1303941252
2045.508566 558.666108 1303941254
2023.248693 558.332775 1303941256
2000.409567 557.999442 1303941258
1977.322189 557.221665 1303941260
1954.317562 556.443888 1303941262
1931.230184 555.888333 1303941264
1908.473808 555.443889 1303941266
1886.710438 554.888334 1303941268
1858.575282 554.332779 1303941271
1837.391165 553.888335 1303941274
1816.786301 553.999446 1303941296
1790.968158 553.999446 1303941302
1768.129032 553.666113 1303941305
1742.476390 553.110558 1303941308
1713.927482 552.999447 1303941311
1686.619831 552.999447 1303941314
1660.718937 552.999447 1303941317
1634.983545 552.999447 1303941320
1607.675894 553.443891 1303941323
1581.195748 553.999446 1303941326
1558.604873 554.110557 1303941330
1537.420755 554.332779 1303941357
1517.395145 557.666109 1303941362
1510.361356 581.443863 1303941367
1509.451101 604.332729 1303941370
1509.120099 632.332701 1303941373
1508.375345 662.332671 1303941376
1507.961592 682.999317 1303941378
1507.547840 704.332629 1303941380
1506.803086 725.999274 1303941382
1505.892831 746.665920 1303941384
1504.899825 774.554781 1303941387
1503.658569 795.332538 1303941392
1483.467457 807.999192 1303941401
1462.862593 805.443639 1303941404
1438.616709 804.110307 1303941407
1414.619076 805.221417 1303941410
1392.772955 806.221416 1303941413
1366.623810 807.221415 1303941417
1341.302170 807.888081 1303941421
1320.531805 808.999191 1303941425
1298.189182 809.888079 1303941436
1278.163571 813.221409 1303941440
1251.931676 812.221410 1303941443
1231.823315 812.332521 1303941445
1211.632203 812.110299 1303941447
1183.497047 811.221411 1303941450
1159.499415 809.888079 1303941453
1137.239541 809.554746 1303941458
1125.737228 827.665839 1303941463
1125.985479 847.665819 1303941466
1125.406226 871.332462 1303941469
1124.826973 898.332435 1303941472
1123.751217 928.221294 1303941475
1122.758211 949.776828 1303941477
1121.765206 971.887917 1303941479
1121.434204 993.665673 1303941481
1120.937701 1014.998985 1303941483
1121.351454 1039.443405 1303941486
1121.434204 1060.665606 1303941492
1141.377064 1064.554491 1303941498
