2986.795024 821.110290 1301846572
2974.382455 837.888051 1301846590
2952.288083 842.443602 1301846594
2926.800942 840.443604 1301846597
2905.120322 839.665827 1301846599
2881.619192 838.221384 1301846601
2859.028317 837.665829 1301846603
2836.271941 837.110274 1301846605
2813.267314 836.221386 1301846607
2791.255692 834.776943 1301846609
2770.981830 836.110275 1301846611
2746.901446 835.776942 1301846614
2726.875836 838.221384 1301846620
2702.547201 837.110274 1301846624
2679.790825 837.443607 1301846627
2655.710442 835.665831 1301846630
2631.878310 832.888056 1301846633
2609.121934 832.554723 1301846636
2586.944812 833.999166 1301846640
2563.691933 835.554720 1301846645
2537.211786 837.110274 1301846649
2516.110420 836.221386 1301846652
2493.271293 836.332497 1301846655
2463.563879 836.776941 1301846658
2442.545263 837.110274 1301846660
2420.699142 836.888052 1301846662
2398.770271 836.554719 1301846664
2377.337902 835.776942 1301846666
2355.905533 834.999165 1301846668
2334.307664 834.443610 1301846670
2312.875295 833.888055 1301846672
2291.525677 833.221389 1301846674
2270.176059 832.999167 1301846676
2249.322944 832.110279 1301846678
2229.131832 831.221391 1301846680
2201.824181 831.332502 1301846683
2177.495546 831.999168 1301846686
2151.015400 830.110281 1301846689
2123.790499 828.332505 1301846692
2099.048112 830.554725 1301846695
2075.464232 836.665830 1301846698
2049.811590 836.776941 1301846701
2027.799968 836.332497 1301846704
2003.223082 837.332496 1301846708
1979.308200 835.221387 1301846712
1957.296578 833.554722 1301846716
1933.795448 836.999163 1301846725
1906.984300 838.665828 1301846729
1880.504153 839.554716 1301846732
1854.272258 839.332494 1301846735
1828.040363 837.221385 1301846738
1802.553222 835.999164 1301846741
1781.120854 835.110276 1301846744
1760.846991 828.221394 1301846749
1740.904131 819.665847 1301846769
1718.975260 823.554732 1301846773
1695.143128 827.554728 1301846776
1665.518464 831.110280 1301846779
1644.748099 832.776945 1301846781
1615.702688 836.110275 1301846784
1595.428826 833.110278 1301846786
1575.651467 829.665837 1301846788
1551.157331 827.221395 1301846791
1530.386966 824.332509 1301846796
1508.789097 822.776955 1301846804
1489.921993 833.221389 1301846808
1471.385890 844.999155 1301846811
1450.615525 853.665813 1301846814
1422.645870 850.110261 1301846817
1401.461753 845.776932 1301846819
1373.823100 842.221380 1301846822
1352.390732 840.888048 1301846825
1331.868618 834.776943 1301846831
1312.587762 843.888045 1301846845
1295.127415 853.776924 1301846849
1271.791786 855.776922 1301846853
1246.139144 856.999143 1301846858
1223.796520 857.443587 1301846860
1194.833860 854.999145 1301846862
1166.284952 850.554705 1301846864
1131.447009 842.332491 1301846866
1103.063602 837.332496 1301846868
1075.590450 832.332501 1301846870
1051.592818 829.554726 1301846872
1030.987954 827.999172 1301846874
1002.108044 828.221394 1301846877
971.490374 827.665839 1301846880
938.555692 825.443619 1301846883
914.144307 824.221398 1301846885
892.794689 824.332509 1301846887
870.369315 825.554730 1301846889
845.792429 826.554729 1301846891
820.388039 826.443618 1301846893
795.397400 826.443618 1301846895
770.986015 826.110285 1301846897
747.153883 825.221397 1301846899
722.825249 823.443621 1301846901
698.827616 821.332512 1301846903
677.809000 820.665846 1301846905
648.515338 820.110291 1301846908
619.387177 817.999182 1301846911
595.389544 814.332519 1301846914
573.543423 806.332527 1301846919
551.862803 798.888090 1301846934
527.616919 798.999201 1301846938
501.054022 797.776980 1301846941
471.098356 795.776982 1301846944
448.755733 794.110317 1301846946
425.833856 792.554763 1301846948
403.739484 790.776987 1301846950
382.555366 788.665878 1301846952
353.178954 786.888102 1301846955
326.864308 785.554770 1301846958
303.694180 785.332548 1301846962
282.758314 787.554768 1301846975
258.098678 789.776988 1301846979
233.604542 789.665877 1301846982
211.758421 787.888101 1301846985
191.567310 789.888099 1301846992
165.500916 794.332539 1301846996
140.427527 796.332537 1301846999
117.009147 796.443648 1301847003
97.811041 805.776972 1301847011
95.659529 831.888057 1301847015
93.921770 857.110254 1301847018
92.018509 884.888004 1301847021
90.777252 913.554642 1301847024
90.446250 941.887947 1301847027
88.460239 972.776805 1301847030
87.798236 995.665671 1301847032
86.887981 1019.443425 1301847034
85.729474 1042.998957 1301847036
84.984720 1066.443378 1301847038
84.653718 1089.443355 1301847040
84.405467 1112.554443 1301847042
84.074465 1136.665530 1301847044
84.074465 1159.332174 1301847046
84.239966 1181.998818 1301847048
83.412461 1204.887684 1301847050
82.915959 1227.332106 1301847052
82.502206 1248.332085 1301847054
81.674702 1275.665391 1301847057
81.591951 1296.887592 1301847061
82.915959 1318.665348 1301847081
102.445067 1325.887563 1301847085
129.752718 1326.220896 1301847089
153.750351 1327.332006 1301847092
180.727000 1327.665339 1301847095
210.599915 1327.665339 1301847098
231.287530 1327.998672 1301847100
253.878405 1329.220893 1301847102
277.793287 1329.998670 1301847104
303.528679 1330.220892 1301847106
328.188316 1330.443114 1301847108
352.103198 1330.443114 1301847110
376.018080 1330.332003 1301847112
400.263964 1330.887558 1301847114
422.606588 1330.776447 1301847116
450.576243 1329.776448 1301847119
473.249868 1329.998670 1301847124
499.895516 1329.776448 1301847128
525.134405 1329.443115 1301847131
549.214788 1324.554231 1301847134
573.791674 1320.665346 1301847137
595.141292 1319.776458 1301847139
621.124936 1319.665347 1301847141
647.108580 1321.109790 1301847143
673.009473 1322.998677 1301847145
698.579365 1323.998676 1301847147
723.239001 1324.332009 1301847149
746.822882 1325.443119 1301847151
770.075760 1326.887562 1301847153
792.666635 1328.443116 1301847155
812.857747 1328.998671 1301847157
835.200371 1327.776450 1301847160
858.949752 1328.998671 1301847165
874.755089 1312.554243 1301847170
878.644361 1291.220931 1301847173
881.623377 1267.776510 1301847176
883.692139 1246.332087 1301847179
885.347148 1223.554332 1301847182
887.084908 1197.665469 1301847185
888.822667 1168.221054 1301847188
890.394926 1146.109965 1301847190
892.215436 1123.665543 1301847192
893.953196 1101.776676 1301847194
896.104707 1074.998925 1301847197
906.862267 1055.221167 1301847201
926.722377 1051.887837 1301847204
949.727004 1049.887839 1301847207
977.365657 1048.554507 1301847210
998.549774 1049.221173 1301847212
1019.733891 1049.776728 1301847214
1040.669757 1051.776726 1301847216
1068.639412 1052.887836 1301847219
1090.651034 1054.332279 1301847222
1113.159158 1059.776718 1301847227
1133.184769 1064.110047 1301847232
1155.692894 1063.110048 1301847236
1177.952767 1060.110051 1301847239
1206.005172 1058.887830 1301847242
1226.692786 1059.110052 1301847244
1248.787159 1059.776718 1301847246
1269.061021 1061.332272 1301847249
1290.327888 1066.554489 1301847259
1310.353499 1067.554488 1301847270
1332.696123 1067.887821 1301847273
1353.631989 1068.332265 1301847275
1377.298620 1068.665598 1301847277
1400.634249 1069.776708 1301847279
1424.218129 1070.665596 1301847281
1446.643503 1071.665595 1301847283
1468.820626 1073.221149 1301847285
1491.328750 1075.554480 1301847288
1505.148077 1056.887832 1301847297
1505.313578 1034.665632 1301847300
1504.817075 1004.887884 1301847303
1505.313578 981.999018 1301847305
1505.561829 958.332375 1301847307
1505.810080 933.887955 1301847309
1505.892831 910.110201 1301847311
1505.727330 888.554667 1301847313
1505.975581 868.443576 1301847315
1506.141082 841.999158 1301847318
1508.706346 821.665845 1301847323
1527.821702 810.776967 1301847328
1548.840319 810.221412 1301847331
1575.568716 808.888080 1301847334
1603.124619 808.443636 1301847337
1627.453253 808.110303 1301847340
1648.637371 807.776970 1301847343
1672.635003 806.999193 1301847347
1695.970632 806.332527 1301847354
1716.161744 804.999195 1301847358
1740.407628 803.888085 1301847361
1768.377283 804.888084 1301847364
1796.264187 804.888084 1301847367
1822.578833 805.221417 1301847370
1845.086957 806.221416 1301847373
1870.408597 808.554747 1301847377
1891.427214 812.888076 1301847383
1914.597342 814.776963 1301847393
1942.484246 813.888075 1301847397
1971.777908 815.110296 1301847400
1994.037781 815.776962 1301847402
2015.883902 815.888073 1301847404
2036.819768 816.332517 1301847406
2056.845379 817.443627 1301847408
2077.036491 817.443627 1301847410
2097.227602 815.888073 1301847412
2117.915217 814.665852 1301847414
2138.933833 814.999185 1301847416
2160.531703 815.665851 1301847418
2182.295073 816.332517 1301847420
2203.892942 817.221405 1301847422
2225.490812 817.554738 1301847424
2247.750685 817.665849 1301847426
2270.093309 817.332516 1301847428
2291.939429 816.332517 1301847430
2314.778556 816.332517 1301847432
2337.534932 816.443628 1301847434
2360.622309 815.999184 1301847436
2384.040689 815.665851 1301847438
2407.128067 815.665851 1301847440
2429.718942 815.443629 1301847442
2451.482312 815.554740 1301847444
2471.590673 815.554740 1301847446
2497.160565 816.776961 1301847449
2516.193170 826.443618 1301847453
2519.006686 846.443598 1301847457
2517.848179 866.776911 1301847460
2514.786412 890.110221 1301847463
2513.876157 914.554641 1301847466
2512.634900 943.554612 1301847469
2512.221148 966.110145 1301847471
2511.807396 988.443456 1301847473
2510.731640 1010.332323 1301847475
2509.655884 1031.887857 1301847477
2508.745629 1052.332281 1301847479
2508.166376 1079.776698 1301847482
2508.745629 1100.998899 1301847485
2510.152387 1121.998878 1301847492
2509.655884 1141.998858 1301847495
2510.400638 1171.665495 1301847498
2511.724645 1193.998806 1301847500
2513.379655 1217.221005 1301847502
2513.545155 1239.109872 1301847504
2513.958908 1261.665405 1301847506
2513.627906 1290.109821 1301847509
2513.876157 1312.332021 1301847512
2515.613917 1334.887554 1301847516
2524.964719 1352.665314 1301847534
2546.976340 1356.443088 1301847538
2571.222225 1357.665309 1301847541
2591.330586 1359.331974 1301847543
2613.424958 1360.776417 1301847545
2636.760587 1362.998637 1301847547
2660.178967 1364.443080 1301847549
2683.845598 1365.331968 1301847551
2707.512229 1365.665301 1301847553
2731.427111 1365.109746 1301847555
2755.507494 1364.776413 1301847557
2779.091375 1364.443080 1301847559
2801.599499 1364.443080 1301847561
2822.949117 1365.331968 1301847563
2843.057478 1365.887523 1301847565
2870.696131 1367.998632 1301847568
2893.287006 1368.443076 1301847572
2914.884876 1374.331959 1301847587
2938.220505 1375.776402 1301847591
2960.728629 1375.220847 1301847594
2990.270543 1375.887513 1301847597
3011.785662 1375.887513 1301847599
3033.797284 1376.109735 1301847601
3055.560654 1375.554180 1301847603
3076.827522 1375.443069 1301847605
3098.673643 1376.331957 1301847607
3121.347268 1376.998623 1301847609
3143.358890 1377.109734 1301847611
3167.356522 1377.776400 1301847613
3189.119893 1379.109732 1301847615
3217.834302 1378.554177 1301847618
3245.803956 1374.554181 1301847621
3272.697855 1370.887518 1301847624
3295.040479 1363.331970 1301847627
3304.308530 1345.554210 1301847630
3304.391281 1314.109797 1301847634
3303.894778 1286.554269 1301847637
3303.977528 1257.887631 1301847640
3309.025306 1231.776546 1301847643
3313.245580 1206.665460 1301847646
3313.493831 1181.998818 1301847649
3312.749077 1154.776623 1301847652
3313.080079 1125.221097 1301847655
3314.817838 1094.665572 1301847658
3315.314341 1071.998928 1301847660
3316.141846 1048.665618 1301847662
3317.383102 1025.887863 1301847664
3318.458858 1002.776775 1301847666
3318.458858 980.110131 1301847668
3318.376108 958.887930 1301847670
3317.383102 938.443506 1301847672
3314.983339 914.110197 1301847675
3313.245580 892.999107 1301847680
3317.714104 873.332460 1301847704
3319.782866 846.221376 1301847708
3320.444869 816.888072 1301847711
3321.272374 795.999204 1301847713
3321.437875 774.999225 1301847715
3321.355124 745.665921 1301847718
3321.272374 717.554838 1301847721
3320.941372 691.999308 1301847724
3319.286363 669.777108 1301847727
3317.714104 645.777132 1301847731
3319.534614 625.666041 1301847747
