3321.024123 604.888284 1303943518
3306.956545 588.332745 1303943539
3279.235141 584.777193 1303943543
3251.017235 584.221638 1303943546
3229.584867 583.554972 1303943548
3208.566250 582.888306 1303943550
3182.499856 581.999418 1303943553
3161.481240 581.554974 1303943557
3141.207378 581.221641 1303943574
3118.368251 580.888308 1303943578
3093.956866 580.332753 1303943581
3066.483714 579.110532 1303943584
3044.058340 578.554977 1303943587
3021.053713 577.777200 1303943591
3000.035097 577.554978 1303943594
2977.609723 579.888309 1303943598
2956.094604 577.666089 1303943614
2935.406989 577.221645 1303943617
2910.499101 576.443868 1303943620
2880.874438 575.888313 1303943624
2860.766076 574.888314 1303943630
2834.782433 573.554982 1303943653
2811.198552 572.999427 1303943656
2784.056402 572.110539 1303943659
2754.017986 570.999429 1303943662
2732.668368 570.777207 1303943664
2710.739496 570.554985 1303943666
2688.479623 569.777208 1303943668
2665.971499 568.888320 1303943670
2642.718620 568.554987 1303943672
2618.803738 568.221654 1303943674
2594.806105 567.999432 1303943676
2570.725722 567.666099 1303943678
2546.314337 567.332766 1303943680
2521.323698 566.999433 1303943682
2495.588306 566.443878 1303943684
2469.190910 565.554990 1303943686
2442.131510 564.999435 1303943688
2414.906610 564.221658 1303943690
2387.929961 563.666103 1303943692
2361.615315 563.110548 1303943694
2335.383420 562.332771 1303943696
2308.655022 561.777216 1303943698
2281.264620 560.999439 1303943700
2254.370722 560.554995 1303943702
2228.387078 559.888329 1303943704
2205.299700 558.999441 1303943706
2176.833543 558.332775 1303943709
2152.835910 557.554998 1303943713
2128.259024 557.777220 1303943738
2100.372120 557.332776 1303943742
2072.071463 556.443888 1303943745
2050.556344 555.999444 1303943747
2028.296471 555.666111 1303943749
2005.209093 555.221667 1303943751
1981.542462 554.777223 1303943753
1957.296578 554.110557 1303943755
1932.967944 553.666113 1303943757
1909.549564 553.110558 1303943759
1886.958689 552.888336 1303943761
1865.278069 552.666114 1303943763
1844.507704 552.443892 1303943765
1815.627794 551.777226 1303943768
1793.698923 550.999449 1303943771
1772.514806 550.666116 1303943778
1748.103421 550.110561 1303943799
1724.933293 549.999450 1303943802
1696.549886 550.666116 1303943805
1675.365768 551.110560 1303943807
1652.774893 550.999449 1303943809
1630.101268 550.999449 1303943811
1608.420648 551.221671 1303943813
1587.898535 551.777226 1303943815
1558.853124 552.777225 1303943818
1537.420755 553.443891 1303943821
1516.567640 555.555000 1303943842
1504.651574 574.110537 1303943848
1504.651574 594.332739 1303943851
1504.568824 620.443824 1303943854
1503.906820 649.888239 1303943857
1503.244816 679.554876 1303943860
1502.665563 699.554856 1303943862
1501.838058 728.888160 1303943865
1501.176055 754.443690 1303943868
1500.431301 779.554776 1303943872
1499.190044 800.332533 1303943884
1479.826437 812.776965 1303943891
1454.091044 810.776967 1303943895
1427.859149 808.221414 1303943899
1404.771771 807.110304 1303943903
1380.194886 808.443636 1303943907
1356.776506 809.776968 1303943911
1334.268381 809.443635 1303943915
1314.077270 809.776968 1303943921
1291.734646 808.221414 1303943927
1272.205538 817.332516 1303943934
1251.021421 815.221407 1303943936
1229.340801 814.221408 1303943938
1206.832676 812.999187 1303943940
1185.565809 811.888077 1303943942
1157.761655 810.665856 1303943945
1136.577538 809.776968 1303943951
1117.213931 821.665845 1303943960
1115.393421 846.110265 1303943964
1114.814167 870.554685 1303943967
1113.986663 898.332435 1303943970
1113.490160 927.221295 1303943973
1114.152164 954.554601 1303943976
1113.324659 979.776798 1303943979
1112.000652 1003.554552 1303943982
1111.007646 1024.332309 1303943985
1106.290870 1043.776734 1303943992
1116.965679 1061.776716 1303944003
1137.156791 1061.665605 1303944009
1158.340908 1063.332270 1303944034
1181.097284 1063.887825 1303944037
1210.225445 1064.554491 1303944040
1232.402568 1065.665601 1303944042
1256.400201 1066.887822 1303944044
1282.383844 1068.110043 1303944046
1307.126231 1068.443376 1303944048
1331.289365 1068.554487 1303944050
1364.803300 1068.110043 1303944053
1385.408164 1067.887821 1303944055
1413.377819 1069.776708 1303944058
1437.127200 1070.221152 1303944061
1458.642320 1069.443375 1303944066
1478.667930 1072.887816 1303944072
1493.314761 1052.998947 1303944078
1497.783286 1032.665634 1303944081
1499.272794 1004.110107 1303944084
1499.603796 982.332351 1303944086
1500.265800 960.665706 1303944088
1501.258805 939.887949 1303944090
1502.334561 910.999089 1303944093
1503.327567 884.221338 1303944096
1504.155071 860.221362 1303944099
1504.486073 838.999161 1303944103
1504.651574 817.776960 1303944109
1505.065326 793.888095 1303944113
1506.141082 767.777010 1303944116
1506.885836 747.665919 1303944118
1507.299589 725.999274 1303944120
1507.713341 704.554851 1303944122
1508.292594 683.888205 1303944124
1508.540846 662.999337 1303944126
1508.458095 642.221580 1303944128
1508.458095 619.888269 1303944130
1508.871847 597.221625 1303944132
1508.871847 575.777202 1303944134
1510.444106 550.443894 1303944137
1528.897458 539.110572 1303944141
1550.495328 539.666127 1303944144
1577.306476 539.555016 1303944147
1604.945129 540.110571 1303944150
1630.763272 540.777237 1303944153
1653.685149 541.221681 1303944156
1675.531269 542.110569 1303944161
