3320.775871 604.332729 1303944508
3306.708293 588.777189 1303944528
3286.103429 586.110525 1303944531
3259.623283 585.666081 1303944534
3238.852918 584.999415 1303944536
3215.682790 584.554971 1303944538
3191.188654 583.888305 1303944540
3167.108271 583.443861 1303944542
3140.462624 583.110528 1303944545
3116.133989 582.443862 1303944565
3095.198123 581.999418 1303944568
3068.717977 580.888308 1303944571
3044.472093 580.221642 1303944574
3021.550216 579.554976 1303944579
2996.394077 578.999421 1303944584
2972.975697 578.666088 1303944587
2946.330050 578.110533 1303944590
2917.450140 577.666089 1303944593
2887.990977 577.443867 1303944596
2863.414091 577.110534 1303944599
2842.064473 576.443868 1303944605
2821.625110 575.666091 1303944616
2794.896712 574.443870 1303944620
2767.092558 573.666093 1303944623
2746.239443 573.110538 1303944625
2725.386327 572.999427 1303944627
2705.195216 572.777205 1303944629
2685.004104 572.666094 1303944631
2655.627691 572.110539 1303944634
2634.940077 571.888317 1303944636
2614.666215 571.554984 1303944638
2585.869056 570.888318 1303944641
2563.857434 570.554985 1303944644
2543.500821 570.554985 1303944652
2517.848179 570.332763 1303944672
2492.940291 569.888319 1303944675
2462.239872 569.666097 1303944678
2438.821492 569.110542 1303944680
2413.996355 568.554987 1303944682
2388.591964 567.888321 1303944684
2363.022073 567.332766 1303944686
2337.617682 566.888322 1303944688
2312.213292 566.221656 1303944690
2286.643400 565.554990 1303944692
2261.487261 565.110546 1303944694
2237.406878 564.443880 1303944696
2214.981504 563.888325 1303944698
2188.253106 563.332770 1303944701
2167.648242 562.888326 1303944704
2145.967622 561.777216 1303944709
2122.631993 560.999439 1303944735
2102.275380 560.777217 1303944738
2075.133230 560.110551 1303944741
2054.031863 559.777218 1303944743
2031.771990 559.443885 1303944745
2009.098365 559.221663 1303944747
1985.928237 558.666108 1303944749
1962.758108 558.110553 1303944751
1939.091477 557.554998 1303944753
1915.011094 556.777221 1303944755
1891.344463 555.999444 1303944757
1868.505337 555.443889 1303944759
1846.410965 554.888334 1303944761
1825.144097 554.777223 1303944763
1796.346938 554.332779 1303944766
1773.838813 553.888335 1303944769
1752.985698 553.888335 1303944790
1728.657063 553.999446 1303944795
1703.749175 554.110557 1303944798
1673.379757 554.555001 1303944801
1650.540631 554.443890 1303944803
1626.211997 554.555001 1303944805
1602.462615 554.999445 1303944807
1579.706239 555.443889 1303944809
1559.432377 556.110555 1303944811
1538.248260 556.888332 1303944814
1516.981392 559.221663 1303944840
1508.458095 577.554978 1303944845
1508.789097 597.554958 1303944848
1508.375345 622.554933 1303944851
1507.547840 650.221572 1303944854
1507.134088 679.554876 1303944857
1506.389334 699.665967 1303944859
1505.892831 719.888169 1303944861
1505.727330 740.332593 1303944863
1504.899825 767.665899 1303944866
1504.651574 787.888101 1303944869
1499.686547 807.665859 1303944878
1480.074688 812.332521 1303944882
1458.394068 810.776967 1303944885
1434.230934 808.665858 1303944888
1408.743793 807.776970 1303944891
1381.767144 807.888081 1303944894
1355.286998 808.554747 1303944897
1331.703117 808.776969 1303944900
1311.263754 808.443636 1303944908
1286.769619 811.221411 1303944914
1264.675246 810.221412 1303944917
1236.705592 810.332523 1303944920
1206.832676 810.776967 1303944923
1186.558814 810.665856 1303944925
1158.175407 810.443634 1303944928
1136.660288 808.888080 1303944931
1116.551927 813.332520 1303944937
1112.662655 834.665832 1303944941
1111.917901 858.888030 1303944944
1107.614878 882.332451 1303944947
1103.973857 906.443538 1303944950
1104.387610 934.776843 1303944953
1105.463366 960.665706 1303944956
1106.539122 986.999013 1303944959
1106.787373 1011.776766 1303944962
1106.787373 1031.776746 1303944965
1111.586900 1051.998948 1303944985
1133.184769 1054.332279 1303944992
1166.615954 1055.665611 1303945019
1192.268596 1056.221166 1303945022
1212.376957 1057.665609 1303945024
1234.967832 1059.110052 1303945026
1259.710219 1060.554495 1303945028
1286.273116 1062.554493 1303945030
1314.160020 1063.221159 1303945032
1341.550422 1064.221158 1303945034
1366.458310 1064.998935 1303945036
1393.683210 1065.776712 1303945039
1416.191335 1066.443378 1303945053
1438.782210 1067.332266 1303945057
1462.117839 1066.887822 1303945061
1482.557202 1068.221154 1303945073
1497.700536 1049.332284 1303945081
1498.445290 1027.221195 1303945084
1499.355545 998.776779 1303945087
1500.183049 977.110134 1303945089
1501.176055 955.332378 1303945091
1502.003559 934.221288 1303945093
1502.334561 913.665753 1303945095
1502.665563 893.665773 1303945097
1503.824069 865.221357 1303945100
1504.320572 843.999156 1303945103
1505.230827 823.665843 1303945111
1505.727330 797.999202 1303945124
1505.892831 775.554780 1303945127
1506.968587 747.999252 1303945130
1507.465090 718.110393 1303945133
1507.547840 697.332636 1303945135
1507.299589 675.110436 1303945137
1507.796091 653.221569 1303945139
1508.292594 632.221590 1303945141
1508.706346 604.221618 1303945144
1508.292594 582.110529 1303945148
