2124.287002 556.221666 1303946033
2104.261391 556.110555 1303946037
2080.098258 555.666111 1303946040
2049.977091 555.443889 1303946043
2027.137965 555.443889 1303946045
2003.140332 555.221667 1303946047
1978.646196 554.777223 1303946049
1954.814064 554.332779 1303946051
1931.064683 553.888335 1303946053
1907.563553 553.443891 1303946055
1884.724427 552.888336 1303946057
1862.712805 552.332781 1303946059
1842.521693 551.888337 1303946061
1814.552038 551.443893 1303946064
1790.140653 551.110560 1303946067
1768.211782 550.443894 1303946071
1746.779414 549.999450 1303946090
1724.767792 549.332784 1303946094
1701.183911 549.221673 1303946097
1674.538264 549.666117 1303946100
1648.471870 549.221673 1303946103
1625.467242 548.777229 1303946106
1604.034874 548.555007 1303946109
1581.775001 548.110563 1303946112
1560.590884 548.443896 1303946115
1537.917258 550.999449 1303946118
1513.423123 554.221668 1303946122
1507.051337 574.443870 1303946126
1506.803086 594.888294 1303946129
1506.472084 620.777157 1303946132
1506.058332 650.888238 1303946135
1505.810080 671.999328 1303946137
1505.313578 693.221529 1303946139
1504.734325 713.554842 1303946141
1504.072321 741.999258 1303946144
1504.072321 767.999232 1303946147
1503.906820 790.332543 1303946151
1494.059515 808.776969 1303946159
1472.296145 809.665857 1303946163
1451.360279 807.332526 1303946166
1427.528147 804.665862 1303946169
1403.116762 804.110307 1303946172
1378.953629 805.221417 1303946175
1353.797489 805.332528 1303946178
1330.296359 804.776973 1303946181
1307.870985 802.999197 1303946188
1286.686868 801.332532 1303946192
1261.365228 800.554755 1303946196
1232.154317 801.888087 1303946199
1210.225445 800.999199 1303946201
1189.289579 800.221422 1303946203
1160.492420 799.776978 1303946206
1139.225552 799.554756 1303946209
1117.627683 798.554757 1303946216
1093.712801 798.443646 1303946220
1067.977408 797.776980 1303946223
1038.518245 797.110314 1303946226
1011.458846 796.443648 1303946229
985.723453 796.888092 1303946232
961.146567 797.776980 1303946235
939.714199 799.110312 1303946239
916.461320 799.221423 1303946256
895.277203 797.665869 1303946259
868.466055 795.110316 1303946262
847.447438 793.776984 1303946264
824.939314 793.332540 1303946266
802.844942 792.776985 1303946268
781.660824 792.332541 1303946270
760.973210 792.332541 1303946272
740.616597 791.888097 1303946274
720.259985 791.443653 1303946276
699.158618 791.443653 1303946278
677.809000 791.221431 1303946280
657.038635 790.776987 1303946282
636.020019 790.332543 1303946284
615.497905 789.999210 1303946286
589.597012 789.776988 1303946289
564.937375 790.554765 1303946294
538.374478 791.110320 1303946298
511.066827 790.888098 1303946301
490.130962 790.888098 1303946303
468.367591 790.554765 1303946305
446.273219 789.443655 1303946307
424.344348 788.554767 1303946309
402.415476 787.776990 1303946311
381.148609 787.443657 1303946313
360.874746 786.999213 1303946315
332.491339 787.221435 1303946318
311.389973 788.665878 1303946321
291.116111 787.776990 1303946345
269.766492 785.888103 1303946349
247.092867 784.221438 1303946352
225.577748 783.888105 1303946355
201.331864 782.888106 1303946359
175.596471 782.554773 1303946367
153.502099 782.443662 1303946370
129.669967 781.776996 1303946373
105.341333 782.110329 1303946377
88.294738 793.776984 1303946382
88.791241 816.332517 1303946389
88.956742 836.999163 1303946392
88.294738 864.443580 1303946395
87.798236 885.110226 1303946397
86.887981 905.776872 1303946399
85.894975 934.665732 1303946402
84.901970 961.665705 1303946405
84.405467 986.221236 1303946408
83.908964 1010.221212 1303946411
83.412461 1034.776743 1303946414
82.419456 1061.221161 1303946417
82.005704 1090.221132 1303946420
81.840203 1110.887778 1303946422
82.005704 1131.443313 1303946424
82.584957 1151.776626 1303946426
82.419456 1180.554375 1303946429
82.088454 1207.443237 1303946432
81.591951 1233.665433 1303946435
81.674702 1255.554300 1303946438
82.005704 1275.665391 1303946442
83.329711 1298.332035 1303946457
83.577962 1319.109792 1303946464
101.534812 1328.109783 1303946470
129.173465 1327.220895 1303946474
156.232864 1327.887561 1303946477
184.781772 1328.665338 1303946480
212.751427 1329.998670 1303946483
238.900572 1330.109781 1303946486
262.815454 1330.554225 1303946489
286.068333 1330.998669 1303946492
312.548479 1331.332002 1303946495
340.187132 1331.554224 1303946498
360.212743 1331.554224 1303946500
381.065858 1331.887557 1303946502
401.339720 1332.220890 1303946504
429.805878 1332.665334 1303946507
454.879266 1332.998667 1303946510
476.725387 1333.887555 1303946517
501.219523 1334.776443 1303946521
527.285917 1335.554220 1303946524
556.083076 1335.665331 1303946527
586.204243 1335.998664 1303946530
607.636612 1336.443108 1303946532
628.986230 1335.998664 1303946534
650.749600 1335.998664 1303946536
672.595721 1336.220886 1303946538
694.359091 1336.665330 1303946540
716.122462 1337.443107 1303946542
737.803082 1337.887551 1303946544
759.566452 1338.220884 1303946546
