3334.595198 418.777359 1304047227
3337.739715 397.888491 1304047233
3338.401719 376.444068 1304047236
3338.980972 352.666314 1304047239
3339.808477 331.333002 1304047243
3340.222229 307.999692 1304047269
3340.387730 287.333046 1304047272
3340.884232 261.777516 1304047275
3341.380735 234.444210 1304047278
3341.877238 206.666460 1304047281
3342.290990 177.666489 1304047284
3342.456491 149.333184 1304047287
3342.704743 120.666546 1304047290
3343.201245 93.888795 1304047293
3343.449497 70.999929 1304047296
3342.787493 50.444394 1304047300
3324.996145 39.999960 1304047306
3298.598749 41.222181 1304047310
3271.125597 41.333292 1304047313
3250.851734 40.999959 1304047315
3221.475322 40.222182 1304047318
3197.229438 39.888849 1304047321
3175.631568 39.666627 1304047326
3149.234172 38.999961 1304047330
3122.754026 38.555517 1304047333
3092.881110 37.888851 1304047336
3072.772749 37.444407 1304047338
3044.637594 36.777741 1304047341
3023.370726 36.555519 1304047344
3002.683111 40.333293 1304047352
2998.380088 61.777716 1304047358
2999.124842 88.555467 1304047362
2999.207592 114.222108 1304047365
2999.290343 138.666528 1304047368
2998.793840 160.999839 1304047373
2998.297337 180.999819 1304047377
2997.469833 203.222019 1304047380
2996.145825 225.555330 1304047383
2994.987319 247.777530 1304047386
2995.649323 269.888619 1304047389
2995.070069 291.333042 1304047394
2993.249559 316.888572 1304047400
2993.001308 340.888548 1304047403
2992.422055 370.444074 1304047406
2991.760051 392.221830 1304047408
2991.098047 414.444030 1304047410
2990.767046 436.666230 1304047412
2990.436044 458.777319 1304047414
2989.774040 480.999519 1304047416
2989.443038 502.555053 1304047418
2988.284532 531.555024 1304047421
2986.629523 553.555002 1304047424
2972.148193 570.554985 1304047428
2950.964075 572.110539 1304047431
2923.656424 571.999428 1304047434
2894.776515 571.332762 1304047437
2866.889610 570.554985 1304047440
2841.236968 570.221652 1304047443
2820.218352 570.777207 1304047447
2795.641466 571.221651 1304047472
2772.636839 570.554985 1304047475
2744.005180 569.888319 1304047478
2722.572812 569.888319 1304047480
2699.899186 569.443875 1304047482
2677.225561 568.888320 1304047484
2655.213939 568.554987 1304047486
2634.526325 567.221655 1304047488
2605.480914 566.110545 1304047491
2578.338764 565.332768 1304047494
2554.175630 564.666102 1304047497
2531.833007 566.110545 1304047501
2523.475210 588.110523 1304047506
2522.564955 609.777168 1304047509
2521.571950 638.110473 1304047512
2520.992697 659.554896 1304047514
2520.330693 680.999319 1304047516
2519.668689 701.999298 1304047518
2519.254937 722.443722 1304047520
2518.758434 742.665924 1304047522
2518.675684 771.554784 1304047525
2518.427432 798.443646 1304047528
2518.261932 822.221400 1304047531
2517.351677 845.665821 1304047535
2513.876157 869.888019 1304047549
2512.469400 893.443551 1304047552
2512.138398 922.776855 1304047555
2512.386649 945.221277 1304047557
2512.469400 968.221254 1304047559
2511.393644 990.332343 1304047561
2510.897141 1011.776766 1304047563
2510.483389 1032.332301 1304047565
2510.483389 1052.443392 1304047567
2510.648889 1081.554474 1304047570
2511.228143 1106.221116 1304047573
2511.062642 1127.998872 1304047578
2512.552150 1152.109959 1304047583
2513.462405 1177.109934 1304047586
2514.041658 1206.776571 1304047589
2515.448416 1236.220986 1304047592
2516.358671 1265.109846 1304047595
2516.855174 1292.332041 1304047598
2517.268926 1314.887574 1304047601
2518.179181 1336.109775 1304047605
2525.709473 1356.554199 1304047614
2552.520621 1356.887532 1304047618
2579.662771 1356.998643 1304047621
2600.764138 1357.887531 1304047623
2621.617253 1358.776419 1304047625
2641.973866 1359.443085 1304047627
2662.330479 1360.443084 1304047629
2683.266344 1361.554194 1304047631
2704.367711 1362.554193 1304047633
2725.469078 1363.776414 1304047635
2746.653195 1364.109747 1304047637
2768.085564 1364.665302 1304047639
2788.607677 1365.554190 1304047641
2817.487587 1366.998633 1304047644
2844.546987 1367.998632 1304047647
2866.972361 1368.776409 1304047650
2888.156478 1370.109741 1304047655
