2811.860556 571.888317 1304049888
2784.966657 572.443872 1304049901
2759.645017 572.221650 1304049904
2729.441100 571.666095 1304049907
2707.098476 571.221651 1304049909
2683.431845 570.777207 1304049911
2659.682464 568.666098 1304049913
2636.595086 568.221654 1304049915
2614.417964 568.221654 1304049917
2593.399347 567.888321 1304049919
2563.691933 567.777210 1304049922
2539.032296 568.221654 1304049925
2519.089436 587.777190 1304049931
2518.427432 608.999391 1304049934
2518.510183 636.554919 1304049937
2518.510183 657.443787 1304049939
2518.427432 679.554876 1304049941
2517.765429 701.888187 1304049943
2517.434427 722.999277 1304049945
2516.855174 743.332590 1304049947
2516.772423 772.221450 1304049950
2517.434427 793.999206 1304049953
2517.599928 814.665852 1304049958
2517.599928 840.332493 1304049986
2515.944919 863.999136 1304049989
2515.282915 892.332441 1304049992
2513.958908 921.332412 1304049995
2513.131403 950.443494 1304049998
2512.055647 979.554576 1304050001
2511.807396 1008.332325 1304050004
2512.138398 1036.887852 1304050007
2511.145392 1065.332268 1304050010
2510.731640 1093.221129 1304050013
2511.310893 1116.332217 1304050016
2511.890146 1136.554419 1304050023
2512.965902 1158.998841 1304050027
2513.627906 1184.221038 1304050030
2514.207159 1210.443234 1304050033
2515.613917 1235.776542 1304050036
2517.020675 1263.332070 1304050039
2517.268926 1289.443155 1304050042
2517.351677 1314.998685 1304050045
2517.930930 1335.665331 1304050048
2519.834190 1357.220865 1304050052
2539.446049 1364.665302 1304050056
2561.705922 1364.443080 1304050059
2590.254830 1366.220856 1304050062
2611.604448 1366.554189 1304050064
2632.871316 1366.887522 1304050066
2664.647491 1368.220854 1304050069
2686.824614 1369.109742 1304050071
2710.242994 1369.887519 1304050073
2733.744124 1370.776407 1304050075
2757.162503 1370.998629 1304050077
2780.001630 1371.554184 1304050079
2801.930501 1372.109739 1304050081
2822.866367 1372.998627 1304050083
2852.077278 1373.776404 1304050086
2879.715931 1374.776403 1304050089
2905.451324 1375.331958 1304050092
2931.848720 1375.443069 1304050095
2961.059631 1376.220846 1304050098
2981.995497 1376.998623 1304050100
3002.931363 1377.776400 1304050102
3023.949979 1378.443066 1304050104
3043.975590 1378.998621 1304050106
3072.358997 1379.220843 1304050109
3101.238907 1380.554175 1304050112
3121.512769 1381.220841 1304050114
3142.117633 1381.554174 1304050116
3163.053499 1382.220840 1304050118
3184.403117 1382.776395 1304050120
3205.421733 1382.998617 1304050122
3225.695595 1381.331952 1304050124
3246.052208 1378.776399 1304050126
3274.601116 1374.776403 1304050129
3297.109240 1370.443074 1304050132
3311.094068 1347.998652 1304050136
3311.342319 1323.443121 1304050139
3311.259569 1293.776484 1304050142
3311.342319 1271.443173 1304050144
3311.673321 1248.220974 1304050146
3312.004323 1225.443219 1304050148
3311.838822 1204.221018 1304050150
3312.252574 1184.109927 1304050152
3313.576581 1156.665510 1304050155
3316.307347 1128.665538 1304050158
3317.052101 1107.665559 1304050160
3316.555598 1084.665582 1304050162
3315.810844 1059.776718 1304050164
3315.728093 1033.887855 1304050166
3316.059095 1008.776769 1304050168
3316.721099 984.332349 1304050170
3317.631354 959.887929 1304050172
3318.045106 936.110175 1304050174
3318.045106 914.332419 1304050176
3318.127857 891.554664 1304050179
3315.645343 868.888020 1304050203
3315.976345 845.665821 1304050207
3316.555598 819.443625 1304050210
3317.134851 798.888090 1304050212
3317.879605 775.777002 1304050214
3318.293357 750.999249 1304050216
3318.707110 726.332607 1304050218
3318.955361 702.888186 1304050220
3318.624359 680.443764 1304050222
3317.962356 658.777119 1304050224
3317.796855 630.888258 1304050227
3318.376108 609.332724 1304050230
3308.942556 588.443856 1304050234
3287.179185 582.666084 1304050237
3259.375032 581.888307 1304050240
3238.108164 581.999418 1304050242
3214.772535 581.554974 1304050244
3189.699146 581.221641 1304050246
3164.046504 580.999419 1304050248
3139.304117 580.554975 1304050250
3114.809982 579.999420 1304050252
3090.315846 579.332754 1304050254
3066.814716 579.110532 1304050256
3044.472093 578.332755 1304050258
3024.032730 576.443868 1304050260
3000.697100 573.666093 1304050263
2985.305515 557.999442 1304050267
2984.974514 535.555020 1304050270
2985.719268 506.666160 1304050273
2986.215770 484.443960 1304050275
2986.877774 460.332873 1304050277
2987.457027 435.777342 1304050279
2988.119031 411.555144 1304050281
2988.946535 387.999612 1304050283
2989.443038 365.666301 1304050285
2989.856791 339.332994 1304050288
2990.105042 317.333016 1304050294
2991.180798 295.555260 1304050298
2991.760051 270.666396 1304050301
2992.339304 241.555314 1304050304
2993.415060 214.444230 1304050307
2993.497811 193.888695 1304050310
3007.648139 178.333155 1304050318
3027.756500 179.777598 1304050324
3050.347375 180.110931 1304050328
3074.676010 181.555374 1304050333
3083.116556 201.888687 1304050338
3071.200491 219.444225 1304050344
3048.113113 219.333114 1304050350
3042.237830 199.444245 1304050360
