1740.904131 550.221672 1302833106
1715.913493 551.555004 1302833111
1685.709576 552.110559 1302833114
1660.553437 552.110559 1302833116
1632.004529 551.999448 1302833118
1601.800611 552.221670 1302833120
1572.837951 552.332781 1302833122
1547.847313 552.332781 1302833124
1521.118915 551.888337 1302833127
1504.899825 567.999432 1302833132
1506.885836 588.777189 1302833135
1507.216838 614.777163 1302833138
1506.803086 636.777141 1302833140
1506.554835 662.888226 1302833142
1505.810080 691.332642 1302833144
1504.651574 719.777058 1302833146
1504.320572 747.110364 1302833148
1503.989570 770.221452 1302833150
1502.086310 790.443654 1302833153
1491.990754 808.332525 1302833161
1466.586363 810.554745 1302833165
1439.195962 810.554745 1302833168
1415.281080 811.776966 1302833170
1389.876689 813.999186 1302833172
1365.134302 814.999185 1302833174
1343.701934 815.999184 1302833176
1319.456050 815.999184 1302833179
1304.809218 832.776945 1302833194
1275.350056 841.110270 1302833197
1252.345428 843.443601 1302833199
1229.340801 844.110267 1302833201
1208.735937 844.110267 1302833203
1186.145062 840.221382 1302833206
1162.230180 834.554721 1302833209
1134.095024 830.888058 1302833212
1108.111380 828.888060 1302833214
1079.148720 827.332506 1302833216
1050.186060 825.999174 1302833218
1024.119666 824.554731 1302833220
1001.859792 822.999177 1302833222
977.779409 822.221400 1302833225
957.257296 819.332514 1302833238
931.687404 815.110296 1302833256
904.793506 812.665854 1302833259
882.119880 810.665856 1302833261
854.812229 809.554746 1302833263
824.442811 808.221414 1302833265
791.425378 806.888082 1302833267
757.332190 805.776972 1302833269
722.245996 805.221417 1302833271
686.911550 804.110307 1302833273
653.811367 803.443641 1302833275
624.269454 802.888086 1302833277
599.030564 802.443642 1302833279
572.467667 801.776976 1302833282
550.042293 800.443644 1302833307
528.858176 799.332534 1302833310
500.888521 798.221424 1302833313
471.843110 796.110315 1302833316
440.977190 794.999205 1302833319
417.641560 794.221428 1302833321
393.809429 792.776985 1302833323
371.218554 791.999208 1302833325
350.117187 791.888097 1302833327
322.313033 790.888098 1302833330
298.894654 789.665877 1302833334
275.972777 789.110322 1302833361
248.499625 789.888099 1302833364
228.060262 791.221431 1302833366
204.641882 791.888097 1302833369
178.823739 792.888096 1302833374
151.847090 793.888095 1302833377
124.373938 795.888093 1302833380
103.107070 796.665870 1302833384
88.542990 815.999184 1302833392
88.377489 841.221381 1302833395
87.136232 862.221360 1302833397
85.812225 886.110225 1302833399
85.315722 911.221311 1302833401
85.232972 940.999059 1302833403
85.232972 974.999025 1302833405
84.901970 1009.776768 1302833407
82.915959 1044.221178 1302833409
80.929948 1078.221144 1302833411
79.523190 1113.109998 1302833413
78.530184 1147.443297 1302833415
76.213172 1180.998819 1302833417
74.640913 1212.332121 1302833419
73.234155 1241.332092 1302833421
72.241150 1268.443176 1302833423
71.248144 1293.332040 1302833425
70.586140 1319.887569 1302833428
84.653718 1337.331996 1302833433
112.706124 1336.109775 1302833437
132.814485 1335.109776 1302833439
156.232864 1333.776444 1302833441
180.975251 1331.998668 1302833443
204.062629 1331.220891 1302833445
232.528786 1331.665335 1302833448
253.712904 1333.665333 1302833467
279.779298 1336.665330 1302833471
300.549663 1337.220885 1302833473
326.781558 1337.998662 1302833475
355.164965 1339.554216 1302833477
384.955130 1339.887549 1302833479
412.924784 1339.220883 1302833481
435.763911 1339.776438 1302833483
458.106534 1339.665327 1302833486
479.290652 1339.554216 1302833491
504.943293 1340.109771 1302833494
528.113422 1341.220881 1302833496
555.503823 1342.109769 1302833498
585.707740 1342.887546 1302833500
633.454754 1343.887545 1302833503
664.155174 1344.554211 1302833505
693.945339 1344.887544 1302833507
722.990750 1345.554210 1302833509
751.870660 1346.220876 1302833511
778.681808 1346.665320 1302833513
803.258694 1346.776431 1302833515
824.111809 1347.220875 1302833517
846.785435 1345.331988 1302833520
