3032.473276 202.333131 1302052119
3030.321764 181.333152 1302052136
3009.303148 175.444269 1302052143
2995.897574 191.444253 1302052162
2995.401071 211.444233 1302052166
2994.656317 237.777540 1302052170
2994.242565 258.444186 1302052173
2993.828812 284.110827 1302052177
2992.504805 307.444137 1302052184
2991.511800 328.888560 1302052188
2991.263548 349.221873 1302052191
2990.932546 371.666295 1302052194
2990.187792 395.666271 1302052197
2989.525789 420.444024 1302052200
2989.112036 446.443998 1302052203
2988.532783 472.999527 1302052206
2987.705279 499.777278 1302052209
2986.629523 525.332808 1302052212
2985.388266 548.555007 1302052215
2979.016481 569.443875 1302052219
2954.853347 576.110535 1302052223
2932.179721 575.999424 1302052226
2907.851087 575.443869 1302052229
2884.680959 574.999425 1302052232
2863.248590 574.888314 1302052235
2839.830211 574.443870 1302052239
2816.742833 574.332759 1302052261
2792.000446 574.110537 1302052265
2768.830318 573.666093 1302052268
2742.846674 573.332760 1302052271
2714.628768 572.999427 1302052274
2685.004104 572.443872 1302052277
2664.730242 571.777206 1302052279
2643.877126 571.443873 1302052281
2623.272262 571.110540 1302052283
2593.813100 570.554985 1302052286
2566.919201 569.999430 1302052289
2544.411076 569.888319 1302052292
2523.392460 572.332761 1302052300
2519.999691 592.110519 1302052304
2519.089436 612.888276 1302052307
2517.930930 636.666030 1302052310
2517.268926 660.888228 1302052313
2516.855174 686.443758 1302052316
2516.193170 710.888178 1302052319
2515.613917 732.332601 1302052322
2515.282915 757.443687 1302052326
2515.613917 780.221442 1302052331
2515.779418 801.888087 1302052344
2515.448416 825.110286 1302052348
2514.041658 851.665815 1302052352
2512.965902 875.110236 1302052355
2511.559144 903.443541 1302052358
2510.648889 933.332400 1302052361
2510.235137 953.665713 1302052363
2509.821385 974.443470 1302052365
2509.490383 995.332338 1302052367
2509.076631 1015.443429 1302052369
2508.166376 1043.776734 1302052372
2507.173370 1069.776708 1302052375
2508.249126 1094.332239 1302052378
2509.242132 1116.554439 1302052381
2510.069636 1139.443305 1302052388
2510.731640 1162.776615 1302052392
2511.807396 1184.109927 1302052395
2512.552150 1205.221017 1302052398
2513.462405 1228.776549 1302052401
2514.869163 1253.332080 1302052404
2515.944919 1276.554279 1302052407
2516.358671 1297.665369 1302052410
2515.779418 1321.220901 1302052414
2515.862168 1343.220879 1302052419
2527.116231 1359.776418 1302052427
2549.127852 1360.887528 1302052431
2575.442498 1361.776416 1302052435
2597.288619 1363.109748 1302052438
2620.458747 1364.443080 1302052441
2644.125378 1365.109746 1302052444
2668.205761 1366.109745 1302052447
2693.030898 1366.998633 1302052450
2717.442283 1367.665299 1302052453
2741.770918 1368.331965 1302052456
2766.099553 1369.220853 1302052459
2789.352431 1369.998630 1302052462
2811.198552 1370.554185 1302052465
2832.713671 1370.998629 1302052468
2853.401286 1371.554184 1302052471
2877.978172 1372.220850 1302052475
2900.900048 1372.998627 1302052494
2922.001415 1373.776404 1302052498
2942.027026 1374.220848 1302052501
2964.700651 1375.109736 1302052504
2988.367282 1375.665291 1302052507
3012.116664 1376.443068 1302052510
3036.279797 1377.331956 1302052513
3059.036173 1377.887511 1302052516
3080.303041 1378.443066 1302052519
3104.300674 1378.665288 1302052523
3128.381057 1378.998621 1302052527
3150.971932 1379.109732 1302052530
3175.631568 1379.776398 1302052533
3201.201460 1380.443064 1302052536
3226.026597 1378.109733 1302052539
3248.120969 1375.331958 1302052542
3273.690861 1372.443072 1302052546
