2982.492000 832.776945 1301848366
2962.466389 846.665820 1301848372
2939.544512 846.888042 1301848375
2911.078355 844.665822 1301848378
2889.728737 843.665823 1301848380
2867.055111 842.554713 1301848382
2844.546987 840.888048 1301848384
2822.287113 839.221383 1301848386
2800.937495 838.110273 1301848388
2780.498132 836.999163 1301848390
2752.114725 834.888054 1301848393
2731.344360 833.776944 1301848397
2709.332739 834.110277 1301848402
2685.997110 834.110277 1301848405
2656.289695 832.665834 1301848408
2634.940077 831.888057 1301848410
2613.342208 830.888058 1301848412
2590.999584 829.443615 1301848414
2568.905212 828.221394 1301848416
2547.224592 827.999172 1301848418
2525.543972 827.776950 1301848420
2502.953097 827.110284 1301848422
2479.700218 825.665841 1301848424
2456.033587 823.888065 1301848426
2432.035955 822.665844 1301848428
2407.624569 821.776956 1301848430
2383.213184 821.554734 1301848432
2358.884550 820.443624 1301848434
2335.052418 819.776958 1301848436
2312.378793 819.554736 1301848438
2291.111925 818.999181 1301848440
2270.341560 818.110293 1301848442
2240.634146 817.332516 1301848445
2212.581740 816.332517 1301848448
2185.687842 814.888074 1301848451
2156.725181 815.332518 1301848454
2136.285818 816.443628 1301848456
2115.349953 815.999184 1301848458
2095.076090 814.999185 1301848460
2066.278931 812.999187 1301848463
2039.302282 812.332521 1301848466
2014.973647 811.888077 1301848469
1989.238255 811.443633 1301848473
1962.344356 810.999189 1301848477
1936.939966 810.110301 1301848481
1916.500602 811.332522 1301848486
1896.474992 811.332522 1301848495
1874.380619 815.554740 1301848498
1847.900473 816.110295 1301848501
1820.261820 814.776963 1301848504
1795.684934 812.776965 1301848507
1774.169815 811.999188 1301848510
1752.158193 812.332521 1301848514
1731.305078 810.665856 1301848536
1709.458957 809.999190 1301848540
1686.123328 809.888079 1301848543
1657.491670 809.110302 1301848546
1636.307552 807.999192 1301848548
1614.957934 806.554749 1301848550
1594.353070 805.110306 1301848552
1574.079208 803.554752 1301848554
1547.185309 802.888086 1301848557
1523.187677 803.554752 1301848561
1499.272794 804.554751 1301848577
1474.530407 804.888084 1301848581
1450.615525 807.776970 1301848584
1424.218129 809.332524 1301848587
1397.075979 807.776970 1301848590
1372.085341 808.221414 1301848593
1348.915212 808.776969 1301848596
1327.648345 810.221412 1301848600
1320.945558 830.999169 1301848610
1296.699674 834.443610 1301848615
1270.550529 832.110279 1301848618
1244.153133 829.999170 1301848621
1221.148506 828.110283 1301848624
1199.798888 825.443619 1301848628
1176.132257 817.665849 1301848633
1152.962128 815.554740 1301848636
1124.744222 814.554741 1301848639
1104.056608 813.110298 1301848641
1083.120742 812.554743 1301848643
1059.867863 810.443634 1301848645
1037.442489 807.999192 1301848647
1014.934365 805.110306 1301848649
989.860976 801.888087 1301848652
968.180356 797.776980 1301848658
946.747988 797.665869 1301848662
922.171102 796.332537 1301848665
902.228241 794.999205 1301848667
878.892612 793.110318 1301848669
854.977730 792.554763 1301848671
830.483594 792.776985 1301848673
805.244705 792.999207 1301848675
779.509312 793.110318 1301848677
753.525669 792.888096 1301848679
728.038528 792.332541 1301848681
702.716888 790.776987 1301848683
676.733244 788.443656 1301848685
651.908106 787.221435 1301848687
628.489727 787.221435 1301848689
606.229854 786.554769 1301848691
579.335955 785.999214 1301848694
558.400089 786.554769 1301848699
536.140216 783.443661 1301848720
512.804587 783.443661 1301848723
484.834932 782.554773 1301848726
463.650815 781.221441 1301848728
440.728938 780.554775 1301848730
417.972562 780.554775 1301848732
395.960941 780.554775 1301848734
375.190576 780.332553 1301848736
346.310666 779.999220 1301848739
321.237277 780.110331 1301848742
299.722158 779.443665 1301848748
272.993760 779.332554 1301848752
244.362102 779.110332 1301848755
218.295708 778.221444 1301848758
195.953084 777.554778 1301848763
171.293448 777.332556 1301848767
144.068547 777.554778 1301848770
118.995158 777.888111 1301848773
96.238782 783.554772 1301848777
92.928764 805.443639 1301848783
93.342516 827.554728 1301848794
92.101260 853.221369 1301848797
91.439256 875.110236 1301848799
90.777252 899.443545 1301848801
90.611751 923.999076 1301848803
90.363500 947.776830 1301848805
89.784247 969.443475 1301848807
88.708491 996.221226 1301848810
87.798236 1025.110086 1301848813
86.722480 1046.665620 1301848815
85.398472 1069.443375 1301848817
84.570968 1092.998907 1301848819
83.495212 1116.665550 1301848821
83.081460 1141.554414 1301848823
83.164210 1166.776611 1301848825
82.584957 1191.554364 1301848827
82.253955 1215.109896 1301848829
82.253955 1237.443207 1301848831
82.253955 1258.554297 1301848833
82.833208 1285.332048 1301848836
82.915959 1305.887583 1301848841
104.596579 1316.887572 1301848850
125.284193 1317.665349 1301848853
153.998602 1318.887570 1301848856
176.175725 1319.776458 1301848858
199.014851 1320.332013 1301848860
222.764232 1321.998678 1301848862
257.271173 1324.220898 1301848865
280.524052 1325.443119 1301848867
304.769936 1326.443118 1301848869
329.181321 1327.443117 1301848871
354.337460 1327.887561 1301848873
380.155603 1327.998672 1301848875
405.477243 1328.220894 1301848877
429.392125 1328.109783 1301848879
450.658993 1328.109783 1301848881
471.512109 1328.220894 1301848884
495.178739 1329.332004 1301848890
518.348868 1330.776447 1301848893
546.318522 1332.220890 1301848896
576.439689 1333.887555 1301848899
599.030564 1334.554221 1301848901
622.945446 1335.109776 1301848903
647.522332 1334.998665 1301848905
672.264719 1335.331998 1301848907
697.172607 1335.776442 1301848909
721.832243 1336.109775 1301848911
746.326379 1336.554219 1301848913
770.737764 1336.665330 1301848915
794.983648 1337.220885 1301848917
817.905525 1337.776440 1301848919
839.006892 1337.554218 1301848921
862.921774 1336.776441 1301848924
881.209625 1327.665339 1301848932
886.340153 1301.665365 1301848936
888.822667 1275.220947 1301848939
890.063924 1249.776528 1301848942
890.394926 1225.887663 1301848946
892.215436 1202.332131 1301848968
893.042941 1176.109935 1301848971
893.953196 1152.776625 1301848973
895.277203 1128.665538 1301848975
897.180463 1105.887783 1301848977
898.421720 1084.554471 1301848979
900.986984 1061.887827 1301848982
917.371575 1049.221173 1301848986
938.472942 1048.332285 1301848989
964.291085 1047.665619 1301848992
985.475202 1046.443398 1301848995
1006.080066 1045.998954 1301849010
1027.843436 1048.221174 1301849014
1051.510067 1048.998951 1301849017
1080.969230 1049.221173 1301849021
1101.574094 1049.221173 1301849025
1121.930707 1052.554503 1301849030
1142.783822 1053.998946 1301849033
1163.719688 1055.332278 1301849035
1188.379324 1056.443388 1301849037
1214.197467 1056.998943 1301849039
1240.512113 1057.665609 1301849041
1266.495757 1057.998942 1301849043
1292.148398 1057.998942 1301849045
1317.718290 1058.554497 1301849047
1342.543427 1059.110052 1301849049
1366.292809 1059.443385 1301849051
1388.800933 1058.776719 1301849053
1410.812555 1057.887831 1301849055
1432.493175 1057.665609 1301849057
1453.511791 1057.998942 1301849059
1478.171428 1058.554497 1301849062
1498.528040 1055.221167 1301849068
1503.989570 1030.665636 1301849073
1505.727330 1006.554549 1301849076
1507.051337 976.221246 1301849079
1508.209844 953.332380 1301849081
1509.120099 929.665737 1301849083
1509.616602 906.221316 1301849085
1510.030354 884.110227 1301849087
1510.526857 863.443581 1301849089
1511.354361 835.110276 1301849092
1511.519862 814.888074 1301849095
1522.525673 795.554760 1301849102
1547.847313 794.110317 1301849106
1575.072214 795.999204 1301849109
1603.455621 796.554759 1301849112
1628.611760 797.554758 1301849115
1653.354147 798.443646 1301849118
1680.330796 798.332535 1301849121
1709.045205 798.221424 1301849124
1729.319067 798.665868 1301849126
1749.841180 798.888090 1301849128
1779.052092 800.999199 1301849131
1807.683750 802.443642 1301849134
1835.487904 803.221419 1301849137
1861.802550 803.110308 1301849140
1884.145173 803.110308 1301849143
1905.081039 803.888085 1301849149
1930.237178 806.554749 1301849155
1953.821059 807.332526 1301849158
1979.390950 807.554748 1301849161
2008.519112 807.443637 1301849164
2028.792974 807.554748 1301849166
2049.232337 807.776970 1301849168
2075.050480 806.665860 1301849171
2095.158841 801.888087 1301849179
2115.763705 801.888087 1301849201
2138.189079 798.332535 1301849224
2165.165728 801.665865 1301849228
2192.059627 802.554753 1301849231
2212.912742 802.332531 1301849233
2235.751869 802.443642 1301849235
2259.418500 802.443642 1301849237
2283.747134 802.221420 1301849239
2308.406771 802.332531 1301849241
2332.735405 803.221419 1301849243
2356.981289 803.776974 1301849245
2381.227173 803.888085 1301849247
2405.555808 803.776974 1301849249
2429.553441 803.443641 1301849251
2452.889070 803.443641 1301849253
2474.569690 804.221418 1301849255
2500.967086 805.110306 1301849258
2521.158198 808.110303 1301849265
2529.764245 827.221395 1301849270
2528.440238 849.888039 1301849273
2525.792223 877.443567 1301849276
2525.378471 898.665768 1301849278
2526.785229 922.887966 1301849280
2527.033480 945.776832 1301849282
2526.205976 969.776808 1301849284
2524.881968 993.110118 1301849286
2524.054464 1015.332318 1301849288
2523.475210 1036.110075 1301849290
2521.985702 1056.221166 1301849292
2521.406449 1084.332249 1301849295
2521.820201 1108.110003 1301849298
2523.144209 1128.221094 1301849304
2523.392460 1154.109957 1301849308
2523.806212 1183.554372 1301849311
2524.881968 1205.221017 1301849313
2525.295720 1226.554329 1301849315
2525.874974 1247.109864 1301849317
2525.709473 1275.443169 1301849320
2525.130220 1301.776476 1301849323
2524.716467 1323.220899 1301849326
2524.799218 1344.887544 1301849331
2546.562588 1356.443088 1301849339
2567.332953 1355.887533 1301849342
2592.158090 1355.998644 1301849345
2619.962244 1356.443088 1301849348
2640.070605 1356.776421 1301849350
2661.668475 1357.665309 1301849352
2684.507601 1358.665308 1301849354
2707.594979 1359.776418 1301849356
2730.930608 1360.998639 1301849358
2754.266237 1361.998638 1301849360
2777.353615 1362.887526 1301849362
2799.530738 1363.443081 1301849364
2820.383853 1363.887525 1301849366
2849.346513 1363.998636 1301849369
2876.902416 1364.331969 1301849372
2899.410540 1364.998635 1301849375
2921.753164 1365.998634 1301849381
2944.675041 1366.998633 1301849385
2971.072437 1368.665298 1301849388
2992.504805 1369.331964 1301849390
3014.930179 1369.998630 1301849392
3036.693550 1370.554185 1301849394
3057.712166 1370.776407 1301849396
3078.896283 1371.331962 1301849398
3099.832149 1372.109739 1301849400
3120.437013 1372.776405 1301849402
3140.876376 1373.331960 1301849404
3161.729491 1373.443071 1301849406
3182.003354 1373.776404 1301849408
3211.214265 1373.998626 1301849411
3240.259676 1371.331962 1301849414
3267.153575 1368.554187 1301849417
3288.006690 1365.220857 1301849420
3307.784049 1354.443090 1301849424
3314.486836 1334.776443 1301849427
3313.990334 1310.109801 1301849430
3314.486836 1281.554274 1301849433
3312.666326 1253.665413 1301849436
3311.094068 1226.776551 1301849439
3311.425070 1201.887687 1301849442
3312.749077 1176.443268 1301849445
3313.824833 1154.221068 1301849448
3315.976345 1132.887756 1301849452
3323.423886 1112.665554 1301849467
3324.582392 1089.887799 1301849471
3323.837638 1064.221158 1301849474
3322.761882 1043.998956 1301849476
3322.265379 1021.776756 1301849478
3322.430880 998.887890 1301849480
3322.761882 976.443468 1301849482
3323.175635 955.332378 1301849484
3323.672137 928.887960 1301849487
3320.031117 908.332425 1301849500
3319.286363 884.776893 1301849505
3322.017128 861.443583 1301849518
3321.355124 835.110276 1301849522
3322.679132 783.443661 1301849527
3323.423886 760.332573 1301849529
3324.003139 737.999262 1301849531
3324.334141 717.332616 1301849533
3325.161645 688.332645 1301849536
3324.747893 661.554894 1301849539
3324.747893 637.332696 1301849543
3324.499642 617.221605 1301849548
