3327.892411 424.888464 1302052822
3330.457675 401.888487 1302052827
3330.954178 375.110736 1302052831
3331.533431 352.777425 1302052834
3332.029933 330.110781 1302052837
3332.526436 307.110804 1302052840
3333.105689 283.221939 1302052843
3334.346946 257.888631 1302052846
3335.339952 232.221990 1302052849
3335.919205 206.222016 1302052852
3336.167456 179.444265 1302052855
3336.829460 152.888736 1302052858
3337.243212 127.555428 1302052861
3337.905216 103.666563 1302052864
3338.236218 80.333253 1302052868
3338.980972 60.111051 1302052873
3321.355124 43.999956 1302052879
3295.454231 44.888844 1302052883
3270.794595 44.999955 1302052886
3245.472955 44.777733 1302052889
3220.896069 44.111067 1302052892
3198.139693 43.555512 1302052895
3177.203827 42.777735 1302052900
3153.868198 42.333291 1302052905
3131.773826 42.111069 1302052908
3106.783187 41.555514 1302052911
3080.468542 40.888848 1302052914
3054.981401 40.333293 1302052917
3032.556027 39.666627 1302052920
3012.364915 39.333294 1302052924
2995.152820 50.333283 1302052940
2995.732073 71.111040 1302052944
2996.394077 97.777680 1302052948
2995.980324 119.110992 1302052951
2995.649323 144.555411 1302052955
2995.318321 168.110943 1302052962
2994.739068 188.666478 1302052966
2993.911563 214.888674 1302052970
2993.580561 236.333097 1302052973
2993.415060 257.110854 1302052976
2992.835807 281.999718 1302052980
2991.842802 304.999695 1302052987
2991.760051 327.110784 1302052991
2991.511800 347.777430 1302052994
2991.015297 370.888518 1302052997
2990.187792 394.888494 1302053000
2989.691290 419.666247 1302053003
2989.277537 445.221777 1302053006
2988.946535 471.332862 1302053009
2988.036280 496.666170 1302053012
2986.877774 521.666145 1302053015
2985.636517 544.443900 1302053018
2978.933730 566.443878 1302053022
2955.598101 573.554982 1302053026
2934.082982 573.110538 1302053029
2910.995604 572.666094 1302053032
2888.156478 572.110539 1302053035
2866.475858 571.443873 1302053038
2845.788244 571.221651 1302053041
2821.625110 570.888318 1302053045
2800.109991 571.666095 1302053070
2773.464343 571.666095 1302053074
2750.045964 571.221651 1302053077
2725.303577 571.332762 1302053080
2699.154432 571.221651 1302053083
2671.929532 570.554985 1302053086
2642.387618 569.999430 1302053089
2614.335213 569.554986 1302053092
2588.268819 569.221653 1302053095
2564.105685 568.999431 1302053098
2539.777051 570.777207 1302053102
2518.923935 578.221644 1302053111
2519.254937 600.999399 1302053115
2518.675684 622.666044 1302053118
2517.848179 647.554908 1302053121
2517.020675 673.554882 1302053124
2516.193170 699.888189 1302053127
2515.779418 726.443718 1302053130
2515.034664 752.777025 1302053133
2514.538161 778.443666 1302053136
2514.207159 803.110308 1302053139
2513.876157 828.110283 1302053142
2512.883152 854.443590 1302053145
2511.724645 882.999117 1302053148
2511.062642 903.221319 1302053150
2510.566139 924.110187 1302053152
2510.069636 945.554610 1302053154
2509.573133 967.110144 1302053156
2508.911130 988.776789 1302053158
2508.414627 1010.443434 1302053160
2508.166376 1031.443413 1302053162
2508.000875 1052.443392 1302053164
2508.745629 1080.221142 1302053167
2510.483389 1105.776672 1302053170
2511.062642 1127.665539 1302053174
2511.972897 1153.109958 1302053181
2512.965902 1179.665487 1302053185
2513.379655 1201.332132 1302053188
2514.455410 1222.998777 1302053191
2517.682678 1246.220976 1302053195
