3330.623176 428.444016 1302056493
3333.519442 405.777372 1302056514
3334.595198 382.110729 1302056518
3335.174451 360.888528 1302056521
3335.836455 339.221883 1302056524
3336.498458 317.777460 1302056527
3336.994961 297.444147 1302056530
3337.656965 274.555281 1302056533
3338.318968 250.555305 1302056536
3338.484469 227.666439 1302056539
3339.063722 203.888685 1302056542
3339.560225 178.110933 1302056545
3339.891227 152.666514 1302056548
3340.635981 127.666539 1302056551
3341.297985 104.888784 1302056554
3341.463486 84.333249 1302056557
3341.877238 63.111048 1302056561
3339.477475 42.555513 1302056580
3317.217602 41.222181 1302056586
3295.454231 42.555513 1302056589
3271.539349 42.666624 1302056592
3246.631461 42.444402 1302056595
3222.385577 42.444402 1302056598
3201.201460 42.555513 1302056601
3177.865831 42.333291 1302056607
3155.936959 41.888847 1302056611
3135.249345 41.444403 1302056614
3112.327468 40.999959 1302056617
3088.412586 40.666626 1302056620
3064.001201 40.222182 1302056623
3041.079324 39.888849 1302056626
3017.081691 40.111071 1302056630
2998.959341 52.111059 1302056637
2998.297337 75.111036 1302056641
2997.800834 96.777681 1302056644
2997.221581 119.110992 1302056647
2996.725079 139.444305 1302056650
2995.980324 159.777618 1302056654
2995.235570 181.999818 1302056660
2994.490816 208.555347 1302056664
2993.911563 231.333102 1302056667
2993.497811 255.110856 1302056670
2992.504805 277.444167 1302056673
2991.842802 297.777480 1302056678
2992.008302 323.777454 1302056684
2991.677301 344.332989 1302056687
2990.932546 368.777409 1302056690
2990.105042 394.999605 1302056693
2989.360288 421.110690 1302056696
2988.781035 447.332886 1302056699
2988.119031 473.888415 1302056702
2987.374277 499.332834 1302056705
2986.215770 523.110588 1302056708
2985.305515 544.443900 1302056711
2980.671490 568.554987 1302056715
2957.749613 577.888311 1302056719
2936.151743 577.888311 1302056722
2913.891870 577.554978 1302056725
2891.300995 577.221645 1302056728
2869.041122 576.666090 1302056731
2843.057478 576.110535 1302056735
2820.963106 575.666091 1302056739
2799.116985 574.666092 1302056760
2772.057586 573.443871 1302056764
2747.397949 572.999427 1302056767
2721.000553 572.443872 1302056770
2694.023904 572.110539 1302056773
2667.295506 571.110540 1302056776
2639.822354 569.999430 1302056779
2612.018200 569.110542 1302056782
2585.620804 568.554987 1302056785
2560.878417 568.554987 1302056788
2537.791040 568.999431 1302056792
2521.075447 583.332750 1302056802
2520.578944 608.110503 1302056806
2519.006686 630.999369 1302056809
2518.344682 655.221567 1302056812
2517.517177 679.999320 1302056815
2516.689673 705.554850 1302056818
2516.275921 729.554826 1302056821
2515.779418 752.999247 1302056824
2515.696667 776.888112 1302056827
2515.862168 801.221421 1302056830
2515.448416 825.665841 1302056833
2514.703662 850.110261 1302056836
2513.545155 875.888013 1302056839
2512.469400 903.110208 1302056842
2511.476394 930.887958 1302056845
2510.814390 958.999041 1302056848
2509.986886 986.999013 1302056851
2509.324882 1014.776763 1302056854
2509.159381 1041.776736 1302056857
2508.166376 1067.443377 1302056860
2509.076631 1091.998908 1302056863
2509.986886 1114.109997 1302056866
2510.648889 1134.443310 1302056872
2511.476394 1157.665509 1302056877
2512.552150 1184.221038 1302056881
2513.462405 1205.221017 1302056884
2516.441421 1230.776547 1302056888
2518.923935 1251.887637 1302056892
