2814.591321 573.999426 1302061519
2793.655455 573.221649 1302061530
2766.678806 572.443872 1302061534
2743.260426 571.554984 1302061537
2719.593795 572.221650 1302061540
2694.189405 571.666095 1302061543
2667.378256 570.443874 1302061546
2640.732609 569.777208 1302061549
2615.162718 569.221653 1302061552
2591.082334 567.999432 1302061555
2570.146469 567.110544 1302061558
2546.479838 569.332764 1302061562
2525.130220 570.443874 1302061572
2521.985702 593.110518 1302061577
2521.323698 619.666047 1302061581
2520.827196 641.666025 1302061584
2519.999691 663.999336 1302061587
2519.585939 687.221535 1302061590
2518.923935 709.999290 1302061593
2518.592933 732.443712 1302061596
2518.344682 753.110358 1302061599
2517.682678 776.665890 1302061603
2518.261932 797.332536 1302061609
2516.606922 819.443625 1302061635
2515.944919 845.332488 1302061639
2514.538161 869.443575 1302061642
2513.876157 896.887992 1302061645
2513.048653 925.332408 1302061648
2512.469400 954.110157 1302061651
2512.221148 984.332349 1302061654
2511.641895 1004.887884 1302061656
2511.062642 1034.332299 1302061659
2509.655884 1059.998940 1302061662
2509.821385 1084.776693 1302061665
2510.317888 1107.776670 1302061668
2511.807396 1128.443316 1302061674
2509.490383 1153.221069 1302061681
2508.414627 1176.221046 1302061685
2509.324882 1196.221026 1302061688
2510.317888 1216.887672 1302061691
2512.469400 1237.776540 1302061694
2513.131403 1259.443185 1302061697
2513.214154 1281.776496 1302061700
2513.627906 1303.332030 1302061703
2514.124409 1328.998671 1302061707
2515.531166 1350.109761 1302061713
2537.708289 1359.220863 1302061719
2564.602188 1359.776418 1302061723
2587.441314 1361.331972 1302061726
2611.190696 1362.665304 1302061729
2634.857327 1363.665303 1302061732
2659.351462 1364.554191 1302061735
2684.259350 1365.220857 1302061738
2708.753485 1365.998634 1302061741
2733.330371 1366.443078 1302061744
2757.990008 1366.776411 1302061747
2782.153141 1367.776410 1302061750
2805.488771 1368.776409 1302061753
2827.914145 1369.443075 1302061756
2848.022506 1369.887519 1302061759
2870.116878 1370.220852 1302061763
2890.390740 1370.220852 1302061770
2913.312617 1370.887518 1302061778
2937.227499 1370.998629 1302061782
2957.335861 1371.220851 1302061785
2978.768229 1372.331961 1302061788
3001.359104 1372.998627 1302061791
3024.115480 1373.554182 1302061794
3044.968595 1373.998626 1302061797
3069.462731 1374.665292 1302061801
3090.646848 1375.220847 1302061805
3111.168962 1375.665291 1302061809
3136.325101 1376.331957 1302061813
3156.929965 1376.998623 1302061816
3179.438089 1377.665289 1302061819
3202.690968 1377.998622 1302061822
3222.799329 1375.998624 1302061825
3245.224703 1373.776404 1302061829
3265.995068 1371.887517 1302061834
3286.268930 1371.665295 1302061838
3303.977528 1356.331977 1302061842
3304.556782 1336.331997 1302061845
3305.301536 1312.887576 1302061848
3305.136035 1288.332045 1302061851
3305.467037 1262.776515 1302061854
3306.542792 1237.332096 1302061857
3308.115051 1211.443233 1302061860
3310.101062 1184.998815 1302061863
3312.004323 1157.998842 1302061866
3313.245580 1130.332203 1302061869
3313.907583 1103.443341 1302061872
3314.404086 1076.443368 1302061875
3314.404086 1049.554506 1302061878
3314.486836 1023.110088 1302061881
3315.314341 996.665670 1302061884
3315.976345 970.776807 1302061887
3316.390097 945.554610 1302061890
3317.134851 919.110192 1302061893
3318.210607 891.665775 1302061896
3318.872611 863.888025 1302061899
3319.782866 835.332498 1302061902
3320.362119 806.332527 1302061905
3320.527620 777.554778 1302061908
3321.355124 749.110362 1302061911
3321.686126 720.665946 1302061914
3322.099879 692.888196 1302061917
3322.679132 666.999333 1302061920
3323.506636 642.999357 1302061923
3324.168640 622.332711 1302061926
3325.492647 598.221624 1302061932
3328.140662 573.777204 1302061937
3329.216418 553.110558 1302061940
3330.457675 529.666137 1302061943
3331.119678 504.888384 1302061946
3332.526436 480.666186 1302061949
3333.353941 459.110652 1302061952
3331.616181 437.555118 1302061956
