2988.119031 554.555001 1302177450
2987.539778 576.888312 1302177468
2987.126025 602.332731 1302177471
2987.208776 623.110488 1302177473
2986.877774 645.777132 1302177475
2986.215770 669.888219 1302177477
2985.636517 692.888196 1302177479
2985.305515 714.332619 1302177481
2985.057264 735.110376 1302177483
2984.560761 755.665911 1302177485
2983.733257 782.888106 1302177488
2982.657501 803.776974 1302177491
2979.926736 824.443620 1302177496
2994.573567 841.332492 1302177505
3014.599177 840.554715 1302177508
3040.582821 839.999160 1302177511
3070.207485 839.554716 1302177514
3091.557103 839.110272 1302177516
3114.065228 838.665828 1302177518
3137.152605 838.999161 1302177520
3159.991732 839.554716 1302177522
3181.589601 840.443604 1302177524
3201.863463 841.110270 1302177526
3230.660623 841.443603 1302177529
3257.554521 842.332491 1302177532
3279.483393 843.221379 1302177535
3299.922756 843.665823 1302177547
3312.749077 826.443618 1302177564
3313.080079 802.332531 1302177567
3314.404086 773.110338 1302177570
3314.983339 752.332581 1302177572
3315.728093 730.554825 1302177574
3316.472847 708.332625 1302177576
3316.307347 686.665980 1302177578
3315.479842 666.666000 1302177580
3315.148840 642.554913 1302177583
3316.141846 621.554934 1302177608
3317.879605 600.777177 1302177619
3306.460042 584.332749 1302177637
3279.897145 581.999418 1302177641
3254.161753 581.888307 1302177644
3224.702590 581.110530 1302177647
3204.180476 580.554975 1302177649
3177.700330 580.110531 1302177652
3155.605957 579.777198 1302177656
3133.097833 578.221644 1302177674
3112.989472 577.443867 1302177677
3085.847322 576.888312 1302177680
3065.076957 576.332757 1302177682
3043.148085 575.777202 1302177684
3020.888212 574.999425 1302177686
2998.462838 574.332759 1302177688
2976.120215 573.554982 1302177690
2953.612090 572.999427 1302177692
2930.938465 572.332761 1302177694
2908.347590 571.666095 1302177696
2885.673964 571.110540 1302177698
2863.000339 570.443874 1302177700
2840.492214 569.999430 1302177702
2818.149591 569.443875 1302177704
2784.801156 568.554987 1302177707
2762.541283 567.443877 1302177709
2740.198659 566.999433 1302177711
2718.435289 567.443877 1302177713
2697.416673 567.221655 1302177715
2676.729058 566.443878 1302177717
2656.372446 565.777212 1302177719
2635.933083 565.332768 1302177721
2614.997217 564.999435 1302177723
2593.895850 564.332769 1302177725
2572.628982 563.443881 1302177727
2551.113863 562.332771 1302177729
2529.350493 562.110549 1302177731
2507.007869 562.221660 1302177733
2484.003242 561.999438 1302177735
2460.584862 561.554994 1302177737
2436.752731 561.110550 1302177739
2413.168850 560.332773 1302177741
2389.584970 559.443885 1302177743
2365.504586 558.888330 1302177745
2341.589704 558.332775 1302177747
2317.840323 557.666109 1302177749
2294.752945 556.554999 1302177751
2273.320576 555.999444 1302177753
2246.509428 555.332778 1302177756
2223.918553 555.110556 1302177760
2201.327678 554.443890 1302177779
2174.185528 554.221668 1302177783
2147.870882 553.555002 1302177786
2127.762521 552.999447 1302177788
2106.164652 552.443892 1302177790
2083.242775 552.332781 1302177792
2059.576144 551.777226 1302177794
2035.082009 551.555004 1302177796
2009.594868 551.110560 1302177798
1984.355978 550.666116 1302177800
1959.448090 549.777228 1302177802
1935.036705 548.888340 1302177804
1911.039072 548.110563 1302177806
1888.448197 547.443897 1302177808
1867.760583 546.777231 1302177810
1841.528688 545.999454 1302177813
1821.337576 544.777233 1302177816
