885.512649 1238.998761 1302462891
886.588405 1212.221010 1302462910
887.333159 1187.221035 1302462913
888.326164 1158.776619 1302462916
889.815673 1138.776639 1302462918
891.967185 1118.776659 1302462920
893.704944 1090.776687 1302462923
898.173469 1065.998934 1302462927
922.419353 1058.998941 1302462931
946.665237 1058.887830 1302462934
970.166367 1057.887831 1302462937
992.012488 1059.665607 1302462941
1014.189611 1061.221161 1302462954
1039.676752 1064.998935 1302462958
1061.357372 1067.110044 1302462961
1086.265259 1066.776711 1302462965
1110.676644 1066.776711 1302462972
1137.487793 1066.887822 1302462976
1162.643932 1066.443378 1302462979
1188.875827 1065.110046 1302462982
1215.935227 1064.776713 1302462985
1241.174116 1066.110045 1302462988
1262.109982 1067.332266 1302462991
1283.459600 1068.887820 1302463015
1309.112242 1068.776709 1302463019
1334.516633 1068.998931 1302463022
1361.824284 1069.332264 1302463025
1386.070168 1069.554486 1302463028
1409.902300 1069.998930 1302463031
1435.141190 1070.110041 1302463034
1457.566564 1069.776708 1302463037
1478.916182 1069.554486 1302463042
1496.955781 1058.221164 1302463059
1497.700536 1030.998969 1302463063
1498.445290 1004.332329 1302463066
1500.431301 975.776802 1302463069
1502.003559 947.110164 1302463072
1502.417312 926.332407 1302463074
1502.582813 905.665761 1302463076
1503.162066 876.110235 1302463079
1503.575818 848.999151 1302463082
1502.500062 826.332507 1302463086
1515.078132 810.554745 1302463093
1535.434744 808.221414 1302463096
1561.335638 808.665858 1302463099
1588.726039 806.332527 1302463102
1617.274947 806.999193 1302463105
1644.168846 807.665859 1302463108
1666.511469 805.554750 1302463111
1686.868082 810.221412 1302463131
1711.031216 810.443634 1302463141
1732.546335 810.776967 1302463144
1758.281727 811.999188 1302463148
1782.693112 813.332520 1302463152
1806.028741 813.776964 1302463155
1828.205864 814.332519 1302463158
1850.300236 814.665852 1302463162
1875.042623 815.221407 1302463166
1895.647487 815.554740 1302463170
1916.169601 816.443628 1302463176
1937.022716 816.776961 1302463179
1963.171861 816.776961 1302463182
1991.720769 816.999183 1302463185
2021.428183 817.443627 1302463188
2049.894340 817.888071 1302463191
2075.298731 817.776960 1302463194
2095.407092 817.999182 1302463198
2118.908222 818.776959 1302463216
2141.912850 819.888069 1302463219
2169.634253 820.999179 1302463222
2189.990865 821.665845 1302463224
2211.257733 822.221400 1302463226
2233.352105 822.554733 1302463228
2255.942980 822.888066 1302463230
2278.699356 823.332510 1302463232
2301.290231 823.999176 1302463234
2323.550104 824.776953 1302463236
2345.478976 825.110286 1302463238
2367.656098 825.221397 1302463240
2389.502219 825.554730 1302463242
2410.189834 826.110285 1302463244
2439.483496 826.888062 1302463247
2467.287650 827.999172 1302463250
2491.864536 829.332504 1302463253
2513.627906 831.443613 1302463258
2518.179181 856.888032 1302463263
2516.606922 881.443563 1302463266
2516.358671 910.443534 1302463269
2515.944919 930.443514 1302463271
2515.696667 950.776827 1302463273
2515.200165 970.887918 1302463275
2514.372660 1000.776777 1302463278
2513.462405 1030.110081 1302463281
2513.958908 1057.332276 1302463284
2514.289910 1082.887806 1302463287
2515.282915 1106.332227 1302463290
2515.365666 1126.332207 1302463295
2515.365666 1150.887738 1302463302
2515.531166 1174.665492 1302463305
2516.606922 1202.776575 1302463308
2518.096431 1231.776546 1302463311
2519.006686 1259.554296 1302463314
2519.337688 1285.554270 1302463317
2519.585939 1309.220913 1302463320
2519.503188 1329.554226 1302463324
2519.503188 1350.776427 1302463346
2540.439054 1357.776420 1302463351
2566.753700 1358.443086 1302463355
2590.668582 1359.443085 1302463358
2616.900477 1360.443084 1302463361
2644.042627 1361.998638 1302463364
2671.681280 1363.665303 1302463367
2700.064687 1364.665302 1302463370
2729.027348 1365.443079 1302463373
2758.072758 1366.665300 1302463376
2785.297659 1367.554188 1302463379
2810.867550 1368.443076 1302463382
2835.361686 1371.331962 1302463385
2859.193818 1371.554184 1302463388
2879.550430 1370.665296 1302463391
2903.713564 1371.554184 1302463412
2929.862709 1372.998627 1302463416
2954.687846 1373.443071 1302463419
2981.250743 1374.776403 1302463422
3009.054897 1375.776402 1302463425
3036.693550 1376.331957 1302463428
3062.925445 1377.443067 1302463431
3090.233096 1378.776399 1302463434
3118.368251 1379.665287 1302463437
3146.255156 1380.109731 1302463440
3172.983554 1380.776397 1302463443
3199.049948 1381.331952 1302463446
3223.461333 1379.776398 1302463449
3245.141953 1377.109734 1302463452
