2501.960091 832.443612 1302465053
2515.779418 847.110264 1302465076
2514.124409 869.888019 1302465079
2512.552150 898.221324 1302465082
2511.890146 918.999081 1302465084
2511.476394 940.776837 1302465086
2511.228143 963.443481 1302465088
2510.317888 985.665681 1302465090
2509.655884 1007.665659 1302465092
2509.407633 1029.110082 1302465094
2509.738634 1049.554506 1302465096
2510.648889 1077.887811 1302465099
2511.641895 1104.665562 1302465102
2512.386649 1128.109983 1302465106
2512.634900 1151.109960 1302465112
2513.214154 1173.332160 1302465115
2514.124409 1199.665467 1302465118
2515.944919 1228.887660 1302465121
2517.186176 1258.220964 1302465124
2517.186176 1285.998714 1302465127
2516.606922 1311.776466 1302465130
2516.358671 1332.332001 1302465133
2516.689673 1355.109756 1302465139
2540.108052 1365.109746 1302465144
2562.450676 1365.554190 1302465147
2587.772316 1366.331967 1302465150
2614.997217 1366.998633 1302465153
2653.807181 1368.220854 1302465157
2683.845598 1369.109742 1302465160
2704.533212 1369.331964 1302465162
2725.386327 1369.887519 1302465164
2746.073942 1370.331963 1302465166
2766.927057 1370.443074 1302465168
2787.614672 1370.665296 1302465170
2807.723033 1371.109740 1302465172
2837.016695 1371.998628 1302465175
2864.489847 1372.776405 1302465178
2888.404729 1373.331960 1302465181
2912.402362 1374.109737 1302465185
2933.669230 1374.998625 1302465188
2959.073620 1375.443069 1302465191
2986.960524 1376.331957 1302465194
3016.005935 1377.331956 1302465197
3045.299597 1377.998622 1302465200
3074.179507 1378.887510 1302465203
3102.728415 1379.665287 1302465206
3131.608325 1379.887509 1302465209
3160.984737 1380.998619 1302465212
3190.526651 1381.776396 1302465215
3218.744557 1380.665286 1302465218
3246.300459 1377.331956 1302465221
3272.035852 1374.109737 1302465224
3295.536982 1371.220851 1302465228
3306.956545 1353.887535 1302465233
3306.791044 1333.887555 1302465236
3306.873794 1308.554247 1302465239
3307.122046 1280.554275 1302465242
3307.287547 1251.443193 1302465245
3307.535798 1231.220991 1302465247
3307.949550 1210.665456 1302465249
3308.446053 1189.998810 1302465251
3308.942556 1169.554386 1302465253
3309.108057 1149.443295 1302465255
3309.604559 1129.332204 1302465257
3310.432064 1108.998891 1302465259
3311.094068 1088.332245 1302465261
3311.590570 1067.443377 1302465263
3312.087073 1046.221176 1302465265
3312.418075 1024.887864 1302465267
3312.749077 1003.554552 1302465269
3312.997328 982.554573 1302465271
3313.328330 962.554593 1302465273
3313.907583 934.554621 1302465276
3314.238585 908.665758 1302465279
3314.652337 888.554667 1302465282
3314.900589 864.554691 1302465308
3315.479842 844.332489 1302465311
3315.479842 818.888070 1302465314
3316.059095 791.443653 1302465317
3316.472847 762.332571 1302465320
3316.803849 741.999258 1302465322
3317.383102 721.554834 1302465324
3317.465853 701.554854 1302465326
3316.224596 673.221549 1302465329
3315.810844 646.888242 1302465332
3316.141846 622.999377 1302465335
3317.134851 601.999398 1302465347
3307.701299 581.888307 1302465365
3287.344686 580.443864 1302465368
3260.450788 579.999420 1302465371
3240.176925 579.888309 1302465373
3219.075559 579.221643 1302465375
3197.808691 578.221644 1302465377
3177.121077 577.554978 1302465379
3156.350712 576.999423 1302465381
3134.752842 576.332757 1302465383
3112.492969 575.554980 1302465385
3090.481347 575.332758 1302465387
3069.710982 574.777203 1302465389
3040.665572 574.221648 1302465392
3016.750689 571.888317 1302465395
