3340.387730 67.333266 1302566503
3334.595198 46.888842 1302566508
3312.914578 45.333288 1302566512
3286.434431 44.999955 1302566516
3262.933301 44.555511 1302566519
3238.852918 43.888845 1302566522
3215.517289 43.444401 1302566525
3194.746924 43.111068 1302566528
3170.832042 41.444403 1302566535
3146.006904 40.666626 1302566539
3122.340273 40.111071 1302566542
3097.101384 39.444405 1302566545
3072.772749 38.888850 1302566548
3049.933623 38.222184 1302566551
3029.577010 37.999962 1302566554
3009.054897 37.888851 1302566559
2998.876590 55.333278 1302566567
2999.538594 77.888811 1302566571
2998.876590 99.444345 1302566574
2998.131836 122.222100 1302566577
2997.718084 142.444302 1302566580
2997.056080 163.999836 1302566586
2996.145825 188.333145 1302566591
2995.814823 208.666458 1302566594
2995.318321 231.333102 1302566597
2995.318321 253.666413 1302566600
2994.325315 274.221948 1302566603
2993.663312 296.110815 1302566608
2992.835807 316.221906 1302566614
2992.422055 341.888547 1302566618
2991.511800 365.221857 1302566621
2991.015297 389.444055 1302566624
2990.518794 413.444031 1302566627
2989.856791 436.666230 1302566630
2989.360288 460.332873 1302566633
2988.698284 483.332850 1302566636
2987.705279 505.555050 1302566639
2986.712273 527.110584 1302566642
2985.802018 547.221675 1302566645
2982.492000 570.554985 1302566650
2963.128393 577.443867 1302566654
2942.854530 576.999423 1302566657
2918.939648 576.332757 1302566660
2894.197261 575.666091 1302566663
2869.951377 575.221647 1302566666
2847.277752 574.554981 1302566669
2822.121613 573.666093 1302566673
2798.868734 572.332761 1302566701
2773.298842 571.777206 1302566705
2749.963213 571.110540 1302566708
2724.476072 570.777207 1302566711
2698.161427 570.332763 1302566714
2670.853776 569.332764 1302566717
2643.215123 568.888320 1302566720
2616.072973 568.332765 1302566723
2590.254830 567.666099 1302566726
2566.174447 567.332766 1302566729
2541.349309 568.110543 1302566733
2521.571950 575.554980 1302566743
2520.330693 597.110514 1302566747
2519.172187 618.332715 1302566750
2518.510183 642.666024 1302566753
2517.930930 668.221554 1302566756
2517.103425 694.443750 1302566759
2516.689673 720.777057 1302566762
2515.944919 746.554809 1302566765
2516.110420 771.221451 1302566768
2516.275921 795.776982 1302566771
2516.110420 819.999180 1302566774
2514.869163 843.999156 1302566777
2513.545155 868.999131 1302566780
2512.055647 895.554660 1302566783
2511.145392 922.776855 1302566786
2510.483389 950.332383 1302566789
2510.069636 978.110133 1302566792
2509.490383 1006.110105 1302566795
2508.911130 1033.665633 1302566798
2508.993880 1059.887829 1302566801
2510.317888 1085.887803 1302566804
2511.476394 1108.665558 1302566807
2512.386649 1128.887760 1302566811
2513.131403 1150.554405 1302566818
2514.207159 1174.887714 1302566822
2515.117414 1196.332137 1302566825
2515.862168 1219.221003 1302566828
2517.848179 1242.443202 1302566831
2518.013680 1265.998734 1302566834
2517.682678 1290.443154 1302566837
2517.103425 1313.887575 1302566840
2516.606922 1334.776443 1302566843
2516.606922 1357.331976 1302566847
2536.798034 1367.776410 1302566852
2561.871423 1367.776410 1302566856
2584.379547 1368.220854 1302566859
2608.294430 1368.331965 1302566862
2632.457563 1368.554187 1302566865
2657.282701 1369.665297 1302566868
2682.107838 1369.887519 1302566871
2707.429478 1370.554185 1302566874
2732.751118 1371.220851 1302566877
2758.155509 1371.776406 1302566880
2782.566894 1372.220850 1302566883
2805.985273 1372.998627 1302566886
2829.238152 1373.998626 1302566889
2851.580776 1374.887514 1302566892
2871.606386 1374.776403 1302566895
2893.783509 1375.554180 1302566915
2913.809120 1376.554179 1302566920
2935.655241 1377.443067 1302566924
2961.804385 1377.998622 1302566928
2982.492000 1378.665288 1302566931
3004.007119 1379.220843 1302566934
3026.184241 1379.998620 1302566937
3048.775116 1380.554175 1302566940
3071.034990 1381.109730 1302566943
3093.874116 1381.665285 1302566946
3117.457996 1381.998618 1302566949
3141.703881 1382.220840 1302566952
3166.777269 1382.887506 1302566955
3191.767908 1383.665283 1302566958
3215.848291 1382.220840 1302566961
3238.770168 1379.443065 1302566964
3259.375032 1376.554179 1302566967
3281.717655 1374.109737 1302566971
3301.826016 1364.776413 1302566982
3304.639532 1338.443106 1302566986
3305.218785 1314.776463 1302566989
3305.384286 1289.220933 1302566992
3306.046290 1262.665404 1302566995
3306.873794 1235.554320 1302566998
3307.784049 1209.887679 1302567001
3308.694304 1185.665481 1302567004
3309.190807 1164.332169 1302567007
3309.604559 1142.998857 1302567011
3310.349314 1121.109990 1302567035
3311.011317 1096.332237 1302567039
3311.756071 1074.332259 1302567042
3312.335325 1049.665617 1302567045
3312.997328 1023.776754 1302567048
3313.493831 997.221225 1302567051
3313.907583 971.110140 1302567054
3314.155835 945.999054 1302567057
3314.404086 923.221299 1302567060
3314.486836 903.110208 1302567063
3315.231591 880.776897 1302567068
