3329.464669 418.332915 1302567619
3331.864433 397.777380 1302567623
3332.691937 373.444071 1302567627
3333.188440 347.332986 1302567631
3333.684943 326.221896 1302567634
3333.933194 304.555251 1302567637
3334.512447 282.221940 1302567640
3334.843449 258.555297 1302567643
3335.588203 234.110877 1302567646
3336.498458 209.333124 1302567649
3336.912211 183.999816 1302567652
3337.325963 158.999841 1302567655
3337.822466 134.777643 1302567658
3338.401719 111.888777 1302567661
3338.649970 91.666575 1302567664
3338.649970 71.666595 1302567668
3334.760699 48.333285 1302567674
3311.590570 45.777732 1302567679
3288.172191 45.111066 1302567683
3261.609294 44.333289 1302567687
3240.176925 43.666623 1302567690
3217.751551 42.888846 1302567693
3197.477689 42.666624 1302567696
3176.541823 42.333291 1302567702
3151.964937 41.666625 1302567707
3131.773826 41.222181 1302567710
3109.513952 40.777737 1302567713
3086.840327 40.444404 1302567716
3066.235463 40.222182 1302567719
3040.748322 39.111072 1302567723
3018.736700 38.555517 1302567727
2999.621345 47.333286 1302567734
2999.042091 68.444376 1302567738
2998.131836 88.444356 1302567741
2997.469833 109.999890 1302567744
2996.973330 130.222092 1302567747
2996.642328 153.999846 1302567751
2996.145825 176.666490 1302567758
2995.070069 198.666468 1302567762
2994.904568 218.666448 1302567765
2994.242565 239.777538 1302567768
2993.663312 260.888628 1302567771
2992.753057 285.110826 1302567775
2992.008302 307.221915 1302567782
2991.594550 329.110782 1302567786
2991.180798 356.110755 1302567790
2990.601545 379.110732 1302567793
2990.022291 402.555153 1302567796
2989.194787 425.332908 1302567799
2988.450033 447.221775 1302567802
2987.953530 469.221753 1302567805
2987.539778 491.777286 1302567808
2986.712273 514.777263 1302567811
2985.471016 536.443908 1302567814
2984.643512 561.777216 1302567818
2968.010670 578.777199 1302567823
2943.102782 577.777200 1302567827
2921.587663 576.888312 1302567830
2892.128500 575.999424 1302567834
2871.109884 575.666091 1302567837
2845.788244 574.777203 1302567841
2823.528370 574.221648 1302567845
2801.351248 573.332760 1302567871
2776.857112 572.332761 1302567875
2754.762740 572.221650 1302567878
2730.351355 571.666095 1302567881
2704.698713 570.777207 1302567884
2677.722064 569.554986 1302567887
2649.917910 568.999431 1302567890
2622.444758 568.221654 1302567893
2596.461114 568.110543 1302567896
2572.132480 568.221654 1302567899
2551.941368 568.332765 1302567902
2530.757251 568.221654 1302567908
2520.082442 589.332744 1302567915
2518.923935 615.999384 1302567919
2517.848179 638.666028 1302567922
2517.020675 661.888227 1302567925
2516.027669 686.554869 1302567928
2515.531166 711.554844 1302567931
2514.786412 737.110374 1302567934
2513.958908 763.443681 1302567937
2514.041658 789.443655 1302567940
2514.372660 814.554741 1302567943
2514.124409 839.443605 1302567946
2512.883152 864.888024 1302567949
2511.807396 891.887997 1302567952
2510.731640 919.443525 1302567955
2509.986886 947.443497 1302567958
2509.242132 975.221247 1302567961
2508.580128 1003.998996 1302567964
2508.000875 1032.887856 1302567967
2507.587123 1060.776717 1302567970
2508.083625 1086.665580 1302567973
2509.738634 1110.776667 1302567976
2510.566139 1131.443313 1302567980
2511.145392 1155.332178 1302567987
2511.972897 1176.109935 1302567990
2512.883152 1199.665467 1302567993
2514.207159 1224.665442 1302567996
2515.613917 1248.220974 1302567999
2516.358671 1272.665394 1302568002
2516.193170 1295.665371 1302568005
2515.779418 1316.220906 1302568008
2515.613917 1338.998661 1302568012
2516.275921 1359.331974 1302568026
2535.474027 1366.887522 1302568031
2560.216414 1367.109744 1302568035
2581.483281 1367.554188 1302568038
2603.991406 1368.220854 1302568041
2627.658037 1369.109742 1302568044
2651.986671 1369.776408 1302568047
2685.004104 1370.887518 1302568051
2709.911992 1371.443073 1302568054
2733.826874 1371.331962 1302568057
2757.162503 1371.776406 1302568060
2780.167130 1372.109739 1302568063
2802.923506 1372.665294 1302568066
2826.590137 1373.331960 1302568069
2849.843016 1373.554182 1302568072
2869.951377 1373.665293 1302568075
2893.204256 1374.109737 1302568092
2917.532890 1374.887514 1302568097
2943.847536 1375.443069 1302568101
2965.859158 1375.998624 1302568104
2988.615534 1376.887512 1302568107
3011.537410 1377.998622 1302568110
3033.135280 1378.554177 1302568113
3053.574643 1378.665288 1302568116
3076.165518 1378.998621 1302568128
3096.687632 1379.554176 1302568132
3122.588525 1379.998620 1302568136
3144.848398 1380.554175 1302568139
3167.687524 1381.331952 1302568142
3191.271405 1382.665284 1302568145
3214.441533 1381.776396 1302568148
3235.708401 1379.665287 1302568151
3260.533538 1376.887512 1302568155
3280.724650 1374.109737 1302568159
3300.502009 1365.776412 1302568169
3304.970534 1342.554213 1302568173
3305.218785 1321.776456 1302568176
3305.549787 1298.887590 1302568179
3305.880789 1274.220948 1302568182
3306.294541 1248.665418 1302568185
3306.791044 1222.665444 1302568188
3306.873794 1197.998802 1302568191
3306.211791 1175.109936 1302568194
3305.301536 1154.998845 1302568197
3306.377292 1133.665533 1302568222
3309.356308 1111.887777 1302568227
3310.597565 1087.110024 1302568231
3311.094068 1065.887823 1302568234
3311.425070 1042.998957 1302568237
3311.756071 1018.554537 1302568240
3312.500825 992.999007 1302568243
3313.576581 966.332367 1302568246
3313.990334 939.443505 1302568249
3314.238585 913.221309 1302568252
3314.569587 891.110220 1302568255
