3325.409897 429.999570 1302570122
3327.975161 406.110705 1302570144
3329.547420 379.666287 1302570148
3330.374924 357.999642 1302570151
3331.036928 336.666330 1302570154
3331.698932 310.110801 1302570158
3332.278185 290.110821 1302570161
3333.105689 263.666403 1302570165
3333.684943 239.221983 1302570169
3334.760699 218.444226 1302570172
3335.008950 194.555361 1302570175
3335.753704 169.110942 1302570178
3335.836455 144.888744 1302570181
3336.415708 121.777656 1302570184
3337.160462 100.222122 1302570187
3337.656965 75.555480 1302570191
3338.484469 51.666615 1302570207
3318.127857 43.444401 1302570212
3294.626727 43.666623 1302570216
3274.021863 43.222179 1302570219
3252.010241 42.222180 1302570222
3229.998619 41.444403 1302570225
3209.228254 40.888848 1302570228
3186.306377 40.555515 1302570232
3162.143244 40.222182 1302570239
3136.904354 39.666627 1302570243
3115.389235 39.111072 1302570246
3092.963861 38.666628 1302570249
3070.538487 37.888851 1302570252
3049.437120 37.333296 1302570255
3024.529232 37.111074 1302570259
3003.179614 38.111073 1302570265
2996.476827 58.888830 1302570270
2996.725079 85.111026 1302570274
2996.311326 106.888782 1302570277
2995.649323 128.444316 1302570280
2995.318321 152.888736 1302570284
2994.821818 176.666490 1302570291
2993.663312 201.555354 1302570295
2993.332310 222.444222 1302570298
2993.166809 248.999751 1302570302
2991.511800 273.666393 1302570306
2991.594550 294.888594 1302570311
2991.346299 319.221903 1302570317
2990.187792 343.332990 1302570321
2989.774040 364.555191 1302570324
2989.112036 387.777390 1302570327
2988.615534 410.888478 1302570330
2987.870780 434.221788 1302570333
2987.622528 458.666208 1302570336
2987.291526 483.999516 1302570339
2986.133020 509.110602 1302570342
2984.891763 532.443912 1302570345
2984.229759 552.443892 1302570348
2974.051453 571.221651 1302570352
2949.060815 574.777203 1302570356
2926.966443 574.554981 1302570359
2903.465313 573.554982 1302570362
2879.053928 572.999427 1302570365
2855.883799 572.554983 1302570368
2835.196185 571.777206 1302570371
2813.515565 571.221651 1302570376
2789.021429 570.999429 1302570393
2763.203287 570.999429 1302570397
2740.115909 570.777207 1302570400
2715.704524 569.888319 1302570403
2690.631135 568.888320 1302570406
2665.226745 568.110543 1302570409
2639.408602 567.888321 1302570412
2614.335213 567.554988 1302570415
2591.827089 567.443877 1302570418
2571.387725 567.554988 1302570421
2546.976340 568.666098 1302570425
2526.950730 568.888320 1302570432
2519.420438 587.443857 1302570437
2519.172187 612.221610 1302570441
2518.427432 633.888255 1302570444
2517.517177 656.221566 1302570447
2516.689673 679.221543 1302570450
2515.696667 703.443741 1302570453
2514.869163 727.777050 1302570456
2514.620911 750.999249 1302570459
2514.538161 773.888115 1302570462
2514.455410 796.110315 1302570465
2514.786412 817.776960 1302570468
2513.958908 840.332493 1302570471
2512.965902 864.665802 1302570474
2511.641895 890.887998 1302570477
2510.648889 917.665749 1302570480
2509.986886 945.554610 1302570483
2509.242132 974.221248 1302570486
2508.662878 1003.221219 1302570489
2508.000875 1031.221191 1302570492
2507.421622 1057.998942 1302570495
2508.828379 1081.221141 1302570498
2509.904135 1104.332229 1302570501
2510.648889 1125.554430 1302570505
2511.228143 1149.998850 1302570512
2511.972897 1176.887712 1302570516
2512.800401 1198.554357 1302570519
2514.124409 1218.776559 1302570522
2518.179181 1242.220980 1302570526
