1315.153026 805.888083 1302634224
1294.713663 804.776973 1302634230
1273.115793 800.999199 1302634235
1251.186922 798.332535 1302634248
1223.713770 798.999201 1302634252
1196.075117 799.332534 1302634255
1168.932967 799.110312 1302634258
1145.597338 798.999201 1302634261
1124.992474 799.665867 1302634266
1117.627683 824.332509 1302634271
1117.296681 849.332484 1302634274
1115.972674 877.110234 1302634277
1114.317665 906.776871 1302634280
1113.076408 934.999065 1302634283
1112.910907 962.776815 1302634286
1112.662655 989.887899 1302634289
1112.166153 1014.332319 1302634292
1110.842145 1036.110075 1302634296
1121.847956 1054.110057 1302634304
1141.459815 1058.776719 1302634308
1161.981928 1058.443386 1302634323
1186.724315 1057.998942 1302634327
1207.577431 1059.665607 1302634329
1228.513296 1060.887828 1302634331
1253.503935 1060.887828 1302634334
1274.439800 1059.776718 1302634340
1300.175193 1061.554494 1302634354
1323.841824 1063.554492 1302634357
1350.901223 1065.332268 1302634360
1377.877873 1065.776712 1302634363
1400.137746 1065.110046 1302634366
1420.908111 1066.776711 1302634392
1442.505980 1070.665596 1302634397
1464.600352 1071.332262 1302634401
1485.784470 1066.776711 1302634408
1487.604980 1046.443398 1302634412
1488.680736 1022.998977 1302634415
1490.583996 994.443450 1302634418
1490.087493 965.776812 1302634421
1491.577002 944.665722 1302634423
1492.570007 924.332409 1302634425
1492.983760 904.110207 1302634427
1493.811264 874.888014 1302634430
1494.887020 848.776929 1302634433
1491.908004 826.443618 1302634437
1497.286783 801.110310 1302634452
1499.521046 775.999224 1302634455
1501.093304 746.443698 1302634458
1501.176055 724.777053 1302634460
1501.424306 702.332631 1302634462
1501.672558 680.332653 1302634464
1502.003559 659.777118 1302634466
1503.162066 630.777147 1302634469
1503.906820 602.554953 1302634472
1504.237822 576.777201 1302634475
1505.396328 556.332777 1302634478
1520.456911 541.221681 1302634482
1541.310027 540.999459 1302634485
1567.955674 540.999459 1302634488
1595.346076 541.110570 1302634491
1619.095457 541.221681 1302634494
1643.506842 541.221681 1302634498
1669.738737 540.999459 1302634502
1694.894877 540.999459 1302634505
1723.692036 540.999459 1302634508
1743.965898 541.332792 1302634510
1765.563767 541.777236 1302634512
1788.485644 542.332791 1302634514
1812.400527 542.888346 1302634516
1836.729161 543.443901 1302634518
1861.554299 543.888345 1302634520
1886.958689 544.332789 1302634522
1912.363080 544.777233 1302634524
1938.015722 545.443899 1302634526
1964.330367 545.888343 1302634528
1990.396761 545.999454 1302634530
2015.883902 546.110565 1302634532
2040.957291 546.443898 1302634534
2065.865179 546.999453 1302634536
2091.021318 547.555008 1302634538
2116.673960 548.443896 1302634540
2142.574853 548.888340 1302634542
2168.972249 549.555006 1302634544
2195.535146 549.888339 1302634546
2222.263544 550.221672 1302634548
2249.240193 550.888338 1302634550
2275.554839 551.443893 1302634552
2301.703984 552.110559 1302634554
2328.432381 552.666114 1302634556
2355.574532 553.221669 1302634558
2382.964933 554.221668 1302634560
2410.024333 554.999445 1302634562
2437.083732 556.332777 1302634564
2462.984626 556.888332 1302634566
2489.133770 557.221665 1302634568
2515.531166 557.777220 1302634570
2542.094063 558.443886 1302634572
2568.491459 559.110552 1302634574
2594.309602 559.888329 1302634576
2619.382991 560.554995 1302634578
2643.463374 560.666106 1302634580
2666.881754 561.221661 1302634582
2689.720880 561.777216 1302634584
2712.642757 562.332771 1302634586
2735.564634 562.888326 1302634588
2758.238259 564.221658 1302634590
2780.746384 565.110546 1302634592
2802.344253 565.666101 1302634594
2823.445620 566.110545 1302634596
2843.471231 566.332767 1302634598
2870.447880 566.999433 1302634601
2891.135494 567.332766 1302634604
2911.243856 567.443877 1302634628
2931.352217 568.666098 1302634632
2957.418611 572.221650 1302634636
2978.768229 572.666094 1302634641
2991.263548 590.888298 1302634665
2991.511800 613.888275 1302634668
2990.518794 639.221583 1302634671
2988.781035 667.332666 1302634674
2988.201781 696.221526 1302634677
2988.450033 716.443728 1302634679
2988.284532 745.777032 1302634682
2987.622528 772.665894 1302634685
2986.215770 793.888095 1302634689
2984.478011 818.443626 1302634705
2998.876590 835.665831 1302634710
3019.481454 834.554721 1302634713
3046.375353 834.443610 1302634716
3074.924261 834.776943 1302634719
3102.976666 836.221386 1302634722
3129.870565 836.999163 1302634725
3153.619946 837.776940 1302634728
3173.645557 838.554717 1302634734
3193.588418 841.110270 1302634756
3214.027781 842.332491 1302634778
3234.798146 843.443601 1302634783
3257.885523 844.221378 1302634791
