3315.231591 623.777154 1302641495
3316.141846 602.666064 1302641519
3305.053284 584.999415 1302641545
3283.538165 584.554971 1302641548
3254.906507 584.110527 1302641551
3225.364593 583.332750 1302641554
3197.725940 582.554973 1302641557
3173.728308 581.777196 1302641560
3153.123444 580.999419 1302641571
3128.215556 580.666086 1302641576
3102.811165 580.221642 1302641579
3072.441747 579.666087 1302641582
3051.174880 579.110532 1302641584
3028.584005 578.666088 1302641586
3004.503622 578.221644 1302641588
2980.092236 577.554978 1302641590
2955.184349 576.888312 1302641592
2930.028210 576.332757 1302641594
2905.037571 575.777202 1302641596
2880.046933 575.221647 1302641598
2855.387297 574.554981 1302641600
2831.389664 573.999426 1302641602
2808.054035 573.221649 1302641604
2785.628661 572.554983 1302641606
2763.782540 571.999428 1302641608
2741.191665 571.443873 1302641610
2719.014542 570.777207 1302641612
2697.830425 570.221652 1302641614
2677.556563 568.999431 1302641616
2656.868948 568.443876 1302641618
2627.409785 567.999432 1302641621
2600.515887 567.443877 1302641624
2577.345758 566.888322 1302641627
2557.237397 566.666100 1302641632
2534.894774 565.554990 1302641645
2510.648889 565.110546 1302641648
2481.024226 564.777213 1302641651
2459.509107 564.443880 1302641653
2437.000982 563.999436 1302641655
2413.830854 563.332770 1302641657
2390.329724 562.888326 1302641659
2366.414842 562.332771 1302641661
2342.417209 561.666105 1302641663
2318.336826 561.221661 1302641665
2293.925440 560.888328 1302641667
2269.348555 560.443884 1302641669
2244.771669 559.888329 1302641671
2220.029282 559.221663 1302641673
2196.114399 558.999441 1302641675
2172.116767 558.666108 1302641677
2147.788132 558.221664 1302641679
2123.293997 557.777220 1302641681
2099.048112 557.443887 1302641683
2074.967729 557.221665 1302641685
2050.970096 556.666110 1302641687
2026.724212 555.999444 1302641689
2002.147326 555.443889 1302641691
1977.735941 555.110556 1302641693
1953.324556 554.666112 1302641695
1928.499419 554.221668 1302641697
1904.088034 553.666113 1302641699
1879.593898 552.999447 1302641701
1855.513515 552.555003 1302641703
1831.184881 552.110559 1302641705
1807.187248 551.666115 1302641707
1783.934369 551.443893 1302641709
1761.012492 551.332782 1302641711
1737.511362 551.443893 1302641713
1714.175733 551.332782 1302641715
1691.088355 551.332782 1302641717
1667.918227 551.221671 1302641719
1645.079101 551.110560 1302641721
1622.736477 551.443893 1302641723
1601.304109 552.110559 1302641725
1580.533744 552.666114 1302641727
1552.646840 553.555002 1302641730
1532.124726 554.110557 1302641734
1511.602613 563.332770 1302641748
1510.030354 589.999410 1302641752
1509.202849 617.332716 1302641755
1508.871847 637.777140 1302641757
1508.127093 658.777119 1302641759
1507.961592 679.888209 1302641761
1507.547840 700.665966 1302641763
1506.306583 730.110381 1302641766
1505.644580 757.221465 1302641769
1505.313578 780.110331 1302641772
1503.741319 800.888088 1302641785
1481.895198 811.888077 1302641790
1458.063066 810.443634 1302641793
1429.927911 810.999189 1302641796
1401.213502 811.554744 1302641799
1374.567854 810.776967 1302641802
1352.638983 809.665857 1302641805
1330.627361 811.221411 1302641809
1309.691495 810.888078 1302641833
1286.935120 808.888080 1302641839
1266.661257 810.443634 1302641843
1243.491129 812.443632 1302641846
1215.604225 811.332522 1302641849
1188.379324 809.554746 1302641852
1164.381692 808.443636 1302641855
1144.025079 808.776969 1302641858
1123.585716 812.776965 1302641865
1119.530943 834.665832 1302641869
1119.199942 855.999144 1302641872
1118.620688 880.332453 1302641875
1117.131180 906.443538 1302641878
1116.303676 932.999067 1302641881
1115.724422 958.776819 1302641884
1115.227920 982.999017 1302641887
1114.400415 1005.221217 1302641890
1113.821162 1025.665641 1302641893
1105.463366 1044.554511 1302641898
1120.441199 1061.221161 1302641908
1141.873567 1062.110049 1302641925
1164.381692 1064.554491 1302641930
1185.152057 1064.998935 1302641933
1207.163678 1066.443378 1302641936
1229.754553 1069.110042 1302641939
1250.855920 1070.221152 1302641942
1272.040037 1070.554485 1302641947
1294.299910 1067.221155 1302641963
1317.635539 1068.776709 1302641967
1337.743901 1068.998931 1302641970
1359.921023 1069.221153 1302641973
1383.587654 1069.221153 1302641976
1404.192518 1068.554487 1302641979
1425.624887 1068.110043 1302642003
1448.629514 1070.776707 1302642008
1470.972138 1071.887817 1302642012
1491.908004 1066.332267 1302642023
1493.232011 1044.887844 1302642027
1494.225016 1022.887866 1302642030
1496.211027 997.332336 1302642033
1497.948787 970.110141 1302642036
1499.107293 942.554613 1302642039
1499.272794 915.110196 1302642042
1499.934798 887.443557 1302642045
1500.845053 861.221361 1302642048
1501.424306 838.221384 1302642051
1501.176055 818.221404 1302642057
1501.920809 794.665872 1302642074
1502.251811 773.221449 1302642078
1502.913814 749.221473 1302642082
1502.748314 728.999271 1302642087
1503.989570 705.110406 1302642093
1504.320572 680.110431 1302642096
1505.148077 652.221570 1302642099
1505.892831 624.888264 1302642102
1506.306583 599.221623 1302642105
1506.885836 575.221647 1302642109
1508.292594 550.555005 1302642131
1528.814708 537.666129 1302642136
1550.660829 538.555017 1302642139
1577.306476 538.221684 1302642142
1605.276131 538.221684 1302642145
1631.839028 539.221683 1302642148
1653.354147 539.777238 1302642151
