2987.043275 554.555001 1302651861
2979.761235 574.999425 1302651877
2957.749613 577.777200 1302651881
2935.158738 577.110534 1302651884
2910.333601 576.443868 1302651887
2884.018955 575.888313 1302651890
2857.207807 574.777203 1302651893
2831.058662 573.443871 1302651896
2804.247514 572.777205 1302651899
2777.519116 572.332761 1302651902
2750.294215 571.443873 1302651905
2722.076309 570.999429 1302651908
2692.368895 570.110541 1302651911
2672.343284 569.221653 1302651913
2651.821170 568.221654 1302651915
2631.050806 567.332766 1302651917
2610.776943 566.666100 1302651919
2581.731533 565.999434 1302651922
2555.416887 566.332767 1302651925
2531.005502 566.666100 1302651929
2521.985702 586.443858 1302651935
2520.165192 611.888277 1302651939
2519.254937 636.332697 1302651942
2518.758434 661.888227 1302651945
2518.013680 686.999313 1302651948
2517.517177 712.665954 1302651951
2516.606922 739.777038 1302651954
2516.524172 766.777011 1302651957
2516.772423 791.443653 1302651960
2516.772423 813.443631 1302651965
2516.524172 837.110274 1302651970
2515.034664 857.554698 1302651973
2512.965902 881.999118 1302651976
2511.972897 908.443536 1302651979
2511.310893 936.887952 1302651982
2511.641895 966.443478 1302651985
2511.310893 986.554569 1302651987
2510.731640 1006.776771 1302651989
2510.483389 1026.998973 1302651991
2509.159381 1054.887834 1302651994
2508.993880 1082.221140 1302651997
2510.566139 1114.221108 1302652001
2510.979891 1135.109976 1302652012
2510.731640 1155.887733 1302652016
2511.641895 1177.887711 1302652019
2512.717651 1202.554353 1302652022
2514.620911 1228.887660 1302652025
2516.441421 1255.109856 1302652028
2516.772423 1280.665386 1302652031
2516.937924 1304.998695 1302652034
2517.682678 1327.665339 1302652037
2517.351677 1352.665314 1302652041
2535.060274 1365.776412 1302652046
2561.540421 1365.887523 1302652050
2584.710549 1366.443078 1302652053
2608.377180 1366.776411 1302652056
2633.285068 1366.887522 1302652059
2659.020460 1367.331966 1302652062
2685.583357 1367.998632 1302652065
2712.642757 1368.665298 1302652068
2738.626401 1368.776409 1302652071
2764.858296 1369.109742 1302652074
2790.593688 1369.776408 1302652077
2814.343070 1370.220852 1302652080
2836.602943 1370.331963 1302652083
2859.111067 1370.220852 1302652086
2879.715931 1370.331963 1302652089
2901.644803 1371.554184 1302652093
2922.001415 1372.554183 1302652107
2943.516534 1373.331960 1302652111
2964.038648 1373.220849 1302652115
2987.208776 1376.665290 1302652119
3009.137647 1375.776402 1302652122
3031.563021 1375.554180 1302652125
3053.740144 1375.776402 1302652128
3075.089762 1376.443068 1302652131
3098.177140 1376.887512 1302652135
3120.850765 1378.109733 1302652149
3145.096649 1380.109731 1302652153
3165.287761 1380.331953 1302652156
3186.471878 1380.776397 1302652159
3207.076742 1380.220842 1302652162
3231.984630 1377.109734 1302652166
3253.251498 1374.443070 1302652172
3277.166380 1370.998629 1302652184
3298.847000 1362.887526 1302652189
3303.067273 1338.443106 1302652194
3304.143029 1315.109796 1302652198
3304.805033 1292.665374 1302652219
3306.046290 1267.665399 1302652223
3306.542792 1245.220977 1302652226
3307.204796 1221.887667 1302652229
3308.115051 1198.554357 1302652232
3308.528803 1176.887712 1302652235
3308.777055 1153.665513 1302652239
3309.273558 1133.109978 1302652257
3309.935561 1111.776666 1302652261
3310.763066 1090.665576 1302652264
3310.928567 1067.221155 1302652267
3311.342319 1041.332292 1302652270
3311.921572 1014.332319 1302652273
3312.666326 987.887901 1302652276
3312.997328 961.665705 1302652279
3313.411080 936.443508 1302652282
3315.148840 909.221313 1302652285
3317.052101 888.554667 1302652287
3317.217602 867.776910 1302652289
3316.224596 847.776930 1302652291
3316.638348 817.888071 1302652294
3317.300352 797.665869 1302652296
3317.962356 777.332556 1302652298
3318.458858 756.999243 1302652300
3318.789860 736.999263 1302652302
3319.286363 707.554848 1302652305
3319.865616 680.332653 1302652308
3320.610370 655.554900 1302652311
3321.106873 633.888255 1302652314
3321.520625 611.110500 1302652319
3321.603376 588.999411 1302652335
3322.017128 563.221659 1302652339
3323.341135 540.110571 1302652342
3325.823649 516.221706 1302652345
3327.809660 491.666175 1302652348
3328.885416 467.221755 1302652351
3329.547420 446.999553 1302652354
3327.478658 426.110685 1302652359
