2983.816007 551.332782 1302654292
2979.264732 572.777205 1302654308
2954.108593 577.777200 1302654313
2932.345222 576.777201 1302654316
2908.595841 575.888313 1302654319
2884.598208 575.110536 1302654322
2862.421086 574.332759 1302654325
2837.264946 573.332760 1302654329
2815.501576 572.777205 1302654335
2789.600683 572.221650 1302654361
2767.920063 572.221650 1302654364
2743.012175 571.443873 1302654367
2715.870025 570.777207 1302654370
2688.645124 569.888319 1302654373
2661.585724 568.999431 1302654376
2633.119567 568.777209 1302654379
2606.060167 568.666098 1302654382
2581.152279 569.221653 1302654385
2557.982151 569.443875 1302654388
2537.791040 569.443875 1302654392
2521.737451 586.110525 1302654407
2520.496194 611.554944 1302654411
2518.758434 634.332699 1302654414
2518.096431 658.999341 1302654417
2517.599928 684.777093 1302654420
2516.855174 709.999290 1302654423
2516.027669 733.110378 1302654426
2515.448416 753.221469 1302654429
2515.034664 779.110332 1302654433
2514.786412 799.776978 1302654436
2515.034664 820.110291 1302654439
2513.958908 841.554714 1302654442
2512.552150 865.776912 1302654445
2511.559144 891.332442 1302654448
2511.062642 916.999083 1302654451
2510.483389 942.999057 1302654454
2509.821385 969.776808 1302654457
2508.993880 996.776781 1302654460
2508.331877 1023.887865 1302654463
2507.504372 1050.332283 1302654466
2507.504372 1075.554480 1302654469
2508.414627 1099.221123 1302654472
2509.490383 1123.887765 1302654476
2510.317888 1144.998855 1302654483
2511.228143 1168.332165 1302654487
2512.386649 1189.109922 1302654490
2513.296904 1211.554344 1302654493
2515.200165 1232.665434 1302654496
2516.193170 1252.887636 1302654499
2516.110420 1272.887616 1302654502
2515.448416 1293.998706 1302654505
2514.869163 1313.998686 1302654508
2514.538161 1337.998662 1302654512
2515.365666 1359.220863 1302654520
2539.115047 1365.220857 1302654525
2564.022935 1366.331967 1302654529
2585.372553 1366.998633 1302654532
2608.211679 1367.554188 1302654535
2631.961061 1368.220854 1302654538
2655.958693 1368.554187 1302654541
2680.204577 1368.776409 1302654544
2704.946964 1369.887519 1302654547
2728.613595 1370.331963 1302654550
2752.362977 1370.998629 1302654553
2776.029608 1371.665295 1302654556
2799.034235 1372.443072 1302654559
2821.294108 1373.220849 1302654562
2842.891977 1374.109737 1302654565
2868.710120 1374.887514 1302654569
2890.390740 1375.554180 1302654575
2915.381379 1377.443067 1302654586
2939.710013 1379.331954 1302654590
2961.307883 1380.443064 1302654593
2983.981508 1379.554176 1302654596
3006.737884 1378.998621 1302654599
3027.259997 1379.220843 1302654602
3051.919634 1379.554176 1302654606
3072.689999 1379.776398 1302654610
3093.046611 1379.665287 1302654614
3116.795993 1379.887509 1302654634
3138.807615 1380.665286 1302654638
3159.246978 1381.665285 1302654641
3182.748108 1382.220840 1302654644
3206.414739 1382.665284 1302654647
3228.095359 1380.554175 1302654650
3253.665250 1377.665289 1302654654
3275.594121 1374.776403 1302654658
3296.778238 1369.554186 1302654675
3304.556782 1349.887539 1302654679
3305.053284 1327.887561 1302654682
3305.467037 1304.776473 1302654685
3305.632537 1280.887608 1302654688
3306.211791 1256.332077 1302654691
3307.204796 1231.554324 1302654694
3307.784049 1207.665459 1302654697
3308.363303 1186.109925 1302654700
3309.108057 1160.332173 1302654704
3309.770060 1139.665527 1302654709
3311.507820 1115.109996 1302654730
3312.087073 1093.998906 1302654733
3312.749077 1068.998931 1302654736
3313.162829 1041.221181 1302654739
3313.742082 1011.887877 1302654742
3314.155835 991.443453 1302654744
3314.735088 970.776807 1302654746
3314.983339 950.443494 1302654748
3315.314341 930.443514 1302654750
3316.059095 903.776874 1302654753
3316.969350 880.665786 1302654757
