3320.444869 43.444401 1302656505
3296.281736 43.999956 1302656509
3275.676872 44.222178 1302656512
3254.658255 43.666623 1302656515
3233.639639 42.888846 1302656518
3212.455522 42.222180 1302656521
3188.706141 41.444403 1302656525
3165.867014 40.444404 1302656532
3140.131622 39.888849 1302656536
3117.954499 39.333294 1302656539
3095.363624 39.555516 1302656542
3073.600254 39.444405 1302656545
3051.836883 38.444406 1302656548
3026.184241 38.111073 1302656552
3005.000124 37.555518 1302656559
2997.221581 60.333273 1302656571
2996.807829 86.777691 1302656575
2996.145825 108.777669 1302656578
2995.649323 129.999870 1302656581
2995.318321 153.888735 1302656585
2994.821818 177.444267 1302656592
2993.994313 200.888688 1302656596
2993.580561 221.444223 1302656599
2993.084058 243.221979 1302656602
2992.504805 264.333069 1302656605
2991.842802 288.333045 1302656609
2991.098047 311.888577 1302656616
2990.601545 335.555220 1302656620
2990.105042 356.332977 1302656623
2989.525789 378.666288 1302656626
2989.029286 401.332932 1302656629
2988.450033 424.666242 1302656632
2987.705279 447.555108 1302656635
2986.960524 470.443974 1302656638
2985.802018 493.888395 1302656641
2985.305515 516.332817 1302656644
2984.560761 537.221685 1302656647
2983.319504 561.221661 1302656651
2965.445405 576.554979 1302656656
2940.372017 576.443868 1302656660
2918.608646 576.332757 1302656663
2897.176278 575.554980 1302656666
2877.067917 574.888314 1302656669
2851.001522 574.221648 1302656673
2827.665893 573.666093 1302656677
2805.157769 573.777204 1302656699
2782.484143 573.666093 1302656703
2762.127531 573.110538 1302656706
2739.371155 571.888317 1302656709
2715.125271 571.110540 1302656712
2690.382884 570.332763 1302656715
2664.316490 569.666097 1302656718
2638.498347 569.332764 1302656721
2613.673209 568.888320 1302656724
2590.172079 568.666098 1302656727
2569.153463 568.554987 1302656730
2546.810839 568.110543 1302656734
2525.543972 568.888320 1302656743
2520.247943 590.554965 1302656748
2518.758434 617.332716 1302656752
2517.848179 639.999360 1302656755
2517.268926 663.554892 1302656758
2516.772423 687.999312 1302656761
2515.944919 712.999287 1302656764
2515.200165 737.443707 1302656767
2514.620911 759.332574 1302656770
2514.786412 780.665886 1302656773
2515.200165 803.443641 1302656776
2515.200165 825.554730 1302656779
2514.786412 848.443596 1302656783
2512.883152 869.443575 1302656798
2511.476394 895.443549 1302656802
2511.228143 917.887971 1302656805
2510.731640 941.554614 1302656808
2510.400638 966.554589 1302656811
2509.986886 992.221230 1302656814
2508.993880 1018.554537 1302656817
2508.993880 1044.998955 1302656820
2509.242132 1070.776707 1302656823
2510.235137 1094.887794 1302656826
2510.566139 1116.554439 1302656829
2510.731640 1138.443306 1302656836
2511.807396 1163.443281 1302656841
2513.048653 1188.443256 1302656845
2513.545155 1208.443236 1302656848
2515.200165 1229.776548 1302656851
2516.937924 1251.109860 1302656854
2517.351677 1272.998727 1302656857
2517.186176 1294.887594 1302656860
2516.606922 1315.776462 1302656863
2516.275921 1340.554215 1302656867
2518.013680 1360.554195 1302656877
2541.597561 1364.887524 1302656882
2567.498454 1365.109746 1302656886
2588.517070 1365.554190 1302656889
2609.701187 1366.109745 1302656892
2631.630059 1366.887522 1302656895
2653.972682 1367.331966 1302656898
2677.308311 1368.331965 1302656901
2700.974942 1368.998631 1302656904
2724.062320 1369.331964 1302656907
2746.487694 1369.998630 1302656910
2768.499316 1370.331963 1302656913
2789.931684 1371.109740 1302656916
2811.446804 1371.887517 1302656919
2832.796422 1372.665294 1302656922
2855.883799 1373.331960 1302656926
2877.150667 1376.887512 1302656933
2898.831287 1374.665292 1302656938
