889.401920 1217.887671 1302840669
887.912412 1194.665472 1302840692
886.340153 1172.665494 1302840695
889.650172 1145.332188 1302840697
893.870445 1115.109996 1302840699
896.021957 1091.110020 1302840701
897.097713 1070.332263 1302840706
915.716566 1059.887829 1302840711
937.728188 1060.887828 1302840714
959.160556 1061.665605 1302840716
985.309701 1062.776715 1302840718
1015.348117 1062.887826 1302840720
1046.379539 1063.665603 1302840722
1074.680195 1065.554490 1302840724
1096.774568 1065.221157 1302840726
1125.157975 1065.332268 1302840729
1145.597338 1065.443379 1302840731
1168.684715 1064.998935 1302840733
1195.330363 1064.554491 1302840735
1224.375774 1064.332269 1302840737
1253.255683 1064.221158 1302840739
1280.811586 1064.776713 1302840741
1309.029492 1066.110045 1302840743
1337.495649 1066.665600 1302840745
1365.299803 1066.332267 1302840747
1392.276452 1064.332269 1302840749
1420.246107 1063.998936 1302840751
1448.381263 1064.332269 1302840753
1475.026910 1065.332268 1302840755
1495.714525 1064.665602 1302840757
1510.857858 1051.443393 1302840762
1508.044343 1026.443418 1302840765
1507.216838 1004.110107 1302840767
1508.044343 976.776801 1302840769
1509.368350 947.110164 1302840771
1509.782102 917.999082 1302840773
1508.292594 891.110220 1302840775
1506.968587 866.776911 1302840777
1506.389334 843.554712 1302840779
1504.982576 820.999179 1302840782
1505.644580 796.554759 1302840790
1509.368350 769.332564 1302840793
1512.016365 747.888141 1302840795
1514.085126 720.777057 1302840797
1514.829880 688.554867 1302840799
1514.664379 655.221567 1302840801
1515.078132 624.666042 1302840803
1515.740135 600.221622 1302840805
1515.491884 578.332755 1302840808
1512.430117 554.888334 1302840831
1523.353178 535.221687 1302840835
1550.578078 534.110577 1302840839
1580.037241 532.666134 1302840842
1605.855384 532.777245 1302840844
1634.404292 532.666134 1302840846
1662.870449 532.777245 1302840848
1690.674603 532.443912 1302840850
1718.396007 532.555023 1302840852
1746.365661 532.999467 1302840854
1774.583567 533.555022 1302840856
1802.304971 534.332799 1302840858
1830.274625 535.110576 1302840860
1858.989034 535.777242 1302840862
1888.530948 536.443908 1302840864
1918.900366 537.332796 1302840866
1949.104283 538.332795 1302840868
1977.404939 539.332794 1302840870
2003.305833 539.666127 1302840872
2027.468966 540.221682 1302840874
2050.970096 541.777236 1302840876
2075.298731 543.110568 1302840878
2101.944378 544.332789 1302840880
2131.734543 545.777232 1302840882
2164.007222 546.666120 1302840884
2197.603908 547.555008 1302840886
2231.283344 548.443896 1302840888
2264.466278 549.332784 1302840890
2297.400960 550.221672 1302840892
2329.921890 550.888338 1302840894
2361.863566 551.555004 1302840896
2394.218995 551.888337 1302840898
2426.905426 552.555003 1302840900
2458.681602 553.666113 1302840902
2488.140765 554.777223 1302840904
2515.862168 555.555000 1302840906
2543.335320 555.777222 1302840908
2571.635977 555.666111 1302840910
2601.426142 555.999444 1302840912
2632.540314 556.777221 1302840914
2662.909732 557.443887 1302840916
2691.375889 557.999442 1302840918
2716.945781 557.999442 1302840920
2738.047147 558.221664 1302840922
2759.893268 559.999440 1302840925
2781.160136 560.666106 1302840939
2802.013251 561.554994 1302840942
2830.479409 563.554992 1302840945
2853.649537 563.999436 1302840947
2878.640175 564.554991 1302840949
2902.720558 564.443880 1302840951
2931.517718 564.221658 1302840954
2951.957081 563.221659 1302840957
2972.975697 560.332773 1302840963
2992.173803 548.555007 1302840978
2990.436044 528.555027 1302840981
2990.849796 498.221724 1302840984
2992.091053 472.443972 1302840986
2992.504805 442.555113 1302840988
2993.084058 410.555145 1302840990
2993.746062 379.332954 1302840992
2994.077064 350.110761 1302840994
2994.490816 325.888563 1302840996
2994.573567 296.666370 1302840999
2994.490816 274.555281 1302841001
2995.152820 252.555303 1302841003
2995.897574 231.888657 1302841005
2997.138831 204.888684 1302841008
2998.876590 181.333152 1302841012
3019.233203 174.777603 1302841021
3033.135280 191.222031 1302841028
3047.037357 206.777571 1302841037
3067.890472 204.555351 1302841043
