3330.623176 425.444019 1302663883
3334.429697 404.555151 1302663897
3336.167456 379.110732 1302663901
3336.250207 356.555199 1302663904
3336.581209 333.555222 1302663908
3337.408713 311.888577 1302663936
3337.491464 287.888601 1302663940
3338.401719 265.777512 1302663943
3338.567220 242.555313 1302663946
3338.815471 219.222003 1302663949
3339.560225 184.888704 1302663953
3340.470480 159.110952 1302663956
3341.049733 132.999867 1302663959
3341.380735 106.222116 1302663962
3341.380735 80.777697 1302663965
3341.463486 57.333276 1302663969
3325.658148 41.666625 1302663977
3302.736271 44.555511 1302663981
3276.173374 47.999952 1302663985
3253.748000 48.666618 1302663988
3232.150131 49.999950 1302663991
3212.207271 51.666615 1302663994
3190.774902 51.777726 1302663998
3169.011532 50.666616 1302664004
3144.269145 50.666616 1302664008
3123.167778 49.999950 1302664011
3101.321657 49.333284 1302664014
3079.310035 49.111062 1302664017
3059.367175 52.111059 1302664020
3036.362548 56.999943 1302664024
3016.254187 58.111053 1302664030
3005.331126 76.222146 1302664037
3003.593367 96.444348 1302664041
3002.103858 122.999877 1302664045
3000.862601 143.777634 1302664048
2999.704095 164.110947 1302664054
2997.469833 185.444259 1302664060
2995.649323 210.444234 1302664064
2994.739068 230.444214 1302664067
2993.911563 250.666416 1302664070
2993.663312 276.333057 1302664074
2992.670306 296.444148 1302664079
2991.760051 322.110789 1302664085
2990.767046 349.221873 1302664089
2990.518794 372.777405 1302664092
2990.105042 397.666269 1302664095
2989.443038 423.332910 1302664098
2988.698284 448.888440 1302664101
2988.119031 473.666193 1302664104
2987.870780 497.888391 1302664107
2987.374277 520.888368 1302664110
2986.795024 542.666124 1302664113
2984.312510 567.554988 1302664117
2965.114404 580.221642 1302664121
2943.599285 580.777197 1302664124
2920.346406 580.110531 1302664127
2897.259028 579.110532 1302664130
2875.826660 578.110533 1302664133
2850.256768 577.221645 1302664137
2828.493398 576.888312 1302664141
2806.481776 575.443869 1302664169
2779.505127 575.443869 1302664173
2755.672995 575.888313 1302664176
2727.703340 576.554979 1302664179
2707.263977 576.110535 1302664181
2686.576363 575.554980 1302664183
2666.219750 575.332758 1302664185
2646.111389 574.777203 1302664187
2616.486725 574.110537 1302664190
2588.682571 573.777204 1302664193
2562.947179 573.777204 1302664196
2541.597561 574.332759 1302664200
2523.971713 587.221635 1302664211
2523.309709 611.332722 1302664215
2522.233954 634.999365 1302664218
2521.737451 659.666007 1302664221
2520.909946 684.999315 1302664224
2520.247943 711.110400 1302664227
2519.585939 736.443708 1302664230
2519.254937 759.777018 1302664233
2519.751440 781.776996 1302664236
2520.082442 804.999195 1302664240
2518.096431 826.221396 1302664249
2517.599928 849.221373 1302664254
2515.613917 873.665793 1302664257
2514.455410 899.332434 1302664260
2514.455410 925.776852 1302664263
2514.869163 954.332379 1302664266
2514.372660 983.110128 1302664269
2513.627906 1012.443432 1302664272
2513.048653 1038.110073 1302664275
2510.483389 1061.554494 1302664278
2510.152387 1087.776690 1302664281
2511.310893 1108.998891 1302664284
2513.214154 1131.887757 1302664291
2513.214154 1153.665513 1302664295
2513.379655 1174.443270 1302664298
2513.627906 1196.332137 1302664301
2514.786412 1216.776561 1302664304
2517.020675 1240.109871 1302664308
