2812.936312 574.221648 1302667488
2792.496949 573.999426 1302667499
2772.223087 572.554983 1302667502
2746.984197 571.443873 1302667505
2719.593795 570.110541 1302667508
2690.879387 568.332765 1302667511
2661.171972 566.332767 1302667514
2641.063611 565.110546 1302667516
2612.018200 563.666103 1302667519
2585.538054 562.332771 1302667522
2561.954173 560.999439 1302667525
2540.190803 560.221662 1302667529
2523.061458 577.888311 1302667539
2522.399454 598.221624 1302667542
2521.158198 621.110490 1302667545
2519.999691 645.666021 1302667548
2518.923935 671.554884 1302667551
2518.013680 697.999302 1302667554
2517.268926 724.110387 1302667557
2516.358671 748.554807 1302667560
2515.944919 770.665896 1302667563
2516.441421 791.999208 1302667566
2516.855174 815.110296 1302667569
2516.027669 839.999160 1302667572
2514.289910 867.332466 1302667575
2513.048653 897.110214 1302667578
2512.221148 917.554638 1302667580
2511.641895 938.887950 1302667582
2511.476394 960.665706 1302667584
2511.062642 982.221240 1302667586
2510.483389 1004.110107 1302667588
2510.069636 1025.776752 1302667590
2509.738634 1046.665620 1302667592
2510.069636 1075.665591 1302667595
2510.814390 1100.887788 1302667598
2511.724645 1125.109986 1302667602
2512.552150 1150.665516 1302667609
2513.379655 1172.998827 1302667612
2514.786412 1198.554357 1302667615
2516.358671 1225.776552 1302667618
2518.013680 1252.554303 1302667621
2518.261932 1279.109832 1302667624
2517.765429 1304.443140 1302667627
2517.020675 1328.220894 1302667630
2517.020675 1353.109758 1302667634
2536.549783 1364.665302 1302667639
2556.989146 1363.665303 1302667642
2580.655777 1363.331970 1302667645
2606.225668 1363.443081 1302667648
2633.036817 1363.443081 1302667651
2660.923721 1364.109747 1302667654
2689.803631 1364.554191 1302667657
2718.849041 1365.220857 1302667660
2747.480700 1365.220857 1302667663
2776.277859 1365.665301 1302667666
2804.413015 1366.443078 1302667669
2831.141412 1367.109744 1302667672
2856.463053 1367.776410 1302667675
2880.212434 1368.443076 1302667678
2904.210067 1369.220853 1302667681
2929.779958 1369.998630 1302667684
2957.584112 1371.554184 1302667687
2985.553767 1371.776406 1302667690
3013.357921 1372.331961 1302667693
3041.989579 1372.554183 1302667696
3071.945245 1373.443071 1302667699
3092.053606 1373.998626 1302667701
3121.512769 1373.554182 1302667704
3141.538380 1373.665293 1302667706
3161.729491 1373.887515 1302667708
3191.354155 1374.554181 1302667711
3220.813318 1372.665294 1302667714
3248.865723 1370.109741 1302667717
3274.518365 1366.998633 1302667720
3294.874978 1361.998638 1302667723
3304.639532 1340.220882 1302667727
3305.632537 1315.998684 1302667730
3306.129040 1286.554269 1302667733
3306.625543 1265.887623 1302667735
3307.039295 1245.887643 1302667737
3307.701299 1217.665449 1302667740
3309.604559 1190.554365 1302667743
3310.266563 1163.554392 1302667746
3310.514814 1137.998862 1302667749
3311.507820 1112.887776 1302667752
3312.418075 1084.554471 1302667755
3312.914578 1064.554491 1302667757
3313.245580 1043.665623 1302667759
3313.659332 1022.443422 1302667761
3314.073084 1001.110110 1302667763
3314.486836 980.110131 1302667765
3314.817838 960.110151 1302667767
3315.397091 932.221290 1302667770
3315.976345 907.332426 1302667773
3316.307347 884.554671 1302667777
3316.638348 859.888029 1302667800
3317.052101 837.888051 1302667803
3317.383102 809.888079 1302667806
3318.127857 788.554767 1302667808
3318.624359 766.332567 1302667810
3319.038112 744.221478 1302667812
3319.203613 722.665944 1302667814
3318.541609 701.332632 1302667816
3317.383102 680.777097 1302667818
3317.548603 652.554903 1302667821
3318.210607 627.332706 1302667824
3318.872611 604.443840 1302667828
3305.218785 585.110526 1302667841
3283.207163 581.554974 1302667844
3254.823756 580.443864 1302667847
3234.218892 579.554976 1302667849
3213.200276 578.554977 1302667851
3191.519656 578.221644 1302667853
3169.177033 577.221645 1302667855
3146.668908 576.666090 1302667857
3123.829782 575.888313 1302667859
3101.073406 574.777203 1302667861
3078.979034 574.888314 1302667863
3057.960417 574.110537 1302667865
3038.017557 572.443872 1302667867
3011.206409 569.777208 1302667870
2989.360288 560.666106 1302667874
2985.388266 535.221687 1302667878
2985.884769 510.777267 1302667881
2986.795024 482.999517 1302667884
2987.539778 453.666213 1302667887
2988.532783 424.221798 1302667890
2989.112036 404.221818 1302667892
2989.608539 384.221838 1302667894
2990.436044 355.666311 1302667897
2991.263548 332.110779 1302667900
2992.173803 311.666355 1302667906
2993.001308 288.666378 1302667910
2993.580561 266.777511 1302667913
2993.332310 244.110867 1302667916
2993.994313 220.888668 1302667919
2994.821818 199.444245 1302667922
2998.297337 178.999821 1302667929
3018.074697 174.777603 1302667936
3039.507065 178.888710 1302667941
3062.263441 176.333157 1302667945
3081.213296 188.777589 1302667950
3078.565281 211.444233 1302667955
3057.132913 209.666457 1302667961
