3329.795671 425.999574 1302745191
3332.609187 405.555150 1302745216
3333.436691 385.444059 1302745220
3333.767693 362.332971 1302745224
3333.933194 341.444103 1302745228
3334.264196 320.444124 1302745248
3334.098695 298.333035 1302745253
3335.091700 273.999726 1302745257
3335.339952 252.666414 1302745260
3336.084706 229.999770 1302745263
3337.325963 206.555349 1302745266
3337.739715 184.110927 1302745269
3340.139478 160.555395 1302745272
3341.132484 136.777641 1302745275
3340.222229 113.333220 1302745278
3339.891227 90.444354 1302745281
3339.808477 70.222152 1302745284
3339.146473 48.333285 1302745291
3318.045106 43.333290 1302745296
3294.709477 45.222177 1302745300
3268.146580 44.555511 1302745304
3247.789967 44.111067 1302745307
3221.309821 43.444401 1302745311
3197.063937 43.333290 1302745315
3174.886814 42.666624 1302745322
3150.392679 42.777735 1302745327
3126.146795 42.444402 1302745331
3101.487158 42.333291 1302745335
3075.917267 41.888847 1302745339
3049.685372 40.888848 1302745343
3027.259997 40.999959 1302745347
3005.910379 41.777736 1302745358
3000.117847 61.222161 1302745364
3000.117847 84.111027 1302745368
2999.538594 104.222118 1302745371
2998.793840 124.999875 1302745374
2998.214587 150.222072 1302745378
2997.718084 170.333163 1302745386
2996.725079 192.666474 1302745390
2995.814823 213.555342 1302745393
2995.401071 236.110875 1302745396
2994.904568 257.555298 1302745399
2994.739068 283.333050 1302745403
2993.580561 304.777473 1302745409
2992.587556 330.221892 1302745414
2992.173803 356.221866 1302745418
2991.925552 377.777400 1302745421
2991.429049 400.666266 1302745424
2991.015297 424.221798 1302745427
2990.684295 448.221774 1302745430
2990.436044 472.332861 1302745433
2989.691290 495.332838 1302745436
2988.615534 517.332816 1302745439
2987.291526 541.777236 1302745443
2985.967519 563.332770 1302745470
2969.748429 577.110534 1302745482
2946.164549 577.666089 1302745486
2924.732180 577.332756 1302745489
2901.065549 576.666090 1302745492
2877.067917 575.999424 1302745495
2854.228790 575.554980 1302745498
2828.989901 574.443870 1302745502
2808.798789 573.888315 1302745528
2788.111174 573.777204 1302745532
2767.920063 572.221650 1302745535
2744.336182 570.999429 1302745538
2718.849041 570.110541 1302745541
2692.617146 569.221653 1302745544
2665.805998 567.221655 1302745547
2636.926088 567.999432 1302745550
2609.701187 568.666098 1302745553
2584.462298 569.332764 1302745556
2561.374920 570.443874 1302745559
2539.611550 569.999430 1302745564
2523.475210 582.443862 1302745576
2521.737451 613.888275 1302745581
2520.330693 636.888252 1302745584
2519.172187 660.110451 1302745587
2518.427432 680.777097 1302745590
2516.110420 702.888186 1302745597
2515.282915 729.332604 1302745602
2515.448416 750.443694 1302745605
2515.862168 771.777006 1302745608
2515.944919 797.221425 1302745612
2515.365666 819.110292 1302745625
2514.869163 840.999159 1302745630
2513.793407 863.888025 1302745645
2512.138398 884.888004 1302745649
2511.641895 906.110205 1302745652
2510.897141 929.776848 1302745655
2511.062642 954.332379 1302745658
2511.145392 979.221243 1302745661
2510.814390 1004.665662 1302745664
2510.483389 1030.776747 1302745667
2509.986886 1057.554498 1302745670
2509.573133 1082.998917 1302745673
2510.235137 1106.776671 1302745676
2510.897141 1128.443316 1302745680
2510.648889 1148.443296 1302745687
2511.310893 1173.332160 1302745691
2512.386649 1195.221027 1302745694
2513.876157 1218.887670 1302745697
2516.110420 1242.332091 1302745700
2517.268926 1265.665401 1302745703
2517.103425 1287.665379 1302745706
2517.186176 1308.665358 1302745709
2516.606922 1333.554222 1302745713
2516.772423 1353.887535 1302745718
2536.301531 1365.887523 1302745727
2561.209419 1365.665301 1302745731
2583.138290 1366.776411 1302745734
2606.473920 1367.109744 1302745737
2630.306051 1367.443077 1302745740
2654.303684 1367.665299 1302745743
2679.377073 1367.887521 1302745746
2705.195216 1367.887521 1302745749
2730.020353 1367.220855 1302745752
2754.679989 1366.443078 1302745755
2779.505127 1367.220855 1302745758
2803.751011 1368.331965 1302745761
2827.831394 1369.554186 1302745764
2851.415275 1370.220852 1302745767
2872.185640 1371.109740 1302745770
2893.204256 1372.331961 1302745774
2914.388373 1373.554182 1302745779
2941.613274 1374.776403 1302745783
2965.445405 1375.998624 1302745786
2990.187792 1377.109734 1302745789
3015.343932 1377.998622 1302745792
3040.169069 1378.331955 1302745795
3063.339197 1378.554177 1302745798
3083.530309 1379.109732 1302745801
3104.052422 1380.665286 1302745813
3127.636303 1381.665285 1302745819
3151.716686 1382.887506 1302745823
3172.238799 1382.887506 1302745826
3193.919419 1383.220839 1302745829
3216.013792 1382.220840 1302745832
3237.611661 1379.220843 1302745835
3257.720022 1376.443068 1302745838
3280.062646 1373.109738 1302745842
3300.253758 1369.109742 1302745855
3304.722282 1348.109763 1302745859
3304.639532 1327.665339 1302745862
3305.301536 1304.443140 1302745865
3305.880789 1279.443165 1302745868
3306.460042 1254.220968 1302745871
3307.204796 1228.887660 1302745874
3307.784049 1204.221018 1302745877
3308.280552 1181.109930 1302745880
3307.370297 1160.443284 1302745883
3308.115051 1137.554418 1302745887
