2820.052851 577.443867 1302750745
2796.220719 576.666090 1302750750
2775.533105 576.221646 1302750753
2752.362977 575.332758 1302750756
2727.124087 575.443869 1302750759
2699.733685 575.110536 1302750762
2671.267528 574.332759 1302750765
2643.049622 573.666093 1302750768
2616.072973 572.666094 1302750771
2590.172079 571.888317 1302750774
2566.588199 571.777206 1302750777
2546.148836 572.999427 1302750781
2523.971713 577.888311 1302750790
2522.564955 599.332734 1302750794
2521.323698 620.999379 1302750797
2520.413443 645.443799 1302750800
2519.668689 670.443774 1302750803
2518.675684 692.221530 1302750806
2517.930930 713.332620 1302750809
2516.606922 734.888154 1302750812
2516.027669 755.443689 1302750815
2516.358671 780.665886 1302750819
2516.110420 803.332530 1302750824
2515.448416 825.554730 1302750830
2514.207159 847.999152 1302750833
2513.048653 873.221349 1302750836
2512.386649 899.443545 1302750839
2511.890146 925.887963 1302750842
2511.393644 954.110157 1302750845
2510.483389 981.887907 1302750848
2509.986886 1010.554545 1302750851
2508.828379 1038.554517 1302750854
2507.338871 1064.443380 1302750857
2506.676867 1089.554466 1302750860
2507.587123 1111.665555 1302750863
2507.835374 1131.887757 1302750869
2506.925119 1157.109954 1302750874
2507.338871 1177.332156 1302750877
2507.504372 1199.776578 1302750880
2508.249126 1222.443222 1302750883
2509.324882 1244.776533 1302750886
2509.242132 1267.776510 1302750889
2508.662878 1290.443154 1302750892
2508.414627 1312.332021 1302750895
2508.331877 1337.109774 1302750899
2512.386649 1358.220864 1302750907
2533.488016 1360.887528 1302750911
2553.761878 1362.109749 1302750914
2577.428509 1362.887526 1302750917
2602.667399 1363.554192 1302750920
2628.320040 1364.554191 1302750923
2654.551936 1365.443079 1302750926
2681.114832 1366.554189 1302750929
2708.174232 1367.554188 1302750932
2734.654379 1368.109743 1302750935
2760.969024 1368.554187 1302750938
2786.704417 1368.998631 1302750941
2811.860556 1369.554186 1302750944
2834.699682 1369.998630 1302750947
2855.966550 1370.220852 1302750950
2880.874438 1370.331963 1302750954
2902.886059 1370.554185 1302750978
2928.538701 1370.665296 1302750983
2950.881325 1371.443073 1302750986
2973.720451 1372.998627 1302750989
2997.552583 1373.776404 1302750992
3022.212220 1374.331959 1302750995
3046.871856 1374.776403 1302750998
3071.117740 1375.220847 1302751001
3095.611876 1375.554180 1302751004
3120.271512 1375.887513 1302751007
3145.427651 1376.220846 1302751010
3170.335539 1377.220845 1302751013
3195.326177 1377.998622 1302751016
3219.737562 1376.109735 1302751019
3242.824940 1373.887515 1302751022
3265.415815 1371.554184 1302751025
3285.689677 1370.998629 1302751028
3303.398275 1356.554199 1302751032
3305.136035 1335.998664 1302751035
3306.294541 1312.998687 1302751038
3306.791044 1288.887600 1302751041
3307.122046 1263.665403 1302751044
3307.039295 1238.443206 1302751047
3308.611554 1212.554343 1302751050
3310.101062 1186.887702 1302751053
3311.259569 1161.665505 1302751056
3312.997328 1136.554419 1302751059
3313.659332 1110.998889 1302751062
3314.404086 1085.110026 1302751065
3314.735088 1059.221163 1302751068
3314.817838 1032.443412 1302751071
3314.983339 1005.998994 1302751074
3315.810844 979.999020 1302751077
3316.472847 954.332379 1302751080
3316.721099 929.887959 1302751083
3317.300352 907.665759 1302751086
3318.045106 885.888003 1302751090
3317.962356 864.110247 1302751102
3318.955361 837.999162 1302751106
3319.369113 813.999186 1302751109
3320.196618 788.332545 1302751112
3321.024123 761.777016 1302751115
3321.355124 735.221487 1302751118
3321.437875 709.443735 1302751121
3321.851627 684.777093 1302751124
3323.010134 662.332671 1302751127
3323.092884 642.332691 1302751130
3323.920389 621.443823 1302751135
3324.251390 596.554959 1302751143
3325.078895 572.110539 1302751147
3327.064906 548.777229 1302751150
3329.050917 524.555031 1302751153
3330.871427 499.888389 1302751156
3332.029933 475.999524 1302751159
3332.609187 454.999545 1302751162
3330.374924 435.110676 1302751166
