3328.885416 425.666241 1302753564
3332.526436 401.666265 1302753570
3332.609187 376.332957 1302753574
3333.519442 353.777424 1302753577
3334.346946 330.110781 1302753580
3334.843449 306.888582 1302753583
3334.595198 281.888607 1302753586
3335.339952 255.888633 1302753589
3335.753704 229.333104 1302753592
3337.243212 201.333132 1302753595
3337.905216 173.444271 1302753598
3338.484469 145.666521 1302753601
3338.815471 119.444325 1302753604
3339.063722 94.888794 1302753607
3339.394724 73.444371 1302753610
3339.063722 53.444391 1302753616
3317.300352 46.888842 1302753621
3297.191991 48.111063 1302753624
3274.518365 47.777730 1302753627
3251.182736 47.555508 1302753630
3227.433355 46.999953 1302753633
3205.007981 46.777731 1302753636
3182.582607 45.666621 1302753640
3159.991732 44.555511 1302753646
3133.842587 43.888845 1302753650
3110.837960 43.444401 1302753653
3087.005828 42.222180 1302753656
3063.090946 41.777736 1302753659
3040.500071 41.111070 1302753662
3020.474460 40.999959 1302753665
3000.779851 44.444400 1302753677
3000.283348 65.333268 1302753682
2999.538594 85.888803 1302753685
2998.876590 110.444334 1302753688
2998.131836 133.555422 1302753691
2997.387082 157.333176 1302753695
2996.642328 179.555376 1302753701
2995.732073 205.555350 1302753705
2995.070069 228.444216 1302753708
2994.490816 250.888638 1302753711
2993.746062 272.333061 1302753714
2993.084058 294.444150 1302753718
2992.008302 319.110792 1302753724
2991.511800 339.666327 1302753727
2991.015297 363.221859 1302753730
2990.353293 389.444055 1302753733
2989.608539 417.110694 1302753736
2988.863785 445.666221 1302753739
2988.367282 473.999526 1302753742
2986.877774 511.777266 1302753746
2985.802018 537.999462 1302753749
2985.388266 558.332775 1302753752
2970.493183 576.554979 1302753758
2942.937281 577.221645 1302753762
2918.277645 576.554979 1302753765
2893.618008 575.443869 1302753768
2869.785876 574.332759 1302753771
2847.774254 573.777204 1302753774
2823.031868 573.221649 1302753778
2801.433998 571.777206 1302753806
2773.878096 571.666095 1302753810
2747.066947 570.666096 1302753813
2718.352538 569.777208 1302753816
2689.224377 569.554986 1302753819
2659.020460 568.443876 1302753822
2638.498347 567.666099 1302753824
2617.893483 566.999433 1302753826
2588.682571 565.888323 1302753829
2561.871423 565.554990 1302753832
2540.770056 565.554990 1302753835
2521.323698 575.221647 1302753843
2519.999691 602.777175 1302753847
2519.006686 629.110482 1302753850
2518.344682 657.554898 1302753853
2517.351677 686.777091 1302753856
2516.441421 715.665951 1302753859
2515.696667 744.221478 1302753862
2515.282915 770.665896 1302753865
2515.365666 800.443644 1302753869
2515.531166 821.554734 1302753879
2514.951913 842.443602 1302753883
2513.627906 865.999134 1302753886
2512.634900 894.443550 1302753889
2512.386649 914.887974 1302753891
2512.303899 936.221286 1302753893
2511.807396 957.776820 1302753895
2511.310893 979.554576 1302753897
2510.731640 1001.443443 1302753899
2510.317888 1022.443422 1302753901
2509.986886 1042.665624 1302753903
2509.821385 1070.554485 1302753906
2510.648889 1097.110014 1302753909
2511.559144 1120.221102 1302753912
2511.890146 1140.221082 1302753918
2512.469400 1164.221058 1302753922
2513.876157 1187.221035 1302753925
2514.869163 1213.332120 1302753928
2516.772423 1241.109870 1302753931
2517.434427 1268.887620 1302753934
2517.599928 1295.554260 1302753937
2517.268926 1320.665346 1302753940
2517.351677 1344.109767 1302753943
2523.475210 1363.887525 1302753947
2546.645339 1364.554191 1302753951
2568.905212 1364.109747 1302753954
2593.647599 1364.220858 1302753957
2619.879494 1364.998635 1302753960
2646.938893 1365.220857 1302753963
2674.908548 1365.331968 1302753966
2703.457456 1365.443079 1302753969
2732.585617 1365.665301 1302753972
2761.465527 1366.443078 1302753975
2790.097185 1366.998633 1302753978
2818.066840 1367.665299 1302753981
2846.863999 1368.554187 1302753984
2874.006150 1369.220853 1302753987
2899.741542 1370.220852 1302753990
2926.056188 1371.220851 1302753993
2954.356844 1372.220850 1302753996
2974.465205 1372.998627 1302753998
2994.821818 1373.554182 1302754000
3015.509432 1374.443070 1302754002
3035.866045 1374.887514 1302754004
3065.656210 1375.554180 1302754007
3095.363624 1376.443068 1302754010
3125.236539 1376.665290 1302754013
3145.510402 1376.887512 1302754015
3165.536012 1377.109734 1302754017
3194.829674 1377.109734 1302754020
3223.461333 1375.331958 1302754023
3250.437982 1372.998627 1302754026
3275.594121 1370.109741 1302754029
3296.529987 1365.665301 1302754032
3305.963539 1341.665325 1302754036
3305.798038 1318.220904 1302754039
3306.377292 1292.332041 1302754042
3307.370297 1263.998736 1302754045
3308.280552 1234.998765 1302754048
3309.025306 1206.221016 1302754051
3308.942556 1179.221043 1302754054
3307.618548 1154.776623 1302754057
3308.777055 1133.887755 1302754070
