3822.078145 1862.331471 1302868966
3814.299602 1841.664825 1302868984
3804.121295 1819.664847 1302868988
3799.983772 1799.998200 1302868991
3795.763499 1775.998224 1302868994
3801.969783 1747.442697 1302868997
3804.038545 1726.553829 1302868999
3803.790293 1705.442739 1302869001
3806.024556 1684.664982 1302869003
3807.845066 1663.998336 1302869005
3808.838071 1642.331691 1302869007
3810.989583 1618.998381 1302869009
3813.141095 1594.665072 1302869011
3813.637598 1570.998429 1302869013
3816.285612 1547.442897 1302869015
3818.850877 1524.665142 1302869017
3820.836888 1502.331831 1302869019
3820.754137 1481.442963 1302869021
3820.423135 1453.331880 1302869024
3821.085139 1425.554130 1302869027
3822.574647 1399.220823 1302869030
3823.319401 1375.554180 1302869034
3810.824082 1357.665309 1302869045
3786.743699 1358.776419 1302869048
3756.953534 1359.998640 1302869051
3732.128397 1364.220858 1302869053
3708.461766 1368.665298 1302869055
3684.795135 1371.665295 1302869057
3660.549251 1373.887515 1302869059
3636.220616 1374.331959 1302869061
3610.981727 1374.554181 1302869063
3585.080833 1374.887514 1302869065
3559.097190 1374.776403 1302869067
3533.196296 1375.331958 1302869069
3507.626405 1375.220847 1302869071
3481.394510 1374.443070 1302869073
3454.666112 1374.109737 1302869075
3428.847969 1373.554182 1302869077
3403.940081 1373.331960 1302869079
3379.528696 1372.776405 1302869081
3300.584760 1317.332016 1302869097
3302.405270 1287.443157 1302869100
3303.067273 1265.443179 1302869102
3303.977528 1242.220980 1302869104
3304.391281 1218.998781 1302869106
3304.805033 1196.776581 1302869108
3305.467037 1176.109935 1302869110
3306.956545 1150.554405 1302869113
3308.528803 1129.109982 1302869117
3310.183813 1102.887786 1302869129
3310.763066 1076.665590 1302869132
3311.094068 1055.443389 1302869134
3311.425070 1031.998968 1302869136
3312.004323 1006.887882 1302869138
3312.666326 981.332352 1302869140
3313.824833 955.443489 1302869142
3314.569587 929.999070 1302869144
3314.900589 906.665760 1302869146
3315.645343 886.665780 1302869148
3316.307347 864.110247 1302869151
3300.750260 850.665816 1302869156
3280.145396 850.999149 1302869159
3252.754995 850.665816 1302869162
3231.819129 850.332483 1302869164
3209.145504 850.221372 1302869166
3185.478873 849.999150 1302869168
3161.812242 849.999150 1302869170
3137.566358 849.443595 1302869172
3112.658470 848.665818 1302869174
3087.833333 848.221374 1302869176
3063.090946 847.221375 1302869178
3038.348559 845.776932 1302869180
3013.523421 844.110267 1302869182
2988.036280 842.665824 1302869184
2962.797391 841.332492 1302869186
2937.475751 840.332493 1302869188
2911.988610 839.665827 1302869190
2886.749720 838.776939 1302869192
2861.510830 838.221384 1302869194
2837.347697 837.665829 1302869196
2814.674071 837.443607 1302869198
2785.711411 836.888052 1302869201
2760.969024 837.776940 1302869204
2740.777913 837.665829 1302869207
2716.283777 835.443609 1302869214
2693.030898 833.110278 1302869217
2662.992482 831.776946 1302869220
2639.408602 831.443613 1302869222
2615.576470 831.332502 1302869224
2591.413336 831.110280 1302869226
2567.994957 830.888058 1302869228
2545.321331 830.443614 1302869230
2522.482205 830.221392 1302869232
2499.394827 830.110281 1302869234
2477.796958 829.776948 1302869236
2449.496301 828.443616 1302869239
2423.347156 827.999172 1302869242
2402.080289 827.665839 1302869245
2381.144423 827.110284 1302869248
2355.740032 826.776951 1302869251
2326.115369 826.554729 1302869254
2297.318209 825.999174 1302869257
2268.769301 825.443619 1302869260
2240.468645 824.999175 1302869263
2213.243744 824.221398 1302869266
2184.943088 823.443621 1302869269
2163.676220 823.554732 1302869271
2141.168095 823.443621 1302869273
2117.418714 823.221399 1302869275
2093.421081 822.443622 1302869277
2070.333704 821.888067 1302869279
2049.977091 821.665845 1302869281
2029.289476 820.999179 1302869284
2009.015614 820.554735 1302869289
1988.907253 817.999182 1302869294
1963.585613 816.443628 1302869299
1943.477252 816.888072 1302869305
1921.879382 818.554737 1302869317
1897.633498 817.999182 1302869323
1872.642860 817.888071 1302869326
1852.286247 817.888071 1302869328
1830.853879 817.999182 1302869330
1810.249015 818.110293 1302869332
1782.693112 817.776960 1302869335
1759.688485 817.554738 1302869338
