1697.873893 541.555014 1302874647
1723.774786 541.888347 1302874660
1750.999687 542.443902 1302874663
1772.183804 542.777235 1302874665
1795.271182 543.443901 1302874667
1819.682567 544.221678 1302874669
1845.086957 544.777233 1302874671
1871.236102 545.221677 1302874673
1897.716249 545.777232 1302874675
1924.941149 546.443898 1302874677
1952.828053 546.999453 1302874679
1981.211460 547.666119 1302874681
2009.925869 548.332785 1302874683
2038.723029 548.888340 1302874685
2067.851190 549.777228 1302874687
2096.896600 550.555005 1302874689
2126.190263 551.332782 1302874691
2155.483925 551.777226 1302874693
2185.108588 552.332781 1302874695
2214.816003 553.332780 1302874697
2244.275166 553.888335 1302874699
2272.906824 554.555001 1302874701
2301.290231 555.332778 1302874703
2329.011635 555.999444 1302874705
2356.981289 556.666110 1302874707
2385.281946 557.554998 1302874709
2413.748103 558.110553 1302874711
2442.462512 558.777219 1302874713
2471.342422 559.554996 1302874715
2500.139581 560.443884 1302874717
2529.102242 561.221661 1302874719
2558.064902 561.999438 1302874721
2586.696560 562.443882 1302874723
2614.748965 563.110548 1302874725
2641.642864 563.554992 1302874727
2666.881754 564.443880 1302874729
2694.023904 565.110546 1302874732
2720.338549 565.666101 1302874736
2743.674179 566.110545 1302874739
2772.885090 566.332767 1302874742
2795.227714 566.888322 1302874744
2819.225347 567.888321 1302874746
2844.133234 568.554987 1302874748
2869.206623 569.110542 1302874750
2894.693764 569.666097 1302874752
2920.263656 570.221652 1302874754
2945.502545 570.999429 1302874756
2971.486189 571.443873 1302874758
2997.718084 572.110539 1302874760
3023.370726 572.777205 1302874762
3046.127102 573.443871 1302874764
3069.710982 573.777204 1302874768
3093.625865 574.110537 1302874778
3117.871749 574.777203 1302874781
3147.992915 575.554980 1302874784
3170.335539 575.888313 1302874786
3193.588418 576.221646 1302874788
3216.675795 576.554979 1302874790
3238.770168 577.554978 1302874792
3259.375032 579.332754 1302874794
3287.013684 581.221641 1302874797
3310.183813 581.777196 1302874801
3329.712921 592.554963 1302874821
3334.429697 614.443830 1302874824
3333.933194 643.777134 1302874827
3333.519442 666.110445 1302874829
3333.353941 689.221533 1302874831
3333.602192 711.221511 1302874833
3334.098695 731.554824 1302874835
3334.429697 755.443689 1302874838
3334.677948 777.554778 1302874842
3334.512447 800.554755 1302874851
3334.264196 827.110284 1302874855
3333.602192 851.665815 1302874858
3332.691937 881.999118 1302874861
3332.029933 904.887984 1302874863
3331.202429 928.776849 1302874865
3330.374924 953.332380 1302874867
3329.464669 978.665688 1302874869
3329.299168 1004.665662 1302874871
3328.719915 1030.887858 1302874873
3328.057912 1056.776721 1302874875
3327.644159 1081.776696 1302874877
3327.478658 1105.998894 1302874879
3326.816655 1129.221093 1302874881
3326.154651 1152.665514 1302874883
3325.658148 1176.776601 1302874885
3324.913394 1200.554355 1302874887
3323.754888 1223.443221 1302874889
3322.017128 1245.665421 1302874891
3320.444869 1266.109845 1302874893
3319.120862 1290.998709 1302874896
3318.789860 1311.332022 1302874902
3318.624359 1337.109774 1302874925
3319.038112 1359.554196 1302874930
3338.153467 1371.443073 1302874936
3362.316601 1372.443072 1302874939
3391.444762 1373.998626 1302874942
3412.297878 1374.887514 1302874944
3434.309499 1375.554180 1302874946
3456.155620 1375.887513 1302874948
3477.008736 1376.331957 1302874950
3506.467899 1377.109734 1302874953
3536.506315 1378.109733 1302874956
3557.524931 1379.331954 1302874958
3578.460797 1379.887509 1302874960
3599.148411 1380.220842 1302874962
3627.697319 1380.998619 1302874965
3658.811491 1381.887507 1302874969
3681.567867 1382.109729 1302874973
