3330.043923 419.110692 1302902433
3327.644159 397.777380 1302902438
3329.299168 372.777405 1302902442
3329.961172 352.221870 1302902445
3330.623176 331.444113 1302902448
3331.202429 310.333023 1302902451
3331.781682 288.999711 1302902454
3331.450680 266.666400 1302902457
3331.864433 243.666423 1302902460
3332.774688 220.555335 1302902463
3332.940189 197.888691 1302902466
3332.691937 175.777602 1302902469
3334.015944 153.999846 1302902472
3335.339952 133.999866 1302902475
3336.746710 111.999888 1302902480
3338.732721 88.666578 1302902490
3338.980972 64.333269 1302902494
3321.272374 48.111063 1302902499
3298.433248 46.333287 1302902503
3276.752628 45.111066 1302902506
3254.161753 43.777734 1302902509
3231.570878 42.111069 1302902512
3209.062753 41.111070 1302902515
3186.637379 39.666627 1302902519
3164.377506 38.444406 1302902525
3137.566358 37.333296 1302902529
3113.816976 36.777741 1302902532
3088.495336 36.555519 1302902535
3063.752949 35.666631 1302902538
3041.244825 34.999965 1302902541
3016.171436 34.555521 1302902545
2998.214587 45.444399 1302902552
2996.807829 67.999932 1302902556
2996.807829 88.999911 1302902559
2996.394077 111.111000 1302902562
2995.897574 132.110979 1302902565
2995.152820 153.888735 1302902569
2993.663312 174.777603 1302902575
2992.339304 198.444246 1302902579
2991.594550 218.999781 1302902582
2990.353293 240.888648 1302902585
2989.608539 261.666405 1302902588
2989.194787 283.444161 1302902592
2988.367282 307.888581 1302902599
2988.036280 328.444116 1302902602
2987.291526 352.444092 1302902605
2986.877774 378.999621 1302902608
2986.546772 407.221815 1302902611
2986.381271 436.110675 1302902614
2985.636517 465.221757 1302902617
2984.478011 493.888395 1302902620
2983.402255 520.777257 1302902623
2982.740251 545.666121 1302902626
2978.271726 565.332768 1302902629
2953.777591 575.554980 1302902633
2931.269466 575.777202 1302902636
2908.182089 575.666091 1302902639
2887.659975 575.666091 1302902642
2865.813854 574.999425 1302902646
2844.795238 574.332759 1302902653
2819.225347 573.777204 1302902657
2795.393215 573.332760 1302902660
2770.650828 572.666094 1302902663
2744.667184 571.666095 1302902666
2718.187038 571.554984 1302902669
2690.134632 570.888318 1302902672
2660.509969 568.554987 1302902675
2640.236106 567.777210 1302902677
2619.713993 567.888321 1302902679
2598.860877 567.554988 1302902681
2578.669766 567.110544 1302902683
2550.782861 566.999433 1302902686
2529.433243 568.999431 1302902689
2521.902952 590.110521 1302902693
2520.082442 613.110498 1302902696
2518.758434 638.999361 1302902699
2517.517177 666.332667 1302902702
2516.193170 694.888194 1302902705
2514.869163 723.777054 1302902708
2514.041658 751.110360 1302902711
2515.034664 777.777000 1302902714
2514.951913 800.776977 1302902717
2513.710656 821.110290 1302902731
2512.138398 841.888047 1302902736
2510.069636 869.110242 1302902740
2508.497378 894.110217 1302902743
2507.256121 920.221302 1302902746
2507.587123 947.887941 1302902749
2507.173370 976.221246 1302902752
2506.676867 1005.554550 1302902755
2506.925119 1025.665641 1302902757
2507.669873 1053.554502 1302902760
2508.580128 1079.332254 1302902763
2508.414627 1104.998895 1302902766
2508.166376 1125.109986 1302902769
2507.173370 1149.554406 1302902777
2507.007869 1173.998826 1302902781
2507.090620 1196.109915 1302902784
2507.752623 1219.998780 1302902787
2510.069636 1244.887644 1302902790
2511.310893 1269.554286 1302902793
2512.138398 1292.332041 1302902796
2511.476394 1313.998686 1302902799
2511.228143 1334.554221 1302902802
2510.979891 1355.331978 1302902807
