3194.498673 1379.443065 1302912996
3215.351788 1379.109732 1302912998
3235.873902 1376.998623 1302913000
3259.457782 1373.554182 1302913003
3280.641899 1371.554184 1302913014
3299.674504 1360.331973 1302913019
3305.632537 1340.443104 1302913022
3306.625543 1313.332020 1302913025
3306.873794 1291.776486 1302913027
3306.542792 1268.220954 1302913029
3305.798038 1244.220978 1302913031
3305.549787 1220.443224 1302913033
3305.053284 1198.221024 1302913035
3304.556782 1177.221045 1302913037
3303.729277 1157.221065 1302913039
3303.067273 1136.887752 1302913041
3301.081262 1116.665550 1302913043
3300.584760 1095.110016 1302913045
3298.598749 1073.665593 1302913047
3296.612738 1051.665615 1302913049
3295.205980 1028.443416 1302913051
3295.867983 1003.665663 1302913053
3296.778238 979.665687 1302913055
3298.019495 956.999043 1302913057
3298.350497 936.110175 1302913059
3297.771244 908.110203 1302913062
3299.095251 883.776894 1302913066
3302.984523 863.888025 1302913078
3281.469404 853.443591 1302913087
3256.313265 854.999145 1302913091
3236.370404 851.110260 1302913100
3212.124520 850.110261 1302913116
3192.016159 853.888035 1302913119
3167.687524 858.999141 1302913122
3139.800620 862.332471 1302913125
3117.623497 861.554694 1302913127
3094.370619 859.999140 1302913129
3071.696993 858.776919 1302913131
3047.864861 856.665810 1302913133
3024.198231 854.443590 1302913135
3000.779851 851.888037 1302913137
2978.519978 848.776929 1302913139
2958.246116 845.221377 1302913141
2929.283455 841.110270 1302913144
2903.134311 838.888050 1302913147
2875.412907 836.443608 1302913150
2853.484036 836.888052 1302913153
2831.968917 839.888049 1302913157
2809.129791 842.332491 1302913161
2786.538916 842.554713 1302913165
2764.361793 837.332496 1302913170
2743.508678 831.999168 1302913176
2718.518039 830.443614 1302913180
2693.113649 834.554721 1302913184
2664.481990 835.776942 1302913188
2638.829349 832.888056 1302913191
2617.148729 832.221390 1302913194
2596.874866 836.665830 1302913198
2574.449492 834.443610 1302913205
2555.168636 827.332506 1302913214
2532.329509 830.554725 1302913233
2507.173370 833.888055 1302913237
2482.348233 833.443611 1302913240
2456.116338 831.332502 1302913243
2428.560435 827.999172 1302913246
2398.522019 825.665841 1302913249
2377.006900 824.554731 1302913251
2354.829777 822.221400 1302913253
2333.562910 819.665847 1302913255
2311.965040 817.776960 1302913257
2289.787918 817.110294 1302913259
2266.700540 815.888073 1302913261
2243.695913 813.999186 1302913263
2220.774036 812.999187 1302913265
2198.348662 810.888078 1302913267
2171.123761 806.221416 1302913270
2149.774143 803.888085 1302913274
2125.611009 805.110306 1302913279
2107.240408 814.110297 1302913283
2081.836017 821.776956 1302913287
2062.141408 827.221395 1302913290
2043.026052 833.776944 1302913293
2020.352427 835.776942 1302913296
2000.575068 830.999169 1302913298
1977.239439 823.999176 1302913301
1956.800075 819.332514 1302913307
1936.526213 812.776965 1302913313
1913.604336 815.776962 1302913319
1893.330474 821.221401 1302913323
1871.070601 832.888056 1302913328
1850.796739 843.776934 1302913332
1829.612622 852.110259 1302913336
1803.877229 854.221368 1302913340
1783.355116 850.776927 1302913342
1760.929742 845.665821 1302913344
1739.911126 840.554715 1302913346
1712.106972 831.665835 1302913349
1689.433346 828.443616 1302913352
1663.863455 822.332511 1302913355
1643.093090 822.110289 1302913358
1622.405475 821.999178 1302913361
1606.682889 836.332497 1302913368
1592.615311 850.999149 1302913388
1583.843762 871.110240 1302913401
1601.635111 883.665783 1302913407
1604.779628 909.110202 1302913411
1604.614127 933.776844 1302913414
1606.765639 959.887929 1302913417
1610.158408 983.776794 1302913420
1612.806422 1004.998995 1302913423
1610.075657 1026.554529 1302913428
1596.504582 1042.110069 1302913434
1573.417204 1046.887842 1302913439
1547.930063 1050.554505 1302913443
1527.738952 1050.221172 1302913447
1508.127093 1044.110067 1302913457
1504.899825 1021.221201 1302913462
1502.831064 1000.110111 1302913466
1503.162066 979.554576 1302913470
1504.237822 958.110153 1302913477
