3050.347375 215.222007 1302955136
3030.983768 205.666461 1302955164
3027.177247 182.444262 1302955170
3007.565388 176.999823 1302955177
2994.987319 192.666474 1302955185
2995.732073 213.222009 1302955189
2994.490816 239.777538 1302955193
2994.573567 262.333071 1302955196
2994.573567 287.110824 1302955200
2994.242565 311.777466 1302955207
2993.911563 338.777439 1302955211
2993.332310 364.777413 1302955214
2992.587556 393.777384 1302955217
2991.594550 423.221799 1302955220
2990.684295 452.332881 1302955223
2989.277537 479.555076 1302955226
2988.946535 504.777273 1302955229
2989.194787 528.221694 1302955232
2989.194787 548.888340 1302955236
2988.781035 570.999429 1302955258
2988.781035 591.777186 1302955261
2988.615534 617.332716 1302955264
2987.622528 645.888243 1302955267
2986.960524 675.888213 1302955270
2986.381271 696.443748 1302955272
2985.636517 716.777061 1302955274
2985.305515 737.332596 1302955276
2985.636517 757.554798 1302955278
2984.974514 786.554769 1302955281
2983.898758 811.999188 1302955284
2983.402255 832.888056 1302955291
3004.255370 837.443607 1302955295
3026.846245 836.554719 1302955298
3053.326392 835.888053 1302955301
3081.047795 834.999165 1302955304
3108.686448 834.999165 1302955307
3136.656103 835.332498 1302955310
3162.225994 836.221386 1302955313
3183.079109 837.888051 1302955336
3204.842480 838.110273 1302955341
3232.398382 839.221383 1302955345
3254.741006 839.888049 1302955348
3278.821389 841.110270 1302955352
3303.067273 843.110268 1302955365
3315.976345 825.332508 1302955369
3316.307347 801.332532 1302955372
3317.300352 772.888116 1302955375
3318.045106 743.221479 1302955378
3318.127857 722.777055 1302955380
3317.879605 702.443742 1302955382
3316.969350 673.332660 1302955385
3316.886600 646.554909 1302955388
3317.383102 622.443822 1302955391
3317.879605 600.554955 1302955395
3302.074268 585.110526 1302955406
3275.842373 583.777194 1302955410
3248.120969 582.777195 1302955413
3217.999803 581.999418 1302955416
3197.229438 581.666085 1302955418
3175.962570 581.221641 1302955420
3154.778453 580.666086 1302955422
3133.594336 580.110531 1302955424
3112.658470 578.999421 1302955426
3092.136356 577.999422 1302955428
3072.027995 577.443867 1302955430
3043.892839 576.110535 1302955433
3019.977957 575.888313 1302955436
2999.869596 575.666091 1302955441
2989.112036 597.888291 1302955448
2989.691290 618.443826 1302955451
2989.194787 643.221579 1302955454
2988.119031 669.443775 1302955457
2987.374277 695.999304 1302955460
2986.546772 722.999277 1302955463
2986.215770 750.665916 1302955466
2986.050269 777.110334 1302955469
2985.471016 802.110309 1302955472
2983.071253 823.110288 1302955477
2966.603912 839.554716 1302955488
2939.048009 839.665827 1302955492
2913.974621 838.776939 1302955495
2886.832471 837.888051 1302955498
2859.607570 836.999163 1302955501
2832.217168 836.443608 1302955504
2804.330264 835.999164 1302955507
2777.767367 835.221387 1302955510
2752.942230 834.554721 1302955513
2732.254615 833.554722 1302955518
2707.263977 832.554723 1302955523
2683.349095 831.554724 1302955526
2655.213939 830.554725 1302955529
2626.003028 830.554725 1302955532
2597.536870 830.110281 1302955535
2570.973973 829.554726 1302955538
2546.728089 829.554726 1302955541
2521.240948 829.554726 1302955545
2498.236321 829.554726 1302955548
2472.004426 827.110284 1302955551
2443.207266 825.776952 1302955554
2413.334351 825.999174 1302955557
2393.143239 825.999174 1302955559
2372.538375 825.999174 1302955561
2352.016262 825.776952 1302955563
2331.163146 825.332508 1302955565
2310.641033 825.221397 1302955567
2281.843874 824.554731 1302955570
2254.453472 823.999176 1302955573
2226.980320 823.332510 1302955576
2200.251922 822.665844 1302955579
2175.095783 822.332511 1302955582
2148.781138 822.221400 1302955585
2121.059734 821.999178 1302955588
2093.421081 821.443623 1302955591
2065.947929 819.999180 1302955594
2037.730023 818.888070 1302955597
2009.594868 817.999182 1302955600
1982.287216 817.665849 1302955603
1956.220822 817.443627 1302955606
1932.885193 816.888072 1302955609
1912.114828 815.888073 1302955615
1889.027450 815.221407 1302955619
1867.181330 815.221407 1302955622
1846.410965 814.554741 1302955625
1824.730345 817.554738 1302955630
