2501.132587 832.110279 1302956843
2508.083625 853.443591 1302956851
2508.414627 874.665792 1302956854
2508.166376 898.999101 1302956857
2508.249126 924.887964 1302956860
2507.918124 953.665713 1302956863
2507.587123 982.221240 1302956866
2507.421622 1011.110100 1302956869
2506.676867 1039.776738 1302956872
2506.594117 1066.554489 1302956875
2507.090620 1091.887797 1302956878
2508.331877 1113.998886 1302956881
2508.993880 1134.998865 1302956887
2510.400638 1156.109955 1302956892
2511.476394 1181.887707 1302956896
2512.303899 1203.109908 1302956899
2514.207159 1225.109886 1302956902
2516.772423 1246.998753 1302956905
2517.599928 1269.554286 1302956908
2517.517177 1291.776486 1302956911
2517.351677 1317.220905 1302956915
2517.020675 1337.554218 1302956919
2527.116231 1358.776419 1302956934
2550.782861 1359.109752 1302956938
2571.966979 1360.443084 1302956941
2594.557854 1361.554194 1302956944
2617.810732 1362.554193 1302956947
2640.401607 1363.443081 1302956950
2663.985488 1363.887525 1302956953
2688.893376 1364.776413 1302956956
2712.063504 1365.554190 1302956959
2733.578623 1366.331967 1302956962
2755.921246 1366.998633 1302956965
2779.587877 1367.665299 1302956968
2802.675255 1368.665298 1302956971
2823.859372 1369.331964 1302956974
2844.133234 1369.998630 1302956977
2870.034128 1370.887518 1302956981
2894.445513 1372.220850 1302956985
2921.008410 1373.665293 1302956989
2943.351033 1374.443070 1302956992
2967.431416 1375.443069 1302956995
2991.594550 1376.109735 1302956998
3016.502438 1376.887512 1302957001
3042.155080 1377.331956 1302957004
3068.055973 1377.887511 1302957007
3093.956866 1378.554177 1302957010
3120.354262 1379.331954 1302957013
3147.496413 1379.998620 1302957016
3174.307561 1380.220842 1302957019
3200.787707 1381.109730 1302957022
3225.778346 1379.220843 1302957025
3249.444977 1376.331957 1302957028
3270.629094 1373.887515 1302957031
3295.867983 1370.109741 1302957035
3306.625543 1347.887541 1302957039
3307.535798 1324.887564 1302957042
3308.032301 1299.109812 1302957045
3308.446053 1272.332061 1302957048
3309.604559 1245.220977 1302957051
3310.597565 1218.109893 1302957054
3312.004323 1190.887698 1302957057
3312.831827 1163.665503 1302957060
3313.824833 1136.665530 1302957063
3315.066090 1110.776667 1302957066
3316.141846 1085.665581 1302957069
3316.886600 1059.998940 1302957072
3317.714104 1033.110078 1302957075
3318.872611 1005.443439 1302957078
3319.782866 978.665688 1302957081
3320.279368 952.776825 1302957084
3320.858622 927.999072 1302957087
3321.520625 905.110206 1302957090
3322.513631 883.332450 1302957093
3323.506636 859.665807 1302957096
3324.499642 833.110278 1302957099
3325.078895 804.665862 1302957102
3325.740899 775.221447 1302957105
3327.313157 746.221476 1302957108
3328.885416 718.332615 1302957111
3328.306163 691.999308 1302957114
3327.064906 668.888220 1302957117
3327.395908 645.888243 1302957121
3326.982156 622.554933 1302957142
3326.402902 600.666066 1302957146
3311.838822 584.666082 1302957150
3291.564960 583.221639 1302957153
3269.139586 582.999417 1302957156
3246.383210 582.888306 1302957159
3224.040586 582.554973 1302957162
3202.773718 582.110529 1302957165
3177.369328 581.332752 1302957169
3153.950948 580.554975 1302957174
3130.615319 579.666087 1302957181
3110.506958 579.221643 1302957184
3086.757577 579.110532 1302957187
3062.097940 578.888310 1302957190
3038.348559 578.666088 1302957193
3017.412693 578.110533 1302957196
2995.152820 584.554971 1302957200
2992.008302 609.777168 1302957204
2992.173803 632.443812 1302957207
2991.511800 656.443788 1302957210
2990.684295 680.554875 1302957213
2989.856791 705.554850 1302957216
2988.863785 731.221491 1302957219
2987.788029 756.554799 1302957222
2987.126025 779.443665 1302957225
2984.809013 799.554756 1302957228
2982.160998 820.443624 1302957233
