928.460136 801.554754 1302957650
903.055746 800.332533 1302957673
880.713122 799.554756 1302957676
855.308732 798.999201 1302957679
827.173576 797.999202 1302957682
797.300661 797.110314 1302957685
776.447545 796.554759 1302957687
755.511680 795.999204 1302957689
734.327562 795.443649 1302957691
713.143445 794.888094 1302957693
692.455831 794.554761 1302957695
672.430220 794.110317 1302957697
643.550310 793.221429 1302957700
616.325410 792.554763 1302957703
590.341766 791.888097 1302957706
565.930381 792.332541 1302957709
545.408267 791.999208 1302957713
523.231145 792.888096 1302957730
502.957282 792.776985 1302957733
479.125151 791.999208 1302957736
452.396753 790.554765 1302957739
423.351342 789.443655 1302957742
394.140430 788.776989 1302957745
366.336277 788.110323 1302957748
340.435383 787.665879 1302957751
317.927259 786.776991 1302957754
296.743142 785.888103 1302957760
275.393524 785.110326 1302957764
253.216401 784.665882 1302957767
230.377274 784.665882 1302957770
206.131390 783.888105 1302957774
182.464759 782.999217 1302957781
156.977618 782.443662 1302957785
135.876252 782.665884 1302957788
112.457872 782.665884 1302957792
92.349511 793.776984 1302957805
91.687507 817.776960 1302957809
91.935759 841.110270 1302957812
91.273755 866.999133 1302957815
90.446250 894.110217 1302957818
89.866997 921.332412 1302957821
89.122243 948.776829 1302957824
88.377489 975.776802 1302957827
87.715485 1003.332330 1302957830
86.556979 1031.665635 1302957833
85.894975 1060.221162 1302957836
85.067471 1089.332244 1302957839
84.074465 1117.887771 1302957842
83.329711 1145.776632 1302957845
82.833208 1172.998827 1302957848
82.253955 1198.776579 1302957851
81.922953 1223.109888 1302957854
81.509201 1245.332088 1302957857
81.591951 1271.443173 1302957861
81.426450 1297.887591 1302957865
83.081460 1319.887569 1302957869
108.568601 1325.220897 1302957874
129.504466 1325.665341 1302957877
153.336598 1326.443118 1302957880
177.996235 1327.332006 1302957883
203.731627 1328.109783 1302957886
229.715271 1328.776449 1302957889
256.112667 1328.554227 1302957892
283.999571 1329.109782 1302957895
314.120738 1330.332003 1302957898
334.725602 1330.887558 1302957900
355.082214 1331.443113 1302957902
375.190576 1331.887557 1302957904
403.408482 1332.554223 1302957907
429.226625 1333.109778 1302957910
451.486498 1333.665333 1302957913
472.670615 1333.998666 1302957919
493.358229 1334.554221 1302957923
515.369851 1335.109776 1302957926
539.946737 1335.665331 1302957929
566.178632 1336.220886 1302957932
594.065536 1336.776441 1302957935
622.614444 1337.443107 1302957938
651.328853 1338.109773 1302957941
681.201769 1338.443106 1302957944
710.743682 1338.887550 1302957947
739.789093 1340.109771 1302957950
767.427746 1340.887548 1302957953
793.328639 1341.331992 1302957956
817.491773 1341.776436 1302957959
838.924141 1340.109771 1302957962
860.522011 1338.554217 1302957967
878.396109 1327.998672 1302957984
881.375126 1300.443144 1302957988
883.195636 1273.887615 1302957991
884.519643 1245.332088 1302957994
885.843651 1215.332118 1302957997
886.919407 1194.887694 1302957999
887.415909 1174.665492 1302958001
887.746911 1154.665512 1302958003
890.477676 1126.332207 1302958006
892.546438 1099.776678 1302958009
893.373942 1077.665589 1302958012
906.531265 1058.443386 1302958017
932.597659 1057.554498 1302958021
953.202523 1057.332276 1302958024
973.476385 1058.332275 1302958027
994.164000 1059.998940 1302958044
1017.499629 1062.332271 1302958049
1039.345750 1062.110049 1302958052
1062.350377 1061.443383 1302958055
1086.679012 1062.887826 1302958059
1107.449377 1063.776714 1302958065
1133.184769 1065.998934 1302958069
1156.934150 1067.554488 1302958072
1183.000545 1068.110043 1302958075
1210.225445 1068.776709 1302958078
1235.795337 1069.776708 1302958081
1258.634463 1070.665596 1302958084
1279.322077 1070.887818 1302958090
1301.085448 1069.110042 1302958118
1322.435066 1068.998931 1302958121
1347.591205 1069.221153 1302958124
1374.402353 1069.998930 1302958127
1400.799750 1070.887818 1302958130
1426.783393 1070.998929 1302958133
1449.374268 1073.221149 1302958136
1469.896382 1074.665592 1302958139
1490.252994 1073.110038 1302958145
1496.293778 1049.776728 1302958150
1496.376528 1027.332306 1302958153
1497.535035 1000.887888 1302958156
1498.776292 971.332362 1302958159
1499.521046 950.999049 1302958161
1500.265800 930.665736 1302958163
1501.258805 901.665765 1302958166
1502.086310 874.888014 1302958169
1502.665563 853.665813 1302958172
1503.658569 833.332500 1302958180
1506.058332 811.554744 1302958192
1531.214471 807.110304 1302958197
1554.881102 809.110302 1302958200
1581.775001 809.999190 1302958203
1609.992907 810.776967 1302958206
1638.376314 810.888078 1302958209
1666.097717 810.888078 1302958212
1693.736370 810.888078 1302958215
1722.781781 811.443633 1302958218
1752.240944 812.776965 1302958221
1781.203604 814.110297 1302958224
1809.835262 814.888074 1302958227
1837.225664 815.443629 1302958230
1862.630054 816.110295 1302958233
1884.558926 816.888072 1302958236
1907.977305 817.776960 1302958243
1932.719692 818.554737 1302958247
1956.551824 818.999181 1302958250
1983.031971 819.888069 1302958253
2010.753374 820.888068 1302958256
2039.219531 821.888067 1302958259
2067.520188 822.443622 1302958262
2095.903595 822.554733 1302958265
2125.197257 823.443621 1302958268
2154.408169 824.999175 1302958271
2174.682031 826.110285 1302958273
2195.700647 826.999173 1302958275
2217.546768 827.665839 1302958277
2239.806641 828.110283 1302958279
2262.480267 828.443616 1302958281
2285.153892 828.665838 1302958283
2307.331015 828.554727 1302958285
