1771.108048 813.443631 1302961030
1746.613913 812.221410 1302961043
1725.678047 811.888077 1302961046
1704.659431 811.443633 1302961049
1683.309812 810.221412 1302961053
1661.215440 809.554746 1302961060
1635.314547 808.776969 1302961064
1611.896167 808.888080 1302961067
1587.484782 808.888080 1302961070
1563.818151 807.888081 1302961073
1543.130537 806.443638 1302961076
1521.946420 806.221416 1302961081
1497.204033 806.221416 1302961087
1475.109661 804.999195 1302961090
1450.863776 803.999196 1302961093
1422.645870 804.443640 1302961096
1394.758966 804.888084 1302961099
1368.692572 804.221418 1302961102
1344.529438 804.221418 1302961105
1321.690312 805.221417 1302961109
1301.002697 798.110313 1302961118
1275.598307 809.332524 1302961121
1254.414190 809.999190 1302961123
1232.816320 809.332524 1302961125
1211.218451 808.554747 1302961127
1190.613587 807.776970 1302961129
1163.140435 805.999194 1302961132
1140.797811 805.665861 1302961136
1115.062419 801.999198 1302961142
1091.313037 799.554756 1302961145
1064.336388 798.110313 1302961148
1034.711724 797.665869 1302961151
1014.024110 797.332536 1302961153
993.088244 796.888092 1302961155
972.152378 796.665870 1302961157
951.713015 796.554759 1302961159
931.025401 796.332537 1302961161
908.351775 794.554761 1302961163
887.333159 793.999206 1302961165
858.122247 794.554761 1302961168
838.013886 794.332539 1302961170
817.740024 794.332539 1302961172
797.548912 793.554762 1302961174
777.357801 792.776985 1302961176
757.166689 792.332541 1302961178
736.810076 792.332541 1302961180
716.287963 792.443652 1302961182
695.600348 792.110319 1302961184
674.995484 791.554764 1302961186
646.198325 790.776987 1302961189
620.131931 790.443654 1302961192
596.299799 790.665876 1302961195
574.122676 790.888098 1302961198
552.111054 791.332542 1302961201
528.527174 791.332542 1302961204
503.619286 790.999209 1302961207
477.718393 789.999210 1302961210
450.576243 789.110322 1302961213
422.772089 787.999212 1302961216
394.967935 786.888102 1302961219
368.653289 786.110325 1302961222
344.986659 786.776991 1302961225
324.795547 788.443656 1302961228
304.025182 787.554768 1302961248
283.585819 784.776993 1302961253
258.512430 783.443661 1302961257
237.245562 782.332551 1302961260
214.571937 780.776997 1302961264
193.553321 781.443663 1302961271
168.397182 780.999219 1302961275
146.964813 780.999219 1302961278
122.718929 781.443663 1302961282
101.121059 788.221434 1302961291
99.631551 815.332518 1302961295
99.383300 841.110270 1302961298
98.390294 870.888018 1302961301
96.983537 891.554664 1302961303
96.487034 912.887976 1302961305
96.321533 934.332399 1302961307
95.825030 955.554600 1302961309
94.666524 976.665690 1302961311
93.673518 997.776780 1302961313
91.935759 1018.443426 1302961315
90.777252 1039.443405 1302961317
89.701496 1060.554495 1302961319
88.542990 1081.887807 1302961321
87.549984 1103.887785 1302961323
87.053482 1125.887763 1302961325
86.474228 1147.554408 1302961327
85.729474 1169.109942 1302961329
85.067471 1190.221032 1302961331
84.488217 1210.887678 1302961333
83.660713 1239.998760 1302961336
83.412461 1266.665400 1302961339
82.915959 1290.554265 1302961342
82.171205 1314.776463 1302961346
104.679329 1324.332009 1302961351
126.525450 1324.554231 1302961354
151.681589 1325.220897 1302961357
178.989240 1325.332008 1302961360
206.131390 1325.998674 1302961363
231.784032 1326.887562 1302961366
252.057894 1327.332006 1302961369
273.655764 1328.665338 1302961389
300.963415 1328.554227 1302961393
326.864308 1328.443116 1302961396
354.502961 1328.998671 1302961399
383.051869 1330.109781 1302961402
410.856023 1330.554225 1302961405
436.839667 1331.109780 1302961408
458.023784 1331.665335 1302961411
478.794149 1333.776444 1302961417
504.198539 1334.998665 1302961421
528.858176 1335.665331 1302961424
556.165827 1336.109775 1302961427
585.376738 1336.998663 1302961430
605.402349 1337.331996 1302961432
625.676211 1337.776440 1302961434
647.025829 1338.554217 1302961436
668.540949 1339.220883 1302961438
689.642315 1339.887549 1302961440
710.247179 1340.331993 1302961442
730.438291 1340.887548 1302961444
759.318201 1341.331992 1302961447
786.377600 1342.220880 1302961450
812.030242 1343.109768 1302961453
836.027875 1341.887547 1302961456
858.453249 1339.665327 1302961460
877.568605 1328.665338 1302961468
880.299370 1307.887581 1302961471
882.119880 1283.220939 1302961474
883.609388 1258.776519 1302961477
884.354142 1237.998762 1302961480
