2982.492000 818.776959 1301857284
2969.748429 836.221386 1301857299
2943.185532 835.999164 1301857303
2913.560868 833.776944 1301857306
2891.549247 833.665833 1301857308
2869.289374 833.776944 1301857310
2846.781249 833.776944 1301857312
2825.100629 832.776945 1301857314
2796.386220 832.443612 1301857317
2771.478332 830.554725 1301857320
2748.473705 829.999170 1301857324
2726.793085 831.110280 1301857331
2705.195216 832.665834 1301857336
2680.949332 831.554724 1301857340
2654.717436 831.332502 1301857344
2632.043811 832.110279 1301857347
2608.377180 834.665832 1301857351
2585.786305 832.554723 1301857355
2564.767689 831.443613 1301857359
2542.673317 824.776953 1301857373
2521.240948 823.443621 1301857377
2498.650073 821.221401 1301857381
2468.528906 821.332512 1301857384
2447.096538 822.665844 1301857386
2425.498668 823.221399 1301857388
2403.900799 822.999177 1301857390
2382.385680 822.443622 1301857392
2360.870561 820.665846 1301857394
2338.941690 819.443625 1301857396
2317.178319 818.221404 1301857398
2295.497699 817.221405 1301857400
2274.065331 815.888073 1301857402
2253.543217 814.665852 1301857404
2223.173799 812.999187 1301857407
2201.327678 811.554744 1301857409
2180.060811 809.554746 1301857411
2151.015400 808.554747 1301857414
2122.218241 808.888080 1301857417
2101.861628 808.110303 1301857419
2079.684505 807.888081 1301857421
2057.507383 807.110304 1301857423
2035.661262 806.110305 1301857425
2015.304649 805.999194 1301857427
1987.086743 804.999195 1301857430
1963.420112 804.110307 1301857433
1940.249984 806.665860 1301857437
1917.328107 804.332529 1301857444
1894.488981 804.443640 1301857447
1873.884117 805.332528 1301857449
1851.955245 805.776972 1301857451
1830.688378 806.332527 1301857453
1801.560217 806.776971 1301857456
1774.997320 806.665860 1301857459
1748.682674 806.776971 1301857462
1721.788775 807.888081 1301857465
1700.604658 807.665859 1301857468
1680.165295 806.665860 1301857483
1657.077917 805.554750 1301857488
1631.094274 811.665855 1301857492
1608.089646 808.110303 1301857495
1584.340265 804.665862 1301857498
1560.508133 803.665863 1301857501
1540.234271 801.332532 1301857504
1519.298405 800.332533 1301857510
1495.466273 799.554756 1301857514
1468.324123 798.221424 1301857517
1438.947711 796.332537 1301857520
1418.342847 795.776982 1301857522
1389.959440 796.110315 1301857525
1362.569038 797.443647 1301857528
1339.316159 798.554757 1301857531
1317.552789 798.554757 1301857537
1289.417633 804.221418 1301857549
1265.833753 803.999196 1301857551
1242.994627 803.776974 1301857553
1222.803515 803.665863 1301857555
1197.812877 803.888085 1301857558
1177.539014 803.665863 1301857562
1149.072857 801.221421 1301857566
1122.592710 798.665868 1301857569
1094.705806 797.554758 1301857572
1071.866680 796.665870 1301857574
1048.448300 794.888094 1301857576
1023.871414 794.110317 1301857578
1002.025293 793.554762 1301857580
980.592925 793.888095 1301857583
960.236312 794.554761 1301857590
936.404180 793.221429 1301857604
913.896056 791.443653 1301857607
885.098897 788.888100 1301857610
864.245781 786.443658 1301857612
841.572156 784.776993 1301857614
817.326272 784.110327 1301857616
791.508129 783.443661 1301857618
765.524485 783.221439 1301857620
740.120095 783.110328 1301857622
715.543209 782.999217 1301857624
692.538581 778.554777 1301857626
668.954701 775.665891 1301857628
644.708817 775.110336 1301857630
621.704189 775.110336 1301857632
600.851074 774.999225 1301857634
575.694935 775.221447 1301857637
555.090071 776.999223 1301857641
530.678686 779.110332 1301857646
491.454969 781.221441 1301857652
