1728.160561 816.110295 1302962786
1704.080177 816.665850 1302962805
1681.489302 815.665851 1302962808
1656.084912 813.888075 1302962811
1628.860011 812.888076 1302962814
1600.807606 812.554743 1302962817
1573.086203 811.888077 1302962820
1546.606056 812.110299 1302962823
1524.925436 812.999187 1302962826
1504.237822 811.110300 1302962832
1479.081683 810.221412 1302962836
1456.242556 808.999191 1302962839
1431.086417 807.888081 1302962842
1403.447764 807.776970 1302962845
1375.974612 807.554748 1302962848
1349.659967 807.554748 1302962851
1326.655339 808.776969 1302962854
1309.029492 822.221400 1302962865
1284.535356 829.443615 1302962869
1258.303461 831.221391 1302962872
1229.671803 829.999170 1302962875
1203.191656 829.221393 1302962878
1179.359524 828.110283 1302962881
1156.189396 827.554728 1302962885
1136.329286 823.776954 1302962890
1116.303676 821.554734 1302962893
1092.140542 820.110291 1302962896
1067.232654 819.554736 1302962899
1041.828264 818.888070 1302962902
1015.265367 817.776960 1302962905
990.274728 816.999183 1302962908
967.683853 815.110296 1302962911
944.679226 812.332521 1302962915
924.736366 809.888079 1302962921
898.835473 807.443637 1302962925
874.010335 805.776972 1302962928
845.792429 804.888084 1302962931
815.754013 803.999196 1302962934
795.314650 803.221419 1302962936
774.544285 802.332531 1302962938
753.691170 801.888087 1302962940
732.424302 801.332532 1302962942
711.157434 800.999199 1302962944
690.387069 800.443644 1302962946
669.864956 799.554756 1302962948
640.488543 798.443646 1302962951
613.594645 796.999203 1302962954
589.348760 796.110315 1302962957
568.330144 795.110316 1302962960
546.566774 793.999206 1302962965
523.893148 793.443651 1302962981
502.543530 793.554762 1302962984
476.890888 792.665874 1302962987
448.921234 791.221431 1302962990
419.958573 789.665877 1302962993
391.988919 789.110322 1302962996
365.757023 788.221434 1302962999
340.766385 787.332546 1302963002
318.672013 786.665880 1302963005
297.074143 785.665881 1302963011
277.048533 785.221437 1302963015
255.781665 784.999215 1302963018
232.942539 784.776993 1302963021
212.585926 784.332549 1302963024
189.664049 783.221439 1302963030
164.094158 782.999217 1302963034
140.593028 782.221440 1302963037
118.250404 782.332551 1302963040
96.487034 784.221438 1302963044
90.197999 804.110307 1302963049
90.197999 829.554726 1302963059
89.949748 851.221371 1302963062
89.453245 877.332456 1302963065
88.708491 904.776873 1302963068
88.129238 932.443512 1302963071
87.549984 958.554597 1302963074
87.136232 984.999015 1302963077
86.722480 1012.332321 1302963080
86.887981 1040.887848 1302963083
86.391478 1070.221152 1302963086
85.812225 1099.665567 1302963089
84.984720 1129.554426 1302963092
84.984720 1149.887739 1302963094
84.570968 1179.554376 1302963097
83.908964 1208.443236 1302963100
83.329711 1235.554320 1302963103
83.246961 1260.887628 1302963106
83.329711 1281.665385 1302963109
86.887981 1301.332032 1302963121
102.031314 1317.665349 1302963132
125.946197 1322.554233 1302963136
148.702573 1324.998675 1302963139
172.369204 1326.998673 1302963142
197.194341 1328.998671 1302963145
223.343486 1330.443114 1302963148
249.161628 1332.332001 1302963151
275.890026 1332.665334 1302963154
304.025182 1332.776445 1302963157
333.318844 1332.776445 1302963160
362.695257 1333.220889 1302963163
391.657917 1333.220889 1302963166
419.627571 1333.554222 1302963169
445.280213 1334.220888 1302963172
466.133329 1334.554221 1302963176
486.738193 1334.776443 1302963181
508.336062 1334.887554 1302963184
533.574952 1335.331998 1302963187
560.468851 1335.776442 1302963190
588.604006 1335.998664 1302963193
617.401166 1336.665330 1302963196
647.025829 1337.109774 1302963199
667.382442 1337.443107 1302963201
688.235557 1337.887551 1302963203
709.088673 1338.109773 1302963205
729.693537 1338.443106 1302963207
750.050149 1338.887550 1302963209
779.178311 1339.443105 1302963212
806.154960 1340.443104 1302963215
831.311099 1340.220882 1302963218
856.053486 1337.331996 1302963222
875.665344 1332.776445 1302963241
881.706128 1305.887583 1302963245
883.940390 1279.109832 1302963248
884.933396 1258.998741 1302963250
885.843651 1237.887651 1302963252
886.753906 1215.998784 1302963254
887.912412 1193.443251 1302963256
888.739917 1170.887718 1302963258
889.484671 1148.887740 1302963260
891.553432 1127.998872 1302963262
894.284197 1098.887790 1302963265
894.946201 1075.998924 1302963268
905.869261 1057.221165 1302963272
926.805127 1053.443391 1302963275
949.230501 1053.554502 1302963278
970.993872 1053.776724 1302963281
991.681486 1054.110057 1302963285
1016.341123 1052.887836 1302963311
1038.104493 1054.332279 1302963314
1061.936625 1055.665611 1302963317
1082.624239 1056.443388 1302963320
1103.891107 1059.332274 1302963326
1126.978485 1060.554495 1302963330
1151.307119 1061.443383 1302963333
1178.614770 1061.443383 1302963336
1206.915427 1062.221160 1302963339
1235.216083 1063.332270 1302963342
1259.958470 1064.110047 1302963345
1280.977087 1064.887824 1302963349
