284.413323 1332.220890 1302966851
307.004198 1332.220890 1302966854
334.311849 1332.998667 1302966857
363.191759 1333.776444 1302966860
392.981924 1333.998666 1302966863
422.110085 1334.554221 1302966866
448.424731 1334.887554 1302966869
469.857099 1335.776442 1302966874
490.213712 1336.554219 1302966878
514.873348 1337.220885 1302966881
545.160016 1337.998662 1302966884
567.916392 1338.665328 1302966886
591.252021 1339.331994 1302966888
614.670400 1340.109771 1302966890
637.923279 1340.665326 1302966892
661.341659 1341.109770 1302966894
684.429036 1341.665325 1302966896
706.854410 1342.109769 1302966898
729.362535 1342.665324 1302966900
751.456907 1342.998657 1302966902
772.972026 1343.331990 1302966904
793.411389 1343.554212 1302966906
822.208549 1343.776434 1302966909
846.123431 1341.665325 1302966912
866.811045 1341.665325 1302966918
880.630372 1323.554232 1302966923
882.616383 1301.220921 1302966926
883.857640 1273.887615 1302966929
884.105891 1253.776524 1302966931
884.602394 1232.332101 1302966933
885.595399 1209.776568 1302966935
886.257403 1186.332147 1302966937
886.836656 1162.776615 1302966939
888.326164 1139.998860 1302966941
890.477676 1118.554437 1302966943
891.967185 1098.332235 1302966945
892.711939 1075.776702 1302966948
905.621010 1059.554496 1302966956
933.011412 1058.554497 1302966960
957.505547 1058.887830 1302966963
979.682670 1059.221163 1302966966
1002.770048 1060.887828 1302966985
1026.519429 1063.221159 1302966989
1050.351561 1064.332269 1302966992
1073.107937 1065.332268 1302966995
1093.464549 1065.776712 1302966999
1117.710433 1064.998935 1302967005
1139.556554 1065.221157 1302967008
1164.795444 1064.554491 1302967011
1234.388579 1064.776713 1302967019
1261.034226 1065.887823 1302967022
1290.162387 1066.887822 1302967025
1319.621550 1066.887822 1302967028
1339.647161 1066.887822 1302967030
1360.003774 1067.221155 1302967032
1380.029385 1067.887821 1302967034
1408.578293 1068.443376 1302967037
1436.465197 1068.998931 1302967040
1460.959332 1068.887820 1302967043
1482.970954 1070.554485 1302967047
1495.466273 1051.443393 1302967053
1496.211027 1029.554526 1302967056
1498.114288 1001.110110 1302967059
1499.355545 980.554575 1302967061
1500.431301 958.999041 1302967063
1501.176055 937.999062 1302967065
1501.341556 917.332416 1302967067
1501.755308 887.888001 1302967070
1502.251811 860.443584 1302967073
1502.996565 836.888052 1302967076
1505.644580 815.665851 1302967082
1525.670190 806.888082 1302967086
1548.509317 808.554747 1302967089
1574.823962 810.221412 1302967092
1601.469610 808.332525 1302967095
1628.942762 808.665858 1302967098
1655.340158 808.776969 1302967101
1677.931033 808.776969 1302967104
1701.928665 809.554746 1302967120
1728.574313 810.443634 1302967124
1754.723458 811.888077 1302967127
1783.851619 812.776965 1302967130
1803.877229 813.665853 1302967132
1833.253642 814.110297 1302967135
1860.230291 814.443630 1302967138
1882.903917 814.999185 1302967141
1904.915538 816.110295 1302967148
1929.906177 816.554739 1302967152
1955.393318 817.443627 1302967155
1983.611224 817.999182 1302967158
2012.242882 818.665848 1302967161
2040.543539 819.332514 1302967164
2067.520188 819.332514 1302967167
2094.496837 819.221403 1302967170
2122.714743 820.221402 1302967173
2151.925655 821.554734 1302967176
2172.282268 822.554733 1302967178
2193.218133 823.110288 1302967180
2214.650502 823.332510 1302967182
2236.496623 823.554732 1302967184
2258.839246 823.776954 1302967186
2281.347371 824.221398 1302967188
2304.020996 825.110286 1302967190
2326.198119 825.888063 1302967192
2347.961489 826.332507 1302967194
2369.642109 827.110284 1302967196
2390.660726 827.443617 1302967198
2411.017338 827.665839 1302967200
2431.042949 828.221394 1302967202
2459.260855 829.332504 1302967205
2483.258488 830.665836 1302967208
