3306.046290 587.888301 1302967763
3279.069641 586.999413 1302967767
3252.754995 585.777192 1302967770
3224.371588 584.666082 1302967773
3197.229438 584.221638 1302967776
3171.907798 583.443861 1302967779
3148.737669 582.666084 1302967782
3126.229545 580.443864 1302967799
3104.300674 579.332754 1302967803
3080.054790 578.332755 1302967806
3052.912639 577.554978 1302967809
3027.094497 577.554978 1302967812
3004.586372 577.443867 1302967815
2988.698284 595.110516 1302967820
2988.781035 623.999376 1302967824
2988.367282 650.110461 1302967827
2988.119031 677.888211 1302967830
2987.539778 706.332627 1302967833
2987.126025 734.999265 1302967836
2986.960524 762.999237 1302967839
2985.553767 789.443655 1302967842
2982.574750 813.443631 1302967845
2978.106226 833.443611 1302967848
2956.177354 842.665824 1302967852
2934.248483 840.665826 1302967855
2908.347590 839.221383 1302967858
2879.881432 838.443606 1302967861
2850.505020 837.665829 1302967864
2822.287113 837.554718 1302967867
2795.806967 837.443607 1302967870
2770.650828 837.443607 1302967873
2748.390955 836.888052 1302967876
2724.145071 835.665831 1302967883
2699.568185 834.888054 1302967887
2675.487801 834.554721 1302967890
2649.586908 833.776944 1302967893
2621.948255 832.888056 1302967896
2592.489092 831.776946 1302967899
2562.947179 830.776947 1302967902
2534.481021 830.776947 1302967905
2506.428616 830.665836 1302967908
2477.465956 829.110282 1302967911
2448.420545 827.888061 1302967914
2419.871637 827.665839 1302967917
2390.412474 827.221395 1302967920
2369.724860 826.776951 1302967922
2348.623493 826.332507 1302967924
2327.273875 825.776952 1302967926
2306.669011 825.221397 1302967928
2286.312398 824.665842 1302967930
2256.687734 824.221398 1302967933
2228.138827 823.776954 1302967936
2200.251922 823.332510 1302967939
2171.951266 822.888066 1302967942
2142.078350 822.999177 1302967945
2121.969989 822.888066 1302967947
2101.613377 822.554733 1302967949
2081.339514 821.443623 1302967951
2060.900151 820.332513 1302967953
2040.378038 819.999180 1302967955
2020.104176 819.665847 1302967957
1990.727763 819.221403 1302967960
1963.254611 818.888070 1302967963
1938.098472 818.665848 1302967966
1916.417852 818.110293 1302967972
1895.730238 817.221405 1302967976
1873.304864 816.332517 1302967979
1847.321220 815.888073 1302967982
1819.434315 815.443629 1302967985
1793.202420 814.776963 1302967988
1768.460033 814.221408 1302967991
1743.469395 814.665852 1302967994
1715.582491 814.443630 1302967997
1694.729376 813.554742 1302967999
1672.221251 812.221410 1302968001
1648.471870 810.888078 1302968003
1624.225986 810.554745 1302968005
1600.724856 809.999190 1302968007
1578.464982 809.554746 1302968009
1557.363616 809.443635 1302968011
1531.131721 809.443635 1302968014
1508.375345 809.221413 1302968020
1485.039716 808.776969 1302968024
1459.387074 807.665859 1302968027
1431.500169 807.110304 1302968030
1411.226307 806.776971 1302968032
1391.117946 806.110305 1302968034
1362.486288 805.443639 1302968037
1336.006141 804.554751 1302968040
1314.160020 803.776974 1302968044
1293.389655 806.443638 1302968050
1273.860547 816.443628 1302968054
1251.517924 814.332519 1302968056
1228.182295 812.888076 1302968058
1205.922421 811.665855 1302968060
1185.152057 810.443634 1302968062
1156.023895 807.999192 1302968065
1133.102019 805.888083 1302968069
1112.579905 804.443640 1302968074
1090.154531 803.110308 1302968077
1062.846880 802.110309 1302968080
1033.056715 801.554754 1302968083
1012.534602 800.999199 1302968085
991.681486 800.443644 1302968087
970.580119 799.776978 1302968089
950.554509 799.332534 1302968091
929.701393 798.999201 1302968094
