3317.383102 596.777181 1302969647
3298.764249 587.221635 1302969651
3275.594121 585.666081 1302969654
3248.451971 584.666082 1302969657
3220.151315 583.777194 1302969660
3193.588418 582.888306 1302969663
3169.011532 582.110529 1302969666
3144.765648 580.888308 1302969670
3121.181767 579.554976 1302969693
3100.742404 579.221643 1302969696
3076.579270 578.332755 1302969699
3050.512876 577.554978 1302969702
3026.266992 577.221645 1302969705
3004.834623 576.777201 1302969708
2988.119031 588.332745 1302969712
2989.360288 613.999386 1302969716
2989.443038 638.443806 1302969719
2989.029286 665.999334 1302969722
2988.201781 694.554861 1302969725
2987.457027 723.665943 1302969728
2986.877774 752.110359 1302969731
2986.381271 779.221443 1302969734
2984.064258 804.332529 1302969737
2982.078247 824.888064 1302969742
2967.845169 840.999159 1302969769
2941.530523 839.665827 1302969773
2917.946643 838.110273 1302969776
2891.218245 837.332496 1302969779
2863.331341 836.665830 1302969782
2835.361686 835.665831 1302969785
2809.378042 834.110277 1302969788
2784.966657 833.221389 1302969791
2761.962030 832.665834 1302969794
2738.543650 832.443612 1302969798
2713.718513 831.999168 1302969805
2692.120643 831.776946 1302969808
2667.295506 830.999169 1302969811
2640.732609 830.110281 1302969814
2613.673209 828.999171 1302969817
2586.448309 827.888061 1302969820
2560.878417 827.665839 1302969823
2540.521805 827.443617 1302969826
2519.420438 827.332506 1302969849
2493.933297 826.221396 1302969853
2469.935664 824.999175 1302969856
2445.772531 824.332509 1302969859
2422.519652 824.110287 1302969862
2398.273768 823.443621 1302969865
2371.793621 822.888066 1302969868
2344.154968 822.554733 1302969871
2315.606060 821.776956 1302969874
2286.477899 820.999179 1302969877
2266.452288 820.332513 1302969879
2246.178426 819.554736 1302969881
2226.152816 818.888070 1302969883
2206.127205 818.776959 1302969885
2176.750792 818.443626 1302969888
2147.788132 818.443626 1302969891
2118.494470 818.221404 1302969894
2088.952557 817.332516 1302969897
2059.327893 816.221406 1302969900
2039.136781 815.554740 1302969902
2019.111170 814.776963 1302969904
1990.479512 813.999186 1302969907
1962.675358 814.110297 1302969910
1937.850221 813.888075 1302969913
1916.335102 813.665853 1302969919
1892.502970 813.332520 1302969924
1869.912095 812.776965 1302969927
1844.590455 811.554744 1302969930
1818.027558 810.443634 1302969933
1792.871419 809.776968 1302969936
1768.542784 809.443635 1302969939
1745.372656 810.221412 1302969943
1725.429795 811.665855 1302969963
1698.122144 810.999189 1302969967
1671.807499 809.443635 1302969970
1642.431086 807.554748 1302969973
1622.074474 806.888082 1302969975
1601.883362 806.443638 1302969977
1572.672450 805.888083 1302969980
1546.192304 805.999194 1302969983
1526.001192 805.888083 1302969986
1502.831064 805.776972 1302969993
1477.923176 804.999195 1302969997
1455.166800 805.443639 1302970000
1434.313685 806.999193 1302970003
1407.006034 806.554749 1302970006
1378.870878 805.332528 1302970009
1353.631989 804.443640 1302970012
1331.868618 804.665862 1302970016
1309.939747 806.888082 1302970023
1284.204354 805.665861 1302970027
1264.261494 812.999187 1302970030
1235.464335 813.332520 1302970033
1215.355974 811.999188 1302970035
1177.539014 809.554746 1302970039
1151.803622 807.554748 1302970042
1128.716244 805.554750 1302970046
1107.118375 803.221419 1302970051
1082.044986 802.443642 1302970054
1051.923819 801.332532 1302970057
1030.656952 800.332533 1302970059
1010.134838 799.665867 1302970061
981.503180 799.221423 1302970064
955.188534 798.888090 1302970067
927.632632 797.888091 1302970070
898.504471 796.665870 1302970073
877.982357 795.999204 1302970075
856.798240 795.110316 1302970077
834.703868 794.888094 1302970079
812.112993 794.443650 1302970081
789.191116 793.776984 1302970083
765.938237 793.332540 1302970085
742.602608 792.665874 1302970087
719.018728 791.554764 1302970089
695.600348 790.443654 1302970091
673.009473 789.554766 1302970093
651.825356 788.888100 1302970095
631.716995 788.332545 1302970097
603.664590 787.776990 1302970100
578.094698 787.888101 1302970103
557.241583 788.554767 1302970106
532.499196 789.665877 1302970119
505.357046 789.221433 1302970123
479.290652 788.554767 1302970126
449.748738 786.776991 1302970129
429.392125 785.999214 1302970131
409.118263 785.554770 1302970133
379.907352 785.110326 1302970136
352.434200 784.888104 1302970139
327.029809 785.221437 1302970142
304.273433 786.221436 1302970146
281.351556 785.776992 1302970163
259.670937 784.888104 1302970166
234.763049 783.776994 1302970169
212.668677 782.999217 1302970172
191.981062 782.776995 1302970178
168.810934 782.332551 1302970182
146.137308 782.221440 1302970185
123.794685 782.221440 1302970188
99.797052 782.776995 1302970192
90.197999 803.332530 1302970199
90.777252 823.665843 1302970202
90.280749 850.221372 1302970205
89.701496 879.110232 1302970208
89.204994 907.887981 1302970211
88.625740 935.887953 1302970214
88.046487 964.665702 1302970217
87.218983 994.665672 1302970220
86.474228 1015.332318 1302970222
86.143227 1036.221186 1302970224
85.729474 1057.554498 1302970226
85.315722 1078.887810 1302970228
84.570968 1100.554455 1302970230
83.991715 1122.109989 1302970232
83.495212 1143.443301 1302970234
82.833208 1164.443280 1302970236
82.336706 1185.221037 1302970238
81.922953 1205.332128 1302970240
81.426450 1234.665432 1302970243
81.012698 1261.665405 1302970246
80.598946 1286.887602 1302970249
80.350695 1309.887579 1302970253
95.659529 1325.887563 1302970261
122.470678 1327.109784 1302970265
147.544066 1328.332005 1302970268
174.272464 1329.220893 1302970271
200.504359 1329.887559 1302970274
224.998495 1330.554225 1302970277
247.092867 1330.887558 1302970281
268.938988 1331.220891 1302970296
289.792103 1331.776446 1302970299
315.941248 1332.443112 1302970302
343.993653 1332.998667 1302970305
372.046058 1333.443111 1302970308
399.270959 1333.998666 1302970311
424.923601 1334.665332 1302970314
448.176479 1335.554220 1302970317
468.367591 1335.998664 1302970322
488.889705 1336.554219 1302970327
511.894332 1337.220885 1302970330
539.119233 1337.554218 1302970333
568.661146 1338.109773 1302970336
589.266010 1338.554217 1302970338
610.532878 1338.998661 1302970340
631.882496 1339.443105 1302970342
653.480365 1340.109771 1302970344
675.078235 1340.887548 1302970346
696.345102 1341.331992 1302970348
717.280968 1341.887547 1302970350
738.465085 1342.554213 1302970352
759.152700 1342.887546 1302970354
788.363611 1343.331990 1302970357
815.092009 1343.665323 1302970360
836.441627 1342.443102 1302970363
857.211992 1340.554215 1302970379
876.079097 1333.887555 1302970397
880.961374 1309.443135 1302970401
882.533632 1288.109823 1302970404
883.692139 1267.332066 1302970407
884.519643 1243.109868 1302970411
