924.488114 800.221422 1303043865
902.393742 798.776979 1303043877
879.637366 797.888091 1303043880
854.067475 796.999203 1303043883
825.932319 796.110315 1303043886
805.823958 795.554760 1303043888
784.722591 795.221427 1303043890
762.959221 794.888094 1303043892
740.533847 794.554761 1303043894
717.694720 794.332539 1303043896
694.772844 793.999206 1303043898
671.933717 793.332540 1303043900
649.673844 792.665874 1303043902
628.075975 791.888097 1303043904
607.553861 791.221431 1303043906
578.922203 790.776987 1303043909
556.414078 791.110320 1303043912
534.733458 792.110319 1303043932
509.494569 792.554763 1303043936
483.428174 791.554764 1303043939
454.962017 790.332543 1303043942
434.688155 789.443655 1303043944
413.917790 788.888100 1303043946
393.230175 788.221434 1303043948
372.956313 787.776990 1303043950
344.572906 786.776991 1303043953
319.665018 785.776992 1303043956
298.480901 785.443659 1303043961
272.993760 784.665882 1303043966
248.830627 784.332549 1303043969
224.088240 783.665883 1303043972
200.835361 783.665883 1303043976
178.492737 783.665883 1303043982
156.894868 783.332550 1303043985
134.221243 783.665883 1303043988
109.313355 783.665883 1303043992
92.432261 800.221422 1303044008
92.515012 820.999179 1303044011
92.349511 847.221375 1303044014
91.604757 876.554679 1303044017
90.860003 897.443547 1303044019
90.197999 918.999081 1303044021
89.618746 940.332393 1303044023
89.039493 962.110149 1303044025
88.460239 983.665683 1303044027
87.798236 1005.554550 1303044029
87.384483 1027.110084 1303044031
86.970731 1048.776729 1303044033
86.391478 1070.554485 1303044035
85.729474 1091.887797 1303044037
84.819219 1113.998886 1303044039
84.488217 1135.887753 1303044041
84.157216 1157.332176 1303044043
83.826214 1178.332155 1303044045
83.081460 1207.554348 1303044048
82.584957 1231.665435 1303044051
81.757452 1256.665410 1303044055
81.674702 1276.665390 1303044058
81.012698 1298.220924 1303044061
82.502206 1321.220901 1303044065
101.783063 1326.776451 1303044069
123.794685 1326.665340 1303044072
149.612828 1327.554228 1303044075
177.416982 1328.443116 1303044078
205.965889 1329.554226 1303044081
235.176801 1330.332003 1303044084
255.367913 1330.776447 1303044086
275.724525 1330.665336 1303044088
296.163888 1330.665336 1303044090
317.265255 1330.776447 1303044092
338.697624 1331.109780 1303044094
360.129992 1331.998668 1303044096
381.645111 1332.665334 1303044098
402.415476 1333.109778 1303044100
431.378136 1333.665333 1303044103
455.293019 1333.887555 1303044106
479.538903 1334.220888 1303044113
506.515552 1335.109776 1303044117
531.919943 1335.887553 1303044120
568.743896 1336.554219 1303044124
597.292804 1336.776441 1303044127
625.758962 1336.998663 1303044130
655.383626 1337.220885 1303044133
676.319492 1337.776440 1303044135
697.503609 1338.220884 1303044137
718.687726 1338.887550 1303044139
739.458091 1339.443105 1303044141
759.897454 1340.220882 1303044143
779.923065 1340.776437 1303044145
808.223721 1341.443103 1303044148
833.793613 1340.776437 1303044151
856.880990 1338.331995 1303044155
878.147858 1330.887558 1303044163
881.954379 1303.665363 1303044167
883.278386 1279.554276 1303044170
884.436893 1256.220966 1303044173
884.933396 1231.554324 1303044177
885.843651 1207.665459 1303044182
887.333159 1183.554372 1303044185
888.739917 1155.221067 1303044188
891.553432 1125.887763 1303044191
894.449698 1097.665569 1303044194
895.277203 1075.887813 1303044197
911.827294 1058.776719 1303044202
932.018406 1058.443386 1303044205
955.602287 1058.665608 1303044208
976.124400 1058.221164 1303044211
997.474018 1060.554495 1303044226
1023.954165 1061.998938 1303044230
1048.200049 1062.443382 1303044233
1071.287427 1063.998936 1303044236
1092.885296 1065.332268 1303044241
1118.206936 1065.332268 1303044246
1142.701072 1067.443377 1303044249
1172.656737 1068.221154 1303044252
1192.765099 1068.665598 1303044254
1222.307012 1069.110042 1303044257
1250.028415 1069.887819 1303044260
1278.825575 1069.887819 1303044263
1299.016686 1069.554486 1303044265
1328.889602 1069.665597 1303044268
1348.997963 1069.887819 1303044270
1377.629621 1070.332263 1303044273
1405.516526 1070.554485 1303044276
1433.237929 1070.665596 1303044279
1460.959332 1070.221152 1303044282
1482.226200 1070.776707 1303044285
1499.107293 1056.776721 1303044292
1499.107293 1036.443408 1303044295
1500.100299 1010.221212 1303044298
1500.679552 980.221242 1303044301
1501.176055 959.221263 1303044303
1501.920809 938.665728 1303044305
1502.582813 909.665757 1303044308
1503.327567 882.888006 1303044311
1503.575818 858.221364 1303044314
1504.072321 836.888052 1303044317
1506.306583 816.443628 1303044324
1528.731957 807.110304 1303044329
1551.653834 808.443636 1303044332
1577.554727 809.332524 1303044335
1603.290120 809.776968 1303044338
1628.777261 809.999190 1303044341
1652.940394 810.332523 1303044344
1675.117517 810.110301 1303044347
1695.805132 810.221412 1303044352
