1294.548162 1116.554439 1302824525
1290.989892 1139.221083 1302824527
1289.003881 1161.665505 1302824529
1288.755630 1184.109927 1302824531
1288.838380 1207.776570 1302824533
1288.838380 1231.776546 1302824535
1288.921131 1257.443187 1302824537
1288.755630 1283.109828 1302824539
1287.514373 1306.443138 1302824541
1285.280110 1332.998667 1302824544
1288.093626 1354.109757 1302824568
1311.263754 1357.109754 1302824572
1333.937380 1357.443087 1302824575
1356.859256 1358.665308 1302824578
1379.036379 1360.109751 1302824581
1404.771771 1359.665307 1302824585
1429.514158 1361.331972 1302824589
1451.856782 1366.998633 1302824593
1471.137639 1377.443067 1302824599
1493.728514 1382.554173 1302824609
1516.319389 1381.887507 1302824613
1543.130537 1382.554173 1302824616
1563.238898 1382.109729 1302824618
1591.870557 1382.331951 1302824621
1613.964929 1379.331954 1302824624
1635.066296 1372.220850 1302824628
1658.070923 1372.665294 1302824638
1682.565058 1373.331960 1302824642
1703.252673 1371.998628 1302824645
1729.401817 1371.220851 1302824649
1753.564951 1371.109740 1302824652
1782.941364 1370.776407 1302824655
1805.366738 1370.331963 1302824657
1829.529871 1369.109742 1302824659
1855.265264 1367.443077 1302824661
1881.000656 1366.331967 1302824663
1905.660293 1365.109746 1302824665
1929.326923 1364.331969 1302824667
1952.083299 1363.665303 1302824669
1973.515668 1363.554192 1302824671
2001.733574 1363.665303 1302824674
2025.069203 1363.776414 1302824677
2048.073830 1363.776414 1302824681
2068.347693 1363.665303 1302824700
2095.820845 1364.887524 1302824704
2124.204252 1365.554190 1302824707
2146.133123 1365.665301 1302824709
2170.048005 1365.776412 1302824711
2194.293889 1365.887523 1302824713
2217.546768 1366.331967 1302824715
2240.634146 1366.887522 1302824717
2263.473272 1367.331966 1302824719
2286.146897 1367.665299 1302824721
2308.903273 1367.665299 1302824723
2331.659649 1367.887521 1302824725
2353.671271 1368.220854 1302824727
2373.945133 1368.665298 1302824729
2401.252784 1369.220853 1302824732
2424.091911 1369.443075 1302824735
2446.351784 1369.665297 1302824739
2467.287650 1370.554185 1302824747
2492.030036 1371.887517 1302824774
2515.696667 1372.776405 1302824777
2544.245575 1373.109738 1302824780
2572.380731 1373.665293 1302824783
2601.508892 1374.443070 1302824786
2622.527508 1374.776403 1302824788
2643.711626 1375.109736 1302824790
2664.647491 1375.443069 1302824792
2685.997110 1375.554180 1302824794
2707.594979 1375.776402 1302824796
2730.351355 1376.220846 1302824798
2754.845490 1376.443068 1302824800
2780.829134 1376.331957 1302824802
2806.233525 1375.887513 1302824804
2830.562159 1376.109735 1302824806
2853.732287 1376.220846 1302824808
2874.171651 1376.554179 1302824810
2899.741542 1376.665290 1302824813
2921.587663 1377.220845 1302824816
2945.088793 1377.776400 1302824819
2970.327682 1378.109733 1302824822
2997.635334 1378.998621 1302824825
3026.515243 1379.998620 1302824828
3050.181874 1380.998619 1302824831
3073.186502 1381.443063 1302824836
3096.191129 1381.665285 1302824841
3119.940510 1382.776395 1302824844
3148.406668 1383.331950 1302824847
3168.515029 1383.998616 1302824849
3195.408928 1384.887504 1302824852
3217.917052 1384.109727 1302824855
3239.597672 1380.776397 1302824859
3262.933301 1377.109734 1302824865
3286.434431 1373.109738 1302824870
3303.315525 1356.887532 1302824875
3303.646526 1336.331997 1302824878
3303.646526 1311.332022 1302824881
3304.474031 1282.998717 1302824884
3305.136035 1262.332071 1302824886
3305.880789 1240.665426 1302824888
3306.708293 1219.109892 1302824890
3308.197802 1190.554365 1302824893
3309.025306 1167.443277 1302824896
3310.101062 1147.443297 1302824902
