924.570865 796.332537 1303045656
900.490482 796.332537 1303045663
877.899607 795.665871 1303045666
851.998713 794.776983 1303045669
823.698057 793.665873 1303045672
793.742391 793.888095 1303045675
763.869476 793.888095 1303045678
733.996561 792.554763 1303045681
713.639948 791.665875 1303045683
692.869583 791.110320 1303045685
672.016468 789.665877 1303045687
651.411604 788.221434 1303045689
630.723989 788.110323 1303045691
601.678579 788.665878 1303045694
574.784680 789.443655 1303045697
554.345317 790.665876 1303045700
533.657702 790.665876 1303045717
509.163567 790.888098 1303045721
483.262674 789.888099 1303045724
453.141507 788.332545 1303045727
431.874639 787.554768 1303045729
410.607772 787.443657 1303045731
390.168408 786.888102 1303045733
361.040247 786.110325 1303045736
334.063598 785.888103 1303045739
311.638224 785.554770 1303045742
290.536857 785.110326 1303045748
265.959971 784.665882 1303045752
241.548586 784.110327 1303045755
217.385453 783.665883 1303045758
196.118585 783.332550 1303045763
171.458949 782.110329 1303045768
148.206070 781.999218 1303045771
125.532444 782.110329 1303045774
103.851825 783.110328 1303045778
89.204994 803.332530 1303045791
89.866997 827.221395 1303045794
89.784247 853.332480 1303045797
89.287744 880.999119 1303045800
87.632735 909.999090 1303045803
86.805230 929.999070 1303045805
86.308727 950.110161 1303045807
85.646724 970.110141 1303045809
84.901970 990.776787 1303045811
84.570968 1011.332322 1303045813
84.157216 1031.998968 1303045815
83.495212 1052.443392 1303045817
82.915959 1073.221149 1303045819
82.502206 1093.998906 1303045821
82.005704 1114.887774 1303045823
81.509201 1135.443309 1303045825
80.929948 1165.109946 1303045828
80.433445 1193.665473 1303045831
80.185194 1219.998780 1303045834
80.267944 1245.109866 1303045837
79.688691 1270.332063 1303045840
79.274939 1294.887594 1303045843
79.026687 1314.887574 1303045846
101.369311 1324.887564 1303045851
122.636178 1325.332008 1303045854
148.040569 1326.887562 1303045857
175.017218 1327.776450 1303045860
202.655871 1328.554227 1303045863
228.639515 1328.887560 1303045866
249.078878 1328.887560 1303045869
273.076511 1330.554225 1303045891
296.163888 1331.332002 1303045894
323.223288 1332.109779 1303045897
351.689446 1332.887556 1303045900
380.238354 1333.998666 1303045903
407.463254 1334.665332 1303045906
433.860650 1335.220887 1303045909
456.617026 1335.665331 1303045912
479.125151 1337.109774 1303045918
504.529541 1337.776440 1303045922
527.865170 1338.220884 1303045925
552.690308 1338.998661 1303045928
578.342950 1339.887549 1303045931
604.574845 1340.776437 1303045934
632.130747 1341.109770 1303045937
660.845156 1341.665325 1303045940
689.725066 1342.109769 1303045943
718.273974 1342.776435 1303045946
747.567636 1343.554212 1303045949
776.530296 1344.554211 1303045952
804.168949 1344.443100 1303045955
830.400844 1344.109767 1303045958
851.253959 1341.665325 1303045961
873.348332 1338.776439 1303045968
880.630372 1314.332019 1303045972
882.202631 1288.443156 1303045975
883.774889 1259.554296 1303045978
884.519643 1238.998761 1303045980
885.264397 1217.332116 1303045982
886.257403 1195.554360 1303045984
887.084908 1174.221048 1303045986
887.995163 1152.998847 1303045988
889.484671 1132.998867 1303045990
892.380937 1104.776673 1303045993
893.539443 1080.554475 1303045996
903.552249 1060.443384 1303046000
930.280647 1057.887831 1303046004
953.947277 1058.110053 1303046007
978.937916 1058.998941 1303046010
1005.418062 1059.998940 1303046013
1033.718719 1060.665606 1303046016
1061.026370 1061.110050 1303046019
1084.279248 1061.332272 1303046022
1106.042619 1062.443382 1303046028
1130.867756 1064.221158 1303046032
1165.209196 1065.221157 1303046036
1194.833860 1066.443378 1303046039
1223.382768 1067.110044 1303046042
1249.862915 1067.554488 1303046045
1271.129782 1068.887820 1303046048
1292.313899 1069.776708 1303046062
1317.966541 1070.998929 1303046066
1342.295176 1071.554484 1303046069
1368.527071 1071.998928 1303046072
1395.255469 1072.443372 1303046075
1420.825360 1072.332261 1303046078
1445.898749 1072.443372 1303046081
1467.744870 1071.332262 1303046084
1488.018732 1070.887818 1303046089
1496.873031 1048.887840 1303046094
1497.204033 1026.776751 1303046097
1498.693541 1000.221222 1303046100
1500.183049 972.221250 1303046103
1501.093304 943.554612 1303046106
1501.755308 914.887974 1303046109
1502.251811 887.888001 1303046112
1502.913814 866.110245 1303046115
1504.320572 844.776933 1303046118
1505.561829 823.221399 1303046122
1517.146893 806.776971 1303046128
1542.799535 804.776973 1303046132
1567.210920 806.776971 1303046135
1593.608316 808.999191 1303046138
1619.178208 810.221412 1303046141
1644.003345 810.999189 1303046144
1665.766715 811.110300 1303046147
1686.537080 811.332522 1303046174
1709.293456 811.665855 1303046178
1734.284094 812.443632 1303046181
1762.502001 814.221408 1303046184
1792.209415 815.443629 1303046187
1821.668578 816.110295 1303046190
1849.803734 816.443628 1303046193
1874.297869 816.888072 1303046196
1895.647487 817.443627 1303046201
1920.969127 818.332515 1303046207
1943.311751 818.665848 1303046210
1969.460895 819.110292 1303046213
1998.175304 819.776958 1303046216
2027.303465 820.554735 1303046219
2057.093630 821.332512 1303046222
2082.498021 821.443623 1303046225
