3319.203613 634.554921 1303046964
3320.113868 611.999388 1303046978
3310.928567 590.110521 1303046982
3285.110424 584.110527 1303046986
3259.623283 583.332750 1303046989
3231.074375 582.554973 1303046992
3202.608218 581.777196 1303046995
3176.045321 581.332752 1303046998
3149.978926 580.554975 1303047001
3121.843771 579.777198 1303047004
3101.818160 579.221643 1303047006
3081.213296 578.666088 1303047008
3061.022184 577.999422 1303047010
3032.473276 577.443867 1303047013
3007.399888 577.221645 1303047016
2990.601545 591.332742 1303047020
2991.098047 611.888277 1303047023
2990.684295 636.221586 1303047026
2989.939541 664.332669 1303047029
2989.029286 693.777084 1303047032
2988.284532 713.999286 1303047034
2987.705279 734.221488 1303047036
2987.374277 763.777014 1303047039
2986.546772 790.888098 1303047042
2984.560761 815.110296 1303047045
2973.141198 836.999163 1303047049
2946.495551 841.332492 1303047053
2921.670413 839.332494 1303047056
2894.528263 838.554717 1303047059
2865.400102 837.888051 1303047062
2845.291741 837.776940 1303047064
2824.521376 837.776940 1303047066
2804.082013 837.110274 1303047068
2774.871101 835.776942 1303047071
2748.970208 834.776943 1303047074
2725.303577 834.110277 1303047080
2701.305944 833.554722 1303047084
2676.977310 833.110278 1303047087
2649.255906 832.554723 1303047090
2620.375996 831.554724 1303047093
2592.323591 831.110280 1303047096
2566.257197 831.110280 1303047099
2543.997324 831.776946 1303047102
2526.040475 822.110289 1303047129
2500.967086 824.221398 1303047134
2477.383205 824.332509 1303047137
2450.158305 823.776954 1303047140
2421.278395 823.110288 1303047143
2401.087283 822.999177 1303047145
2380.482419 823.110288 1303047147
2359.629304 823.110288 1303047149
2338.610688 822.999177 1303047151
2317.840323 822.554733 1303047153
2297.235459 822.221400 1303047155
2276.134092 821.888067 1303047157
2254.784474 821.665845 1303047159
2233.848608 821.332512 1303047161
2213.326495 820.776957 1303047163
2184.363834 820.110291 1303047166
2158.131939 820.110291 1303047169
2132.231046 819.665847 1303047172
2104.592393 820.554735 1303047175
2074.884979 819.332514 1303047178
2054.445616 818.221404 1303047180
2033.509750 817.554738 1303047182
2013.070387 816.554739 1303047184
1983.859475 815.888073 1303047187
1956.303573 815.221407 1303047190
1933.464446 814.443630 1303047193
1912.694081 815.332518 1303047199
1886.462186 815.110296 1303047203
1861.223297 814.999185 1303047206
1834.412148 814.888074 1303047209
1808.428505 814.443630 1303047212
1784.099870 814.221408 1303047215
1763.329505 812.999187 1303047219
1746.365661 801.443643 1303047246
1723.692036 802.110309 1303047250
1702.425168 802.999197 1303047253
1677.517280 802.554753 1303047256
1649.299374 801.443643 1303047259
1621.908973 800.776977 1303047262
1594.766823 800.888088 1303047265
1568.534927 801.776976 1303047268
1547.433561 801.554754 1303047271
1527.159699 801.554754 1303047275
1502.334561 802.665864 1303047282
1479.660936 801.443643 1303047285
1451.939532 798.110313 1303047288
1431.500169 797.554758 1303047290
1411.226307 797.665869 1303047292
1382.677399 800.110311 1303047295
1356.031752 799.776978 1303047298
1332.613372 799.554756 1303047301
1311.181004 797.443647 1303047307
1290.741641 791.332542 1303047314
1270.798780 794.443650 1303047316
1249.614663 797.554758 1303047318
1222.058761 798.999201 1303047321
1194.171856 799.332534 1303047324
1171.332730 801.221421 1303047327
1149.983112 805.999194 1303047333
1126.481982 802.999197 1303047337
1100.994841 801.776976 1303047340
1071.949430 801.110310 1303047343
1051.510067 801.332532 1303047345
1030.160449 801.110310 1303047347
1008.148827 801.221421 1303047349
986.550958 801.110310 1303047351
964.787587 800.443644 1303047353
942.775966 799.999200 1303047355
920.598843 798.888090 1303047357
898.338970 797.888091 1303047359
875.417093 797.110314 1303047361
852.246965 796.221426 1303047363
828.414833 795.221427 1303047365
804.334450 794.443650 1303047367
780.171316 793.665873 1303047369
756.339184 793.110318 1303047371
732.920805 792.776985 1303047373
709.667926 792.554763 1303047375
686.746049 791.999208 1303047377
664.899928 791.554764 1303047379
644.129563 790.888098 1303047381
615.497905 790.776987 1303047384
589.597012 790.554765 1303047387
569.488651 789.999210 1303047393
549.214788 790.221432 1303047404
499.150761 787.999212 1303047410
470.436353 787.665879 1303047413
441.059940 787.110324 1303047416
412.097280 786.776991 1303047419
383.962124 786.332547 1303047422
357.647479 786.221436 1303047425
336.049609 786.110325 1303047428
315.196494 785.332548 1303047432
290.040355 784.888104 1303047439
269.269990 784.443660 1303047442
245.934361 784.221438 1303047445
224.832994 784.221438 1303047448
204.807383 784.665882 1303047453
180.561499 784.332549 1303047458
159.542883 784.888104 1303047461
135.876252 786.332547 1303047465
114.361133 785.888103 1303047480
101.286560 803.110308 1303047487
101.783063 824.888064 1303047490
101.534812 851.332482 1303047493
100.624557 880.554675 1303047496
99.466050 900.665766 1303047498
98.969548 921.665745 1303047500
98.473045 942.999057 1303047502
96.983537 963.665703 1303047504
95.825030 984.665682 1303047506
94.335522 1005.887883 1303047508
92.763263 1026.998973 1303047510
91.522006 1047.998952 1303047512
90.280749 1068.887820 1303047514
89.204994 1090.110021 1303047516
88.046487 1111.776666 1303047518
86.556979 1133.665533 1303047520
85.729474 1155.332178 1303047522
85.315722 1176.665490 1303047524
85.067471 1197.109914 1303047526
84.157216 1226.665440 1303047529
82.915959 1255.220967 1303047532
81.922953 1282.887606 1303047535
80.764447 1307.776470 1303047538
97.976542 1323.332010 1303047543
118.415905 1323.109788 1303047546
143.158292 1323.554232 1303047549
170.465943 1323.443121 1303047552
197.111590 1324.109787 1303047555
222.184979 1324.998675 1303047558
243.120845 1325.998674 1303047561
265.794470 1329.443115 1303047580
292.853870 1329.665337 1303047584
318.092760 1329.443115 1303047587
346.641668 1329.887559 1303047590
376.431832 1330.887558 1303047593
405.477243 1331.887557 1303047596
432.371142 1332.109779 1303047599
453.969011 1332.776445 1303047602
474.242874 1334.331999 1303047608
498.654259 1335.554220 1303047612
524.306901 1336.443108 1303047615
552.773058 1336.776441 1303047618
572.798669 1337.109774 1303047620
593.569034 1337.776440 1303047622
614.256648 1338.443106 1303047624
635.854518 1338.998661 1303047626
657.783389 1339.776438 1303047628
679.629510 1340.443104 1303047630
701.392880 1340.887548 1303047632
723.073500 1341.443103 1303047634
744.671370 1341.887547 1303047636
765.772736 1342.887546 1303047638
786.460351 1343.776434 1303047640
815.836763 1344.109767 1303047643
841.489405 1342.220880 1303047646
861.928768 1340.887548 1303047650
878.478860 1328.776449 1303047657
880.216620 1305.887583 1303047660
882.037130 1276.665390 1303047663
882.947385 1254.887634 1303047665
883.692139 1231.998768 1303047667
884.271392 1208.332125 1303047669
885.181647 1184.554371 1303047671
886.174653 1161.109950 1303047673
887.912412 1138.887750 1303047675
890.312175 1117.887771 1303047677
892.049935 1089.332244 1303047680
893.953196 1068.887820 1303047683
913.813305 1058.554497 1303047687
936.817933 1058.776719 1303047690
962.305074 1059.332274 1303047693
989.281723 1059.998940 1303047696
1017.168627 1060.998939 1303047699
1043.235021 1062.332271 1303047702
1067.894658 1063.221159 1303047705
1091.726790 1063.887825 1303047709
1131.943512 1064.998935 1303047717
1160.409670 1065.332268 1303047720
1180.849033 1065.665601 1303047722
1201.205645 1066.221156 1303047724
1230.085555 1066.776711 1303047727
1255.986448 1067.332266 1303047730
1277.667068 1068.110043 1303047734
1304.064464 1068.554487 1303047754
1328.310348 1069.443375 1303047757
1356.280003 1070.776707 1303047760
1384.911662 1071.554484 1303047763
1413.046817 1071.998928 1303047766
1440.188967 1071.998928 1303047769
1463.193595 1070.554485 1303047772
1484.708714 1069.887819 1303047777
1494.225016 1050.554505 1303047782
1494.804270 1027.776750 1303047785
1496.211027 1000.332333 1303047788
1497.700536 970.887918 1303047791
1498.776292 950.443494 1303047793
1499.355545 929.887959 1303047795
1500.100299 900.665766 1303047798
1501.010554 873.332460 1303047801
1501.755308 848.221374 1303047804
1502.913814 824.888064 1303047808
1515.905636 808.554747 1303047814
1537.669007 807.332526 1303047817
1563.900902 807.999192 1303047820
1592.036057 809.110302 1303047823
1620.088463 809.776968 1303047826
1649.051123 809.443635 1303047829
1678.758537 808.999191 1303047832
1699.197900 809.554746 1303047834
1719.471762 810.443634 1303047836
1740.076626 811.665855 1303047838
1760.929742 812.888076 1303047840
1781.948358 813.776964 1303047842
1803.132475 814.554741 1303047844
1823.985591 815.110296 1303047846
1852.865500 815.888073 1303047849
1878.766394 816.221406 1303047852
1899.288507 817.110294 1303047857
1926.347907 818.443626 1303047862
1951.421296 818.999181 1303047865
1979.970204 819.443625 1303047868
2000.078565 819.554736 1303047870
2020.186926 820.665846 1303047872
2048.818584 821.665845 1303047875
2074.802228 822.221400 1303047878
2097.475854 822.221400 1303047883
2118.659971 822.221400 1303047887
2142.078350 822.776955 1303047890
2169.468752 823.110288 1303047893
2199.341667 823.221399 1303047896
2220.194783 823.332510 1303047898
2241.627151 823.554732 1303047900
2263.638773 824.110287 1303047902
2285.650395 824.443620 1303047904
2307.993018 825.221397 1303047906
2330.087391 825.888063 1303047908
2352.016262 826.332507 1303047910
2373.862383 826.443618 1303047912
2395.129250 826.554729 1303047914
2415.816865 827.332506 1303047916
2445.524279 828.888060 1303047919
2472.914681 830.999169 1303047922
2495.505556 831.776946 1303047925
2516.524172 835.443609 1303047929
2516.689673 860.554695 1303047934
2515.117414 884.221338 1303047937
2514.620911 911.665755 1303047940
2514.207159 931.665735 1303047942
2514.124409 952.221270 1303047944
2513.958908 973.110138 1303047946
2513.627906 994.110117 1303047948
2513.462405 1015.110096 1303047950
2513.048653 1035.776742 1303047952
2511.807396 1064.887824 1303047955
2512.386649 1092.332241 1303047958
2514.041658 1115.776662 1303047961
2513.710656 1138.887750 1303047967
2513.793407 1161.554394 1303047971
2514.620911 1183.665483 1303047974
2515.613917 1208.998791 1303047977
2518.013680 1235.887653 1303047980
2519.337688 1262.887626 1303047983
2519.254937 1290.109821 1303047986
2518.923935 1315.998684 1303047989
2518.427432 1338.220884 1303047992
