2518.013680 1352.887536 1303048022
2534.150019 1364.776413 1303048036
2554.920384 1363.887525 1303048039
2580.159274 1362.998637 1303048042
2607.549676 1362.109749 1303048045
2635.271079 1362.665304 1303048048
2663.406235 1363.776414 1303048051
2692.534396 1364.443080 1303048054
2721.993559 1365.331968 1303048057
2751.204470 1365.443079 1303048060
2780.249881 1366.109745 1303048063
2808.219536 1366.109745 1303048066
2834.616932 1366.554189 1303048069
2860.021322 1366.887522 1303048072
2882.694948 1367.331966 1303048075
2905.782325 1368.554187 1303048079
2926.552690 1369.665297 1303048082
2952.205332 1370.665296 1303048085
2981.167992 1371.887517 1303048088
3001.855607 1373.220849 1303048090
3023.453476 1375.887513 1303048092
3045.382348 1377.665289 1303048094
3067.559470 1377.443067 1303048096
3089.240090 1377.220845 1303048098
3111.003461 1377.887511 1303048100
3132.932332 1378.331955 1303048102
3154.861203 1378.998621 1303048104
3176.459073 1379.331954 1303048106
3197.146687 1379.998620 1303048108
3261.940296 1372.776405 1303048115
3284.944923 1371.331962 1303048118
3305.301536 1355.331978 1303048122
3306.625543 1331.332002 1303048125
3307.204796 1302.776475 1303048128
3307.370297 1281.998718 1303048130
3308.032301 1260.109851 1303048132
3309.108057 1237.998762 1303048134
3309.770060 1215.221007 1303048136
3310.101062 1192.665474 1303048138
3310.763066 1170.554385 1303048140
3311.342319 1148.443296 1303048142
3311.838822 1126.443318 1303048144
3312.169824 1104.221118 1303048146
3312.831827 1081.665585 1303048148
3313.742082 1058.776719 1303048150
3314.486836 1035.776742 1303048152
3314.983339 1012.110099 1303048154
3315.562592 989.554566 1303048156
3316.141846 967.776810 1303048158
3316.390097 947.110164 1303048160
3316.638348 918.443526 1303048163
3316.803849 892.999107 1303048166
3317.548603 871.888017 1303048171
3318.210607 851.332482 1303048195
3319.038112 827.665839 1303048198
3319.451864 799.110312 1303048201
3319.865616 778.110333 1303048203
3320.610370 756.332577 1303048205
3321.189624 734.888154 1303048207
3321.603376 713.888175 1303048209
3321.851627 693.443751 1303048211
3322.596381 664.888224 1303048214
3323.258385 638.999361 1303048217
3324.003139 615.332718 1303048221
3324.665143 594.999405 1303048232
3326.402902 569.666097 1303048236
3328.719915 542.332791 1303048239
3329.878422 522.221700 1303048241
3330.705926 501.888387 1303048243
3331.285179 480.777297 1303048245
3331.533431 459.666207 1303048247
3332.195434 437.888451 1303048249
3332.774688 415.888473 1303048251
3333.271190 394.555161 1303048253
3333.602192 374.444070 1303048255
3333.933194 348.666318 1303048258
3334.264196 327.333006 1303048279
3334.512447 307.221915 1303048283
3333.767693 283.333050 1303048286
3333.188440 254.888634 1303048289
3333.105689 234.444210 1303048291
3333.684943 213.777564 1303048293
3334.264196 193.666473 1303048295
3334.926200 172.444272 1303048297
3335.257201 151.222071 1303048299
3335.505453 130.444314 1303048301
3335.919205 110.222112 1303048303
3336.167456 82.888806 1303048306
3337.987966 59.111052 1303048310
3322.513631 43.888845 1303048321
3297.853994 44.777733 1303048326
3272.863356 44.111067 1303048329
3245.059202 43.777734 1303048332
3218.827307 43.777734 1303048335
3195.905430 43.555512 1303048338
3173.149055 43.444401 1303048344
3146.255156 43.444401 1303048348
3122.340273 43.444401 1303048351
3096.108378 42.999957 1303048354
3070.207485 42.888846 1303048357
3047.285608 43.999956 1303048360
3026.680744 44.888844 1303048363
3008.310143 53.111058 1303048369
3004.089869 72.777705 1303048373
3003.758867 95.222127 1303048376
3002.765862 120.555435 1303048379
3001.855607 144.666522 1303048382
3000.117847 166.999833 1303048387
3015.343932 179.999820 1303048393
3036.776300 178.110933 1303048397
3061.022184 176.222046 1303048401
3080.220290 184.888704 1303048405
3080.882294 204.888684 1303048409
3059.449926 212.777565 1303048414
3039.424315 215.777562 1303048421
