2982.574750 815.554740 1303050679
2974.630706 834.554721 1303050691
2951.295077 842.554713 1303050695
2926.387189 841.110270 1303050698
2898.500285 838.999161 1303050701
2870.530630 837.221385 1303050704
2843.305730 835.999164 1303050707
2814.839572 834.110277 1303050710
2786.538916 832.776945 1303050713
2759.810518 831.332502 1303050716
2739.288404 827.443617 1303050719
2714.546017 829.110282 1303050726
2687.734869 832.110279 1303050730
2662.578730 831.221391 1303050733
2635.684831 831.110280 1303050736
2609.370186 830.999169 1303050739
2582.641788 827.221395 1303050742
2558.892406 825.443619 1303050745
2537.211786 824.110287 1303050750
2511.062642 828.443616 1303050776
2487.892514 826.888062 1303050779
2461.329617 824.665842 1303050782
2434.270217 824.554731 1303050785
2405.804059 823.999176 1303050788
2375.931144 824.221398 1303050791
2355.243530 824.665842 1303050793
2334.059413 824.332509 1303050795
2313.206297 824.332509 1303050797
2292.518683 824.221398 1303050799
2272.327571 823.776954 1303050801
2242.951158 822.999177 1303050804
2214.485001 822.999177 1303050807
2188.004855 823.110288 1303050810
2165.082978 823.332510 1303050813
2144.147112 822.888066 1303050817
2123.128496 821.665845 1303050821
2102.192630 821.776956 1303050824
2078.608749 821.776956 1303050827
2053.204359 821.665845 1303050830
2026.724212 821.888067 1303050833
2000.326816 821.332512 1303050836
1975.667180 822.888066 1303050839
1955.807070 825.665841 1303050842
1933.133445 824.443620 1303050847
1912.611331 820.554735 1303050853
1892.420219 817.999182 1303050856
1868.008834 816.776961 1303050859
1841.694189 816.443628 1303050862
1815.296793 816.776961 1303050865
1788.320143 816.221406 1303050868
1761.343494 816.776961 1303050871
1731.967082 817.221405 1303050874
1711.113966 816.665850 1303050876
1689.598847 815.554740 1303050878
1668.083728 814.332519 1303050880
1646.982361 813.221409 1303050882
1626.294747 812.221410 1303050884
1605.938134 811.554744 1303050886
1585.912524 810.665856 1303050888
1557.860118 810.332523 1303050891
1532.621229 807.332526 1303050894
1510.444106 805.332528 1303050900
1490.170244 805.665861 1303050904
1466.255362 803.110308 1303050907
1438.864960 801.332532 1303050910
1409.323047 800.999199 1303050913
1380.194886 800.665866 1303050916
1353.300987 801.665865 1303050919
1329.799857 802.443642 1303050922
1309.112242 798.443646 1303050929
1283.459600 807.665859 1303050937
1255.241694 807.221415 1303050940
1234.223078 808.443636 1303050942
1214.114717 809.888079 1303050944
1187.055317 815.888073 1303050947
1163.967939 814.888074 1303050950
1140.963312 817.221405 1303050964
1121.185953 812.443632 1303050967
1096.112564 806.888082 1303050970
1069.715168 806.221416 1303050973
1041.249010 805.110306 1303050976
1012.451851 803.332530 1303050979
984.813198 801.999198 1303050982
959.408808 801.443643 1303050985
935.907678 800.332533 1303050989
914.144307 800.110311 1303051016
893.125691 798.888090 1303051019
867.721300 797.776980 1303051022
839.834396 796.999203 1303051025
809.961481 795.888093 1303051028
789.439367 795.443649 1303051030
768.586252 794.776983 1303051032
747.236634 792.999207 1303051034
726.052517 791.888097 1303051036
705.116651 791.221431 1303051038
684.180785 789.554766 1303051040
663.410420 789.110322 1303051042
643.136558 788.554767 1303051044
613.760145 788.332545 1303051047
586.783496 788.776989 1303051050
563.447867 789.443655 1303051053
543.174005 789.776988 1303051059
502.791782 791.999208 1303051077
476.808138 790.554765 1303051080
447.928228 788.554767 1303051083
418.469065 787.443657 1303051086
398.443454 786.776991 1303051088
369.894546 785.443659 1303051091
344.076404 784.443660 1303051094
323.637040 784.888104 1303051097
301.708169 782.665884 1303051114
276.221028 781.554774 1303051119
255.533414 780.110331 1303051122
234.101045 779.665887 1303051125
209.358658 778.888110 1303051129
184.285270 778.554777 1303051136
163.183903 777.999222 1303051139
139.103520 777.554778 1303051142
117.340149 777.332556 1303051145
95.494028 777.999222 1303051152
88.625740 798.443646 1303051157
89.039493 823.554732 1303051160
88.956742 851.110260 1303051163
88.625740 871.554684 1303051165
87.715485 892.776885 1303051167
87.384483 914.554641 1303051169
86.970731 936.443508 1303051171
86.391478 958.554597 1303051173
85.646724 980.332353 1303051175
84.984720 1001.998998 1303051177
85.067471 1024.443420 1303051179
84.901970 1046.665620 1303051181
84.239966 1069.221153 1303051183
83.991715 1091.554464 1303051185
83.495212 1114.665552 1303051187
82.915959 1137.554418 1303051189
82.253955 1160.221062 1303051191
81.509201 1182.998817 1303051193
81.260950 1204.665462 1303051195
81.260950 1225.776552 1303051197
81.426450 1245.998754 1303051199
81.260950 1273.887615 1303051202
80.847197 1298.887590 1303051205
85.150221 1320.776457 1303051209
108.154848 1324.887564 1303051213
131.159476 1325.109786 1303051216
158.218875 1326.998673 1303051219
187.016035 1328.554227 1303051222
215.399442 1329.998670 1303051225
244.444852 1330.776447 1303051228
264.966966 1331.554224 1303051230
286.068333 1331.443113 1303051232
307.252450 1331.665335 1303051234
328.684818 1331.665335 1303051236
349.951686 1331.998668 1303051238
371.053053 1332.665334 1303051240
391.657917 1333.109778 1303051242
421.034329 1333.332000 1303051245
447.762727 1333.665333 1303051248
469.195096 1333.665333 1303051252
493.192728 1334.331999 1303051258
515.700853 1334.776443 1303051261
542.098249 1335.443109 1303051264
570.895408 1335.554220 1303051267
590.921019 1335.776442 1303051269
611.277632 1336.220886 1303051271
631.634244 1336.665330 1303051273
652.487360 1336.998663 1303051275
673.754227 1337.443107 1303051277
694.938345 1337.665329 1303051279
716.453464 1337.998662 1303051281
737.968583 1338.665328 1303051283
759.069949 1339.443105 1303051285
779.757564 1340.220882 1303051287
809.216727 1340.998659 1303051290
836.358877 1340.554215 1303051293
856.963741 1338.220884 1303051296
878.727111 1332.665334 1303051303
883.526638 1306.887582 1303051307
884.767895 1283.554272 1303051310
885.595399 1261.776516 1303051313
886.257403 1240.665426 1303051317
887.002157 1218.776559 1303051322
888.077913 1194.665472 1303051325
888.739917 1164.887724 1303051328
889.650172 1144.221078 1303051330
891.718933 1124.109987 1303051332
894.035946 1096.332237 1303051335
894.615199 1074.221148 1303051338
905.869261 1056.443388 1303051342
926.060373 1054.443390 1303051345
950.140756 1055.110056 1303051348
973.890138 1054.776723 1303051351
994.246750 1056.332277 1303051363
1014.437862 1058.221164 1303051368
1036.449484 1060.110051 1303051371
1059.867863 1062.554493 1303051374
1079.810724 1060.110051 1303051377
1103.642856 1059.554496 1303051383
1129.378248 1062.443382 1303051387
1156.106646 1063.443381 1303051390
1176.132257 1064.443380 1303051392
1206.170673 1065.665601 1303051395
1227.106539 1066.554489 1303051397
1248.456157 1067.554488 1303051399
1270.054026 1068.332265 1303051401
1291.651896 1068.110043 1303051403
1312.422261 1068.332265 1303051405
1332.447871 1068.776709 1303051407
1360.996779 1069.887819 1303051410
1387.311425 1069.332264 1303051413
1411.805560 1067.887821 1303051417
1436.796199 1069.221153 1303051431
1460.959332 1071.887817 1303051436
1483.301956 1069.665597 1303051442
1490.997749 1050.776727 1303051446
1492.818259 1028.443416 1303051449
1495.466273 1001.221221 1303051452
1496.873031 980.999019 1303051454
1499.107293 959.221263 1303051456
1500.762303 936.999063 1303051458
1501.507057 916.665750 1303051460
1501.838058 887.221335 1303051463
1503.162066 859.888029 1303051466
1504.237822 837.554718 1303051469
1506.554835 816.999183 1303051475
1528.400955 806.332527 1303051480
1551.902085 807.332526 1303051483
1578.795984 808.554747 1303051486
1603.124619 802.776975 1303051489
1630.432270 804.554751 1303051492
1656.746915 805.221417 1303051495
1679.337790 805.554750 1303051498
