2096.069096 815.554740 1303055290
2122.466492 818.221404 1303055298
2146.960627 819.888069 1303055301
2175.675036 820.999179 1303055304
2196.279900 821.665845 1303055306
2218.043271 822.110289 1303055308
2240.468645 822.443622 1303055310
2263.390522 822.776955 1303055312
2286.808901 823.443621 1303055314
2309.565277 823.888065 1303055316
2331.742400 824.665842 1303055318
2353.505770 825.221397 1303055320
2375.517392 825.665841 1303055322
2397.694515 826.221396 1303055324
2419.788887 826.776951 1303055326
2441.138505 827.554728 1303055328
2461.412367 828.554727 1303055330
2486.982259 830.221392 1303055333
2510.566139 831.554724 1303055337
2518.427432 851.888037 1303055348
2516.524172 874.332459 1303055352
2515.034664 900.332433 1303055355
2514.869163 929.332404 1303055358
2514.207159 951.221271 1303055360
2513.793407 973.221249 1303055362
2513.131403 995.110116 1303055364
2512.386649 1017.110094 1303055366
2511.972897 1038.221184 1303055368
2511.807396 1059.110052 1303055370
2513.048653 1087.221135 1303055373
2514.620911 1112.109999 1303055376
2515.034664 1132.554423 1303055382
2515.200165 1154.554401 1303055387
2515.779418 1179.221043 1303055390
2516.772423 1207.776570 1303055393
2518.261932 1227.776550 1303055395
2519.089436 1248.109863 1303055397
2519.668689 1276.665390 1303055400
2519.420438 1303.998696 1303055403
2519.420438 1328.665338 1303055406
2519.420438 1349.887539 1303055410
2536.218781 1364.443080 1303055435
2566.091696 1362.887526 1303055439
2594.392353 1363.331970 1303055442
2614.666215 1363.998636 1303055444
2635.519330 1364.109747 1303055446
2656.703447 1365.109746 1303055448
2678.053066 1365.665301 1303055450
2699.237183 1366.443078 1303055452
2720.421300 1367.220855 1303055454
2741.522667 1367.887521 1303055456
2762.541283 1368.109743 1303055458
2783.146147 1368.665298 1303055460
2803.337259 1368.665298 1303055462
2832.382669 1369.220853 1303055465
2860.435075 1370.220852 1303055468
2884.680959 1370.665296 1303055471
2905.285823 1371.554184 1303055475
2928.952454 1372.998627 1303055484
2951.791580 1373.998626 1303055487
2979.595734 1375.220847 1303055490
3009.137647 1375.665291 1303055493
3029.163258 1375.887513 1303055495
3058.953423 1376.887512 1303055498
3079.061784 1377.554178 1303055500
3099.914899 1377.998622 1303055502
3121.761020 1378.443066 1303055504
3144.020893 1379.109732 1303055506
3165.701513 1379.887509 1303055508
3186.471878 1380.443064 1303055510
3206.745740 1380.554175 1303055512
3236.204903 1377.776400 1303055515
3263.429804 1374.554181 1303055518
3287.841189 1370.665296 1303055521
3304.308530 1358.776419 1303055524
3307.122046 1336.665330 1303055527
3307.618548 1310.220912 1303055530
3307.866800 1289.554266 1303055532
3308.197802 1267.665399 1303055534
3308.611554 1245.332088 1303055536
3309.108057 1223.220999 1303055538
3309.770060 1202.332131 1303055540
3310.266563 1182.221040 1303055542
3310.763066 1154.221068 1303055545
3311.176818 1133.887755 1303055548
3312.583576 1109.665557 1303055568
3313.493831 1087.554468 1303055571
3314.238585 1059.110052 1303055574
3314.900589 1037.554518 1303055576
3315.479842 1015.332318 1303055578
3316.224596 993.443451 1303055580
3316.721099 972.999027 1303055582
3316.969350 944.443500 1303055585
3317.052101 918.221304 1303055588
3317.217602 896.999103 1303055591
3318.293357 869.665797 1303055595
3319.120862 841.554714 1303055598
3319.617365 820.554735 1303055600
3319.948367 798.332535 1303055602
3320.279368 775.443669 1303055604
3320.610370 752.554803 1303055606
3321.106873 730.221492 1303055608
3321.437875 709.110402 1303055610
3320.444869 688.999311 1303055612
3319.038112 661.999338 1303055615
3318.872611 640.888248 1303055618
3319.865616 620.443824 1303055632
3319.865616 599.888289 1303055638
3302.819022 583.888305 1303055646
3281.386653 580.777197 1303055649
3256.313265 579.666087 1303055652
3229.005614 578.777199 1303055655
3199.877452 577.999422 1303055658
3171.411295 577.443867 1303055661
3142.200383 576.999423 1303055664
3111.417213 576.110535 1303055667
3088.991839 575.443869 1303055669
3065.738960 574.443870 1303055671
3042.734333 573.554982 1303055673
3021.219214 571.221651 1303055675
2996.559578 568.999431 1303055678
2984.229759 549.888339 1303055683
2986.629523 526.999473 1303055687
2987.953530 502.221720 1303055690
2988.946535 474.332859 1303055693
2990.187792 445.888443 1303055696
2991.015297 417.666249 1303055699
2991.842802 389.555166 1303055702
2992.422055 361.999638 1303055705
2992.753057 337.666329 1303055708
2993.166809 316.110795 1303055713
2993.994313 293.777484 1303055718
2995.070069 271.333062 1303055721
2995.566572 245.444199 1303055724
2996.145825 219.110892 1303055727
2996.807829 195.666471 1303055730
3007.730889 176.333157 1303055736
3029.328759 176.222046 1303055741
3051.919634 176.777601 1303055745
3074.014006 178.888710 1303055749
3083.778560 198.555357 1303055753
3068.221474 214.666452 1303055758
3046.623605 216.555339 1303055763
