3319.865616 600.888288 1301961620
3305.715288 584.666082 1301961635
3281.386653 584.777193 1301961638
3259.623283 584.666082 1301961640
3235.873902 584.332749 1301961642
3211.959019 583.999416 1301961644
3189.450895 583.443861 1301961646
3169.259783 583.110528 1301961648
3148.654919 583.443861 1301961651
3123.995283 580.332753 1301961677
3096.687632 579.221643 1301961680
3075.751766 578.443866 1301961682
3055.726155 577.888311 1301961684
3030.570016 577.221645 1301961687
3008.641144 577.110534 1301961701
2985.222765 577.332756 1301961705
2953.694840 576.777201 1301961708
2928.290450 576.666090 1301961710
2903.217061 576.999423 1301961712
2879.798682 577.888311 1301961714
2853.070284 578.554977 1301961717
2829.982906 577.332756 1301961722
2808.302286 575.332758 1301961726
2787.118169 573.999426 1301961729
2762.706784 572.999427 1301961732
2734.406127 571.221651 1301961735
2713.553012 570.443874 1301961737
2692.286144 569.888319 1301961739
2671.515779 569.443875 1301961741
2642.387618 568.999431 1301961744
2616.403974 568.888320 1301961747
2593.813100 568.332765 1301961750
2568.987962 567.999432 1301961754
2544.907579 567.221655 1301961759
2523.723462 565.221657 1301961781
2497.739818 565.554990 1301961784
2474.817941 564.999435 1301961786
2447.593041 564.110547 1301961788
2419.623386 563.554992 1301961790
2392.812238 563.443881 1301961792
2366.414842 563.332770 1301961794
2340.762200 563.554992 1301961796
2315.192308 562.777215 1301961798
2288.712162 562.443882 1301961800
2262.232015 561.443883 1301961802
2235.586368 560.554995 1301961804
2209.106221 559.443885 1301961806
2185.108588 558.888330 1301961808
2165.000227 558.332775 1301961810
2143.071356 557.443887 1301961813
2119.652976 556.554999 1301961840
2094.165835 557.666109 1301961843
2071.161208 557.777220 1301961845
2043.853557 557.554998 1301961847
2014.311644 556.666110 1301961849
1984.273227 555.777222 1301961851
1952.745303 555.110556 1301961853
1921.465630 554.443890 1301961855
1891.096212 553.555002 1301961857
1861.885300 552.999447 1301961859
1834.081147 552.666114 1301961861
1808.925007 552.555003 1301961863
1785.837630 552.443892 1301961865
1764.322511 552.221670 1301961867
1742.145388 552.555003 1301961869
1717.899504 552.443892 1301961871
1692.246862 552.221670 1301961873
1666.263218 551.777226 1301961875
1639.783072 551.555004 1301961877
1614.130430 551.443893 1301961879
1591.125802 551.555004 1301961881
1570.851940 552.221670 1301961883
1546.440555 553.221669 1301961886
1526.166693 554.110557 1301961893
1507.051337 560.888328 1301961920
1503.989570 582.443862 1301961924
1503.327567 610.777167 1301961927
1502.582813 635.332698 1301961929
1502.169060 664.110447 1301961931
1501.176055 694.665972 1301961933
1500.348550 724.221498 1301961935
1500.183049 751.665915 1301961937
1500.679552 775.554780 1301961939
1501.920809 795.999204 1301961941
1500.183049 817.665849 1301961947
1478.502429 825.110286 1301961952
1454.504797 830.554725 1301961956
1431.334668 830.665836 1301961958
1404.937272 829.443615 1301961960
1381.684394 828.776949 1301961962
1355.535249 828.776949 1301961965
1333.689128 826.221396 1301961970
1314.656523 819.221403 1301961978
1294.879164 824.110287 1301961997
1264.757997 821.888067 1301962000
1233.147322 821.332512 1301962002
1203.439908 820.999179 1301962004
1179.442275 822.554733 1301962006
1158.092657 823.221399 1301962009
1133.019268 824.999175 1301962015
1103.560105 823.776954 1301962018
1078.900469 822.776955 1301962020
1051.096315 821.665845 1301962022
1023.788664 820.554735 1301962024
998.632525 819.888069 1301962026
978.027661 820.443624 1301962028
955.602287 821.332512 1301962032
