3043.479087 209.666457 1302978807
3059.615426 221.666445 1302978820
3078.234279 212.999787 1302978830
3078.648032 191.333142 1302978841
3057.877667 182.222040 1302978851
3036.693550 182.666484 1302978859
3015.426682 178.110933 1302978867
2996.394077 186.333147 1302978885
2996.063075 207.110904 1302978891
2996.642328 231.110880 1302978903
2996.311326 254.555301 1302978907
2995.401071 276.888612 1302978912
2994.408066 298.110813 1302978919
2992.753057 323.666343 1302978923
2992.422055 348.666318 1302978926
2990.849796 384.555171 1302978930
2990.518794 412.110699 1302978933
2990.353293 438.888450 1302978936
2989.443038 467.777310 1302978939
2988.863785 494.110617 1302978942
2988.284532 516.332817 1302978945
2987.622528 537.666129 1302978948
2982.409249 560.554995 1302978952
2963.376644 571.443873 1302978957
2938.882509 572.554983 1302978961
2914.802125 572.999427 1302978964
2891.383746 570.888318 1302978967
2871.192634 569.110542 1302978970
2849.512014 567.666099 1302978974
2828.493398 565.554990 1302978979
2806.150774 561.332772 1302978988
2783.228897 560.221662 1302978992
2756.666000 557.999442 1302978995
2736.226637 556.221666 1302978997
2714.546017 554.777223 1302978999
2692.368895 553.443891 1302979001
2669.943521 553.777224 1302979003
2633.533319 555.999444 1302979006
2609.618437 557.332776 1302979008
2586.034556 557.554998 1302979010
2562.533426 556.999443 1302979012
2539.611550 556.332777 1302979014
2517.268926 555.332778 1302979016
2496.002058 554.999445 1302979018
2474.817941 555.221667 1302979020
2447.510290 558.666108 1302979023
2419.457885 561.554994 1302979026
2398.273768 561.221661 1302979028
2376.593148 561.110550 1302979030
2353.919522 560.554995 1302979032
2330.583893 559.777218 1302979034
2306.917262 559.332774 1302979036
2282.009375 558.221664 1302979038
2257.432489 557.666109 1302979040
2233.021104 557.110554 1302979042
2208.857970 555.999444 1302979044
2185.191339 554.888334 1302979046
2162.103961 554.888334 1302979048
2138.437330 554.332779 1302979050
2114.605198 553.555002 1302979052
2091.021318 552.443892 1302979054
2067.851190 551.555004 1302979056
2044.350060 550.666116 1302979058
2020.517928 549.999450 1302979060
1997.430550 549.443895 1302979062
1975.418928 549.110562 1302979064
1952.662553 548.888340 1302979066
1929.575175 548.555007 1302979068
1906.984300 547.777230 1302979070
1885.303680 546.555009 1302979072
1856.175519 545.443899 1302979075
1833.005391 544.555011 1302979078
1812.317776 544.666122 1302979082
1791.630162 546.332787 1302979108
1768.542784 547.999452 1302979114
1743.552146 552.221670 1302979118
1722.285278 553.777224 1302979121
1700.108155 555.443889 1302979124
1668.911233 557.443887 1302979127
1644.168846 556.777221 1302979129
1619.674710 556.110555 1302979131
1595.263325 555.443889 1302979133
1572.010447 554.888334 1302979135
1549.419572 554.221668 1302979137
1528.897458 553.777224 1302979139
1501.507057 553.221669 1302979142
1475.523413 552.666114 1302979145
1451.691281 554.221668 1302979149
1426.783393 555.221667 1302979154
1402.785761 555.221667 1302979158
1378.374375 554.999445 1302979161
1349.577216 554.555001 1302979164
1329.468855 553.666113 1302979166
1309.443244 552.666114 1302979168
1289.334883 551.777226 1302979170
1268.647268 550.999449 1302979172
1247.794153 550.221672 1302979174
1226.858287 549.555006 1302979176
1206.005172 549.221673 1302979178
1184.903805 548.888340 1302979180
1163.719688 548.777229 1302979182
1141.873567 548.555007 1302979184
1119.944696 548.221674 1302979186
1097.767573 547.666119 1302979188
1074.597445 547.110564 1302979190
1050.930814 546.777231 1302979192
1027.346933 546.110565 1302979194
1003.845803 545.555010 1302979196
980.675675 545.110566 1302979198
957.505547 544.110567 1302979200
934.583670 543.555012 1302979202
912.075546 542.999457 1302979204
889.981174 542.221680 1302979206
867.804051 541.555014 1302979208
844.799424 540.555015 1302979210
821.463795 540.221682 1302979212
797.631663 539.999460 1302979214
774.130533 540.110571 1302979216
750.877654 540.221682 1302979218
727.376524 539.888349 1302979220
703.709893 539.777238 1302979222
679.712260 539.332794 1302979224
655.300875 537.332796 1302979226
630.227487 532.888356 1302979228
604.161092 525.888363 1302979230
578.011948 521.110590 1302979232
553.517812 518.888370 1302979234
530.182183 517.443927 1302979236
505.936299 516.443928 1302979238
481.607664 516.110595 1302979240
457.527281 515.777262 1302979242
433.281397 515.666151 1302979244
408.787261 515.777262 1302979246
383.713873 516.777261 1302979248
358.888735 517.777260 1302979250
334.477350 517.777260 1302979252
311.638224 517.555038 1302979254
290.454107 516.777261 1302979256
260.912193 515.999484 1302979259
232.528786 516.332817 1302979262
206.627893 515.888373 1302979265
184.864523 515.888373 1302979268
161.363393 516.332817 1302979272
140.924030 516.555039 1302979277
121.725923 523.221699 1302979294
99.052298 524.332809 1302979312
94.583773 544.555011 1302979318
95.576779 569.221653 1302979322
95.494028 593.777184 1302979326
95.825030 617.110494 1302979330
94.749274 642.221580 1302979334
94.087271 662.888226 1302979337
93.590768 686.777091 1302979340
93.011515 707.999292 1302979343
92.515012 731.665935 1302979348
93.342516 751.888137 1302979359
92.763263 775.999224 1302979388
91.522006 800.554755 1302979393
90.694502 821.443623 1302979396
90.197999 846.888042 1302979399
89.784247 872.888016 1302979402
90.197999 900.887988 1302979405
89.701496 922.887966 1302979407
89.866997 946.443498 1302979409
89.784247 969.887919 1302979411
88.956742 992.999007 1302979413
87.880986 1015.887873 1302979415
87.053482 1039.554516 1302979417
85.729474 1064.221158 1302979419
84.819219 1087.998912 1302979421
84.653718 1110.998889 1302979423
84.405467 1134.109977 1302979425
84.239966 1156.776621 1302979427
83.991715 1179.554376 1302979429
83.660713 1202.776575 1302979431
84.157216 1225.109886 1302979433
84.405467 1246.332087 1302979435
83.495212 1272.443172 1302979438
83.660713 1295.887593 1302979443
83.329711 1320.109791 1302979450
82.088454 1341.109770 1302979453
80.598946 1367.998632 1302979456
80.433445 1388.331945 1302979458
79.854192 1409.665257 1302979460
80.764447 1431.331902 1302979462
82.833208 1453.220769 1302979464
84.901970 1482.998517 1302979467
85.894975 1503.776274 1302979469
86.556979 1525.665141 1302979471
86.391478 1547.665119 1302979473
85.150221 1569.887319 1302979475
83.164210 1591.998408 1302979477
80.681696 1613.665053 1302979479
78.530184 1633.887255 1302979481
75.633918 1661.442783 1302979484
74.309911 1682.664984 1302979487
74.144410 1702.998297 1302979492
