888.160663 1221.665445 1303060445
888.822667 1200.554355 1303060458
889.815673 1177.221045 1303060461
890.891429 1149.332184 1303060464
893.622194 1120.665546 1303060467
895.690955 1093.332240 1303060470
896.435709 1071.887817 1303060473
911.413542 1057.665609 1303060477
931.852905 1056.776721 1303060480
955.023033 1056.887832 1303060483
976.124400 1056.554499 1303060486
997.143016 1056.221166 1303060513
1019.816642 1056.887832 1303060518
1041.993765 1056.887832 1303060521
1065.081142 1057.998942 1303060524
1085.189503 1057.776720 1303060527
1108.359632 1058.887830 1303060533
1133.515771 1059.776718 1303060537
1157.678905 1060.998939 1303060540
1185.069306 1061.332272 1303060543
1212.707959 1061.776716 1303060546
1238.608852 1062.443382 1303060549
1261.282478 1062.554493 1303060552
1283.045848 1062.665604 1303060555
1308.615740 1063.221159 1303060558
1336.254392 1063.554492 1303060561
1363.893045 1064.443380 1303060564
1389.959440 1064.332269 1303060567
1411.060806 1063.443381 1303060570
1438.782210 1064.665602 1303060595
1459.718075 1065.554490 1303060599
1483.219205 1064.665602 1303060603
1496.211027 1049.332284 1303060611
1496.707530 1025.776752 1303060614
1497.369534 997.110114 1303060617
1498.031537 975.776802 1303060619
1498.859042 953.554602 1303060621
1499.769297 932.221290 1303060623
1500.514051 911.554644 1303060625
1501.341556 882.221340 1303060628
1502.169060 854.554701 1303060631
1502.748314 831.999168 1303060634
1506.720335 812.110299 1303060641
1528.897458 807.110304 1303060645
1552.481339 807.776970 1303060648
1578.713234 808.776969 1303060651
1604.200375 806.999193 1303060654
1628.363508 806.888082 1303060657
1650.292380 807.776970 1303060660
1675.034767 807.776970 1303060664
1698.535897 808.110303 1303060687
1723.195533 808.665858 1303060691
1747.937920 809.776968 1303060694
1776.404077 811.332522 1303060697
1805.614989 811.999188 1303060700
1834.246647 812.443632 1303060703
1861.223297 812.999187 1303060706
1884.641676 813.443631 1303060709
1904.667287 814.110297 1303060715
1930.071678 816.554739 1303060721
1951.917798 817.332516 1303060724
1976.825686 818.221404 1303060727
2001.650824 818.332515 1303060730
2026.144959 818.888070 1303060733
2047.908329 819.443625 1303060736
2072.567966 820.332513 1303060740
2093.338331 819.888069 1303060754
2116.011956 820.443624 1303060759
2139.926839 819.888069 1303060762
2167.648242 820.221402 1303060765
2187.922104 820.554735 1303060767
2209.850975 820.999179 1303060769
2232.524601 821.110290 1303060771
2255.529228 821.554734 1303060773
2278.864857 821.888067 1303060775
2301.952235 822.888066 1303060777
2324.956862 822.999177 1303060779
2347.216735 822.665844 1303060781
2369.145607 822.888066 1303060783
2391.074478 823.110288 1303060785
2412.837848 823.554732 1303060787
2433.939215 824.443620 1303060789
2453.964826 825.332508 1303060791
2479.865719 827.554728 1303060794
2502.787596 829.554726 1303060798
2521.240948 838.332495 1303060811
2518.013680 858.999141 1303060817
2515.779418 886.888002 1303060821
2514.869163 914.110197 1303060824
2514.289910 934.887954 1303060826
2513.793407 956.665710 1303060828
2513.131403 978.887910 1303060830
2512.303899 1001.221221 1303060832
2511.559144 1022.887866 1303060834
2511.476394 1043.665623 1303060836
2510.814390 1072.332261 1303060839
2511.641895 1099.443345 1303060842
2512.717651 1120.665546 1303060845
2512.883152 1145.109966 1303060853
2513.379655 1171.109940 1303060857
2513.545155 1195.109916 1303060860
2514.786412 1223.220999 1303060863
2516.027669 1252.443192 1303060866
2515.944919 1281.109830 1303060869
2515.862168 1308.332025 1303060872
2515.696667 1330.220892 1303060875
2515.779418 1350.554205 1303060879
