2525.295720 831.888057 1303066953
2504.028853 831.332502 1303066959
2481.024226 830.221392 1303066962
2456.116338 829.221393 1303066965
2431.373951 828.888060 1303066968
2405.473058 828.221394 1303066971
2376.841399 827.554728 1303066974
2356.484787 827.221395 1303066976
2335.466170 826.665840 1303066978
2314.364804 826.332507 1303066980
2293.428938 826.110285 1303066982
2272.244821 825.888063 1303066984
2250.977953 825.443619 1303066986
2230.538590 824.888064 1303066988
2210.347478 824.443620 1303066990
2181.136567 823.776954 1303066993
2155.401174 823.332510 1303066996
2133.803305 826.221396 1303067000
2110.550426 825.110286 1303067015
2089.614560 822.999177 1303067018
2065.368676 819.888069 1303067021
2038.640278 818.554737 1303067024
2011.001625 818.221404 1303067027
1984.852481 818.110293 1303067030
1960.937598 817.554738 1303067033
1940.001732 817.332516 1303067037
1919.396869 816.888072 1303067044
1898.792005 816.888072 1303067054
1876.863133 815.888073 1303067057
1851.044990 815.443629 1303067060
1824.647594 815.110296 1303067063
1798.498450 814.665852 1303067066
1771.190799 814.221408 1303067069
1743.221144 814.665852 1303067072
1712.934476 814.665852 1303067075
1691.915860 814.110297 1303067077
1670.648992 813.332520 1303067079
1649.464875 811.888077 1303067081
1628.115257 811.332522 1303067083
1607.510393 810.776967 1303067085
1578.216731 809.999190 1303067088
1551.074581 809.332524 1303067091
1527.573451 809.999190 1303067094
1507.547840 809.665857 1303067100
1487.025727 809.110302 1303067104
1463.524597 807.554748 1303067107
1440.271718 806.110305 1303067110
1412.219313 803.888085 1303067113
1390.952445 804.110307 1303067115
1361.410532 803.888085 1303067118
1335.757890 803.554752 1303067121
1315.566778 804.332529 1303067126
1295.210165 804.888084 1303067131
1269.805775 807.554748 1303067137
1239.188105 805.443639 1303067140
1215.604225 805.332528 1303067142
1194.006355 805.999194 1303067144
1173.980745 806.776971 1303067146
1148.162602 806.999193 1303067149
1128.136991 803.665863 1303067155
1104.056608 795.776982 1303067165
1080.555478 793.888095 1303067168
1052.834075 793.888095 1303067171
1024.036915 793.665873 1303067174
996.646514 793.443651 1303067177
970.662870 793.221429 1303067180
950.637259 795.776982 1303067183
928.625637 797.332536 1303067197
903.800500 795.665871 1303067201
879.720117 793.999206 1303067204
852.412466 792.221430 1303067207
823.367055 791.332542 1303067210
803.093193 790.888098 1303067212
782.736580 790.221432 1303067214
761.883465 789.665877 1303067216
740.947599 789.443655 1303067218
720.508236 788.888100 1303067220
699.820622 788.554767 1303067222
679.381258 788.110323 1303067224
650.418598 787.999212 1303067227
623.938452 787.776990 1303067230
599.940819 787.888101 1303067233
562.454862 789.221433 1303067239
536.222966 790.332543 1303067246
480.449158 789.665877 1303067253
451.817500 788.221434 1303067256
421.944584 786.776991 1303067259
401.918974 786.221436 1303067261
372.956313 785.776992 1303067264
346.227915 785.332548 1303067267
324.547295 786.110325 1303067270
304.687186 789.221433 1303067291
281.517057 786.888102 1303067306
259.505436 784.776993 1303067309
234.928550 783.332550 1303067312
212.420425 782.554773 1303067315
188.836545 782.221440 1303067321
164.342409 782.332551 1303067325
140.427527 782.332551 1303067328
117.588401 782.221440 1303067331
95.328527 783.110328 1303067335
89.204994 802.999197 1303067341
89.204994 827.665839 1303067353
88.625740 850.443594 1303067356
87.798236 877.110234 1303067359
86.556979 906.110205 1303067362
85.729474 935.332398 1303067365
85.232972 963.443481 1303067368
84.901970 991.443453 1303067371
84.239966 1020.887868 1303067374
83.495212 1051.332282 1303067377
82.998709 1072.443372 1303067379
82.253955 1093.776684 1303067381
81.757452 1115.665551 1303067383
81.095449 1137.221085 1303067385
80.267944 1158.776619 1303067387
79.688691 1180.221042 1303067389
79.274939 1200.998799 1303067391
79.026687 1221.332112 1303067393
78.861186 1250.332083 1303067396
79.274939 1276.665390 1303067399
81.178199 1297.776480 1303067403
87.467234 1319.443125 1303067421
111.133865 1321.443123 1303067425
134.221243 1323.443121 1303067428
160.949640 1325.109786 1303067431
189.581299 1326.554229 1303067434
217.633704 1327.665339 1303067437
242.293340 1328.554227 1303067440
262.980955 1330.665336 1303067446
289.874854 1331.776446 1303067471
315.692996 1332.332001 1303067474
344.986659 1332.776445 1303067477
365.177770 1333.220889 1303067479
385.451632 1333.554222 1303067481
414.910795 1334.220888 1303067484
442.135696 1335.109776 1303067487
462.657810 1335.776442 1303067490
