3384.907476 1374.331959 1303133184
3359.172084 1374.109737 1303133187
3333.188440 1373.998626 1303133190
3312.087073 1371.998628 1303133195
3304.805033 1348.109763 1303133202
3305.798038 1322.998677 1303133205
3306.956545 1301.776476 1303133207
3307.701299 1277.998722 1303133209
3308.197802 1252.554303 1303133211
3308.942556 1225.887663 1303133213
3309.190807 1199.887689 1303133215
3309.439059 1177.332156 1303133217
3309.521809 1153.554402 1303133220
3311.756071 1131.443313 1303133237
3313.493831 1103.221119 1303133241
3314.155835 1073.998926 1303133244
3314.569587 1051.887837 1303133246
3315.066090 1028.776749 1303133248
3315.645343 1005.776772 1303133250
3316.472847 982.665684 1303133252
3317.217602 958.887930 1303133254
3317.796855 935.110176 1303133256
3318.293357 914.443530 1303133258
3318.707110 893.665773 1303133261
3319.203613 872.110239 1303133272
3305.798038 855.888033 1303133277
3283.538165 855.110256 1303133280
3254.244503 854.443590 1303133283
3233.143136 853.776924 1303133285
3206.993992 853.221369 1303133288
3185.396122 852.221370 1303133310
3158.336723 851.110260 1303133314
3138.145611 851.110260 1303133316
3115.389235 850.332483 1303133318
3091.391602 849.221373 1303133320
3068.221474 847.332486 1303133322
3046.623605 845.332488 1303133324
3020.226209 843.332490 1303133327
2999.124842 841.888047 1303133332
2979.099231 841.110270 1303133351
2954.605095 840.332493 1303133354
2934.413984 839.110272 1303133356
2912.071360 838.443606 1303133358
2888.404729 837.888051 1303133360
2864.489847 837.332496 1303133362
2841.236968 835.888053 1303133364
2819.225347 835.888053 1303133366
2798.206730 835.888053 1303133368
2778.098369 835.443609 1303133370
2754.762740 834.776943 1303133373
2734.240626 834.999165 1303133378
2713.966764 835.332498 1303133383
2689.969131 834.888054 1303133386
2662.164978 834.332499 1303133389
2622.444758 833.110278 1303133393
2600.846888 831.554724 1303133395
2579.166268 830.665836 1303133397
2558.313153 830.443614 1303133399
2537.791040 830.110281 1303133401
2516.855174 828.888060 1303133403
2495.671057 828.443616 1303133405
2474.321438 828.221394 1303133407
2452.640819 827.776950 1303133409
2430.546446 826.554729 1303133411
2408.286573 825.110286 1303133413
2385.364696 824.443620 1303133415
2361.449814 823.888065 1303133417
2336.872928 823.332510 1303133419
2312.378793 822.888066 1303133421
2287.719156 822.332511 1303133423
2263.059520 821.443623 1303133425
2238.730885 820.554735 1303133427
2215.147005 819.665847 1303133429
2191.480374 819.332514 1303133431
2167.979244 819.221403 1303133433
2145.471119 818.888070 1303133435
2123.459497 818.332515 1303133437
2101.282375 817.665849 1303133439
2078.608749 817.221405 1303133441
2056.348876 816.776961 1303133443
2034.171753 816.332517 1303133445
2012.822135 815.554740 1303133447
1991.886270 814.665852 1303133449
1971.529657 814.221408 1303133451
1943.311751 813.332520 1303133454
1919.065867 811.999188 1303133459
1895.068234 811.332522 1303133465
1868.836339 811.110300 1303133468
1839.046174 810.776967 1303133471
1809.587011 810.221412 1303133474
1782.031109 809.888079 1303133477
1758.612729 810.665856 1303133481
1737.428612 810.776967 1303133487
1715.996243 810.443634 1303133490
1689.185095 809.999190 1303133493
1659.229429 809.221413 1303133496
1629.770266 807.999192 1303133499
1601.883362 807.221415 1303133502
1575.816968 807.110304 1303133505
1555.543106 807.443637 1303133508
1533.779735 807.443637 1303133512
1512.678368 806.888082 1303133524
1491.577002 806.888082 1303133528
1466.007110 804.999195 1303133531
1435.968694 802.221420 1303133534
1408.247291 803.110308 1303133537
1387.973429 805.665861 1303133543
