3666.755535 2355.330978 1303137552
3691.166920 2356.442088 1303137556
3712.351038 2355.553200 1303137559
3738.169180 2357.553198 1303137563
3760.925556 2361.553194 1303137566
3781.116668 2356.219866 1303137572
3786.164446 2336.442108 1303137580
3765.890584 2337.997662 1303137601
3772.841622 2317.219905 1303137618
3777.227396 2293.886595 1303137623
3791.460475 2271.775506 1303137629
3812.313591 2256.108855 1303137637
3826.960422 2239.886649 1303137639
3840.696998 2216.997783 1303137641
3821.829893 2206.997793 1303137657
3819.678381 2182.331151 1303137670
3820.009383 2157.664509 1303137673
3821.912644 2135.775642 1303137676
3827.787926 2109.775668 1303137680
3830.601442 2081.775696 1303137683
3832.339201 2054.664612 1303137685
3833.332207 2026.886862 1303137688
3832.918455 2006.664660 1303137690
3830.518691 1974.553581 1303137693
3826.132917 1953.442491 1303137695
3822.988400 1932.553623 1303137699
3821.498891 1912.442532 1303137724
3820.009383 1890.998109 1303137727
3820.671387 1864.553691 1303137731
3822.491897 1837.442607 1303137734
3825.222662 1817.442627 1303137737
3826.546669 1795.775982 1303137761
3828.118928 1770.664896 1303137765
3828.863682 1746.887142 1303137768
3829.608436 1719.331614 1303137771
3829.277434 1699.331634 1303137773
3829.525686 1678.664988 1303137775
3830.104939 1658.220564 1303137777
3829.691187 1628.887260 1303137780
3829.856688 1608.776169 1303137782
3830.104939 1588.109523 1303137784
3830.270440 1559.442885 1303137787
3831.842699 1535.442909 1303137790
3834.242462 1511.109600 1303137794
3832.835704 1484.998515 1303137797
3832.090950 1458.998541 1303137799
3830.932444 1438.220784 1303137801
3829.856688 1414.109697 1303137804
3826.877671 1392.776385 1303137820
3808.672570 1382.554173 1303137825
3786.164446 1381.776396 1303137828
3760.180802 1380.220842 1303137831
3737.672678 1380.109731 1303137834
3715.578305 1380.998619 1303137853
3694.725190 1381.220841 1303137856
3666.176282 1380.554175 1303137859
3644.081910 1380.220842 1303137861
3620.580780 1379.665287 1303137863
3597.327901 1379.443065 1303137865
3574.323274 1378.998621 1303137867
3550.739393 1377.998622 1303137869
3527.486515 1377.109734 1303137871
3504.316387 1376.220846 1303137873
3481.311759 1375.554180 1303137875
3458.389883 1375.109736 1303137877
3436.212760 1374.998625 1303137879
3414.863142 1374.665292 1303137881
3394.092777 1374.331959 1303137883
3366.785126 1373.887515 1303137886
3344.359752 1373.443071 1303137889
3323.341135 1371.998628 1303137892
3304.722282 1358.109753 1303137896
3303.481026 1337.998662 1303137899
3305.467037 1311.109800 1303137902
3306.211791 1290.443154 1303137904
3306.873794 1268.776509 1303137906
3307.535798 1246.776531 1303137908
3308.363303 1225.220997 1303137910
3309.025306 1204.554351 1303137912
3309.439059 1176.554379 1303137915
3309.852811 1155.776622 1303137918
3311.507820 1134.998865 1303137936
3312.666326 1114.554441 1303137940
3313.162829 1090.110021 1303137943
3313.990334 1060.554495 1303137946
3314.321336 1039.776738 1303137948
3314.404086 1019.221203 1303137950
3314.735088 998.443446 1303137952
3315.066090 976.999023 1303137954
3315.562592 956.443488 1303137956
3315.893594 927.665739 1303137959
3316.224596 905.221317 1303137962
3316.886600 884.443560 1303137974
3317.465853 862.888026 1303137980
3297.191991 853.221369 1303137997
3277.166380 853.443591 1303138000
3254.741006 852.332481 1303138003
3233.556889 852.110259 1303138006
3212.124520 851.332482 1303138010
3191.933408 850.554705 1303138014
3170.087288 848.999151 1303138017
3145.262150 846.776931 1303138020
3118.782004 845.999154 1303138023
3092.384608 845.110266 1303138026
3067.228469 843.665823 1303138029
3043.975590 841.443603 1303138032
3018.819451 839.221383 1303138036
2993.994313 837.999162 1303138040
2971.651690 837.554718 1303138043
2946.909303 836.554719 1303138046
2920.098155 835.332498 1303138049
2891.218245 833.665833 1303138052
2870.861632 832.999167 1303138054
2850.836021 833.110278 1303138056
2821.294108 833.443611 1303138059
2792.910701 832.554723 1303138062
2767.009808 831.888057 1303138065
2744.336182 831.110280 1303138068
2721.745307 830.665836 1303138076
2696.754669 829.776948 1303138080
2661.089222 828.554727 1303138084
2632.043811 827.665839 1303138087
2611.604448 826.888062 1303138089
2590.668582 826.332507 1303138091
2569.898217 826.110285 1303138093
2542.342315 826.888062 1303138096
