3327.395908 429.332904 1303170066
3330.540425 407.888481 1303170079
3331.533431 382.777395 1303170084
3332.443686 358.777419 1303170089
3333.022939 335.110776 1303170094
3333.188440 311.444133 1303170098
3334.181445 284.555271 1303170102
3334.512447 261.999738 1303170105
3334.760699 238.221984 1303170108
3335.174451 213.999786 1303170111
3335.753704 188.666478 1303170114
3336.001955 163.666503 1303170117
3336.663959 138.555417 1303170120
3337.656965 112.888776 1303170123
3338.236218 88.444356 1303170126
3338.401719 66.999933 1303170129
3334.181445 46.333287 1303170137
3309.025306 44.999955 1303170142
3285.772428 44.999955 1303170146
3260.119786 44.222178 1303170150
3239.432171 43.222179 1303170153
3217.503300 42.777735 1303170156
3196.153682 42.444402 1303170159
3172.900803 41.999958 1303170166
3152.047688 41.444403 1303170170
3131.773826 40.555515 1303170173
3109.348452 39.999960 1303170176
3085.516320 39.777738 1303170179
3062.511692 39.444405 1303170182
3040.748322 38.666628 1303170185
3015.674933 38.111073 1303170189
2997.469833 48.777729 1303170199
2996.063075 73.777704 1303170205
2995.897574 94.777683 1303170208
2995.483822 116.333217 1303170211
2995.235570 137.444307 1303170214
2994.573567 158.110953 1303170218
2993.580561 182.888706 1303170224
2993.249559 209.222013 1303170228
2992.670306 231.221991 1303170231
2992.256554 253.444191 1303170234
2991.511800 274.221948 1303170237
2991.263548 295.444149 1303170242
2990.518794 320.555235 1303170248
2989.939541 347.666319 1303170252
2989.112036 370.888518 1303170255
2988.284532 394.999605 1303170258
2987.788029 419.555136 1303170261
2987.457027 444.332889 1303170264
2986.629523 469.777308 1303170267
2985.471016 494.999505 1303170270
2984.478011 518.332815 1303170273
2983.236754 543.888345 1303170277
2982.160998 564.999435 1303170283
2962.300888 577.666089 1303170289
2935.655241 577.221645 1303170293
2912.319612 576.443868 1303170296
2887.577225 575.888313 1303170299
2861.841832 574.999425 1303170302
2835.940939 574.332759 1303170305
2809.626293 573.666093 1303170308
2783.725400 572.443872 1303170311
2758.569261 571.777206 1303170314
2733.495872 571.221651 1303170317
2707.098476 570.888318 1303170320
2679.708075 569.888319 1303170323
2651.738420 569.554986 1303170326
2623.851516 569.443875 1303170329
2597.123118 568.999431 1303170332
2571.884228 568.777209 1303170335
2549.293353 568.666098 1303170338
2528.605739 568.554987 1303170344
2519.420438 587.332746 1303170350
2517.930930 612.999387 1303170354
2517.103425 635.332698 1303170357
2516.358671 658.999341 1303170360
2515.779418 683.777094 1303170363
2515.200165 708.888180 1303170366
2514.538161 732.443712 1303170369
2514.041658 754.332579 1303170372
2514.041658 779.665887 1303170376
2514.620911 802.443642 1303170380
2514.207159 825.332508 1303170405
2513.545155 851.665815 1303170409
2512.717651 875.999124 1303170412
2511.310893 902.332431 1303170415
2510.483389 929.887959 1303170418
2509.573133 958.665708 1303170421
2508.828379 987.221235 1303170424
2508.331877 1015.665651 1303170427
2507.918124 1043.998956 1303170430
2508.414627 1071.221151 1303170433
2508.993880 1096.443348 1303170436
2509.821385 1118.776659 1303170439
2510.400638 1140.665526 1303170446
2511.062642 1160.998839 1303170450
2512.055647 1186.109925 1303170454
2512.800401 1207.109904 1303170457
2515.613917 1232.776545 1303170461
2516.937924 1252.776525 1303170467
