3325.989150 429.332904 1303171219
3330.374924 405.555150 1303171237
3331.533431 381.555174 1303171242
3331.947183 358.555197 1303171246
3332.609187 336.555219 1303171250
3331.864433 312.444132 1303171265
3331.947183 289.777488 1303171269
3332.774688 269.777508 1303171272
3333.188440 247.555308 1303171275
3333.022939 224.110887 1303171278
3333.353941 199.110912 1303171281
3333.767693 172.888716 1303171284
3334.098695 147.110964 1303171287
3334.429697 121.888767 1303171290
3334.429697 98.555457 1303171293
3334.015944 77.666589 1303171296
3334.760699 57.555498 1303171303
3315.976345 45.999954 1303171310
3293.881972 46.111065 1303171314
3267.153575 44.888844 1303171318
3245.141953 44.111067 1303171321
3223.461333 43.555512 1303171324
3202.194465 43.111068 1303171327
3180.348344 42.666624 1303171332
3155.440457 41.999958 1303171338
3129.125811 41.666625 1303171342
3107.279690 41.333292 1303171345
3085.764571 40.888848 1303171348
3065.076957 40.333293 1303171351
3044.720344 39.888849 1303171354
3020.722711 39.333294 1303171358
3000.283348 46.222176 1303171366
2997.966335 66.444378 1303171372
2997.304332 90.333243 1303171376
2996.476827 111.111000 1303171379
2995.732073 132.110979 1303171382
2995.070069 156.222066 1303171386
2994.325315 176.222046 1303171392
2993.497811 199.666467 1303171396
2992.835807 220.333113 1303171399
2992.422055 241.777536 1303171402
2992.008302 262.444182 1303171405
2991.098047 286.555269 1303171409
2990.684295 311.110800 1303171416
2990.105042 335.221887 1303171420
2989.443038 357.332976 1303171423
2988.615534 381.332952 1303171426
2987.622528 405.888483 1303171429
2987.126025 430.555125 1303171432
2986.546772 455.221767 1303171435
2985.884769 480.110631 1303171438
2985.057264 503.888385 1303171441
2983.816007 527.666139 1303171444
2982.657501 548.888340 1303171447
2975.789213 570.777207 1303171451
2952.536334 576.777201 1303171455
2931.931470 576.554979 1303171458
2908.761342 575.777202 1303171461
2884.680959 574.888314 1303171464
2861.345330 574.221648 1303171467
2840.823216 573.666093 1303171470
2818.977095 573.221649 1303171474
2798.951484 572.888316 1303171501
2775.946857 572.221650 1303171505
2754.514489 571.999428 1303171508
2730.268604 571.221651 1303171511
2704.698713 570.554985 1303171514
2678.549568 569.999430 1303171517
2650.000660 569.443875 1303171520
2620.955250 568.777209 1303171523
2593.151096 568.443876 1303171526
2566.422698 568.110543 1303171529
2542.590566 567.999432 1303171532
2521.985702 577.221645 1303171537
2519.999691 598.110513 1303171541
2518.510183 618.666048 1303171544
2517.020675 641.999358 1303171547
2515.944919 666.777111 1303171550
2515.531166 692.999307 1303171553
2514.620911 718.999281 1303171556
2513.710656 743.777034 1303171559
2513.131403 765.888123 1303171562
2513.048653 789.332544 1303171566
2513.545155 812.554743 1303171576
2513.627906 834.443610 1303171580
2512.883152 855.332478 1303171583
2511.724645 878.554677 1303171586
2510.483389 902.332431 1303171589
2509.573133 927.110184 1303171592
2508.662878 953.776824 1303171595
2508.331877 981.332352 1303171598
2507.587123 1009.332324 1303171601
2507.338871 1037.332296 1303171604
2507.007869 1062.443382 1303171607
2507.587123 1087.776690 1303171610
2508.331877 1109.998890 1303171613
2508.580128 1130.332203 1303171619
2509.324882 1153.221069 1303171624
2509.904135 1173.776604 1303171627
2510.566139 1196.443248 1303171630
2512.138398 1220.665446 1303171633
2514.207159 1244.665422 1303171636
2514.538161 1269.109842 1303171639
2514.124409 1292.776485 1303171642
2513.710656 1314.443130 1303171645
2513.296904 1339.220883 1303171649
2517.186176 1359.554196 1303171653
2537.625539 1362.887526 1303171657
2563.112680 1363.443081 1303171661
2584.545048 1364.443080 1303171664
2607.053173 1365.331968 1303171667
2630.471552 1366.331967 1303171670
2653.889932 1367.665299 1303171673
2677.556563 1368.331965 1303171676
2701.554196 1369.665297 1303171679
2725.055326 1370.443074 1303171682
2748.308204 1371.331962 1303171685
2772.305837 1372.109739 1303171688
2795.972468 1372.665294 1303171691
2818.894345 1372.887516 1303171694
2842.395475 1373.109738 1303171697
2863.827843 1373.220849 1303171700
2884.184456 1373.220849 1303171704
2906.527080 1373.887515 1303171727
2931.103965 1374.220848 1303171731
2953.363839 1374.998625 1303171734
2976.699468 1375.220847 1303171737
3000.531600 1376.109735 1303171740
3024.115480 1376.998623 1303171743
3046.871856 1377.665289 1303171746
3068.966228 1377.887511 1303171749
3093.791366 1378.331955 1303171753
3116.133989 1379.109732 1303171767
3140.214372 1379.776398 1303171771
3161.563990 1380.331953 1303171774
3183.327361 1381.220841 1303171777
3205.173482 1381.554174 1303171780
3225.695595 1379.443065 1303171783
3246.465960 1376.776401 1303171786
3272.035852 1373.331960 1303171790
3292.392464 1370.665296 1303171798
3302.570771 1352.665314 1303171803
3302.984523 1331.443113 1303171806
3303.481026 1307.665359 1303171809
3304.143029 1281.332052 1303171812
3305.053284 1253.665413 1303171815
3305.632537 1225.998774 1303171818
3306.211791 1198.554357 1303171821
3306.294541 1172.887716 1303171824
3305.136035 1151.443293 1303171827
3307.287547 1127.998872 1303171843
3309.439059 1105.554450 1303171847
3310.101062 1083.554472 1303171850
3310.845816 1058.998941 1303171853
3311.259569 1032.776745 1303171856
3311.507820 1006.221216 1303171859
3312.252574 979.776798 1303171862
3312.749077 954.110157 1303171865
3313.080079 929.776848 1303171868
3312.997328 908.110203 1303171871
3313.493831 887.221335 1303171875
3314.238585 867.221355 1303171896
3315.231591 841.443603 1303171900
3315.479842 817.776960 1303171903
3315.728093 791.888097 1303171906
3316.390097 764.110347 1303171909
3317.134851 736.665930 1303171912
3317.714104 710.888178 1303171915
3318.458858 686.665980 1303171918
3319.203613 663.999336 1303171921
3319.534614 637.777140 1303171925
3319.782866 617.554938 1303171929
3320.362119 592.999407 1303171936
3321.024123 571.221651 1303171939
3322.927383 547.110564 1303171942
3324.582392 522.888366 1303171945
3325.575398 499.332834 1303171948
3326.402902 478.332855 1303171951
3326.485653 454.555101 1303171955
3324.251390 433.666233 1303171961
