86.308727 822.443622 1301967625
85.315722 850.332483 1301967628
84.570968 874.888014 1301967630
83.908964 902.332431 1301967632
83.329711 929.332404 1301967634
83.164210 954.887934 1301967636
83.246961 975.999024 1301967638
83.908964 998.776779 1301967641
83.826214 1020.443424 1301967647
83.329711 1044.665622 1301967651
82.667707 1064.665602 1301967653
81.922953 1088.332245 1301967655
81.343700 1112.776665 1301967657
80.433445 1137.109974 1301967659
79.688691 1161.998838 1301967661
79.605940 1187.665479 1301967663
79.936942 1213.554342 1301967665
79.771441 1238.109873 1301967667
79.026687 1261.109850 1301967669
78.447434 1281.998718 1301967671
78.199183 1304.887584 1301967674
79.274939 1324.887564 1301967693
102.114065 1330.332003 1301967698
130.166470 1331.220891 1301967701
153.336598 1332.109779 1301967703
179.816745 1332.220890 1301967705
206.296891 1332.220890 1301967707
229.798021 1332.109779 1301967709
255.947166 1329.554226 1301967712
279.365546 1330.776447 1301967737
305.349189 1331.887557 1301967740
329.098571 1332.109779 1301967742
355.578717 1332.554223 1301967744
384.210376 1332.998667 1301967746
412.511032 1332.776445 1301967748
437.749922 1331.998668 1301967750
457.775533 1331.776446 1301967752
478.876899 1331.998668 1301967757
506.763804 1333.443111 1301967761
528.858176 1334.220888 1301967763
555.172821 1335.220887 1301967765
584.383733 1335.998664 1301967767
614.422149 1336.443108 1301967769
643.715811 1336.665330 1301967771
671.933717 1337.220885 1301967773
699.324119 1337.776440 1301967775
725.969766 1337.998662 1301967777
751.208656 1338.220884 1301967779
775.454540 1338.776439 1301967781
798.707419 1339.220883 1301967783
819.974286 1338.998661 1301967785
844.716673 1336.443108 1301967788
865.487038 1336.331997 1301967810
879.223614 1319.998680 1301967818
880.795873 1293.109818 1301967821
882.864634 1272.443172 1301967823
887.250408 1251.776526 1301967826
892.132685 1229.109882 1301967832
890.560427 1203.887685 1301967835
889.981174 1181.221041 1301967837
890.891429 1155.665511 1301967839
893.870445 1130.443314 1301967841
897.263214 1107.665559 1301967843
898.752722 1079.443365 1301967846
911.992795 1058.665608 1301967850
939.300446 1058.221164 1301967854
968.511358 1057.665609 1301967857
993.336495 1057.110054 1301967859
1018.906387 1058.110053 1301967861
1043.317772 1058.554497 1301967863
1065.908647 1059.443385 1301967865
1093.712801 1056.776721 1301967868
1117.296681 1058.443386 1301967875
1145.266336 1063.665603 1301967879
1175.635754 1065.998934 1301967882
1197.978377 1067.776710 1301967884
1223.217267 1068.332265 1301967886
1246.966648 1068.110043 1301967888
1272.619290 1065.998934 1301967891
1296.782424 1062.110049 1301967908
1319.952552 1064.221158 1301967911
1340.888418 1065.221157 1301967913
1362.403537 1065.998934 1301967915
1383.670405 1065.998934 1301967917
1404.523520 1065.887823 1301967919
1426.121390 1066.221156 1301967921
1448.050261 1066.665600 1301967923
1468.489624 1065.443379 1301967925
1491.411501 1064.221158 1301967928
1501.093304 1043.776734 1301967934
1500.514051 1021.110090 1301967937
1500.927803 999.443445 1301967939
1501.424306 973.887915 1301967941
1502.831064 944.776833 1301967943
1503.410317 915.221307 1301967945
1503.410317 886.665780 1301967947
1503.575818 860.776917 1301967949
1503.493068 839.776938 1301967951
1504.817075 817.776960 1301967955
1506.306583 796.110315 1301967963
1505.065326 766.777011 1301967966
1504.734325 745.221477 1301967968
1504.320572 720.665946 1301967970
1504.320572 693.332640 1301967972
1504.403323 665.443779 1301967974
1504.568824 640.110471 1301967976
1504.982576 617.110494 1301967978
1504.155071 589.554966 1301967981
1498.445290 569.888319 1301967999
1505.810080 551.110560 1301968017
1510.526857 526.443918 1301968022
1533.862486 522.332811 1301968026
1564.728406 526.110585 1301968029
1591.374054 526.777251 1301968031
1618.185202 527.666139 1301968033
1643.341341 528.443916 1301968035
1670.483491 528.999471 1301968038
1691.088355 530.110581 1301968044
1718.065005 535.666131 1301968050
1747.027665 539.555016 1301968053
1772.763057 541.221681 1301968055
1801.808468 542.221680 1301968057
1833.501893 542.777235 1301968059
1866.933078 542.888346 1301968061
1900.860766 542.666124 1301968063
1935.036705 542.666124 1301968065
1968.964393 542.777235 1301968067
2001.733574 543.332790 1301968069
2033.344249 543.666123 1301968071
2063.548166 544.221678 1301968073
2092.262575 544.666122 1301968075
2120.314980 545.666121 1301968077
2147.953633 546.666120 1301968079
2174.433779 547.332786 1301968081
2200.003671 547.999452 1301968083
2225.573562 549.332784 1301968085
2251.970958 550.555005 1301968087
2279.278609 551.777226 1301968089
2307.165514 552.666114 1301968091
2335.714422 553.777224 1301968093
2364.346080 554.777223 1301968095
2393.225990 555.666111 1301968097
2422.271401 556.221666 1301968099
2451.068560 556.888332 1301968101
2479.120965 557.443887 1301968103
2506.263115 558.110553 1301968105
2533.074264 558.221664 1301968107
2560.133663 558.666108 1301968109
2588.186068 559.443885 1301968111
2617.231479 560.110551 1301968113
2646.028638 560.554995 1301968115
2673.336289 560.666106 1301968117
2698.244177 560.554995 1301968119
2719.842047 560.554995 1301968121
2747.811701 560.777217 1301968124
2771.726584 561.666105 1301968127
2795.724217 563.110548 1301968130
2821.956112 565.554990 1301968133
2851.911777 567.888321 1301968136
2873.013144 568.888320 1301968138
2894.280012 569.554986 1301968140
2914.305623 569.554986 1301968142
2938.799758 570.443874 1301968145
2961.804385 572.999427 1301968149
2983.898758 576.221646 1301968171
2992.008302 595.999404 1301968175
2991.180798 623.554932 1301968178
2989.774040 647.888241 1301968180
2988.532783 673.221549 1301968182
2987.705279 698.777079 1301968184
2986.877774 723.888165 1301968186
2986.050269 748.888140 1301968188
2984.974514 773.443671 1301968190
2983.981508 795.554760 1301968192
2982.160998 817.776960 1301968195
2988.036280 837.554718 1301968217
3016.005935 840.443604 1301968221
3037.521054 839.999160 1301968223
3061.684188 840.443604 1301968225
3087.667832 841.554714 1301968227
3114.478980 842.443602 1301968229
3140.628125 841.776936 1301968231
3162.970748 840.110271 1301968233
3186.223627 836.110275 1301968236
3206.249238 837.554718 1301968244
