2532.577761 569.110542 1303172730
2520.165192 589.110522 1303172735
2519.089436 613.554942 1303172738
2517.351677 643.777134 1303172741
2516.358671 665.221557 1303172743
2515.696667 686.777091 1303172745
2515.117414 708.221514 1303172747
2514.786412 729.554826 1303172749
2514.289910 750.665916 1303172751
2513.793407 771.221451 1303172753
2513.627906 791.443653 1303172755
2513.627906 819.554736 1303172758
2512.883152 847.332486 1303172761
2511.228143 875.665791 1303172764
2510.069636 905.554650 1303172767
2509.738634 925.887963 1303172769
2509.324882 947.110164 1303172771
2508.745629 968.554587 1303172773
2508.414627 990.332343 1303172775
2507.835374 1011.554544 1303172777
2507.338871 1032.443412 1303172779
2507.090620 1061.887827 1303172782
2508.083625 1088.110023 1303172785
2509.324882 1112.776665 1303172788
2509.821385 1134.443310 1303172794
2510.400638 1155.443289 1303172798
2510.814390 1177.665489 1303172801
2511.393644 1203.554352 1303172804
2513.048653 1230.887658 1303172807
2514.207159 1258.776519 1303172810
2514.207159 1285.443159 1303172813
2513.876157 1310.776467 1303172816
2513.793407 1332.220890 1303172819
2514.289910 1353.554202 1303172825
2536.053280 1362.665304 1303172832
2563.112680 1363.220859 1303172836
2585.455303 1364.220858 1303172839
2609.039184 1364.998635 1303172842
2633.533319 1366.109745 1303172845
2658.523958 1367.331966 1303172848
2685.169605 1368.331965 1303172851
2712.973759 1369.331964 1303172854
2739.867658 1369.665297 1303172857
2765.023797 1370.665296 1303172860
2789.600683 1371.443073 1303172863
2814.094818 1372.331961 1303172866
2838.423453 1373.109738 1303172869
2862.090084 1373.665293 1303172872
2885.260212 1373.665293 1303172876
2906.527080 1374.331959 1303172890
2933.007226 1374.665292 1303172894
2957.253110 1375.443069 1303172897
2982.905752 1376.220846 1303172900
3008.558394 1377.665289 1303172903
3033.383531 1378.443066 1303172906
3058.043168 1378.887510 1303172909
3083.613059 1379.443065 1303172912
3110.672459 1379.776398 1303172915
3138.145611 1380.109731 1303172918
3165.453262 1381.109730 1303172921
3191.436906 1381.887507 1303172924
3217.503300 1380.998619 1303172927
3242.742190 1378.554177 1303172930
3266.905323 1375.998624 1303172933
3287.344686 1373.220849 1303172936
3303.894778 1357.331976 1303172940
3304.391281 1336.109775 1303172943
3305.053284 1310.443134 1303172946
3305.549787 1281.998718 1303172949
3306.211791 1252.776525 1303172952
3307.122046 1223.443221 1303172955
3307.535798 1194.665472 1303172958
3308.363303 1165.776612 1303172961
3309.190807 1138.776639 1303172964
3309.852811 1112.221110 1303172967
3310.266563 1084.110027 1303172970
3310.928567 1054.776723 1303172973
3311.425070 1024.998975 1303172976
3311.921572 995.554560 1303172979
3312.749077 966.999033 1303172982
3313.328330 940.443504 1303172985
3313.990334 915.443529 1303172988
3314.817838 891.332442 1303172992
3315.231591 867.888021 1303173006
3315.810844 846.999153 1303173009
3316.224596 821.221401 1303173012
3316.638348 792.221430 1303173015
3317.052101 771.888117 1303173017
3317.465853 751.221471 1303173019
3317.796855 730.554825 1303173021
3318.458858 700.999299 1303173024
3319.534614 673.443771 1303173027
3320.444869 647.666019 1303173030
3321.189624 625.777152 1303173033
3322.099879 602.666064 1303173044
3322.348130 577.221645 1303173048
3323.754888 556.221666 1303173051
3326.320152 534.999465 1303173054
3328.388913 512.888376 1303173057
3329.464669 487.777290 1303173060
3329.878422 464.555091 1303173063
3330.871427 442.999557 1303173076
3330.374924 416.221806 1303173081
3330.871427 392.332941 1303173084
3331.616181 364.444080 1303173087
3332.278185 334.221888 1303173090
3332.609187 313.110798 1303173092
3333.602192 290.999709 1303173094
3334.264196 268.221954 1303173096
3334.760699 245.110866 1303173098
3334.843449 222.555333 1303173100
3335.257201 199.777578 1303173102
3335.919205 176.999823 1303173104
3336.746710 154.666512 1303173106
3337.408713 133.444311 1303173108
3337.905216 112.999887 1303173110
