234.432047 518.443926 1302985310
261.822448 519.221703 1302985320
289.957604 519.666147 1302985323
312.548479 520.332813 1302985325
339.276877 520.777257 1302985327
368.074036 521.555034 1302985329
397.533199 525.666141 1302985331
426.992362 530.221692 1302985333
456.617026 533.332800 1302985335
486.738193 534.666132 1302985337
517.355862 535.110576 1302985339
547.725280 535.443909 1302985341
577.101693 536.110575 1302985343
605.319599 536.888352 1302985345
633.123753 538.332795 1302985347
660.431404 539.999460 1302985349
687.159802 540.666126 1302985351
712.233190 540.332793 1302985353
735.568819 539.555016 1302985355
756.256434 538.666128 1302985357
783.315833 537.443907 1302985360
805.741208 535.999464 1302985363
830.400844 534.110577 1302985367
851.005708 531.332802 1302985375
872.769078 530.888358 1302985381
896.518460 530.888358 1302985384
925.398369 530.777247 1302985387
946.334235 530.999469 1302985389
969.421613 530.999469 1302985391
994.495002 531.332802 1302985393
1035.208227 532.999467 1302985396
1063.426133 533.999466 1302985398
1091.809540 534.555021 1302985400
1119.199942 534.777243 1302985402
1145.431837 534.666132 1302985404
1170.753477 534.555021 1302985406
1194.668359 534.443910 1302985408
1215.190473 534.555021 1302985410
1240.015610 533.555022 1302985413
1260.868725 533.221689 1302985417
1280.894336 533.666133 1302985445
1301.747452 534.110577 1302985448
1330.379110 534.221688 1302985451
1352.804484 534.666132 1302985453
1378.043374 535.555020 1302985455
1404.440770 535.888353 1302985457
1428.686654 536.221686 1302985459
1449.622520 536.443908 1302985461
1473.537402 536.666130 1302985464
1494.969770 536.777241 1302985469
1516.650390 536.999463 1302985487
1539.158515 537.332796 1302985490
1569.776184 537.999462 1302985493
1593.442815 538.332795 1302985495
1619.343709 538.443906 1302985497
1645.327352 538.332795 1302985499
1670.897244 538.777239 1302985501
1695.722381 538.555017 1302985503
1720.713019 538.221684 1302985505
1745.786408 539.110572 1302985507
1772.266555 540.221682 1302985509
1800.567211 541.332792 1302985511
1829.447121 542.221680 1302985513
1857.416776 542.777235 1302985515
1884.476175 542.999457 1302985517
1910.377069 542.999457 1302985519
1935.202206 543.666123 1302985521
1958.124083 544.666122 1302985523
1979.059949 545.332788 1302985525
1999.416561 546.110565 1302985527
2020.600678 547.110564 1302985529
2041.784796 547.777230 1302985531
2062.058658 547.777230 1302985533
2082.167019 548.332785 1302985535
2103.020134 550.555005 1302985537
2125.859261 552.666114 1302985539
2149.774143 553.443891 1302985541
2173.358023 554.221668 1302985543
2196.610902 554.777223 1302985545
2218.953526 555.110556 1302985547
2239.889392 554.999445 1302985549
2264.218026 554.777223 1302985552
2284.409138 555.332778 1302985555
2310.723783 557.110554 1302985558
2332.569904 557.777220 1302985560
2356.484787 557.888331 1302985562
2380.647920 558.332775 1302985564
2404.728303 558.554997 1302985566
2428.229433 558.554997 1302985568
2451.399562 558.554997 1302985570
2475.066193 558.999441 1302985572
2499.394827 559.332774 1302985574
2524.633717 560.221662 1302985576
2550.203608 560.777217 1302985578
2574.614993 560.443884 1302985580
2595.054356 558.554997 1302985582
2617.231479 558.888330 1302985585
2637.753593 560.110551 1302985593
2662.992482 563.221659 1302985599
2689.141627 564.777213 1302985603
2715.208021 566.554989 1302985607
2737.219643 567.777210 1302985611
2757.162503 569.554986 1302985635
