2812.108807 573.221649 1303181487
2788.193925 572.777205 1303181493
2768.085564 572.777205 1303181496
2745.494689 572.443872 1303181499
2720.917803 572.221650 1303181502
2695.265161 571.443873 1303181505
2669.033266 570.221652 1303181508
2642.139367 568.999431 1303181511
2615.990222 568.554987 1303181514
2590.337580 567.666099 1303181517
2566.588199 566.777211 1303181520
2541.845812 568.110543 1303181524
2521.075447 577.110534 1303181533
2520.496194 599.777178 1303181537
2519.420438 621.554934 1303181540
2518.179181 644.888244 1303181543
2517.103425 668.777109 1303181546
2516.606922 692.888196 1303181549
2516.110420 716.999283 1303181552
2515.448416 740.110371 1303181555
2515.200165 762.554793 1303181558
2515.200165 787.888101 1303181562
2515.531166 808.443636 1303181566
2515.200165 832.776945 1303181587
2513.710656 858.221364 1303181591
2512.634900 881.888007 1303181594
2511.807396 906.554649 1303181597
2511.228143 932.999067 1303181600
2511.145392 960.443484 1303181603
2510.979891 988.776789 1303181606
2510.648889 1016.776761 1303181609
2509.738634 1044.332289 1303181612
2508.828379 1068.776709 1303181615
2508.580128 1094.110017 1303181618
2509.076631 1115.443329 1303181621
2508.828379 1137.332196 1303181628
2508.580128 1157.776620 1303181632
2508.580128 1183.109928 1303181636
2508.745629 1204.221018 1303181639
2510.731640 1224.998775 1303181642
2512.221148 1251.554304 1303181646
2512.055647 1272.998727 1303181649
2512.055647 1294.776483 1303181652
2512.055647 1315.109796 1303181655
2512.138398 1339.220883 1303181659
2525.130220 1357.220865 1303181664
2548.465849 1357.554198 1303181668
2568.408709 1359.109752 1303181671
2589.923828 1360.220862 1303181674
2612.762954 1360.887528 1303181677
2635.684831 1361.998638 1303181680
2658.937710 1362.776415 1303181683
2682.935343 1363.665303 1303181686
2707.429478 1364.776413 1303181689
2731.675362 1365.220857 1303181692
2754.597239 1365.776412 1303181695
2777.767367 1366.220856 1303181698
2800.523743 1366.776411 1303181701
2821.790611 1367.331966 1303181704
2843.305730 1368.109743 1303181707
2865.317352 1368.331965 1303181710
2887.080722 1369.109742 1303181713
2907.685586 1370.443074 1303181716
2928.704202 1371.331962 1303181719
2951.460578 1372.331961 1303181722
2974.961708 1373.776404 1303181725
2999.042091 1374.331959 1303181728
3023.536227 1375.220847 1303181731
3047.782111 1375.665291 1303181734
3071.862494 1376.220846 1303181737
3096.356630 1376.998623 1303181740
3120.602514 1377.554178 1303181743
3144.434646 1378.331955 1303181746
3167.770275 1378.887510 1303181749
3190.195649 1379.554176 1303181752
3211.793518 1379.443065 1303181755
3231.736379 1377.443067 1303181758
3254.989257 1374.220848 1303181762
3276.504376 1372.109739 1303181766
3297.274741 1364.998635 1303181786
3303.729277 1342.109769 1303181790
3305.136035 1320.109791 1303181793
3306.129040 1295.887593 1303181796
3306.460042 1269.998730 1303181799
3306.377292 1244.109867 1303181802
3307.287547 1218.776559 1303181805
3309.108057 1195.443249 1303181808
3309.687310 1175.221047 1303181811
3311.259569 1154.443290 1303181815
3312.997328 1132.221090 1303181831
3313.245580 1111.887777 1303181835
3313.659332 1085.665581 1303181839
3314.073084 1062.887826 1303181842
3314.073084 1038.221184 1303181845
3314.238585 1013.110098 1303181848
3314.735088 987.999012 1303181851
3315.231591 963.443481 1303181854
3315.314341 940.999059 1303181857
3315.810844 920.999079 1303181860
3316.224596 900.665766 1303181864
