2988.367282 546.777231 1303214143
2988.201781 567.110544 1303214147
2988.201781 594.332739 1303214150
2987.870780 616.221606 1303214152
2987.622528 638.666028 1303214154
2986.877774 660.554895 1303214156
2985.967519 682.999317 1303214158
2985.471016 707.554848 1303214160
2985.305515 733.110378 1303214162
2984.809013 758.665908 1303214164
2984.478011 784.332549 1303214166
2982.905752 807.554748 1303214168
2982.160998 831.221391 1303214171
3002.765862 840.999159 1303214175
3029.577010 840.776937 1303214178
3051.340381 840.776937 1303214180
3074.758760 841.110270 1303214182
3098.011639 841.888047 1303214184
3119.030255 842.665824 1303214186
3144.434646 843.554712 1303214189
3168.597779 844.110267 1303214192
3195.822680 844.888044 1303214195
3225.612845 846.110265 1303214198
3246.300459 847.999152 1303214200
3274.518365 850.776927 1303214203
3298.764249 852.110259 1303214206
3318.624359 855.221367 1303214209
3330.292174 871.554684 1303214212
3330.871427 897.554658 1303214215
3329.630170 918.665748 1303214217
3328.554414 942.665724 1303214219
3327.975161 968.665698 1303214221
3327.561409 994.999005 1303214223
3327.395908 1020.110091 1303214225
3327.644159 1042.554513 1303214227
3326.816655 1072.110039 1303214230
3326.485653 1092.221130 1303214232
3325.823649 1112.332221 1303214234
3324.913394 1133.998866 1303214236
3324.003139 1157.554398 1303214238
3322.927383 1182.109929 1303214240
3321.934378 1207.109904 1303214242
3321.272374 1232.220990 1303214244
3319.948367 1256.998743 1303214246
3318.376108 1281.887607 1303214248
3317.631354 1306.332027 1303214250
3317.383102 1330.776447 1303214252
3317.879605 1352.331981 1303214254
3325.989150 1371.554184 1303214257
3348.828276 1376.109735 1303214260
3379.445946 1376.665290 1303214263
3402.367823 1377.443067 1303214265
3426.530956 1378.109733 1303214267
3450.859591 1378.220844 1303214269
3475.022725 1378.443066 1303214271
3497.199847 1378.776399 1303214273
3525.914256 1378.665288 1303214276
3552.559904 1378.887510 1303214279
3579.205551 1379.554176 1303214282
3605.851198 1380.331953 1303214285
3635.393112 1382.109729 1303214288
3664.273022 1383.554172 1303214291
3684.546884 1383.665283 1303214295
3700.765973 1397.220825 1303214310
3699.938469 1418.998581 1303214313
3695.966447 1445.442999 1303214316
3694.063186 1467.331866 1303214318
3694.063186 1491.776286 1303214320
3694.559689 1517.220705 1303214322
3694.476939 1542.887346 1303214324
3693.401183 1568.220654 1303214326
3692.077175 1592.553963 1303214328
3690.173915 1613.776164 1303214330
3689.015408 1635.553920 1303214334
3688.022403 1657.220565 1303214357
3686.284643 1681.664985 1303214360
3684.712385 1711.220511 1303214363
3683.388377 1733.109378 1303214365
3682.395372 1755.664911 1303214367
3681.898869 1777.553778 1303214369
3681.402366 1799.109312 1303214371
3680.078359 1819.998180 1303214373
3679.085353 1840.220382 1303214375
3678.257849 1869.109242 1303214378
3677.182093 1895.775882 1303214381
3678.671601 1922.553633 1303214384
3680.657612 1948.886940 1303214387
3679.333605 1978.664688 1303214390
3680.243860 2002.109109 1303214393
3678.837102 2022.331311 1303214397
3679.333605 2042.886846 1303214400
3682.560873 2071.775706 1303214403
3681.733368 2093.886795 1303214405
3682.064370 2113.997886 1303214407
3682.560873 2143.220079 1303214410
3683.388377 2167.331166 1303214413
3683.471128 2192.775585 1303214416
3686.036392 2214.664452 1303214419
3689.594662 2240.442204 1303214422
3689.346410 2269.664397 1303214425
3688.105153 2291.331042 1303214427
3686.698396 2315.219907 1303214430
3700.600473 2332.886556 1303214434
3724.101603 2340.553215 1303214438
3743.051457 2347.442097 1303214441
3761.339309 2355.553200 1303214448
3777.144646 2368.775409 1303214464
3781.944173 2348.553207 1303214479
