3589.880360 1388.443056 1303219556
3569.027245 1388.331945 1303219558
3548.918883 1388.109723 1303219560
3527.983018 1389.109722 1303219562
3506.550649 1388.331945 1303219564
3483.794273 1388.109723 1303219566
3459.879391 1387.998612 1303219568
3435.799008 1387.776390 1303219570
3413.290883 1387.554168 1303219572
3392.189516 1386.998613 1303219574
3366.619625 1385.887503 1303219577
3344.690754 1384.220838 1303219581
3324.168640 1382.887506 1303219584
3306.708293 1371.887517 1303219587
3298.764249 1352.998647 1303219590
3301.164013 1328.554227 1303219593
3303.315525 1298.332035 1303219596
3304.308530 1275.332058 1303219598
3305.301536 1250.776527 1303219600
3306.791044 1225.443219 1303219602
3307.618548 1199.887689 1303219604
3308.777055 1176.332157 1303219606
3309.521809 1147.998852 1303219609
3311.094068 1126.332207 1303219613
3313.742082 1103.554452 1303219633
3314.900589 1077.221145 1303219636
3315.397091 1056.110055 1303219638
3315.893594 1033.110078 1303219640
3316.307347 1009.221213 1303219642
3316.969350 984.554571 1303219644
3317.465853 959.887929 1303219646
3317.962356 935.443509 1303219648
3318.458858 912.554643 1303219650
3319.120862 892.221330 1303219652
3320.031117 868.888020 1303219655
3306.211791 853.221369 1303219660
3286.103429 853.221369 1303219663
3258.133775 851.776926 1303219666
3237.032408 851.332482 1303219668
3215.682790 850.554705 1303219670
3194.829674 850.332483 1303219672
3173.893809 849.665817 1303219674
3151.799436 849.554706 1303219676
3128.712059 849.554706 1303219678
3106.286685 848.665818 1303219680
3074.427758 846.888042 1303219683
3045.299597 844.221378 1303219686
3020.391709 842.665824 1303219689
2998.711090 841.332492 1303219694
2978.023475 839.999160 1303219712
2953.198338 838.888050 1303219715
2932.841725 838.221384 1303219717
2910.912854 837.665829 1303219719
2887.990977 837.221385 1303219721
2864.820849 837.221385 1303219723
2841.733471 837.332496 1303219725
2819.390847 836.554719 1303219727
2797.875728 835.110276 1303219729
2777.436365 833.665833 1303219731
2750.707967 832.665834 1303219734
2728.861847 832.554723 1303219743
2705.360717 833.332500 1303219750
2683.680097 831.554724 1303219756
2662.082227 830.221392 1303219766
2639.160350 833.554722 1303219783
2613.011206 833.554722 1303219787
2587.358564 834.443610 1303219790
2559.223408 834.888054 1303219793
2530.674500 834.443610 1303219796
2502.539345 833.888055 1303219799
2472.914681 831.888057 1303219802
2452.061565 831.776946 1303219804
2431.373951 831.776946 1303219806
2410.934588 831.554724 1303219808
2390.246973 831.332502 1303219810
2369.393858 830.888058 1303219812
2348.126990 830.332503 1303219814
2326.446370 829.332504 1303219816
2304.683000 828.110283 1303219818
2283.167881 827.888061 1303219820
2261.321760 827.332506 1303219822
2238.813636 826.221396 1303219824
2215.891759 825.665841 1303219826
2192.721631 824.665842 1303219828
2169.634253 823.888065 1303219830
2147.457130 823.221399 1303219832
2126.024762 822.776955 1303219834
2104.923395 822.332511 1303219836
2083.656527 821.554734 1303219838
2063.051663 820.110291 1303219840
2033.426999 818.776959 1303219843
2005.622846 818.443626 1303219846
1978.397945 817.776960 1303219849
1954.400312 816.776961 1303219852
1933.216195 815.999184 1303219856
1910.377069 815.332518 1303219863
1889.192951 814.665852 1303219866
1862.795555 813.999186 1303219869
1835.074152 813.665853 1303219872
1808.345754 813.221409 1303219875
1785.920380 812.888076 1303219878
1763.826008 813.999186 1303219885
1740.655880 815.110296 1303219890
1719.554513 815.332518 1303219893
1695.225878 813.443631 1303219896
1668.911233 811.999188 1303219899
1648.885622 810.554745 1303219902
1624.722488 809.332524 1303219909
1599.897351 808.221414 1303219913
1576.727223 807.332526 1303219916
1552.233087 807.999192 1303219919
1528.235455 809.332524 1303219923
1505.065326 810.665856 1303219932
1483.715708 809.999190 1303219935
1459.056072 808.110303 1303219938
1432.989678 807.332526 1303219941
1410.812555 811.888077 1303219944
