1292.562151 1346.776431 1303220105
1314.408272 1355.220867 1303220117
1334.516633 1354.887534 1303220120
1358.845267 1350.887538 1303220123
1382.429148 1344.331989 1303220126
1407.006034 1342.887546 1303220129
1428.024650 1336.887552 1303220133
1449.457019 1350.109761 1303220143
1477.674925 1352.554203 1303220146
1498.362539 1355.109756 1303220148
1518.884653 1357.109754 1303220150
1539.572267 1357.776420 1303220152
1561.666639 1359.776418 1303220154
1582.933507 1361.443083 1303220156
1612.144419 1362.665304 1303220159
1633.742288 1362.331971 1303220161
1655.340158 1362.331971 1303220163
1675.945022 1362.331971 1303220165
1695.970632 1362.443082 1303220167
1725.595296 1362.665304 1303220170
1746.448412 1363.331970 1303220172
1768.460033 1363.554192 1303220174
1791.464661 1363.109748 1303220176
1815.048541 1362.554193 1303220178
1839.128924 1361.776416 1303220180
1863.705810 1360.887528 1303220182
1888.613698 1360.220862 1303220184
1913.190584 1359.554196 1303220186
1937.601969 1358.887530 1303220188
1961.351351 1358.331975 1303220190
1984.107727 1358.109753 1303220192
2006.036598 1357.887531 1303220194
2026.641462 1358.220864 1303220196
2051.301098 1358.665308 1303220199
2071.988713 1359.331974 1303220205
2098.055107 1359.443085 1303220226
2124.121501 1359.776418 1303220229
2145.222868 1360.331973 1303220231
2168.144745 1360.887528 1303220233
2192.059627 1361.331972 1303220235
2216.057260 1361.776416 1303220237
2239.392889 1362.109749 1303220239
2262.563017 1362.443082 1303220241
2285.650395 1362.776415 1303220243
2308.572272 1362.998637 1303220245
2330.749394 1363.220859 1303220247
2352.347264 1363.665303 1303220249
2372.952128 1363.665303 1303220251
2401.832037 1363.998636 1303220254
2427.153678 1364.220858 1303220257
2448.751547 1364.887524 1303220262
2474.321438 1366.665300 1303220279
2497.905319 1367.443077 1303220282
2526.536977 1367.887521 1303220285
2547.059091 1367.998632 1303220287
2568.822461 1368.665298 1303220289
2591.330586 1368.998631 1303220291
2614.086962 1369.665297 1303220293
2637.008838 1369.887519 1303220295
2659.765214 1369.998630 1303220297
2682.604341 1370.554185 1303220299
2705.526218 1371.220851 1303220301
2728.034342 1371.554184 1303220303
2751.038969 1371.665295 1303220305
2773.464343 1371.998628 1303220307
2795.889717 1372.220850 1303220309
2818.232341 1372.554183 1303220311
2840.492214 1373.220849 1303220313
2862.503836 1373.998626 1303220315
2883.936205 1374.554181 1303220317
2904.623819 1375.220847 1303220319
2925.063182 1375.776402 1303220321
2945.171543 1376.443068 1303220323
2965.197154 1377.109734 1303220325
2985.388266 1377.776400 1303220327
3014.185425 1378.776399 1303220330
3041.658577 1380.109731 1303220333
3069.131729 1381.109730 1303220336
3095.363624 1381.220841 1303220339
3122.919527 1381.776396 1303220342
3151.882187 1382.331951 1303220345
3180.844847 1383.109728 1303220348
3207.159493 1382.887506 1303220351
3227.267854 1381.554174 1303220354
3248.534722 1379.109732 1303220374
3268.560332 1376.776401 1303220377
3294.212974 1374.109737 1303220380
3322.513631 1372.776405 1303220383
3351.476291 1373.109738 1303220386
3379.197694 1373.554182 1303220389
3406.174344 1373.776404 1303220392
3434.806002 1373.998626 1303220395
3455.079864 1373.998626 1303220397
3475.519227 1373.776404 1303220399
3495.875840 1373.887515 1303220401
3516.232453 1374.109737 1303220403
3544.615860 1374.443070 1303220406
3569.192746 1375.109736 1303220409
3594.183384 1375.887513 1303220413
3615.367501 1375.443069 1303220420
3638.868631 1376.998623 1303220428
3663.280016 1378.220844 1303220432
3683.636629 1378.998621 1303220435
3701.924480 1392.776385 1303220439
3705.068997 1412.776365 1303220442
3705.896502 1434.554121 1303220445
3706.144753 1458.776319 1303220449
