3841.110750 1654.887234 1303221813
3832.256451 1633.442811 1303221833
3824.891660 1614.776163 1303221836
3823.071150 1588.331745 1303221839
3822.905649 1564.331769 1303221841
3825.553664 1535.109576 1303221844
3827.208673 1509.776268 1303221847
3826.877671 1484.887404 1303221850
3826.712170 1462.887426 1303221852
3824.643409 1437.554118 1303221854
3824.395157 1416.331917 1303221856
3820.423135 1393.998606 1303221859
3808.424319 1375.331958 1303221865
3781.778672 1373.998626 1303221869
3753.974518 1370.109741 1303221872
3728.073624 1370.665296 1303221875
3705.648250 1374.109737 1303221904
3684.795135 1372.443072 1303221907
3655.749724 1370.887518 1303221910
3634.648358 1369.109742 1303221912
3606.844204 1367.887521 1303221915
3584.749832 1372.331961 1303221939
3557.442181 1372.331961 1303221943
3529.389775 1371.554184 1303221946
3508.371159 1371.443073 1303221948
3485.035530 1371.887517 1303221950
3459.962141 1371.776406 1303221952
3435.550756 1371.998628 1303221954
3411.553123 1372.887516 1303221956
3388.465746 1373.109738 1303221958
3361.240845 1372.776405 1303221961
3340.801482 1371.887517 1303221964
3320.775871 1372.887516 1303221977
3305.218785 1354.220868 1303221985
3306.542792 1329.887559 1303221988
3307.866800 1299.109812 1303221991
3308.446053 1275.443169 1303221993
3308.859805 1250.220972 1303221995
3309.356308 1224.887664 1303221997
3309.439059 1200.221022 1303221999
3309.770060 1177.998822 1303222001
3309.687310 1152.887736 1303222004
3310.763066 1132.776645 1303222030
3312.252574 1105.887783 1303222035
3313.328330 1078.887810 1303222038
3313.907583 1058.110053 1303222040
3314.569587 1036.332297 1303222042
3315.066090 1013.443431 1303222044
3315.397091 989.554566 1303222046
3315.976345 965.110146 1303222048
3316.555598 940.332393 1303222050
3317.217602 916.554639 1303222052
3317.714104 894.665772 1303222054
3317.796855 871.221351 1303222057
3306.873794 854.443590 1303222063
3281.800406 853.554702 1303222067
3254.079002 853.443591 1303222070
3233.556889 852.999147 1303222072
3203.932225 852.888036 1303222075
3173.562807 852.221370 1303222078
3151.385684 851.554704 1303222080
3128.381057 850.665816 1303222082
3105.707431 849.554706 1303222084
3084.357813 847.776930 1303222086
3063.752949 845.888043 1303222088
3035.535043 843.665823 1303222091
3008.061891 841.776936 1303222094
2980.754240 840.665826 1303222097
2953.281088 839.221383 1303222100
2923.242672 837.776940 1303222103
2902.224056 836.888052 1303222105
2880.874438 835.888053 1303222107
2858.945566 835.110276 1303222109
2837.264946 832.665834 1303222111
2816.246330 829.888059 1303222113
2787.200919 826.888062 1303222116
2763.286037 825.888063 1303222119
2741.026164 823.888065 1303222123
2717.607784 827.110284 1303222130
2694.934159 827.554728 1303222133
2664.481990 825.888063 1303222136
2641.725615 825.888063 1303222138
2620.044995 825.554730 1303222140
2599.357380 824.665842 1303222142
2579.249019 821.999178 1303222144
2554.175630 819.888069 1303222147
2533.653517 820.443624 1303222152
2513.048653 825.665841 1303222178
2492.692040 824.110287 1303222181
2467.453150 824.221398 1303222184
2440.228250 824.110287 1303222187
2411.927593 823.443621 1303222190
2382.385680 823.332510 1303222193
2360.539559 823.332510 1303222195
2338.114185 822.776955 1303222197
2315.854312 822.443622 1303222199
2293.759940 822.221400 1303222201
2271.500066 821.554734 1303222203
2250.067698 821.110290 1303222205
2229.462834 820.665846 1303222207
2200.251922 820.443624 1303222210
2175.095783 820.110291 1303222213
2152.753159 819.776958 1303222217
2132.065545 818.332515 1303222221
2106.909406 817.888071 1303222225
2084.732283 817.776960 1303222228
2061.231153 816.776961 1303222231
2036.737018 815.443629 1303222234
2012.822135 814.332519 1303222237
1989.900259 812.332521 1303222240
1966.978382 810.888078 1303222243
1941.904993 810.443634 1303222247
1920.472624 809.776968 1303222254
1895.564737 810.221412 1303222260
1872.477359 809.888079 1303222263
1847.817723 809.332524 1303222266
1822.992585 809.110302 1303222269
1799.243204 808.888080 1303222272
1774.831819 809.999190 1303222276
1753.978703 811.888077 1303222286
1729.319067 811.665855 1303222291
1708.300451 811.443633 1303222294
1684.137317 810.554745 1303222297
1658.319174 809.110302 1303222300
1632.087279 808.665858 1303222303
1604.945129 808.443636 1303222306
1578.961485 807.332526 1303222309
1556.701612 806.776971 1303222312
1535.682996 805.443639 1303222316
1515.822886 807.999192 1303222331
1495.549024 809.443635 1303222341
1473.537402 808.221414 1303222344
1448.877765 805.665861 1303222347
1421.983867 803.665863 1303222350
1398.399986 803.776974 1303222353
