3058.125918 216.666450 1303762018
3037.769306 209.110902 1303762027
3031.314770 189.666477 1303762032
3016.585188 174.888714 1303762037
2997.800834 182.666484 1303762045
2995.980324 204.999795 1303762049
2995.732073 226.888662 1303762052
2995.235570 251.777526 1303762055
2994.739068 274.221948 1303762058
2994.242565 294.999705 1303762063
2992.835807 315.999684 1303762068
2993.001308 337.110774 1303762071
2992.173803 361.999638 1303762074
2991.180798 387.221835 1303762077
2990.767046 412.110699 1303762081
2990.270543 435.777342 1303762085
2988.863785 459.555096 1303762089
2988.201781 482.221740 1303762092
2988.119031 506.110605 1303762095
2987.291526 530.666136 1303762099
2986.050269 552.888336 1303762113
2976.864969 571.666095 1303762117
2957.501362 577.332756 1303762120
2931.352217 576.888312 1303762123
2911.243856 576.443868 1303762125
2890.142489 576.110535 1303762127
2869.041122 575.777202 1303762129
2847.774254 575.443869 1303762131
2826.259135 574.999425 1303762133
2804.330264 574.443870 1303762135
2782.566894 574.110537 1303762137
2760.307021 573.332760 1303762139
2737.798896 572.332761 1303762141
2715.704524 571.666095 1303762143
2693.858403 571.332762 1303762145
2672.757036 570.221652 1303762147
2652.234923 569.666097 1303762149
2631.961061 569.332764 1303762151
2603.991406 568.666098 1303762154
2583.800294 568.332765 1303762157
2559.968162 567.554988 1303762166
2533.239764 567.443877 1303762170
2506.594117 567.221655 1303762173
2477.052204 566.666100 1303762176
2455.868086 566.332767 1303762178
2433.525463 565.777212 1303762180
2410.438085 565.221657 1303762182
2387.267957 564.777213 1303762184
2364.428831 564.332769 1303762186
2341.010451 563.666103 1303762188
2317.178319 563.110548 1303762190
2293.097936 562.666104 1303762192
2268.934802 562.554993 1303762194
2245.433672 561.999438 1303762196
2223.256550 561.443883 1303762198
2202.320684 560.999439 1303762200
2173.689025 560.443884 1303762203
2151.429152 560.110551 1303762206
2131.072540 558.888330 1303762234
2108.729916 558.666108 1303762238
2083.656527 558.666108 1303762241
2054.528366 557.888331 1303762244
2033.426999 557.443887 1303762246
2011.332627 556.777221 1303762248
1989.155504 556.221666 1303762250
1966.895631 555.666111 1303762252
1944.387507 555.332778 1303762254
1922.044883 554.888334 1303762256
1900.116012 554.332779 1303762258
1878.600893 553.888335 1303762260
1857.168524 553.221669 1303762262
1836.646411 552.777225 1303762264
1807.269998 551.999448 1303762267
1781.120854 551.888337 1303762270
1759.936736 551.888337 1303762273
1736.932109 551.332782 1303762291
1712.934476 551.777226 1303762295
1687.281834 551.999448 1303762298
1656.912416 551.888337 1303762301
1635.066296 551.777226 1303762303
1612.475421 551.777226 1303762305
1590.132797 552.221670 1303762307
1568.948680 552.666114 1303762309
1540.565273 553.221669 1303762312
1518.967403 553.555002 1303762315
1507.796091 573.443871 1303762321
1507.878842 594.666072 1303762325
1507.547840 618.443826 1303762328
1507.051337 645.777132 1303762331
1506.389334 673.554882 1303762334
1506.058332 701.665965 1303762337
1505.644580 729.554826 1303762340
1505.148077 756.221466 1303762343
1504.486073 779.554776 1303762346
1503.327567 800.665866 1303762352
1502.582813 821.776956 1303762356
1502.582813 842.999157 1303762359
1501.755308 867.443577 1303762362
1501.341556 894.554661 1303762365
1499.355545 919.665747 1303762368
1498.528040 945.999054 1303762371
1497.535035 973.221249 1303762374
1496.873031 998.776779 1303762377
1498.197038 1021.443423 1303762381
