3325.575398 421.444023 1303780869
3327.644159 400.888488 1303780874
3328.802666 380.110731 1303780878
3329.299168 357.332976 1303780883
3330.374924 336.777441 1303780900
3331.119678 310.221912 1303780905
3331.781682 288.555267 1303780908
3332.609187 264.999735 1303780911
3333.022939 240.999759 1303780914
3334.181445 216.333117 1303780917
3335.257201 190.888698 1303780920
3335.339952 165.666501 1303780923
3335.753704 140.333193 1303780926
3336.167456 114.888774 1303780929
3336.332957 91.111020 1303780932
3336.332957 70.555485 1303780935
3336.332957 50.555505 1303780945
3318.045106 41.555514 1303780952
3295.205980 42.555513 1303780956
3268.974085 42.333291 1303780960
3248.286470 42.333291 1303780963
3226.440349 42.222180 1303780966
3206.166487 42.111069 1303780969
3186.058126 42.444402 1303780973
3162.722497 42.888846 1303780980
3139.386868 43.333290 1303780984
3119.195756 45.888843 1303780996
3095.032622 44.666622 1303781003
3071.779744 44.222178 1303781007
3046.789105 43.999956 1303781011
3024.860234 43.999956 1303781015
3003.096864 45.777732 1303781022
2997.056080 68.666598 1303781028
2996.394077 92.888796 1303781032
2995.401071 119.110992 1303781036
2994.490816 143.777634 1303781040
2993.663312 164.222058 1303781045
2993.001308 188.110923 1303781051
2992.173803 212.333121 1303781055
2991.429049 233.333100 1303781058
2990.684295 255.333078 1303781061
2990.022291 276.444168 1303781064
2989.691290 297.555258 1303781068
2988.698284 318.555237 1303781074
2988.119031 342.444102 1303781078
2987.870780 363.666303 1303781081
2987.788029 386.221836 1303781084
2987.457027 409.777368 1303781087
2986.960524 433.999566 1303781090
2986.464022 457.666209 1303781093
2985.802018 480.666186 1303781096
2985.057264 501.888387 1303781099
2984.147009 523.221699 1303781102
2982.492000 549.443895 1303781106
2978.354477 571.888317 1303781110
2958.742618 581.332752 1303781114
2932.345222 581.443863 1303781118
2909.919848 580.888308 1303781121
2887.659975 579.666087 1303781124
2866.806860 578.777199 1303781127
2841.319719 578.221644 1303781131
2820.797605 576.443868 1303781135
2800.109991 576.554979 1303781163
2774.705600 575.777202 1303781167
2751.369971 574.777203 1303781170
2727.041337 572.888316 1303781173
2701.471445 571.110540 1303781176
2675.239550 569.666097 1303781179
2648.180150 569.999430 1303781182
2621.865505 569.888319 1303781185
2596.047362 570.332763 1303781188
2571.139474 570.666096 1303781191
2548.134847 570.666096 1303781194
2527.364482 573.554982 1303781198
2521.902952 592.888296 1303781203
2519.751440 615.999384 1303781207
2518.510183 638.666028 1303781210
2517.765429 662.443782 1303781213
2516.937924 687.221535 1303781216
2516.110420 712.554843 1303781219
2514.703662 737.221485 1303781222
2513.876157 761.332572 1303781225
2514.124409 785.332548 1303781228
2514.951913 808.665858 1303781231
2514.869163 830.221392 1303781234
2513.958908 854.110257 1303781238
2511.393644 875.110236 1303781250
2508.993880 899.999100 1303781254
2508.083625 922.776855 1303781257
2507.669873 947.221275 1303781260
2507.421622 972.332361 1303781263
2507.090620 997.443447 1303781266
2506.345866 1022.887866 1303781269
2505.766612 1047.443397 1303781272
2505.352860 1071.110040 1303781275
2506.345866 1092.776685 1303781278
2506.759618 1117.998882 1303781282
2507.338871 1141.554414 1303781289
2508.497378 1163.221059 1303781293
2509.324882 1183.554372 1303781296
2510.069636 1204.998795 1303781299
2511.641895 1225.443219 1303781302
2514.620911 1248.665418 1303781306
