3047.864861 189.222033 1303784989
3032.721528 173.222049 1303785000
3011.951163 172.999827 1303785005
2995.980324 189.555366 1303785013
2996.228576 209.999790 1303785017
2995.235570 235.888653 1303785021
2994.739068 256.221966 1303785024
2994.739068 281.110830 1303785028
2993.663312 303.666363 1303785035
2992.835807 327.221895 1303785040
2992.422055 350.999649 1303785044
2991.842802 377.110734 1303785048
2991.263548 397.888491 1303785051
2990.849796 420.332913 1303785054
2990.436044 443.110668 1303785057
2989.856791 466.888422 1303785060
2989.194787 490.999509 1303785063
2987.953530 514.332819 1303785066
2986.795024 535.555020 1303785069
2985.719268 557.110554 1303785073
2971.817191 574.221648 1303785077
2951.212327 575.332758 1303785080
2920.180905 575.110536 1303785084
2896.100522 574.554981 1303785087
2872.847643 574.554981 1303785090
2851.663526 574.221648 1303785093
2827.583143 573.666093 1303785097
2804.082013 573.666093 1303785121
2780.829134 573.443871 1303785125
2758.817512 572.888316 1303785128
2734.737129 573.110538 1303785131
2709.911992 573.221649 1303785134
2684.259350 572.888316 1303785137
2658.110205 570.777207 1303785140
2630.637053 570.110541 1303785143
2602.915650 569.332764 1303785146
2576.352753 568.332765 1303785149
2551.196614 568.332765 1303785152
2527.364482 571.777206 1303785156
2523.061458 593.443851 1303785160
2521.902952 620.110491 1303785164
2521.075447 643.332690 1303785167
2520.165192 667.777110 1303785170
2519.503188 692.888196 1303785173
2518.592933 719.110392 1303785176
2517.517177 745.999254 1303785179
2517.020675 772.443672 1303785182
2517.020675 798.110313 1303785185
2516.772423 823.888065 1303785188
2515.944919 848.443596 1303785191
2514.620911 874.110237 1303785194
2513.545155 901.554654 1303785197
2512.552150 930.665736 1303785200
2511.807396 960.443484 1303785203
2511.393644 989.999010 1303785206
2510.731640 1019.887869 1303785209
2510.648889 1049.332284 1303785212
2510.731640 1075.665591 1303785215
2511.145392 1100.887788 1303785218
2512.303899 1124.554431 1303785222
2513.131403 1146.109965 1303785229
2513.958908 1170.109941 1303785233
2514.124409 1190.554365 1303785236
2514.951913 1213.109898 1303785239
2517.020675 1236.887652 1303785242
2517.848179 1260.776517 1303785245
2517.682678 1284.776493 1303785248
2517.268926 1307.554248 1303785251
2517.020675 1327.554228 1303785254
2516.937924 1350.665316 1303785258
2533.488016 1362.998637 1303785263
2558.561405 1363.220859 1303785267
2580.076524 1364.109747 1303785270
2601.508892 1364.776413 1303785273
2623.189512 1365.220857 1303785276
2644.621881 1365.998634 1303785279
2666.881754 1366.665300 1303785282
2689.886381 1367.220855 1303785285
2713.635762 1368.220854 1303785288
2737.219643 1368.887520 1303785291
2760.886274 1369.554186 1303785294
2784.139152 1370.554185 1303785297
2805.902523 1370.887518 1303785300
2827.417642 1371.443073 1303785303
2850.091267 1371.776406 1303785306
2872.930394 1371.887517 1303785309
2895.107516 1372.109739 1303785312
2917.863892 1372.554183 1303785315
2941.944275 1373.220849 1303785318
2967.017664 1374.220848 1303785321
2991.346299 1374.998625 1303785324
3015.592183 1375.220847 1303785327
3039.920817 1376.109735 1303785330
3064.911456 1376.665290 1303785333
3090.315846 1377.331956 1303785336
3116.299490 1377.776400 1303785339
3142.862387 1378.220844 1303785342
3169.756286 1379.109732 1303785345
3196.153682 1379.998620 1303785348
3221.392571 1378.887510 1303785351
3244.976452 1375.665291 1303785354
3265.912318 1373.109738 1303785357
3286.682683 1369.554186 1303785361
3304.391281 1360.109751 1303785369
3308.363303 1335.887553 1303785373
3309.273558 1312.443132 1303785376
3309.852811 1285.998714 1303785379
3309.852811 1256.998743 1303785382
3310.101062 1229.220993 1303785385
3311.094068 1202.554353 1303785388
3312.252574 1177.221045 1303785391
3312.169824 1153.998846 1303785394
3311.259569 1133.665533 1303785399
3313.659332 1112.554443 1303785423
3314.321336 1088.221134 1303785427
3315.066090 1065.221157 1303785430
3315.728093 1039.887849 1303785433
3316.307347 1013.110098 1303785436
3316.472847 984.554571 1303785439
3317.052101 955.665711 1303785442
3317.383102 926.887962 1303785445
3317.796855 897.776880 1303785448
3317.879605 868.332465 1303785451
3318.127857 847.999152 1303785453
3318.541609 827.776950 1303785455
3319.203613 798.332535 1303785458
3320.362119 768.443676 1303785461
3321.106873 748.221474 1303785463
3321.603376 727.665939 1303785465
3321.934378 706.554849 1303785467
3322.348130 685.777092 1303785469
3322.927383 664.999335 1303785471
3323.506636 644.554911 1303785473
3324.085890 617.666049 1303785476
3324.747893 596.888292 1303785481
