1381.022390 783.665883 1303163988
1361.079530 787.776990 1303164014
1336.419893 794.554761 1303164018
1315.732279 798.554757 1303164032
1300.837197 814.332519 1303164043
1299.099437 835.443609 1303164048
1301.830202 860.221362 1303164052
1301.002697 885.332448 1303164056
1298.271932 910.665756 1303164060
1297.692679 935.443509 1303164063
1298.602934 959.887929 1303164066
1295.872169 981.665685 1303164069
1293.058653 1003.443441 1303164073
1313.911769 1018.998981 1303164078
1336.833646 1028.554527 1303164081
1365.051552 1031.332302 1303164084
1390.455942 1030.221192 1303164087
1410.564304 1035.443409 1303164096
1429.100406 1047.887841 1303164101
1444.822993 1065.998934 1303164106
1467.910371 1066.998933 1303164114
1491.163249 1069.110042 1303164118
1511.933614 1078.554477 1303164121
1535.848497 1087.110024 1303164124
1555.625856 1090.221132 1303164126
1584.505766 1087.221135 1303164129
1605.027879 1082.998917 1303164131
1629.770266 1075.887813 1303164134
1644.748099 1061.998938 1303164138
1657.657171 1041.665625 1303164143
1667.587225 1021.887867 1303164150
1689.516097 1021.665645 1303164168
1706.645442 1035.443409 1303164174
1704.907682 1055.998944 1303164178
1705.404185 1077.998922 1303164180
1704.576680 1103.665563 1303164182
1703.831926 1132.776645 1303164184
1703.087172 1163.443281 1303164186
1701.845915 1193.332140 1303164188
1700.852909 1220.221002 1303164190
1700.604658 1243.998756 1303164192
1700.273656 1264.665402 1303164194
1699.280651 1284.887604 1303164196
1700.025405 1312.220910 1303164199
1716.658247 1327.109784 1303164203
1741.648885 1328.332005 1303164206
1762.915753 1329.109782 1303164208
1787.327138 1330.665336 1303164210
1815.214042 1332.887556 1303164212
1845.831712 1334.220888 1303164214
1879.262896 1333.776444 1303164216
1914.018089 1332.332001 1303164218
1949.352534 1330.887558 1303164220
1985.266233 1328.332005 1303164222
2017.869913 1326.998673 1303164224
2044.184559 1325.554230 1303164226
2067.933940 1324.332009 1303164229
2087.545799 1328.443116 1303164255
2109.060918 1334.331999 1303164261
2136.616820 1336.554219 1303164264
2159.373196 1337.665329 1303164266
2185.108588 1338.443106 1303164268
2214.071249 1338.887550 1303164270
2245.847425 1339.220883 1303164272
2279.195859 1340.220882 1303164274
2313.040796 1340.887548 1303164276
2347.299486 1341.109770 1303164278
2379.903166 1340.665326 1303164280
2410.686336 1340.554215 1303164282
2439.317995 1340.554215 1303164284
2465.798141 1339.887549 1303164286
2490.706029 1339.331994 1303164288
2513.793407 1339.665327 1303164290
2535.225775 1340.887548 1303164292
2557.816650 1341.665325 1303164294
2580.490276 1342.776435 1303164296
2603.494903 1343.776434 1303164298
2628.237290 1344.331989 1303164300
2653.476180 1345.998654 1303164302
2679.294322 1348.443096 1303164304
2705.774469 1350.443094 1303164306
2732.089114 1352.109759 1303164308
2757.824507 1353.887535 1303164310
2782.649644 1354.776423 1303164312
2805.323270 1355.331978 1303164314
2826.672888 1356.443088 1303164316
2848.270757 1357.887531 1303164318
2871.192634 1359.887529 1303164320
2895.521269 1361.665305 1303164322
2920.429156 1361.887527 1303164324
2946.247299 1362.776415 1303164326
2974.051453 1364.554191 1303164328
3002.600361 1366.220856 1303164330
3031.232019 1366.998633 1303164332
3058.705171 1367.109744 1303164334
3085.019817 1366.998633 1303164336
3110.010455 1367.109744 1303164338
3134.173589 1367.665299 1303164340
3159.495229 1368.998631 1303164342
3185.313372 1370.109741 1303164344
3209.642006 1370.109741 1303164346
3231.157125 1368.776409 1303164348
3258.382026 1363.776414 1303164351
