3336.829460 230.999769 1303788060
3337.077711 207.110904 1303788063
3337.325963 182.555373 1303788066
3337.987966 157.666509 1303788069
3337.987966 133.444311 1303788072
3337.905216 109.999890 1303788075
3337.491464 87.666579 1303788078
3337.574214 67.444377 1303788081
3335.505453 45.111066 1303788088
3312.831827 41.222181 1303788093
3289.330697 40.666626 1303788097
3262.519549 39.444405 1303788101
3241.831934 38.555517 1303788104
3221.475322 38.333295 1303788107
3196.484684 37.777740 1303788111
3175.962570 37.666629 1303788117
3151.551185 38.222184 1303788122
3125.484791 37.777740 1303788126
3103.886921 37.111074 1303788129
3081.296046 36.777741 1303788132
3059.201674 36.333297 1303788135
3038.100307 35.999964 1303788138
3014.930179 35.666631 1303788142
2997.552583 45.555510 1303788149
2998.545589 67.555488 1303788153
3000.117847 93.111018 1303788157
3000.200598 113.999886 1303788160
2999.786845 140.333193 1303788164
2999.124842 162.444282 1303788170
2997.800834 182.999817 1303788174
2996.973330 203.666463 1303788177
2996.228576 225.555330 1303788180
2995.235570 247.110864 1303788183
2994.656317 268.110843 1303788186
2994.159814 289.444155 1303788190
2993.249559 314.221908 1303788197
2993.084058 339.666327 1303788201
2993.166809 361.999638 1303788204
2992.670306 385.555170 1303788207
2992.670306 409.332924 1303788210
2992.753057 433.888455 1303788213
2992.339304 458.888430 1303788216
2991.511800 483.888405 1303788219
2989.939541 509.110602 1303788222
2988.615534 533.332800 1303788225
2987.291526 554.555001 1303788228
2974.299704 573.110538 1303788232
2949.391817 574.999425 1303788236
2928.538701 574.888314 1303788239
2905.947826 574.332759 1303788242
2882.860449 573.777204 1303788245
2861.014328 572.888316 1303788248
2840.905966 572.443872 1303788251
2818.480592 571.888317 1303788255
2793.655455 571.554984 1303788274
2769.492321 571.443873 1303788278
2748.721957 571.221651 1303788281
2724.972575 570.554985 1303788284
2699.650935 570.332763 1303788287
2673.005288 567.888321 1303788290
2645.118383 566.443878 1303788293
2617.314230 565.777212 1303788296
2589.675577 564.443880 1303788299
2563.691933 563.221659 1303788302
2539.694300 562.777215 1303788305
2520.082442 570.554985 1303788309
2518.923935 594.554961 1303788313
2518.013680 616.777161 1303788316
2517.434427 641.666025 1303788319
2516.855174 668.554887 1303788322
2516.358671 695.777082 1303788325
2515.365666 721.777056 1303788328
2514.869163 745.665921 1303788331
2515.200165 766.999233 1303788334
2515.944919 787.221435 1303788337
2516.606922 808.776969 1303788341
2516.524172 831.554724 1303788363
2515.282915 856.221366 1303788367
2513.958908 878.221344 1303788370
2512.883152 902.665764 1303788373
2512.221148 928.665738 1303788376
2511.972897 955.443489 1303788379
2511.641895 983.221239 1303788382
2510.814390 1011.665655 1303788385
2510.814390 1040.110071 1303788388
2510.152387 1066.887822 1303788391
2509.407633 1092.110019 1303788394
2510.400638 1114.443330 1303788397
2511.559144 1137.665529 1303788404
2510.814390 1162.221060 1303788409
2511.476394 1188.443256 1303788413
2512.717651 1210.332123 1303788416
2514.786412 1231.665435 1303788419
2515.696667 1252.887636 1303788422
2516.027669 1273.776504 1303788425
2515.944919 1293.887595 1303788428
2515.117414 1319.109792 1303788432
2514.786412 1341.776436 1303788437
2525.378471 1362.331971 1303788443
2546.728089 1360.554195 1303788447
2571.718727 1359.998640 1303788451
2592.820094 1359.776418 1303788454
2614.666215 1359.998640 1303788457
2637.339840 1358.998641 1303788460
2660.178967 1358.998641 1303788463
2683.266344 1359.220863 1303788466
2705.857219 1359.776418 1303788469
2727.372338 1358.998641 1303788472
2748.556456 1359.220863 1303788475
2769.988824 1358.998641 1303788478
2791.917695 1359.331974 1303788481
2812.853561 1359.554196 1303788484
2835.030684 1359.443085 1303788487
2858.283563 1360.443084 1303788490
2880.791687 1361.109750 1303788493
2902.968810 1361.443083 1303788496
2926.304439 1362.331971 1303788499
2951.874330 1363.776414 1303788502
2977.113220 1364.998635 1303788505
3001.938357 1366.109745 1303788508
3026.846245 1366.554189 1303788511
3051.009379 1366.998633 1303788514
3074.179507 1367.109744 1303788517
3097.349635 1367.554188 1303788520
3121.181767 1367.220855 1303788523
3145.344901 1367.776410 1303788526
3170.666541 1367.554188 1303788529
3195.491678 1368.331965 1303788532
3220.068564 1365.443079 1303788535
3243.155942 1362.220860 1303788538
3265.084813 1360.109751 1303788541
3284.696672 1355.998644 1303788545
