3323.589387 415.110696 1303821622
3325.161645 389.777388 1303821642
3326.568403 364.999635 1303821645
3327.644159 343.110768 1303821648
3328.554414 319.221903 1303821653
3329.050917 292.110819 1303821657
3330.374924 263.666403 1303821660
3331.202429 236.444208 1303821663
3332.526436 210.666456 1303821666
3334.346946 183.444261 1303821669
3335.008950 162.888726 1303821671
3335.753704 139.222083 1303821673
3336.581209 112.888776 1303821675
3337.491464 88.111023 1303821677
3338.401719 60.222162 1303821680
3333.850444 39.888849 1303821686
3309.273558 40.555515 1303821698
3285.937929 40.666626 1303821701
3265.581316 40.444404 1303821703
3242.162936 39.999960 1303821705
3218.082553 39.777738 1303821707
3192.595412 40.666626 1303821710
3168.266778 40.777737 1303821716
3146.586158 40.333293 1303821719
3122.505774 39.888849 1303821738
3101.404408 40.222182 1303821741
3071.283241 39.888849 1303821744
3049.850872 39.222183 1303821746
3024.942985 38.555517 1303821749
3005.579377 52.333281 1303821756
3004.172620 75.222147 1303821759
3003.510616 104.444340 1303821762
3002.765862 132.110979 1303821765
3001.855607 153.333180 1303821768
3000.117847 178.777599 1303821774
2998.545589 202.222020 1303821777
2997.552583 222.222000 1303821779
2996.725079 244.333089 1303821781
2996.145825 265.666401 1303821783
2995.980324 289.888599 1303821786
2994.159814 312.999687 1303821792
2993.497811 336.444108 1303821795
2992.753057 357.444087 1303821797
2992.173803 381.666285 1303821799
2991.760051 407.888481 1303821801
2991.263548 433.444011 1303821803
2990.767046 456.888432 1303821805
2990.932546 482.888406 1303821808
2990.187792 503.221719 1303821830
2988.863785 527.221695 1303821835
2987.126025 549.666117 1303821846
2981.664495 571.888317 1303821851
2960.728629 577.666089 1303821855
2936.482745 575.999424 1303821858
2908.761342 575.110536 1303821861
2886.501469 574.777203 1303821864
2865.648353 574.332759 1303821883
2845.126240 574.332759 1303821887
2821.625110 573.999426 1303821890
2794.400209 573.777204 1303821893
2774.209098 573.554982 1303821895
2752.114725 572.999427 1303821897
2729.772102 573.332760 1303821899
2701.967948 574.554981 1303821902
2679.211572 574.443870 1303821905
2655.544941 573.443871 1303821908
2628.071789 572.888316 1303821911
2603.577654 572.443872 1303821914
2583.221041 572.110539 1303821917
2561.209419 571.999428 1303821920
2541.101058 574.777203 1303821924
2535.391276 597.888291 1303821930
2531.833007 621.888267 1303821944
2529.184992 642.888246 1303821948
2529.102242 666.888222 1303821952
2528.605739 686.999313 1303821955
2528.026486 707.665959 1303821958
2526.288726 732.221490 1303821962
2525.295720 754.554801 1303821967
2521.902952 777.888111 1303821986
2522.564955 806.554749 1303821989
2522.068453 828.221394 1303821991
2521.489199 849.110262 1303821993
2519.834190 869.999130 1303821995
2517.682678 890.887998 1303821997
2515.862168 911.776866 1303821999
2515.944919 932.443512 1303822001
2515.448416 954.332379 1303822003
2515.034664 977.110134 1303822005
2514.372660 999.887889 1303822007
2513.627906 1021.554534 1303822009
2513.131403 1042.110069 1303822011
2512.138398 1070.554485 1303822014
2511.890146 1096.665570 1303822017
2512.055647 1118.776659 1303822020
2512.303899 1139.887749 1303822033
2511.972897 1168.665498 1303822037
2512.055647 1189.665477 1303822039
2512.634900 1213.665453 1303822041
2513.296904 1240.109871 1303822043
2514.455410 1267.554288 1303822045
2515.117414 1293.332040 1303822047
2515.282915 1314.109797 1303822049
2515.034664 1337.665329 1303822052
2517.765429 1361.109750 1303822056
2539.197797 1365.776412 1303822061
2563.360931 1365.998634 1303822064
2583.634793 1366.554189 1303822066
2606.308419 1367.331966 1303822068
2631.216306 1367.776410 1303822070
2657.861954 1368.220854 1303822072
2685.169605 1368.665298 1303822074
2713.222010 1369.220853 1303822076
2741.191665 1369.887519 1303822078
2768.582066 1370.331963 1303822080
2795.062213 1370.776407 1303822082
2820.880356 1371.331962 1303822084
2845.374491 1371.887517 1303822086
2866.806860 1372.109739 1303822088
2888.735731 1372.665294 1303822091
2908.844092 1372.887516 1303822115
2929.448956 1373.998626 1303822118
2958.328866 1374.998625 1303822121
2979.761235 1375.665291 1303822123
3002.352110 1375.998624 1303822125
3023.370726 1376.331957 1303822127
3052.167885 1376.998623 1303822130
3079.144534 1377.443067 1303822133
3104.879927 1378.665288 1303822136
3133.511585 1379.443065 1303822139
3154.778453 1380.109731 1303822141
3176.707324 1380.665286 1303822143
3197.560440 1381.109730 1303822145
3223.130331 1380.443064 1303822148
3246.465960 1377.665289 1303822152
3267.236325 1375.887513 1303822165
3291.564960 1373.109738 1303822182
3306.211791 1353.109758 1303822186
3306.129040 1313.998686 1303822190
3306.708293 1290.332043 1303822192
3307.204796 1264.998735 1303822194
3307.535798 1238.109873 1303822196
3308.280552 1211.443233 1303822198
3309.190807 1186.443258 1303822200
3309.770060 1164.998835 1303822202
3310.018312 1139.554416 1303822205
3310.680315 1118.665548 1303822233
3311.507820 1091.665575 1303822237
3310.845816 1071.332262 1303822239
3311.011317 1047.332286 1303822241
3312.004323 1020.776757 1303822243
3313.162829 992.887896 1303822245
3313.576581 965.332368 1303822247
3315.810844 937.332396 1303822249
3318.045106 909.110202 1303822251
3319.286363 881.776896 1303822253
3320.113868 854.888034 1303822255
3320.858622 827.999172 1303822257
3321.520625 800.999199 1303822259
3322.430880 773.332560 1303822261
3323.010134 745.332588 1303822263
3323.837638 716.332617 1303822265
3324.334141 687.665979 1303822267
3325.078895 661.666005 1303822269
3325.989150 638.554917 1303822271
3327.644159 611.554944 1303822274
