2541.514810 1364.998635 1303831645
2567.415703 1365.554190 1303831648
2589.344575 1366.109745 1303831650
2614.086962 1366.998633 1303831652
2640.401607 1367.887521 1303831654
2667.709258 1368.443076 1303831656
2695.265161 1368.776409 1303831658
2722.986564 1368.776409 1303831660
2749.549461 1367.109744 1303831662
2775.450354 1367.554188 1303831664
2800.192741 1368.220854 1303831666
2823.197369 1369.220853 1303831668
2843.967733 1369.554186 1303831670
2870.116878 1369.331964 1303831673
2891.714748 1368.998631 1303831676
2916.539885 1370.109741 1303831690
2940.951270 1370.331963 1303831693
2961.390633 1370.998629 1303831695
2983.319504 1371.331962 1303831697
3005.413877 1371.776406 1303831699
3026.349742 1372.665294 1303831701
3055.395153 1372.887516 1303831704
3079.310035 1373.887515 1303831707
3101.983661 1374.887514 1303831710
3126.477796 1375.331958 1303831713
3154.695702 1375.331958 1303831716
3176.707324 1375.554180 1303831718
3200.539456 1376.109735 1303831720
3225.861096 1374.443070 1303831722
3250.520733 1371.887517 1303831724
3271.787600 1369.554186 1303831726
3295.371481 1363.443081 1303831729
3307.204796 1340.220882 1303831733
3306.708293 1314.665352 1303831736
3306.377292 1293.443151 1303831738
3305.880789 1269.109842 1303831740
3306.542792 1243.665423 1303831742
3307.122046 1219.109892 1303831744
3307.287547 1195.665471 1303831746
3307.866800 1172.998827 1303831748
3308.115051 1152.998847 1303831750
3308.611554 1127.109984 1303831753
3309.273558 1101.332232 1303831756
3310.432064 1071.665595 1303831759
3311.425070 1049.776728 1303831761
3312.500825 1025.110086 1303831763
3313.576581 999.221223 1303831765
3314.238585 972.999027 1303831767
3315.314341 948.110163 1303831769
3318.293357 924.221298 1303831771
3319.948367 902.665764 1303831773
3320.693121 878.110233 1303831776
3324.168640 857.665809 1303831797
3337.656965 840.443604 1303831801
3360.165089 838.776939 1303831804
3388.300245 842.221380 1303831807
3411.056621 843.888045 1303831809
3435.385255 846.332487 1303831811
3460.127642 849.999150 1303831813
3483.877024 852.888036 1303831815
3507.543654 854.332479 1303831817
3531.375786 855.554700 1303831819
3554.628665 856.776921 1303831821
3576.971289 857.999142 1303831823
3599.562164 858.888030 1303831825
3622.897793 859.443585 1303831827
3646.812675 859.554696 1303831829
3669.734552 860.221362 1303831831
3696.214698 861.443583 1303831834
3714.088797 872.554683 1303831838
3716.902313 898.554657 1303831842
3716.405810 928.110183 1303831845
3716.240309 951.332382 1303831847
3715.992058 977.221245 1303831849
3716.571311 1004.554551 1303831851
3716.488560 1030.665636 1303831853
3715.909307 1053.998946 1303831855
3714.999052 1082.110029 1303831858
3715.495555 1102.332231 1303831862
3735.769417 1116.332217 1303831869
3759.436048 1114.332219 1303831872
3788.729710 1113.443331 1303831875
3810.327580 1112.887776 1303831878
3827.456924 1097.665569 1303831889
3826.546669 1073.221149 1303831893
3826.712170 1048.665618 1303831906
3828.532680 1023.665643 1303831909
3829.360185 1001.776776 1303831911
3830.353190 978.110133 1303831913
3832.008199 953.332380 1303831915
3832.587453 930.776847 1303831917
3833.332207 908.110203 1303831920
3830.270440 886.221336 1303831925
3825.636414 866.554689 1303831935
3799.321769 864.110247 1303831939
3771.352114 863.776914 1303831942
3745.699472 862.554693 1303831945
3722.115592 862.554693 1303831948
3693.566684 862.221360 1303831951
3672.134315 861.554694 1303831953
3651.612201 861.443583 1303831955
3628.193822 861.443583 1303831958
