3330.540425 427.555128 1303870811
3335.753704 407.777370 1303870828
3337.987966 386.777391 1303870849
3338.318968 365.221857 1303870853
3338.815471 342.110769 1303870857
3339.808477 317.888571 1303870861
3341.546236 294.999705 1303870865
3340.884232 271.333062 1303870868
3340.718732 245.666421 1303870871
3341.132484 219.666447 1303870874
3341.380735 192.333141 1303870877
3341.297985 165.666501 1303870880
3341.546236 138.999861 1303870883
3342.042739 112.777665 1303870886
3342.456491 87.555468 1303870889
3342.539242 65.111046 1303870892
3330.457675 44.999955 1303870897
3309.852811 50.222172 1303870901
3287.675688 50.555505 1303870904
3263.595305 49.333284 1303870907
3239.514922 48.555507 1303870910
3216.096542 47.444397 1303870913
3195.905430 46.666620 1303870916
3171.659546 45.222177 1303870923
3147.827414 44.555511 1303870927
3125.898543 43.666623 1303870930
3102.976666 42.999957 1303870933
3080.054790 42.222180 1303870936
3058.291419 41.666625 1303870939
3033.466282 43.888845 1303870943
3011.371910 42.666624 1303870949
2999.952346 63.333270 1303870956
2998.380088 85.888803 1303870960
2997.800834 106.999893 1303870963
2997.221581 127.666539 1303870966
2996.725079 151.222071 1303870970
2996.559578 173.555382 1303870977
2995.980324 196.333137 1303870981
2995.401071 222.999777 1303870985
2994.573567 244.666422 1303870988
2994.490816 265.777512 1303870991
2995.152820 289.221933 1303870995
2993.415060 313.777464 1303871002
2993.001308 338.888550 1303871006
2992.339304 360.888528 1303871009
2991.925552 384.777393 1303871012
2991.180798 409.555146 1303871015
2990.436044 434.332899 1303871018
2990.022291 459.888429 1303871021
2989.029286 485.332848 1303871024
2987.870780 510.110601 1303871027
2986.712273 533.777244 1303871030
2985.719268 553.888335 1303871033
2975.292710 571.999428 1303871037
2950.715824 574.888314 1303871041
2929.117954 575.332758 1303871044
2906.278828 575.443869 1303871047
2885.094711 575.777202 1303871050
2858.780065 575.999424 1303871054
2834.699682 575.666091 1303871058
2813.763816 574.777203 1303871071
2792.331448 574.110537 1303871076
2767.589061 573.332760 1303871080
2745.908441 572.888316 1303871083
2723.400316 572.888316 1303871086
2699.981937 572.332761 1303871089
2675.736053 571.110540 1303871092
2649.917910 570.221652 1303871095
2623.934266 569.443875 1303871098
2598.116123 568.888320 1303871101
2573.539237 568.332765 1303871104
2551.858617 568.332765 1303871107
2531.088253 569.888319 1303871111
2522.978708 590.443854 1303871117
2521.075447 612.443832 1303871121
2519.916941 632.888256 1303871124
2519.337688 654.999345 1303871127
2518.179181 677.888211 1303871130
2517.517177 701.665965 1303871133
2516.772423 725.888163 1303871136
2515.944919 749.888139 1303871139
2515.282915 771.999228 1303871142
2515.696667 792.221430 1303871145
2515.696667 812.665854 1303871151
2516.110420 833.221389 1303871175
2514.041658 859.888029 1303871179
2512.552150 883.888005 1303871182
2512.055647 909.221313 1303871185
2511.559144 935.221287 1303871188
2510.897141 962.332371 1303871191
2510.317888 989.332344 1303871194
2509.655884 1016.554539 1303871197
2509.242132 1043.776734 1303871200
2509.159381 1069.332264 1303871203
2509.821385 1093.998906 1303871206
2510.566139 1115.443329 1303871209
2512.055647 1137.221085 1303871216
2512.552150 1158.887730 1303871220
2513.545155 1180.109931 1303871223
2514.207159 1202.443242 1303871226
2515.282915 1225.220997 1303871229
2515.696667 1247.554308 1303871232
2516.027669 1270.887618 1303871235
2515.779418 1293.776484 1303871238
2515.531166 1315.887573 1303871241
2515.365666 1341.443103 1303871245
2526.867979 1358.887530 1303871250
2548.796850 1359.887529 1303871254
2572.628982 1361.443083 1303871258
2593.068345 1362.998637 1303871273
2615.741971 1363.331970 1303871278
2640.236106 1363.776414 1303871282
2667.047255 1364.887524 1303871286
2688.479623 1365.331968 1303871289
2710.408495 1366.331967 1303871292
2732.089114 1366.220856 1303871295
2753.521483 1366.665300 1303871298
2775.036602 1367.220855 1303871301
2797.130974 1367.665299 1303871304
2818.563343 1368.220854 1303871307
2839.995711 1368.998631 1303871310
2861.841832 1370.109741 1303871313
2882.612197 1370.109741 1303871316
2908.016588 1371.331962 1303871320
2928.373200 1371.998628 1303871323
2950.384822 1372.887516 1303871326
2973.058448 1374.220848 1303871329
2996.145825 1374.776403 1303871332
3018.819451 1375.109736 1303871335
3041.079324 1375.331958 1303871338
3064.332203 1375.776402 1303871342
3087.750582 1376.109735 1303871347
3108.603697 1375.887513 1303871361
3134.173589 1375.998624 1303871367
3159.826231 1377.443067 1303871371
3180.844847 1378.443066 1303871374
3201.284210 1378.665288 1303871377
3227.102353 1376.220846 1303871381
3250.189731 1373.220849 1303871385
3270.960096 1370.443074 1303871389
3292.475215 1365.554190 1303871399
3306.211791 1350.109761 1303871404
3307.287547 1325.332008 1303871408
3307.370297 1302.776475 1303871411
3307.535798 1279.887609 1303871414
3308.032301 1256.109855 1303871417
3308.611554 1231.776546 1303871420
3309.439059 1208.998791 1303871423
3310.597565 1187.554368 1303871426
3311.425070 1161.221061 1303871430
3312.252574 1136.554419 1303871434
3312.997328 1111.443333 1303871438
3313.576581 1089.332244 1303871441
3313.824833 1065.776712 1303871444
3314.486836 1040.665626 1303871447
3315.148840 1013.887875 1303871450
3315.728093 986.332347 1303871453
3315.810844 959.110152 1303871456
3315.810844 933.110178 1303871459
3316.141846 908.776869 1303871462
3316.721099 887.999112 1303871465
