2794.482960 573.443871 1303872603
2769.988824 573.221649 1303872607
2749.218459 572.888316 1303872610
2726.627584 572.332761 1303872613
2702.629952 571.999428 1303872616
2677.308311 570.999429 1303872619
2650.579914 569.999430 1303872622
2623.603264 569.554986 1303872625
2597.702371 569.332764 1303872628
2572.959984 568.888320 1303872631
2549.955357 568.443876 1303872634
2528.688489 569.443875 1303872638
2520.992697 591.110520 1303872645
2519.751440 613.443831 1303872649
2518.675684 634.110477 1303872652
2518.675684 656.332677 1303872655
2518.179181 680.554875 1303872658
2517.351677 705.554850 1303872661
2516.772423 729.221493 1303872664
2516.027669 753.110358 1303872667
2515.531166 776.665890 1303872670
2515.779418 800.221422 1303872673
2516.193170 823.776954 1303872676
2515.944919 848.554707 1303872679
2514.869163 873.443571 1303872682
2513.710656 898.887990 1303872685
2512.883152 925.332408 1303872688
2512.386649 952.332381 1303872691
2511.476394 979.665687 1303872694
2510.566139 1006.443438 1303872697
2509.407633 1034.221188 1303872700
2509.904135 1061.665605 1303872703
2510.566139 1086.887802 1303872706
2511.393644 1110.776667 1303872709
2512.634900 1132.109979 1303872714
2513.048653 1157.332176 1303872721
2513.627906 1181.776596 1303872725
2514.041658 1201.998798 1303872728
2515.613917 1222.998777 1303872731
2517.848179 1243.554312 1303872734
2518.096431 1265.332068 1303872737
2518.096431 1286.776491 1303872740
2517.682678 1306.776471 1303872743
2517.351677 1331.332002 1303872747
2517.930930 1353.665313 1303872751
2536.880785 1364.443080 1303872756
2560.547415 1363.443081 1303872760
2580.904028 1363.331970 1303872763
2602.088145 1363.554192 1303872766
2624.099767 1364.109747 1303872769
2645.945888 1364.331969 1303872772
2667.874759 1364.887524 1303872775
2690.713886 1365.109746 1303872778
2713.801263 1365.665301 1303872781
2735.730135 1365.887523 1303872784
2758.072758 1366.554189 1303872787
2780.746384 1366.776411 1303872790
2803.585510 1367.331966 1303872793
2826.672888 1367.665299 1303872796
2850.174018 1367.887521 1303872799
2872.433891 1368.331965 1303872802
2898.748536 1369.331964 1303872806
2918.939648 1369.887519 1303872809
2940.620268 1370.443074 1303872812
2964.535150 1371.220851 1303872815
2989.029286 1371.443073 1303872818
3013.192420 1371.998628 1303872821
3037.024551 1372.776405 1303872824
3061.270436 1373.331960 1303872827
3085.847322 1373.887515 1303872830
3110.506958 1374.443070 1303872833
3135.332095 1374.776403 1303872836
3159.908981 1375.331958 1303872839
3184.485867 1375.998624 1303872842
3208.400750 1376.331957 1303872845
3231.074375 1374.220848 1303872848
3251.430988 1371.665295 1303872851
3276.007874 1368.443076 1303872855
3295.785233 1363.665303 1303872880
3305.632537 1340.887548 1303872885
3306.211791 1319.109792 1303872888
3306.542792 1294.887594 1303872891
3306.956545 1270.443174 1303872894
3307.453048 1247.443197 1303872897
3307.535798 1225.443219 1303872900
3307.618548 1203.554352 1303872903
3308.197802 1183.443261 1303872906
3308.115051 1158.887730 1303872910
3309.190807 1136.887752 1303872924
3310.763066 1110.665556 1303872929
3311.425070 1089.110022 1303872932
3311.756071 1055.665611 1303872936
3311.838822 1027.221195 1303872939
3312.087073 1006.887882 1303872941
3312.335325 985.999014 1303872943
3312.418075 965.554590 1303872945
3312.418075 945.332388 1303872947
3312.914578 915.887973 1303872950
3313.080079 889.443555 1303872953
3313.907583 868.665798 1303872959
