2810.619299 571.999428 1303874939
2785.463160 571.777206 1303874945
2763.286037 571.110540 1303874948
2739.040153 570.554985 1303874951
2712.808258 570.110541 1303874954
2686.162610 568.999431 1303874957
2658.110205 567.554988 1303874960
2629.147545 566.777211 1303874963
2601.343391 565.999434 1303874966
2575.607999 564.666102 1303874969
2551.444865 563.332770 1303874972
2527.778234 564.332769 1303874976
2519.751440 587.888301 1303874982
2518.675684 613.443831 1303874986
2517.848179 636.888252 1303874989
2517.103425 661.443783 1303874992
2516.524172 686.999313 1303874995
2515.034664 720.777057 1303874999
2514.869163 745.999254 1303875002
2515.448416 769.665897 1303875005
2516.855174 793.332540 1303875008
2517.848179 815.776962 1303875011
2517.434427 840.999159 1303875015
2515.282915 862.332471 1303875030
2514.124409 883.554672 1303875034
2513.379655 903.887985 1303875037
2512.883152 927.221295 1303875040
2512.055647 951.999048 1303875043
2511.890146 976.887912 1303875046
2511.641895 1001.998998 1303875049
2511.393644 1026.887862 1303875052
2511.559144 1050.443394 1303875055
2511.310893 1073.110038 1303875058
2511.310893 1093.443351 1303875061
2512.386649 1116.776661 1303875065
2511.972897 1140.443304 1303875073
2512.221148 1161.887727 1303875077
2513.296904 1182.665484 1303875080
2513.545155 1205.332128 1303875083
2515.034664 1228.554327 1303875086
2516.358671 1251.665415 1303875089
2516.937924 1274.887614 1303875092
2516.689673 1297.220925 1303875095
2513.214154 1320.443124 1303875099
2512.469400 1342.331991 1303875103
2519.751440 1361.998638 1303875111
2541.018307 1362.776415 1303875115
2567.746705 1362.887526 1303875119
2589.675577 1363.443081 1303875122
2612.018200 1363.109748 1303875125
2634.112572 1363.220859 1303875128
2656.786198 1363.554192 1303875131
2680.287328 1363.998636 1303875134
2704.367711 1364.220858 1303875137
2728.199843 1363.443081 1303875140
2751.866474 1363.665303 1303875143
2775.119353 1363.443081 1303875146
2798.289481 1363.776414 1303875149
2820.466603 1364.331969 1303875152
2842.312724 1364.443080 1303875155
2862.669337 1364.109747 1303875158
2887.825476 1364.554191 1303875162
2908.099338 1366.109745 1303875182
2933.172727 1368.554187 1303875188
2960.066626 1369.554186 1303875192
2982.078247 1370.109741 1303875195
3004.669122 1371.665295 1303875198
3027.839251 1372.220850 1303875201
3051.340381 1372.887516 1303875204
3074.345008 1373.887515 1303875207
3097.763387 1374.998625 1303875210
3121.264517 1374.887514 1303875213
3146.006904 1375.331958 1303875216
3170.501040 1376.554179 1303875219
3195.491678 1378.443066 1303875222
3220.316815 1377.220845 1303875225
3242.990441 1374.220848 1303875228
3264.174558 1370.331963 1303875231
3289.247947 1365.998634 1303875235
3305.384286 1347.443097 1303875240
3305.632537 1325.665341 1303875243
3305.963539 1301.332032 1303875246
3306.460042 1276.109835 1303875249
3306.873794 1249.998750 1303875252
3307.618548 1223.554332 1303875255
3308.115051 1198.221024 1303875258
3309.108057 1174.887714 1303875261
3310.266563 1154.554401 1303875264
3311.011317 1131.109980 1303875268
3311.921572 1105.110006 1303875272
3312.169824 1082.887806 1303875275
3312.169824 1059.776718 1303875278
3312.500825 1036.776741 1303875281
3312.914578 1013.443431 1303875284
3313.493831 989.887899 1303875287
3313.990334 966.443478 1303875290
3314.321336 944.443500 1303875293
3314.155835 922.110189 1303875296
3314.321336 898.665768 1303875299
3314.817838 875.776902 1303875302
3315.479842 852.332481 1303875305
3316.224596 827.999172 1303875308
3316.721099 804.110307 1303875311
3317.217602 779.999220 1303875314
3317.383102 755.332578 1303875317
3318.210607 730.554825 1303875320
3318.707110 706.332627 1303875323
3319.120862 683.888205 1303875326
3319.865616 662.888226 1303875329
3320.527620 637.888251 1303875333
3321.106873 615.888273 1303875337
3322.430880 593.110518 1303875345
3324.085890 569.666097 1303875349
3327.064906 538.110573 1303875353
3327.975161 513.110598 1303875356
3327.975161 490.777287 1303875359
3327.809660 465.221757 1303875363
3324.582392 444.444000 1303875367
