3319.120862 1137.221085 1303169241
3325.658148 1117.998882 1303169261
3324.168640 1092.110019 1303169266
3324.416891 1063.110048 1303169269
3323.341135 1039.665627 1303169271
3323.506636 1012.110099 1303169273
3324.499642 983.110128 1303169275
3324.913394 953.332380 1303169277
3326.402902 924.554631 1303169279
3327.975161 898.665768 1303169281
3327.892411 877.554678 1303169283
3330.705926 855.888033 1303169286
3353.793304 847.110264 1303169290
3380.852704 849.443595 1303169293
3400.795564 850.888038 1303169295
3426.944709 852.888036 1303169298
3447.135820 853.776924 1303169305
3470.802451 856.443588 1303169310
3498.606605 857.332476 1303169313
3528.148518 858.110253 1303169316
3548.174129 858.999141 1303169318
3571.096006 860.443584 1303169320
3595.838393 861.554694 1303169322
3620.580780 862.888026 1303169324
3642.757903 864.221358 1303169326
3666.921036 864.665802 1303169329
3687.939652 866.776911 1303169338
3707.965263 868.443576 1303169345
3715.578305 891.221331 1303169350
3713.344043 913.887975 1303169353
3712.351038 934.887954 1303169355
3712.351038 961.887927 1303169357
3711.937285 992.221230 1303169359
3712.020036 1023.665643 1303169361
3711.275282 1054.110057 1303169363
3710.861529 1081.554474 1303169365
3711.109781 1102.776675 1303169367
3711.027030 1123.887765 1303169372
3708.875518 1144.221078 1303169391
3706.227504 1169.998830 1303169394
3706.144753 1191.443253 1303169396
3706.144753 1217.109894 1303169398
3705.317249 1246.998753 1303169400
3703.662239 1289.776488 1303169403
3703.496739 1315.109796 1303169405
3703.000236 1335.776442 1303169407
3703.165737 1359.554196 1303169410
3707.386010 1381.109730 1303169413
3706.806757 1403.665263 1303169416
3705.896502 1430.443014 1303169420
3704.324243 1454.220768 1303169423
3703.910491 1474.220748 1303169425
3703.744990 1494.220728 1303169427
3704.489744 1523.887365 1303169430
3704.655245 1544.442900 1303169432
3703.827740 1573.109538 1303169435
3704.655245 1593.109518 1303169437
3706.558505 1613.220609 1303169440
3722.198342 1626.220596 1303169451
3733.286903 1643.998356 1303169471
3736.431421 1669.553886 1303169476
3734.197158 1692.220530 1303169479
3732.128397 1717.109394 1303169482
3728.570127 1739.331594 1303169485
3721.701839 1758.220464 1303169491
3714.502549 1777.442667 1303169503
3709.785773 1800.331533 1303169529
3706.393005 1824.998175 1303169533
3709.454771 1851.664815 1303169536
3708.048014 1878.220344 1303169539
3709.206520 1900.775877 1303169541
3710.365027 1925.664741 1303169543
3711.109781 1950.886938 1303169545
3708.461766 1984.220238 1303169547
3707.137759 2014.109097 1303169549
3707.634261 2036.775741 1303169551
3706.062003 2069.553486 1303169553
3705.399999 2094.442350 1303169555
3705.399999 2119.664547 1303169557
3704.986247 2141.664525 1303169558
3705.896502 2177.442267 1303169560
3707.386010 2216.108895 1303169562
3706.144753 2246.108865 1303169564
3705.068997 2272.331061 1303169566
3697.124953 2295.108816 1303169568
3688.187904 2316.219906 1303169572
3685.374388 2338.553217 1303169583
3701.345227 2350.997649 1303169588
3721.122586 2358.553197 1303169592
3742.885956 2358.997641 1303169596
3762.415064 2352.219870 1303169604
3782.937178 2352.775425 1303169612
3794.522242 2335.330998 1303169617
3802.300785 2316.664350 1303169621
3797.666759 2296.442148 1303169625
3789.639965 2277.997722 1303169628
3779.958162 2255.886633 1303169632
3793.860238 2233.775544 1303169635
3776.730894 2248.442196 1303169644
3752.485010 2259.442185 1303169647
3729.397632 2257.664409 1303169651
3709.620272 2245.997754 1303169656
3701.179726 2264.997735 1303169666
3683.305627 2277.331056 1303169671
3660.797502 2278.219944 1303169674
3635.724114 2271.997728 1303169677
3613.050488 2260.108851 1303169680
3603.285934 2242.108869 1303169683
3599.810415 2218.664448 1303169686
3593.769631 2196.442248 1303169688
3589.383857 2170.775607 1303169690
3588.970105 2143.775634 1303169692
3587.977099 2115.775662 1303169694
3590.128611 2090.775687 1303169696
3589.218356 2067.553488 1303169698
3588.887354 2044.997955 1303169700
3588.970105 2020.442424 1303169702
3589.052855 1995.886893 1303169704
3588.887354 1972.109139 1303169706
3586.735843 1947.220275 1303169708
3585.991088 1923.442521 1303169710
3587.728848 1903.331430 1303169712
3588.308101 1879.664787 1303169714
3586.984094 1854.109257 1303169716
3586.570342 1829.220393 1303169718
3585.991088 1805.998194 1303169720
3585.411835 1783.442661 1303169722
3584.667081 1760.331573 1303169724
3583.922327 1736.664930 1303169726
3583.591325 1712.220510 1303169728
3584.418830 1687.109424 1303169730
3583.922327 1660.998339 1303169732
3582.846571 1634.331699 1303169734
3582.432819 1604.553951 1303169736
3582.929322 1574.887314 1303169738
3583.508575 1545.998454 1303169740
3584.253329 1516.665150 1303169742
3584.584331 1488.665178 1303169744
3584.170578 1460.554095 1303169746
3584.170578 1435.554120 1303169748
3583.343074 1414.220808 1303169750
3572.916516 1394.220828 1303169754
3547.925878 1394.776383 1303169758
3517.721961 1395.665271 1303169761
3492.234820 1394.109717 1303169763
3464.513416 1392.109719 1303169765
3435.964508 1389.220833 1303169767
3408.905109 1387.331946 1303169769
3383.252467 1385.998614 1303169771
3360.247840 1383.887505 1303169773
3336.167456 1380.665286 1303169776
