1008.728080 855.776922 1301972770
987.626714 852.221370 1301972775
956.926294 849.554706 1301972778
930.280647 846.888042 1301972780
898.587221 844.999155 1301972782
864.576783 843.888045 1301972784
828.332083 843.110268 1301972786
790.349622 842.332491 1301972788
751.953410 841.665825 1301972790
715.046706 840.221382 1301972792
680.457014 839.332494 1301972794
650.501349 838.443606 1301972796
626.255465 837.221385 1301972798
601.347577 836.665830 1301972801
580.246210 832.443612 1301972827
554.014315 829.332504 1301972831
533.988704 828.888060 1301972833
506.763804 826.443618 1301972835
477.718393 824.443620 1301972837
447.100723 822.443622 1301972839
415.986551 820.554735 1301972841
387.272142 819.554736 1301972843
362.281504 817.665849 1301972845
334.725602 816.888072 1301972848
313.955237 814.554741 1301972871
288.550846 811.332522 1301972876
267.863232 810.443634 1301972878
245.106856 810.554745 1301972880
224.998495 810.443634 1301972882
201.828367 810.999189 1301972886
182.216508 806.110305 1301972890
155.239859 802.110309 1301972893
129.504466 798.888090 1301972896
108.899602 794.665872 1301972922
91.770258 805.888083 1301972927
91.935759 829.888059 1301972930
91.604757 850.999149 1301972932
90.860003 874.776903 1301972934
89.122243 901.665765 1301972936
87.715485 931.665735 1301972938
86.308727 962.776815 1301972940
85.067471 993.665673 1301972942
82.833208 1023.665643 1301972944
81.178199 1054.221168 1301972946
79.523190 1086.221136 1301972948
77.868181 1119.554436 1301972950
76.461423 1153.332180 1301972952
75.137416 1184.998815 1301972954
73.978909 1215.332118 1301972956
73.399656 1242.332091 1301972958
72.737652 1265.554290 1301972960
72.654902 1289.332044 1301972963
70.089638 1313.109798 1301972968
79.605940 1332.887556 1301972973
107.327344 1334.887554 1301972977
128.428710 1334.665332 1301972979
154.246853 1335.220887 1301972981
181.885506 1334.554221 1301972983
207.786400 1334.887554 1301972985
230.708276 1335.443109 1301972987
253.133650 1334.998665 1301972990
277.048533 1334.554221 1301973005
304.521685 1335.220887 1301973008
328.933070 1335.776442 1301973010
356.654473 1336.776441 1301973012
386.113636 1337.443107 1301973014
414.910795 1337.776440 1301973016
439.818683 1338.776439 1301973018
460.754549 1339.331994 1301973022
486.655442 1339.887549 1301973028
506.681053 1340.443104 1301973030
531.423440 1341.443103 1301973032
560.220599 1341.998658 1301973034
592.245026 1342.554213 1301973036
626.338215 1343.109768 1301973038
660.845156 1343.776434 1301973040
695.186596 1343.998656 1301973042
729.279785 1344.554211 1301973044
761.966215 1345.331988 1301973046
791.425378 1346.220876 1301973048
817.160771 1346.665320 1301973050
838.096637 1345.443099 1301973052
858.204998 1343.998656 1301973056
873.265581 1326.220896 1301973062
877.154853 1295.443149 1301973065
879.637366 1271.776506 1301973067
881.126875 1251.554304 1301973069
882.037130 1229.554326 1301973076
883.940390 1202.665464 1301973080
884.519643 1180.887708 1301973082
885.181647 1155.443289 1301973084
887.746911 1127.776650 1301973086
890.146674 1100.887788 1301973088
890.808678 1079.776698 1301973090
901.317986 1058.665608 1301973094
922.584854 1057.554498 1301973097
953.616276 1058.110053 1301973100
976.538152 1059.110052 1301973102
998.632525 1060.221162 1301973104
1019.816642 1060.554495 1301973106
1041.000759 1061.554494 1301973108
1062.019375 1062.776715 1301973110
1088.582272 1063.443381 1301973113
1112.910907 1063.665603 1301973117
1142.452820 1064.443380 1301973121
1165.291947 1066.332267 1301973123
1190.696337 1067.221155 1301973125
1217.010983 1067.554488 1301973127
1242.994627 1067.998932 1301973129
1268.316267 1068.221154 1301973131
1293.224154 1068.110043 1301973133
1317.056286 1068.998931 1301973135
1340.060913 1069.443375 1301973137
1362.238036 1070.776707 1301973139
1383.835906 1071.443373 1301973141
1405.268274 1072.332261 1301973143
1427.610898 1072.776705 1301973145
1449.870771 1072.887816 1301973147
1475.440662 1072.665594 1301973150
1492.239005 1060.443384 1301973156
1494.390517 1039.332294 1301973159
1495.135271 1008.332325 1301973162
1495.880026 985.332348 1301973164
1496.128277 962.999037 1301973166
1496.459279 939.110172 1301973168
1497.121282 913.999086 1301973170
1497.700536 889.887999 1301973172
1498.528040 867.110244 1301973174
1499.521046 846.332487 1301973176
1500.762303 824.665842 1301973179
1501.093304 802.999197 1301973187
1503.244816 775.332558 1301973190
1504.155071 750.777027 1301973192
1504.072321 721.554834 1301973194
1504.651574 689.665977 1301973196
1505.313578 657.110454 1301973198
1505.727330 627.221595 1301973200
1505.561829 601.999398 1301973202
1505.313578 578.888310 1301973205
