2814.177569 575.888313 1303953952
2791.090191 574.666092 1303953963
2770.319826 574.221648 1303953966
2745.742940 573.443871 1303953969
2718.849041 572.554983 1303953972
2690.713886 572.443872 1303953975
2662.247728 570.777207 1303953978
2633.367818 569.888319 1303953981
2604.736160 568.999431 1303953984
2578.256013 568.999431 1303953987
2554.589383 569.332764 1303953990
2533.074264 569.999430 1303953995
2520.578944 589.554966 1303954004
2520.413443 615.110496 1303954008
2518.841185 641.221581 1303954012
2518.261932 663.777114 1303954016
2516.772423 686.665980 1303954020
2516.110420 707.443737 1303954023
2515.779418 729.332604 1303954026
2515.117414 755.332578 1303954030
2515.613917 778.554777 1303954034
2517.351677 801.221421 1303954039
2517.268926 824.443620 1303954049
2516.855174 849.888039 1303954053
2515.448416 873.776904 1303954056
2514.124409 899.776878 1303954059
2513.627906 926.110185 1303954062
2513.710656 953.554602 1303954065
2513.296904 980.887908 1303954068
2513.048653 1008.665658 1303954071
2512.634900 1036.110075 1303954074
2511.476394 1061.998938 1303954077
2511.890146 1086.998913 1303954080
2512.303899 1109.776668 1303954083
2512.221148 1131.332202 1303954090
2512.138398 1155.443289 1303954095
2512.552150 1176.109935 1303954098
2513.545155 1199.332134 1303954101
2515.531166 1223.220999 1303954104
2517.517177 1246.220976 1303954107
2518.013680 1268.887620 1303954110
2517.682678 1289.332044 1303954113
2517.517177 1315.443129 1303954117
2517.186176 1339.331994 1303954121
2518.675684 1361.109750 1303954129
2541.432060 1366.443078 1303954134
2567.498454 1367.665299 1303954138
2588.848072 1367.665299 1303954141
2611.190696 1367.331966 1303954144
2633.616070 1367.109744 1303954147
2655.958693 1367.220855 1303954150
2678.715069 1366.998633 1303954153
2702.298950 1366.776411 1303954156
2726.131082 1366.887522 1303954159
2749.714962 1367.220855 1303954162
2772.388587 1367.443077 1303954165
2793.324453 1367.109744 1303954168
2813.598315 1367.887521 1303954171
2839.995711 1369.776408 1303954175
2860.104073 1370.443074 1303954178
2885.011960 1369.776408 1303954182
2909.671597 1370.443074 1303954186
2930.772964 1370.998629 1303954189
2955.101598 1371.665295 1303954192
2980.257737 1372.443072 1303954195
3005.413877 1373.776404 1303954198
3029.659761 1374.109737 1303954201
3051.836883 1373.998626 1303954204
3072.938250 1373.554182 1303954207
3094.287868 1374.220848 1303954211
3114.230729 1375.665291 1303954229
3137.649108 1376.109735 1303954233
3158.750475 1375.776402 1303954236
3181.589601 1375.887513 1303954239
3205.173482 1375.776402 1303954242
3226.854102 1373.220849 1303954245
3251.596489 1369.443075 1303954249
3274.518365 1365.887523 1303954253
3294.709477 1367.554188 1303954279
3305.218785 1347.998652 1303954284
3305.384286 1322.220900 1303954288
3306.046290 1300.776477 1303954291
3306.873794 1278.332055 1303954294
3307.370297 1255.776522 1303954297
3307.866800 1234.109877 1303954300
3308.280552 1213.776564 1303954303
3308.363303 1189.443255 1303954307
3308.777055 1169.443275 1303954311
3309.190807 1148.443296 1303954320
3309.687310 1125.554430 1303954338
3311.590570 1102.887786 1303954342
3312.252574 1080.887808 1303954345
3312.500825 1056.665610 1303954348
3312.914578 1030.998969 1303954351
3313.576581 1004.887884 1303954354
3313.411080 979.443465 1303954357
3313.907583 954.332379 1303954360
3314.486836 930.443514 1303954363
3315.148840 909.221313 1303954366
3315.562592 883.554672 1303954370
