2814.260319 574.999425 1303956746
2791.421193 574.666092 1303956754
2765.603050 574.443870 1303956758
2743.839679 574.332759 1303956761
2720.586801 573.777204 1303956764
2696.506418 573.443871 1303956767
2672.426034 573.110538 1303956770
2647.600897 572.443872 1303956773
2623.024011 571.777206 1303956776
2599.109129 570.888318 1303956779
2577.759511 569.999430 1303956782
2556.161641 572.110539 1303956786
2536.136030 569.999430 1303956796
2523.475210 585.888303 1303956805
2522.316704 611.110500 1303956809
2520.827196 633.110478 1303956812
2520.165192 656.777121 1303956815
2519.172187 680.999319 1303956818
2518.013680 704.888184 1303956821
2516.855174 727.110384 1303956824
2516.193170 747.777030 1303956827
2515.944919 772.554783 1303956831
2516.441421 792.554763 1303956842
2515.779418 812.999187 1303956847
2515.034664 837.776940 1303956851
2514.041658 859.110252 1303956854
2512.965902 882.554673 1303956857
2512.055647 906.332427 1303956860
2511.476394 928.554627 1303956863
2510.814390 950.665716 1303956866
2510.069636 974.110137 1303956869
2509.986886 999.332334 1303956872
2509.904135 1025.332308 1303956875
2509.407633 1050.887838 1303956878
2508.911130 1073.998926 1303956881
2509.986886 1096.443348 1303956884
2509.904135 1120.332213 1303956888
2511.228143 1140.665526 1303956895
2511.807396 1163.332170 1303956899
2511.807396 1189.221033 1303956903
2512.552150 1209.887679 1303956906
2514.372660 1231.554324 1303956909
2515.034664 1252.332081 1303956912
2514.951913 1272.554283 1303956915
2514.207159 1298.443146 1303956919
2513.296904 1322.443122 1303956923
2513.793407 1343.776434 1303956928
2530.840001 1359.554196 1303956948
2555.168636 1361.554194 1303956952
2581.897034 1362.776415 1303956956
2602.667399 1363.220859 1303956959
2624.679020 1363.665303 1303956962
2647.683648 1363.554192 1303956965
2671.102027 1364.443080 1303956968
2694.520407 1365.109746 1303956971
2718.435289 1365.554190 1303956974
2742.101920 1364.220858 1303956977
2765.023797 1364.665302 1303956980
2787.780173 1365.109746 1303956983
2810.619299 1365.665301 1303956986
2833.210174 1366.109745 1303956989
2855.718298 1367.109744 1303956992
2877.316168 1367.443077 1303956995
2903.879065 1368.220854 1303956999
2924.897681 1368.998631 1303957002
2947.654057 1369.776408 1303957005
2972.065442 1371.220851 1303957008
2996.890579 1373.220849 1303957011
3021.632966 1373.887515 1303957014
3045.796100 1373.998626 1303957017
3069.959234 1374.554181 1303957020
3094.205118 1375.109736 1303957023
3118.616503 1375.554180 1303957026
3143.193389 1375.998624 1303957029
3167.935776 1376.443068 1303957032
3192.512662 1377.220845 1303957035
3217.172298 1376.776401 1303957038
3239.845924 1373.776404 1303957041
3259.788784 1371.665295 1303957044
3282.048657 1369.220853 1303957048
3303.481026 1360.443084 1303957063
3308.032301 1338.998661 1303957067
3308.611554 1312.665354 1303957071
3309.108057 1290.220932 1303957074
3309.935561 1266.332067 1303957077
3310.680315 1242.332091 1303957080
3311.425070 1218.998781 1303957083
3312.666326 1195.998804 1303957086
3313.907583 1173.998826 1303957089
3315.231591 1148.221074 1303957093
3316.224596 1126.776651 1303957099
3316.886600 1104.332229 1303957123
3317.548603 1080.776697 1303957126
3318.210607 1050.998949 1303957129
3318.624359 1028.443416 1303957131
3318.955361 1004.998995 1303957133
3319.617365 982.332351 1303957135
3320.279368 959.776818 1303957137
3320.775871 936.999063 1303957139
3321.189624 914.665752 1303957141
3321.768877 892.887996 1303957143
3322.182629 871.221351 1303957145
3322.844633 849.999150 1303957147
3323.423886 828.776949 1303957149
3323.672137 808.110303 1303957151
3324.085890 787.554768 1303957153
3324.251390 766.888122 1303957155
3324.582392 746.443698 1303957157
3324.913394 726.110385 1303957159
3325.327146 705.999294 1303957161
3325.658148 685.777092 1303957163
3326.071901 665.777112 1303957165
3326.733904 636.777141 1303957168
3327.230407 609.332724 1303957171
3328.554414 579.777198 1303957174
3329.961172 551.666115 1303957177
3332.112684 524.999475 1303957180
3333.684943 499.777278 1303957183
3335.091700 475.666191 1303957186
3335.008950 452.555103 1303957189
3331.450680 432.555123 1303957193
3336.415708 411.888477 1303957222
3337.905216 391.888497 1303957226
3338.070717 367.221855 1303957230
3336.912211 343.221879 1303957234
3335.257201 323.221899 1303957240
3338.070717 301.666365 1303957245
3338.980972 275.888613 1303957249
3339.642976 253.444191 1303957252
3340.222229 228.888660 1303957255
3340.884232 203.999796 1303957258
3341.628987 178.110933 1303957261
3342.456491 152.555403 1303957264
3343.118495 126.333207 1303957267
3343.532247 100.333233 1303957270
3343.532247 75.555480 1303957273
3342.952994 54.555501 1303957278
3322.679132 44.111067 1303957305
3300.750260 46.888842 1303957309
3273.773611 46.777731 1303957313
3251.596489 45.888843 1303957316
3229.253865 44.999955 1303957319
3208.400750 44.222178 1303957322
3187.299383 43.222179 1303957326
3162.887998 42.888846 1303957333
3136.738853 42.666624 1303957337
3115.058233 42.222180 1303957340
3092.632859 41.555514 1303957343
3070.455736 41.111070 1303957346
3049.850872 42.222180 1303957349
3025.853240 43.444401 1303957353
3005.000124 45.666621 1303957361
3000.035097 73.333260 1303957367
2998.793840 98.222124 1303957371
2999.042091 119.777658 1303957374
2997.966335 140.333193 1303957377
2997.387082 160.666506 1303957381
2996.725079 181.222041 1303957391
2995.732073 206.888682 1303957395
2994.987319 228.777549 1303957398
2994.408066 250.999749 1303957401
2994.325315 271.888617 1303957404
2993.828812 292.110819 1303957408
2992.753057 315.999684 1303957415
2992.339304 340.444104 1303957419
2992.008302 362.444082 1303957422
2991.677301 386.666280 1303957425
2991.180798 411.444033 1303957428
2990.518794 435.777342 1303957431
2989.939541 460.221762 1303957434
2989.360288 483.999516 1303957437
2988.532783 506.443938 1303957440
2987.539778 526.555029 1303957443
2986.464022 547.110564 1303957447
