3328.223412 426.555129 1303992056
3331.036928 401.444043 1303992063
3331.450680 374.332959 1303992066
3331.533431 350.221872 1303992069
3333.850444 329.999670 1303992081
3332.029933 302.444142 1303992086
3332.691937 275.666391 1303992089
3333.436691 247.555308 1303992092
3333.602192 217.888671 1303992095
3333.519442 197.110914 1303992097
3334.098695 174.444270 1303992099
3335.008950 151.110960 1303992101
3335.753704 127.110984 1303992103
3336.332957 103.666563 1303992105
3336.912211 81.999918 1303992107
3337.656965 58.111053 1303992110
3327.478658 38.111073 1303992115
3299.591754 40.666626 1303992119
3271.704850 41.222181 1303992122
3251.596489 40.888848 1303992124
3231.322626 40.666626 1303992126
3211.214265 40.444404 1303992128
3185.809875 40.333293 1303992131
3165.784264 40.555515 1303992137
3141.786631 40.666626 1303992141
3110.341457 39.777738 1303992145
3085.185318 39.444405 1303992148
3059.615426 38.999961 1303992151
3035.452293 38.777739 1303992154
3011.040908 38.333295 1303992158
2995.566572 52.333281 1303992166
2996.311326 75.333258 1303992170
2996.394077 98.333235 1303992173
2995.649323 123.999876 1303992176
2995.980324 148.222074 1303992179
2996.311326 170.444274 1303992186
2996.063075 192.110919 1303992190
2995.401071 216.110895 1303992193
2994.325315 243.110868 1303992196
2994.325315 269.110842 1303992199
2994.408066 292.666374 1303992203
2993.663312 318.444126 1303992209
2993.166809 344.555211 1303992212
2992.670306 364.888524 1303992214
2992.173803 386.110725 1303992216
2991.677301 407.666259 1303992218
2991.098047 429.444015 1303992220
2990.436044 451.221771 1303992222
2989.856791 472.555083 1303992224
2989.525789 493.110618 1303992226
2988.781035 522.443922 1303992229
2987.870780 547.443897 1303992232
2985.967519 568.443876 1303992237
2965.279905 578.110533 1303992242
2942.275277 578.332755 1303992245
2914.967626 577.666089 1303992248
2887.577225 577.110534 1303992251
2862.752087 576.888312 1303992254
2839.499209 576.666090 1303992258
2815.005073 576.443868 1303992267
2794.400209 576.332757 1303992270
2766.678806 575.443869 1303992273
2744.915435 574.888314 1303992275
2721.414305 574.110537 1303992277
2696.837419 572.888316 1303992279
2671.350278 571.332762 1303992281
2645.283884 570.443874 1303992283
2618.969239 570.110541 1303992285
2592.820094 569.443875 1303992287
2569.153463 568.999431 1303992289
2541.514810 568.999431 1303992292
2521.158198 579.888309 1303992297
2520.496194 604.332729 1303992301
2519.503188 630.666036 1303992304
2519.420438 650.888238 1303992306
2519.503188 671.777106 1303992308
2519.585939 693.665973 1303992310
2519.254937 715.665951 1303992312
2519.006686 737.221485 1303992314
2518.841185 758.554797 1303992316
2519.585939 778.776999 1303992318
2520.165192 802.999197 1303992321
2519.006686 826.221396 1303992331
2518.096431 846.221376 1303992334
2516.855174 873.888015 1303992337
2515.696667 894.554661 1303992339
2514.786412 914.999085 1303992341
2514.372660 935.776842 1303992343
2514.372660 956.999043 1303992345
2513.627906 978.887910 1303992347
2512.965902 1001.221221 1303992349
2512.386649 1023.665643 1303992351
2512.717651 1046.110065 1303992353
2511.062642 1069.554486 1303992355
2511.393644 1091.776686 1303992357
2512.386649 1119.221103 1303992360
2513.296904 1141.443303 1303992367
2514.289910 1165.443279 1303992371
2515.448416 1191.665475 1303992374
2516.441421 1212.221010 1303992376
2517.186176 1233.776544 1303992378
2517.848179 1256.332077 1303992380
2518.592933 1278.554277 1303992382
2519.668689 1306.554249 1303992385
2520.082442 1330.776447 1303992389
2520.496194 1350.998649 1303992393
