2809.626293 577.443867 1303993594
2788.442176 576.999423 1303993597
2768.416565 576.777201 1303993599
2744.584434 576.443868 1303993601
2717.690535 575.443869 1303993603
2688.727875 574.221648 1303993605
2657.861954 572.888316 1303993607
2625.423774 571.888317 1303993609
2593.647599 571.666095 1303993611
2566.422698 571.332762 1303993613
2544.659328 571.554984 1303993615
2522.978708 578.443866 1303993619
2521.075447 605.221617 1303993623
2519.834190 635.999364 1303993626
2519.172187 661.443783 1303993628
2518.261932 689.554866 1303993630
2517.848179 718.221504 1303993632
2517.765429 745.665921 1303993634
2518.261932 771.665895 1303993636
2518.592933 795.221427 1303993638
2518.758434 816.665850 1303993640
2518.841185 836.665830 1303993642
2518.758434 857.110254 1303993644
2517.434427 879.110232 1303993646
2515.034664 901.887987 1303993648
2514.207159 923.999076 1303993650
2514.041658 944.776833 1303993652
2513.214154 974.443470 1303993655
2512.386649 1003.776774 1303993658
2511.393644 1033.776744 1303993661
2510.897141 1062.887826 1303993664
2510.566139 1088.665578 1303993667
2511.476394 1111.110000 1303993670
2511.972897 1132.332201 1303993675
2512.138398 1159.665507 1303993681
2512.469400 1188.443256 1303993684
2512.883152 1211.109900 1303993686
2513.627906 1235.887653 1303993688
2514.869163 1262.220960 1303993690
2516.027669 1287.220935 1303993692
2516.441421 1308.776469 1303993694
2516.441421 1331.887557 1303993697
2516.027669 1353.776424 1303993701
2534.563772 1366.554189 1303993721
2558.644155 1366.109745 1303993724
2589.427325 1366.443078 1303993727
2612.680204 1366.998633 1303993729
2637.919094 1367.554188 1303993731
2664.730242 1367.998632 1303993733
2692.782647 1368.665298 1303993735
2721.083304 1368.998631 1303993737
2749.301210 1369.220853 1303993739
2776.691611 1370.109741 1303993741
2803.006257 1370.887518 1303993743
2827.748644 1371.220851 1303993745
2850.587770 1371.554184 1303993747
2877.398918 1372.220850 1303993750
2898.583036 1373.109738 1303993754
2923.656424 1373.331960 1303993782
2947.985059 1374.220848 1303993785
2969.086426 1374.776403 1303993787
2992.753057 1375.665291 1303993789
3017.495443 1375.887513 1303993791
3042.072329 1376.665290 1303993793
3065.656210 1377.220845 1303993795
3089.074589 1378.109733 1303993797
3113.320474 1378.998621 1303993799
3138.559363 1379.554176 1303993801
3164.791258 1380.220842 1303993803
3191.850658 1381.443063 1303993805
3219.323810 1380.776397 1303993807
3246.465960 1377.665289 1303993809
3268.643083 1375.220847 1303993811
3290.158202 1371.554184 1303993814
3306.873794 1356.109755 1303993821
3308.032301 1330.332003 1303993824
3308.197802 1309.220913 1303993826
3308.694304 1285.109826 1303993828
3309.190807 1258.998741 1303993830
3309.604559 1232.998767 1303993832
3309.852811 1209.221013 1303993834
3310.514814 1187.332146 1303993836
3311.425070 1166.776611 1303993838
3311.921572 1137.665529 1303993841
3312.252574 1107.332226 1303993844
3312.749077 1083.887805 1303993846
3313.162829 1058.110053 1303993848
3313.659332 1030.776747 1303993850
3314.155835 1001.998998 1303993852
3314.652337 972.221250 1303993854
3314.983339 941.665725 1303993856
3315.810844 911.443533 1303993858
3316.141846 881.888007 1303993860
3316.886600 853.221369 1303993862
3317.714104 824.888064 1303993864
3318.458858 797.221425 1303993866
3319.203613 769.999230 1303993868
3320.693121 742.777035 1303993870
3322.761882 715.777062 1303993872
3324.334141 689.554866 1303993874
3324.830644 664.110447 1303993876
3325.078895 642.332691 1303993878
3325.492647 618.110493 1303993881
