2537.129036 568.999431 1304079873
2513.545155 568.221654 1304079893
2486.485756 567.443877 1304079896
2465.218888 566.888322 1304079898
2442.959015 565.999434 1304079900
2419.540635 565.221657 1304079902
2395.708504 564.443880 1304079904
2370.635115 563.999436 1304079906
2344.734222 563.554992 1304079908
2318.833328 562.999437 1304079910
2292.270431 562.554993 1304079912
2265.211032 562.110549 1304079914
2237.406878 561.888327 1304079916
2209.188972 561.554994 1304079918
2180.805565 560.888328 1304079920
2152.008405 560.221662 1304079922
2122.962995 559.554996 1304079924
2093.338331 559.221663 1304079926
2063.630916 558.332775 1304079928
2033.509750 557.666109 1304079930
2003.719585 557.221665 1304079932
1974.094921 556.666110 1304079934
1945.297762 556.110555 1304079936
1917.659109 555.443889 1304079938
1893.413225 555.221667 1304079940
1873.387614 555.110556 1304079942
1850.300236 554.777223 1304079945
1830.026374 554.777223 1304079949
1807.683750 555.110556 1304079969
1783.851619 554.443890 1304079974
1759.605735 553.888335 1304079977
1730.146572 554.221668 1304079980
1708.217700 554.555001 1304079982
1685.047572 553.999446 1304079984
1661.215440 553.999446 1304079986
1638.376314 553.999446 1304079988
1617.026696 554.110557 1304079990
1596.918334 554.332779 1304079992
1568.534927 554.777223 1304079995
1542.551284 555.110556 1304079998
1518.470901 556.443888 1304080002
1506.720335 577.888311 1304080007
1506.637585 600.110511 1304080010
1506.141082 627.554928 1304080013
1505.892831 656.777121 1304080016
1505.479079 676.777101 1304080018
1505.230827 705.888183 1304080021
1504.237822 732.665934 1304080024
1504.072321 757.554798 1304080027
1503.989570 778.776999 1304080030
1504.237822 799.443645 1304080050
1485.287967 813.999186 1304080058
1460.214578 811.221411 1304080062
1436.796199 811.665855 1304080065
1410.647054 810.888078 1304080068
1384.415159 809.888079 1304080071
1359.010768 809.665857 1304080074
1336.916396 809.999190 1304080077
1316.725284 810.110301 1304080081
1292.562151 813.221409 1304080089
1270.881531 818.888070 1304080092
1244.649636 819.110292 1304080095
1215.107722 817.110294 1304080098
1185.400308 815.776962 1304080101
1157.265152 813.665853 1304080104
1134.508776 811.110300 1304080108
1116.469177 825.443619 1304080135
1116.634677 845.888043 1304080138
1117.462182 869.110242 1304080141
1118.124186 893.999106 1304080144
1118.455188 920.443524 1304080147
1118.703439 946.110165 1304080150
1117.048430 970.776807 1304080153
1117.379432 994.665672 1304080156
1115.807173 1014.998985 1304080159
1109.352637 1035.554520 1304080163
1100.001835 1054.443390 1304080171
1123.254714 1058.776719 1304080178
1146.673094 1055.776722 1304080202
1166.698704 1056.554499 1304080205
1193.840855 1057.998942 1304080208
1220.403752 1058.998941 1304080211
1245.559891 1059.554496 1304080215
1266.826758 1059.221163 1304080218
1290.658890 1059.998940 1304080221
1316.890785 1062.887826 1304080224
1343.039930 1065.443379 1304080227
1366.375559 1065.998934 1304080230
1386.897673 1066.554489 1304080233
1407.006034 1067.332266 1304080237
1428.852155 1071.332262 1304080255
1451.029277 1071.221151 1304080259
1472.875398 1068.998931 1304080264
1491.163249 1058.332275 1304080272
1492.156255 1034.665632 1304080276
1493.397512 1005.998994 1304080279
1494.142266 985.110126 1304080281
1495.135271 964.554591 1304080283
1496.293778 935.665731 1304080286
1497.038532 908.776869 1304080289
1498.114288 882.776895 1304080292
1499.024543 857.554698 1304080295
