2751.949224 561.554994 1304085504
2775.781356 562.554993 1304085521
2802.840756 562.999437 1304085524
2824.604126 563.332770 1304085526
2848.105256 563.777214 1304085528
2872.268390 564.110547 1304085530
2896.845276 564.888324 1304085532
2920.429156 565.554990 1304085534
2942.937281 567.221655 1304085536
2963.873147 569.221653 1304085538
2984.560761 571.332762 1304085542
2992.339304 592.777185 1304085547
2991.511800 616.554939 1304085550
2990.932546 645.777132 1304085553
2989.856791 667.221555 1304085555
2989.277537 688.554867 1304085557
2988.863785 710.221512 1304085559
2988.450033 732.554823 1304085561
2987.953530 754.777023 1304085563
2987.622528 776.888112 1304085565
2986.795024 797.665869 1304085567
2983.567756 819.665847 1304085570
2994.821818 838.443606 1304085581
3021.715717 837.554718 1304085585
3052.664388 837.332496 1304085588
3076.496520 837.776940 1304085590
3101.073406 838.110273 1304085592
3125.402040 838.665828 1304085594
3148.075666 839.110272 1304085596
3171.825047 838.999161 1304085599
3192.264410 839.332494 1304085626
3213.779529 839.888049 1304085651
3234.880896 840.221382 1304085654
3259.375032 840.665826 1304085657
3280.890151 840.999159 1304085660
3301.826016 841.110270 1304085665
3317.383102 825.110286 1304085685
3316.390097 801.999198 1304085688
3317.134851 772.777005 1304085691
3318.127857 751.777026 1304085693
3318.789860 730.999269 1304085695
3319.451864 701.665965 1304085698
3318.376108 675.110436 1304085701
3317.548603 650.777127 1304085704
3317.796855 629.332704 1304085708
3321.024123 608.554947 1304085726
3315.314341 589.110522 1304085752
3290.820206 586.332747 1304085756
3264.009057 585.888303 1304085759
3234.384393 585.666081 1304085762
3205.007981 585.332748 1304085765
3178.445084 584.777193 1304085768
3154.364701 583.999416 1304085772
3130.449818 583.888305 1304085776
3104.466175 583.666083 1304085779
3084.440564 583.221639 1304085781
3064.001201 582.666084 1304085783
3043.810089 581.888307 1304085785
3022.708722 580.999419 1304085787
3000.614350 580.443864 1304085789
2977.609723 579.666087 1304085791
2954.108593 579.221643 1304085793
2930.276461 578.777199 1304085795
2906.196078 578.666088 1304085797
2881.453691 578.332755 1304085799
2857.042306 577.666089 1304085801
2832.713671 577.110534 1304085803
2807.640282 576.110535 1304085805
2782.070391 575.221647 1304085807
2755.672995 574.443870 1304085809
2728.448094 574.332759 1304085811
2701.885197 573.666093 1304085813
2677.473812 571.777206 1304085815
2654.386435 570.777207 1304085817
2627.740787 570.666096 1304085820
2607.715176 570.332763 1304085825
2585.786305 569.999430 1304085840
2563.360931 569.666097 1304085843
2538.453043 570.332763 1304085846
2512.386649 571.221651 1304085849
2489.299271 570.221652 1304085852
2463.894881 568.888320 1304085855
2434.021966 568.443876 1304085858
2412.920599 568.110543 1304085860
2391.322729 567.666099 1304085862
2370.138612 567.110544 1304085864
2349.864750 566.554989 1304085866
2320.488337 565.999434 1304085869
2291.111925 565.332768 1304085872
2262.149265 565.221657 1304085875
2238.234382 564.554991 1304085878
2216.305511 564.332769 1304085881
2191.976876 564.554991 1304085884
2164.089972 563.888325 1304085887
2144.064361 563.554992 1304085889
2122.631993 563.554992 1304085891
2100.206619 562.999437 1304085893
2077.284742 562.332771 1304085895
2055.190370 561.888327 1304085897
2033.344249 561.666105 1304085899
2010.753374 561.221661 1304085901
1987.914248 560.221662 1304085903
1964.909620 559.332774 1304085905
1942.153244 558.666108 1304085907
1920.224373 558.110553 1304085909
1898.957505 557.777220 1304085911
1877.856139 557.221665 1304085913
1857.747777 556.888332 1304085915
1834.908651 556.110555 1304085918
