3310.597565 585.221637 1303182060
3287.510187 585.110526 1303182066
3263.181553 584.332749 1303182069
3234.632645 584.221638 1303182072
3213.945030 583.777194 1303182074
3192.926414 583.332750 1303182076
3164.625757 582.110529 1303182079
3142.945137 580.777197 1303182083
3116.961494 576.999423 1303182095
3089.322841 577.554978 1303182098
3066.897467 577.888311 1303182100
3042.817084 577.999422 1303182102
3018.653950 577.666089 1303182104
2993.994313 577.777200 1303182106
2968.507172 577.443867 1303182108
2928.455951 576.666090 1303182111
2901.975804 576.554979 1303182113
2877.233417 577.332756 1303182115
2855.552798 576.777201 1303182117
2830.810411 576.888312 1303182120
2809.626293 576.888312 1303182123
2783.311648 577.110534 1303182126
2760.638022 577.221645 1303182128
2735.150881 576.443868 1303182130
2707.512229 574.999425 1303182132
2678.135816 573.666093 1303182134
2649.173156 572.999427 1303182136
2620.955250 572.221650 1303182138
2591.909839 571.666095 1303182140
2563.526432 570.221652 1303182142
2535.970530 569.666097 1303182144
2509.490383 569.443875 1303182146
2482.513734 568.443876 1303182148
2453.551074 567.888321 1303182150
2423.512657 567.221655 1303182152
2393.474241 566.554989 1303182154
2363.849577 566.332767 1303182156
2333.893912 565.777212 1303182158
2304.517499 564.777213 1303182160
2275.223837 563.666103 1303182162
2246.757680 563.221659 1303182164
2219.119027 562.666104 1303182166
2192.390629 562.332771 1303182168
2168.310246 562.110549 1303182170
2140.092339 561.554994 1303182173
2119.156474 560.443884 1303182185
2097.393103 562.777215 1303182189
2070.168203 567.777210 1303182192
2046.998074 570.554985 1303182194
2020.104176 571.443873 1303182196
1989.652007 569.332764 1303182198
1957.544830 567.332766 1303182200
1923.948144 565.110546 1303182202
1890.103206 563.888325 1303182204
1857.499526 562.221660 1303182206
1828.785117 560.110551 1303182208
1803.877229 558.999441 1303182210
1776.652329 556.777221 1303182213
1755.302711 555.443889 1303182217
1733.953093 553.221669 1303182239
1706.479941 552.332781 1303182242
1684.302818 552.221670 1303182244
1658.319174 552.332781 1303182246
1629.273763 552.888336 1303182248
1600.062852 553.443891 1303182250
1573.086203 553.777224 1303182252
1549.833324 553.666113 1303182254
1522.856675 553.555002 1303182257
1503.824069 559.888329 1303182261
1503.741319 580.888308 1303182265
1504.403323 606.888282 1303182268
1503.989570 628.777149 1303182270
1503.493068 655.221567 1303182272
1502.996565 683.110428 1303182274
1502.913814 710.443734 1303182276
1502.086310 737.110374 1303182278
1501.507057 760.777017 1303182280
1500.017548 787.332546 1303182283
1492.073504 808.110303 1303182296
1469.482629 816.554739 1303182300
1444.740243 822.332511 1303182303
1423.142373 827.554728 1303182305
1400.385997 832.776945 1303182307
1375.478109 830.888058 1303182309
1354.624994 829.665837 1303182311
1333.192626 827.776950 1303182314
1312.256760 826.110285 1303182332
1292.975903 834.110277 1303182336
1265.171749 833.665833 1303182339
1242.580874 833.221389 1303182341
1220.155500 834.554721 1303182343
1196.323368 837.221385 1303182347
1174.808249 837.776940 1303182350
1153.541382 836.443608 1303182352
1128.054241 833.888055 1303182354
1100.084586 831.888057 1303182356
1069.963419 829.999170 1303182358
1040.338755 829.332504 1303182360
1013.444857 828.665838 1303182362
990.605730 828.443616 1303182364
967.932105 826.776951 1303182367
948.402997 818.554737 1303182376
928.129135 816.554739 1303182379
908.269025 813.888075 1303182381
884.685144 811.888077 1303182383
854.812229 810.776967 1303182385
823.615306 810.665856 1303182387
791.425378 810.665856 1303182389
760.724958 810.776967 1303182391
731.431296 809.999190 1303182393
703.296141 808.443636 1303182395
676.815994 808.221414 1303182397
650.253097 808.665858 1303182399
624.517705 809.554746 1303182401
601.844080 811.332522 1303182403
574.122676 809.443635 1303182406
553.269561 805.665861 1303182430
525.051655 802.665864 1303182434
502.709031 801.110310 1303182436
476.973639 799.999200 1303182438
448.921234 799.776978 1303182440
419.875823 797.221425 1303182442
391.575166 793.665873 1303182444
365.508772 791.554764 1303182446
342.835147 790.776987 1303182448
316.520501 790.776987 1303182451
295.667386 789.888099 1303182468
270.676747 785.999214 1303182473
247.092867 784.332549 1303182476
224.336491 785.888103 1303182505
204.145379 786.665880 1303182515
180.975251 786.221436 1303182524
153.005596 786.110325 1303182527
132.152481 785.888103 1303182529
107.327344 784.443660 1303182532
