1731.884331 547.332786 1301974507
1705.155933 547.110564 1301974512
1674.703765 547.221675 1301974515
1649.382125 547.221675 1301974517
1621.495220 547.221675 1301974519
1592.863562 547.666119 1301974521
1565.390410 548.110563 1301974523
1541.889280 548.221674 1301974525
1521.780919 548.332785 1301974528
1502.500062 555.999444 1301974544
1500.100299 581.332752 1301974548
1500.100299 612.888276 1301974551
1499.190044 639.443805 1301974553
1497.948787 668.554887 1301974555
1496.211027 698.221524 1301974557
1495.466273 726.777051 1301974559
1495.218022 752.332581 1301974561
1494.390517 773.554782 1301974563
1493.480262 795.443649 1301974567
1477.012921 808.665858 1301974573
1456.159806 811.110300 1301974576
1434.561936 813.332520 1301974579
1404.192518 817.888071 1301974582
1380.856889 819.221403 1301974584
1358.597016 822.665844 1301974586
1336.833646 825.221397 1301974589
1318.711295 833.999166 1301974598
1295.872169 849.221373 1301974616
1275.763808 850.110261 1301974618
1254.000437 849.665817 1301974620
1233.892076 848.332485 1301974622
1212.128706 842.999157 1301974625
1191.275590 838.888050 1301974628
1168.270963 832.221390 1301974639
1146.590343 829.221393 1301974643
1118.703439 829.665837 1301974646
1090.733784 829.888059 1301974648
1057.964603 828.443616 1301974650
1029.994948 825.888063 1301974652
1004.838809 824.110287 1301974654
983.158189 821.776956 1301974657
959.657059 819.110292 1301974667
936.652432 816.665850 1301974670
906.779516 814.665852 1301974673
881.540627 814.443630 1301974675
851.833213 814.443630 1301974677
820.305288 813.665853 1301974679
788.032610 812.443632 1301974681
755.263428 811.888077 1301974683
723.652753 811.554744 1301974685
692.704082 810.221412 1301974687
664.486176 807.999192 1301974689
639.164536 806.665860 1301974691
616.573661 805.443639 1301974693
595.803296 803.888085 1301974695
573.377922 801.443643 1301974698
552.607557 796.554759 1301974727
525.548157 798.999201 1301974731
503.040033 798.776979 1301974733
477.056389 797.888091 1301974735
448.921234 796.999203 1301974737
420.951579 796.221426 1301974739
393.561177 795.554760 1301974741
369.067042 794.332539 1301974743
348.213926 792.999207 1301974745
323.306039 791.888097 1301974748
301.708169 792.443652 1301974753
278.951793 790.888098 1301974770
257.519425 792.443652 1301974773
230.046273 793.332540 1301974776
207.786400 793.110318 1301974779
184.368020 791.776986 1301974784
159.542883 792.665874 1301974787
133.724740 791.888097 1301974790
113.285377 789.999210 1301974793
92.184010 797.888091 1301974800
91.356505 823.221399 1301974804
86.805230 851.110260 1301974807
85.398472 875.221347 1301974809
83.660713 902.554653 1301974811
82.584957 931.443513 1301974813
81.674702 959.776818 1301974815
80.681696 984.443460 1301974817
80.681696 1006.998993 1301974819
80.019693 1027.110084 1301974821
77.040676 1049.998950 1301974824
72.654902 1072.221150 1301974837
69.427634 1093.998906 1301974840
68.020876 1115.776662 1301974842
68.682880 1143.443301 1301974844
68.931131 1172.665494 1301974846
68.931131 1203.109908 1301974848
69.344884 1233.220989 1301974850
69.841386 1261.665405 1301974852
70.089638 1286.554269 1301974854
70.999893 1306.665360 1301974856
84.405467 1324.332009 1301974860
105.341333 1327.220895 1301974863
133.890241 1328.332005 1301974866
157.805123 1328.665338 1301974868
183.457765 1327.887561 1301974870
207.703649 1325.665341 1301974872
228.970517 1322.998677 1301974874
249.161628 1323.887565 1301974879
272.166256 1330.665336 1301974891
299.556657 1332.332001 1301974894
322.975037 1333.109778 1301974896
348.296677 1334.331999 1301974898
373.949319 1334.998665 1301974900
398.277953 1334.887554 1301974902
418.882817 1335.443109 1301974904
439.404931 1335.776442 1301974907
461.002800 1337.220885 1301974913
487.648448 1338.887550 1301974918
517.935115 1340.665326 1301974921
542.760253 1341.998658 1301974923
569.405900 1342.220880 1301974925
596.796302 1342.887546 1301974927
623.855701 1343.331990 1301974929
650.335848 1343.554212 1301974931
676.236741 1343.665323 1301974933
701.310130 1343.109768 1301974935
724.976761 1342.998657 1301974937
747.898638 1342.887546 1301974939
773.137527 1342.776435 1301974941
797.135160 1342.443102 1301974943
818.319277 1341.998658 1301974945
842.565161 1339.665327 1301974948
