3334.098695 446.999553 1301975943
3336.332957 426.666240 1301975968
3336.829460 403.221819 1301975972
3337.491464 382.332951 1301975975
3338.236218 360.666306 1301975978
3338.898221 335.666331 1301975981
3343.532247 315.888573 1301975984
3345.766509 291.333042 1301975987
3345.518258 270.999729 1301975989
3345.683759 250.333083 1301975991
3345.932010 229.888659 1301975993
3345.104506 207.555348 1301975995
3345.021755 185.999814 1301975997
3345.021755 165.333168 1301975999
3345.270007 144.777633 1301976001
3345.849260 124.777653 1301976003
3345.518258 95.111016 1301976006
3344.773504 71.888817 1301976009
3330.623176 55.999944 1301976013
3309.356308 54.222168 1301976017
3287.592938 53.111058 1301976020
3264.919312 51.555504 1301976023
3241.666434 49.999950 1301976026
3220.068564 48.111063 1301976029
3197.146687 46.111065 1301976033
3173.728308 46.444398 1301976040
3151.964937 48.444396 1301976044
3130.201567 47.333286 1301976047
3108.355446 46.555509 1301976050
3086.178323 45.333288 1301976053
3061.684188 46.888842 1301976057
3037.272803 44.888844 1301976061
3016.254187 45.777732 1301976074
3004.089869 67.444377 1301976080
3001.690106 89.444355 1301976083
2999.786845 113.999886 1301976086
2998.049086 142.666524 1301976090
2996.973330 163.555392 1301976096
2996.228576 184.333149 1301976100
2995.235570 206.999793 1301976103
2993.911563 231.888657 1301976106
2992.918557 255.555300 1301976109
2993.994313 281.444163 1301976113
2992.504805 303.999696 1301976120
2991.677301 327.777450 1301976124
2991.015297 351.444093 1301976127
2990.436044 376.444068 1301976130
2989.774040 402.777375 1301976133
2988.946535 429.555126 1301976136
2988.036280 456.888432 1301976139
2986.960524 482.777295 1301976142
2986.050269 506.555049 1301976145
2985.471016 526.666140 1301976148
2984.726262 549.666117 1301976152
2981.416244 569.666097 1301976159
2961.059631 576.888312 1301976164
2934.082982 578.554977 1301976168
2911.078355 579.110532 1301976171
2888.239228 579.666087 1301976174
2865.813854 580.110531 1301976177
2839.333708 579.999420 1301976181
2816.163580 579.221643 1301976209
2795.144963 578.777199 1301976213
2773.712595 578.999421 1301976216
2749.135709 578.777199 1301976219
2722.324560 578.777199 1301976222
2693.775653 578.777199 1301976225
2664.233739 576.332757 1301976228
2643.546125 575.554980 1301976230
2622.527508 574.777203 1301976232
2601.839894 573.332760 1301976234
2572.794483 571.999428 1301976237
2549.955357 571.999428 1301976240
2530.922752 578.443866 1301976247
2526.205976 602.443842 1301976251
2523.475210 627.332706 1301976254
2522.068453 655.332678 1301976257
2520.992697 675.332658 1301976259
2520.330693 696.110415 1301976261
2519.420438 725.777052 1301976264
2518.344682 754.999245 1301976267
2517.517177 782.332551 1301976270
2517.765429 804.888084 1301976273
2517.434427 824.888064 1301976279
2518.758434 849.443595 1301976293
2518.427432 876.332457 1301976297
2518.013680 899.221323 1301976300
2517.517177 925.665741 1301976303
2516.772423 953.999046 1301976306
2515.696667 983.221239 1301976309
2514.786412 1004.998995 1301976311
2513.214154 1027.110084 1301976313
2511.890146 1049.221173 1301976315
2510.979891 1070.776707 1301976317
2510.483389 1091.554464 1301976319
2509.904135 1114.776663 1301976322
2511.145392 1135.221087 1301976330
2512.717651 1157.665509 1301976334
2514.869163 1179.109932 1301976337
2516.358671 1202.776575 1301976340
2517.434427 1239.332094 1301976344
2516.689673 1266.443178 1301976347
2514.869163 1290.887598 1301976350
2513.958908 1312.554243 1301976353
2513.048653 1336.998663 1301976357
2529.350493 1354.665312 1301976362
2552.686122 1357.665309 1301976366
2573.290986 1359.665307 1301976369
2597.123118 1360.776417 1301976372
2622.113756 1361.998638 1301976375
2647.435396 1364.109747 1301976378
2672.839787 1365.220857 1301976381
2697.913175 1366.776411 1301976384
2730.930608 1367.109744 1301976388
2756.583250 1368.109743 1301976391
2782.566894 1369.554186 1301976394
2807.392031 1370.665296 1301976397
2831.886167 1371.109740 1301976400
2856.794054 1371.776406 1301976403
2879.715931 1371.665295 1301976406
2902.968810 1372.220850 1301976409
2928.290450 1372.998627 1301976412
2955.598101 1372.887516 1301976415
2982.905752 1373.776404 1301976418
3010.792656 1374.443070 1301976421
3039.010562 1375.331958 1301976424
3068.221474 1375.665291 1301976427
3097.101384 1376.109735 1301976430
3126.560547 1376.109735 1301976433
3156.102460 1374.887514 1301976436
3184.568618 1375.331958 1301976439
3212.290021 1373.109738 1301976442
3237.280659 1368.887520 1301976445
3259.623283 1365.331968 1301976448
3281.386653 1362.887526 1301976452
3298.350497 1345.220877 1301976459
3300.833011 1322.554233 1301976462
3302.736271 1295.220927 1301976465
3303.232774 1274.776503 1301976467
3303.977528 1245.109866 1301976470
3305.053284 1224.665442 1301976472
3307.866800 1204.221018 1301976474
3309.687310 1174.776603 1301976477
3310.597565 1148.554407 1301976480
3310.680315 1127.887761 1301976485
