3315.397091 621.999378 1302035913
3315.893594 601.332732 1302035941
3297.688494 584.999415 1302035954
3274.932118 585.666081 1302035957
3246.548711 585.666081 1302035960
3218.661806 586.554969 1302035963
3192.926414 585.999414 1302035966
3170.418289 585.110526 1302035970
3147.579163 586.443858 1302035975
3126.146795 588.666078 1302035978
3097.597887 591.221631 1302035981
3074.758760 591.777186 1302035983
3049.933623 591.888297 1302035985
3024.115480 591.110520 1302035987
2998.876590 590.110521 1302035989
2975.127209 589.888299 1302035991
2952.867336 589.332744 1302035993
2931.848720 588.554967 1302035995
2903.961815 586.777191 1302035998
2883.936205 585.332748 1302036002
2857.869810 585.554970 1302036010
2833.623926 586.110525 1302036013
2805.737022 585.999414 1302036016
2775.698606 585.999414 1302036019
2752.611228 584.888304 1302036021
2728.696346 584.221638 1302036023
2705.277966 583.999416 1302036025
2683.514596 581.666085 1302036027
2661.254723 580.999419 1302036029
2639.656853 580.332753 1302036031
2619.465741 579.554976 1302036033
2589.427325 577.888311 1302036036
2568.656960 577.554978 1302036038
2546.397087 576.777201 1302036040
2523.475210 575.999424 1302036042
2500.553334 575.332758 1302036044
2477.879708 574.777203 1302036046
2454.378578 573.888315 1302036048
2430.215444 573.332760 1302036050
2405.473058 572.666094 1302036052
2380.151417 571.999428 1302036054
2354.333275 571.666095 1302036056
2327.770378 571.332762 1302036058
2300.131725 570.999429 1302036060
2272.327571 570.666096 1302036062
2244.026914 570.221652 1302036064
2214.981504 569.554986 1302036066
2186.680847 568.777209 1302036068
2158.545692 568.221654 1302036070
2130.410536 567.777210 1302036072
2102.523632 567.443877 1302036074
2074.222975 566.777211 1302036076
2045.012063 566.110545 1302036078
2015.470150 565.332768 1302036080
1985.762736 564.777213 1302036082
1956.634575 564.221658 1302036084
1928.499419 563.888325 1302036086
1901.357269 563.554992 1302036088
1875.539126 563.221659 1302036090
1850.796739 562.554993 1302036092
1827.874862 561.666105 1302036094
1806.359743 561.221661 1302036096
1785.175626 560.999439 1302036098
1762.419250 561.110550 1302036100
1738.007865 561.332772 1302036102
1712.520724 561.666105 1302036104
1685.047572 561.888327 1302036106
1657.243418 562.332771 1302036108
1630.763272 562.443882 1302036110
1606.020885 562.888326 1302036112
1583.264509 563.110548 1302036114
1555.046603 562.888326 1302036117
1534.689990 560.888328 1302036141
1514.498879 571.888317 1302036149
1511.519862 598.777179 1302036153
1510.361356 627.777150 1302036156
1510.030354 648.777129 1302036158
1509.533851 669.777108 1302036160
1508.871847 690.110421 1302036162
1508.540846 718.665948 1302036165
1508.292594 745.665921 1302036168
1508.292594 767.110344 1302036171
1508.292594 789.888099 1302036177
1498.941792 807.888081 1302036187
1475.026910 812.665854 1302036191
1450.201773 811.888077 1302036194
1420.990861 808.999191 1302036197
1400.137746 810.776967 1302036199
1379.367381 812.110299 1302036201
1351.976979 814.332519 1302036204
1327.813846 817.665849 1302036208
1305.388472 825.888063 1302036234
1280.480584 830.554725 1302036237
1251.352423 834.554721 1302036240
1224.624025 837.110274 1302036243
1203.026155 837.888051 1302036246
1184.241801 830.665836 1302036252
1170.008723 847.554708 1302036257
1167.029706 870.221352 1302036260
1166.367703 897.665769 1302036263
1166.946956 919.665747 1302036265
1166.864205 941.221281 1302036267
1165.540198 968.554587 1302036270
1167.277958 994.110117 1302036273
1166.284952 1014.776763 1302036276
1163.223185 1035.332298 1302036280
1141.708066 1027.110084 1302036282
1138.563549 1007.221215 1302036309
1141.294314 986.554569 1302036330
