3316.886600 600.443844 1302039580
3299.343503 583.666083 1302039605
3276.918129 584.666082 1302039608
3245.390204 584.554971 1302039611
3220.151315 584.332749 1302039613
3193.009164 583.666083 1302039615
3166.529018 582.999417 1302039617
3141.869381 582.666084 1302039619
3120.188762 582.666084 1302039621
3094.205118 582.332751 1302039624
3073.931256 581.666085 1302039629
3050.347375 581.332752 1302039648
3025.273986 582.554973 1302039652
2999.373093 582.110529 1302039670
2976.864969 582.554973 1302039673
2955.846352 581.666085 1302039675
2931.021215 581.110530 1302039677
2903.382562 580.443864 1302039679
2874.088900 578.221644 1302039681
2842.809227 577.221645 1302039683
2810.122796 576.332757 1302039685
2777.353615 575.554980 1302039687
2746.073942 574.443870 1302039689
2716.118276 574.221648 1302039691
2687.817620 573.332760 1302039693
2660.509969 572.221650 1302039695
2634.443574 571.443873 1302039697
2610.694193 570.443874 1302039699
2583.552043 570.110541 1302039702
2561.043918 569.666097 1302039706
2540.356304 568.221654 1302039719
2517.848179 568.332765 1302039722
2496.746813 567.777210 1302039724
2472.583679 567.443877 1302039726
2446.931037 566.221656 1302039728
2421.857648 565.888323 1302039730
2396.618759 565.332768 1302039732
2370.552364 564.888324 1302039734
2343.161963 564.332769 1302039736
2314.199303 563.777214 1302039738
2283.085131 563.332770 1302039740
2251.143454 562.888326 1302039742
2219.284528 562.221660 1302039744
2187.673853 561.666105 1302039746
2156.642431 561.554994 1302039748
2125.280007 561.554994 1302039750
2091.683322 561.110550 1302039752
2056.431627 560.221662 1302039754
2021.097181 559.554996 1302039756
1986.259238 558.777219 1302039758
1952.662553 557.999442 1302039760
1920.389874 556.999443 1302039762
1889.606704 556.332777 1302039764
1860.478543 555.888333 1302039766
1834.329398 555.332778 1302039768
1811.324771 554.110557 1302039770
1784.430872 553.110558 1302039773
1764.239760 552.332781 1302039779
1742.062637 552.555003 1302039792
1714.175733 552.555003 1302039795
1691.005605 552.777225 1302039797
1665.187462 552.777225 1302039799
1637.879811 552.888336 1302039801
1611.151413 553.110558 1302039803
1585.829773 553.443891 1302039805
1563.404399 553.777224 1302039807
1538.910264 553.777224 1302039810
1517.395145 556.999443 1302039829
1510.361356 577.666089 1302039833
1510.692357 604.999395 1302039836
1510.030354 627.999372 1302039838
1508.871847 653.999346 1302039840
1508.458095 680.443764 1302039842
1508.044343 705.888183 1302039844
1505.892831 730.110381 1302039846
1503.741319 751.999248 1302039848
1501.920809 777.443667 1302039851
1500.100299 798.332535 1302039856
1482.391701 811.110300 1302039863
1462.779842 816.888072 1302039867
1441.264723 820.888068 1302039870
1421.073612 823.332510 1302039872
1399.392992 825.221397 1302039874
1378.788128 825.110286 1302039876
1356.031752 824.110287 1302039879
1334.764884 827.332506 1302039896
1313.829018 821.999178 1302039902
1322.021314 843.332490 1302039909
1325.248582 863.443581 1302039914
1302.243954 862.332471 1302039917
1280.315083 858.110253 1302039919
1256.317450 852.332481 1302039921
1232.650819 845.776932 1302039923
1213.121711 841.332492 1302039925
1191.772093 835.776942 1302039928
1170.836227 834.110277 1302039934
1162.147429 855.332478 1302039938
1158.258158 880.999119 1302039941
1154.451637 907.887981 1302039944
1151.224369 935.776842 1302039947
1148.328103 964.221258 1302039950
1145.597338 991.443453 1302039953
1143.032073 1017.665649 1302039956
1141.294314 1038.110073 1302039959
1119.530943 1039.887849 1302039962
1131.695261 1056.332277 1302039976
