1139.308303 1051.332282 1302040156
1160.575171 1045.110066 1302040168
1181.262785 1044.332289 1302040171
1203.274407 1047.554508 1302040174
1223.631019 1048.998951 1302040177
1247.628652 1049.443395 1302040181
1266.992259 1056.776721 1302040186
1292.148398 1060.887828 1302040191
1314.573772 1062.221160 1302040194
1338.074903 1062.332271 1302040197
1361.079530 1061.776716 1302040200
1385.987418 1062.887826 1302040204
1407.502537 1066.110045 1302040227
1430.589914 1068.887820 1302040231
1451.608531 1067.887821 1302040234
1472.709897 1067.110044 1302040238
1491.163249 1054.221168 1302040247
1492.073504 1033.998966 1302040250
1495.797275 1005.110106 1302040253
1498.859042 983.665683 1302040255
1501.755308 962.110149 1302040257
1503.079315 940.554615 1302040259
1503.658569 919.665747 1302040261
1503.906820 891.443553 1302040264
1503.079315 864.888024 1302040267
1504.651574 843.554712 1302040270
1506.389334 821.888067 1302040275
1506.885836 798.332535 1302040285
1508.954598 776.888112 1302040288
1509.368350 753.443691 1302040291
1508.209844 727.332606 1302040294
1507.465090 696.999303 1302040297
1507.382339 675.443769 1302040299
1506.885836 654.554901 1302040301
1507.630591 626.443818 1302040304
1507.961592 603.777174 1302040307
1507.630591 582.888306 1302040311
1509.947603 561.443883 1302040330
1511.023359 541.221681 1302040334
1528.897458 530.555025 1302040339
1554.136348 530.443914 1302040343
1579.457988 531.110580 1302040347
1604.531377 531.110580 1302040350
1627.867006 531.443913 1302040353
1651.533637 531.777246 1302040357
1676.027772 535.221687 1302040386
1696.963638 536.443908 1302040389
1724.767792 536.888352 1302040392
1747.110415 537.221685 1302040394
1771.521800 537.888351 1302040396
1797.670945 538.666128 1302040398
1824.233842 539.443905 1302040400
1851.872495 539.888349 1302040402
1879.593898 540.666126 1302040404
1905.908544 541.777236 1302040406
1932.388690 542.443902 1302040408
1958.703336 542.999457 1302040410
1983.942226 543.332790 1302040412
2006.533101 543.555012 1302040414
2034.916508 543.666123 1302040417
2057.093630 543.999456 1302040420
2077.201992 544.221678 1302040425
2102.771883 546.110565 1302040437
2129.665782 547.110564 1302040440
2151.677404 547.777230 1302040442
2176.999044 548.666118 1302040444
2203.810192 549.443895 1302040446
2231.283344 549.888339 1302040448
2257.680740 550.443894 1302040450
2284.491888 550.999449 1302040452
2313.620049 551.555004 1302040454
2344.485970 552.110559 1302040456
2375.848394 552.666114 1302040458
2406.631564 553.555002 1302040460
2437.166483 554.332779 1302040462
2467.866903 554.999445 1302040464
2498.236321 555.666111 1302040466
2528.026486 556.221666 1302040468
2556.823645 556.999443 1302040470
2584.627799 558.221664 1302040472
2612.349202 559.110552 1302040474
2640.153356 559.777218 1302040476
2668.040260 559.777218 1302040478
2696.175416 560.332773 1302040480
2724.227821 561.443883 1302040482
2752.197476 562.221660 1302040484
2779.918879 562.888326 1302040486
2808.136785 563.332770 1302040488
2835.940939 563.777214 1302040490
2863.165840 564.110547 1302040492
2888.570230 564.221658 1302040494
2911.078355 564.777213 1302040496
2938.799758 565.666101 1302040499
2961.638884 569.110542 1302040503
2982.160998 573.221649 1302040531
2993.415060 595.332738 1302040535
2993.746062 621.888267 1302040538
2993.332310 644.888244 1302040540
2992.504805 669.332664 1302040542
2991.429049 693.110418 1302040544
2990.353293 715.554840 1302040546
2989.360288 736.332597 1302040548
2987.788029 761.665905 1302040551
2986.712273 783.221439 1302040561
2985.388266 804.665862 1302040569
2988.367282 826.443618 1302040576
3012.033913 833.554722 1302040580
3038.762311 834.888054 1302040583
3060.939434 835.776942 1302040585
3086.095573 837.110274 1302040587
3112.741220 838.110273 1302040589
3138.807615 838.999161 1302040591
3161.977743 839.221383 1302040593
3187.878636 839.443605 1302040596
3208.069748 840.110271 1302040616
3230.495122 843.110268 1302040624
3254.658255 844.776933 1302040629
3274.766617 845.776932 1302040633
3297.026490 845.443599 1302040638
3305.880789 826.888062 1302040642
3305.467037 805.332528 1302040645
3305.467037 779.221443 1302040648
3306.211791 751.110360 1302040651
3308.611554 722.777055 1302040654
3310.432064 695.554860 1302040657
3310.432064 669.665997 1302040660
3311.094068 647.777130 1302040663
3310.845816 627.554928 1302040673
