3314.569587 589.554966 1302040744
3294.212974 579.888309 1302040751
3273.525360 581.554974 1302040755
3250.189731 585.221637 1302040760
3229.502116 587.888301 1302040764
3205.007981 586.999413 1302040768
3181.672352 585.888303 1302040772
3158.336723 585.554970 1302040777
3132.187578 585.110526 1302040781
3105.128178 584.666082 1302040784
3078.565281 585.110526 1302040787
3053.491893 584.554971 1302040790
3033.466282 583.443861 1302040793
3012.944168 581.221641 1302040812
2989.360288 580.221642 1302040817
2965.197154 578.999421 1302040821
2938.386006 579.221643 1302040824
2909.257845 579.554976 1302040827
2883.356951 578.999421 1302040830
2859.855821 578.110533 1302040833
2836.354691 577.666089 1302040836
2816.329081 576.999423 1302040839
2793.158952 575.999424 1302040844
2772.471338 577.666089 1302040849
2746.487694 575.221647 1302040853
2718.021537 574.554981 1302040856
2695.347911 573.443871 1302040858
2670.274523 572.554983 1302040860
2641.891115 572.221650 1302040862
2613.011206 572.221650 1302040864
2586.034556 571.999428 1302040866
2563.774683 570.888318 1302040868
2542.921568 568.999431 1302040871
2520.992697 568.110543 1302040892
2497.491567 568.666098 1302040895
2477.052204 568.777209 1302040897
2452.723569 568.666098 1302040899
2426.408923 567.777210 1302040901
2399.266773 567.221655 1302040903
2371.710871 566.443878 1302040905
2344.072218 565.888323 1302040907
2316.350815 564.999435 1302040909
2289.291415 564.332769 1302040911
2263.142270 563.777214 1302040913
2238.896386 562.999437 1302040915
2217.877770 562.443882 1302040917
2191.480374 561.666105 1302040920
2167.234490 560.666106 1302040924
2146.629626 561.777216 1302040932
2126.190263 561.332772 1302040936
2105.006145 560.999439 1302040939
2076.457237 561.777216 1302040942
2051.383849 561.443883 1302040944
2024.241699 560.999439 1302040946
1996.189293 560.554995 1302040948
1967.640385 560.332773 1302040950
1938.925977 559.666107 1302040952
1910.377069 558.888330 1302040954
1882.655665 558.332775 1302040956
1855.513515 557.666109 1302040958
1830.191875 557.221665 1302040960
1808.180253 556.443888 1302040962
1781.286354 555.555000 1302040965
1756.957720 554.666112 1302040969
1736.352856 555.555000 1302040976
1714.258484 556.443888 1302040979
1684.385568 557.777220 1302040982
1660.305185 558.110553 1302040984
1632.501031 558.110553 1302040986
1603.621122 558.999441 1302040988
1575.816968 558.777219 1302040990
1550.578078 557.888331 1302040992
1530.552467 557.110554 1302040994
1509.451101 558.888330 1302040997
1502.831064 580.443864 1302041002
1503.327567 603.554952 1302041005
1502.665563 624.332709 1302041007
1501.341556 647.999352 1302041009
1498.528040 685.443759 1302041012
1496.707530 709.554846 1302041014
1496.955781 733.110378 1302041016
1497.204033 754.777023 1302041018
1497.121282 779.221443 1302041021
1496.045526 800.221422 1302041030
1475.440662 813.110298 1302041036
1455.497802 827.665839 1302041042
1428.438402 835.554720 1302041045
1404.606271 836.554719 1302041047
1383.753155 832.554723 1302041049
1358.679767 831.888057 1302041052
1339.647161 822.110289 1302041059
1319.207798 816.443628 1302041066
1295.375666 818.999181 1302041071
1271.460784 820.110291 1302041075
1245.311639 817.665849 1302041078
1215.852476 815.332518 1302041081
1186.972567 813.999186 1302041084
1162.478431 813.554742 1302041087
1142.452820 810.443634 1302041090
1120.854951 814.999185 1302041095
1115.972674 843.110268 1302041099
1115.558922 871.554684 1302041102
1114.234914 901.221321 1302041105
1113.159158 921.887967 1302041107
1111.007646 950.999049 1302041110
1109.518138 978.887910 1302041113
1109.104386 1004.221218 1302041116
1103.146353 1026.110085 1302041120
1099.008830 1046.332287 1302041128
1118.041435 1053.221169 1302041133
