3315.148840 631.332702 1302043134
3315.066090 608.777169 1302043143
3303.894778 591.888297 1302043150
3281.883156 588.999411 1302043154
3259.457782 588.221634 1302043157
3236.204903 587.888301 1302043160
3215.020786 587.332746 1302043163
3192.016159 585.554970 1302043167
3170.004537 585.110526 1302043172
3143.855392 585.666081 1302043177
3121.347268 586.332747 1302043180
3094.453369 584.666082 1302043183
3065.821711 583.443861 1302043186
3035.535043 582.443862 1302043189
3012.116664 582.221640 1302043191
2986.381271 581.443863 1302043193
2962.880141 579.777198 1302043195
2935.820742 578.221644 1302043198
2914.388373 573.221649 1302043202
2891.300995 567.443877 1302043218
2870.282379 566.777211 1302043221
2843.222979 566.221656 1302043224
2815.170574 565.888323 1302043227
2787.118169 565.554990 1302043230
2759.065764 564.999435 1302043233
2728.365344 563.221659 1302043236
2705.857219 561.888327 1302043238
2681.942337 560.777217 1302043240
2661.999477 558.999441 1302043242
2637.339840 557.554998 1302043246
2615.162718 557.666109 1302043250
2586.200057 557.443887 1302043253
2562.285175 557.554998 1302043255
2534.481021 556.777221 1302043257
2504.690856 557.221665 1302043259
2472.583679 557.666109 1302043261
2439.814498 556.888332 1302043263
2407.541819 555.777222 1302043265
2375.020889 554.666112 1302043267
2343.079212 553.999446 1302043269
2308.572272 555.666111 1302043271
2274.975586 555.999444 1302043273
2241.461650 556.666110 1302043275
2209.768225 556.443888 1302043277
2179.316056 556.554999 1302043279
2149.443141 556.777221 1302043281
2119.404725 555.777222 1302043283
2089.780061 554.777223 1302043285
2060.403649 554.221668 1302043287
2031.689240 553.110558 1302043289
2003.057581 551.777226 1302043291
1972.853664 551.110560 1302043293
1941.656742 550.221672 1302043295
1909.963316 549.110562 1302043297
1877.276885 548.221674 1302043299
1843.928451 547.999452 1302043301
1810.993769 547.999452 1302043303
1779.383094 547.332786 1302043305
1748.682674 547.221675 1302043307
1717.568502 547.110564 1302043309
1686.868082 547.110564 1302043311
1656.415914 547.221675 1302043313
1627.370503 547.777230 1302043315
1599.814601 548.555007 1302043317
1573.665456 549.110562 1302043319
1550.578078 549.555006 1302043321
1526.332194 548.999451 1302043324
1507.630591 559.777218 1302043330
1505.810080 582.221640 1302043334
1506.720335 607.666059 1302043337
1507.216838 628.777149 1302043339
1507.216838 651.999348 1302043341
1507.216838 675.777102 1302043343
1506.554835 698.999301 1302043345
1505.644580 721.332612 1302043347
1504.982576 741.777036 1302043349
1504.651574 766.665900 1302043352
1504.899825 787.443657 1302043356
1491.825253 807.443637 1302043374
1470.806637 806.332527 1302043377
1448.133011 805.443639 1302043380
1417.846344 804.665862 1302043383
1397.075979 804.443640 1302043385
1367.947818 806.443638 1302043388
1344.694939 808.443636 1302043391
1322.517816 813.110298 1302043395
1302.243954 818.888070 1302043412
1279.239327 829.776948 1302043421
1257.889709 830.665836 1302043423
1234.802331 830.221392 1302043425
1212.376957 829.332504 1302043427
1188.296574 827.665839 1302043430
1168.436464 832.554723 1302043434
1160.244169 855.888033 1302043438
1157.596154 882.443562 1302043441
1155.610143 904.665762 1302043443
1153.375881 927.332406 1302043445
1151.058868 950.554605 1302043447
1148.576354 973.554582 1302043449
1147.169596 994.665672 1302043451
1144.852584 1023.332310 1302043454
1141.377064 1046.221176 1302043457
1120.523949 1048.998951 1302043460
