3310.845816 605.110506 1302044336
3295.950734 591.443853 1302044342
3273.856362 588.554967 1302044345
3248.700222 587.443857 1302044348
3227.267854 586.999413 1302044351
3206.911241 584.221638 1302044358
3182.748108 582.999417 1302044363
3162.308745 584.777193 1302044369
3136.076849 585.666081 1302044378
3112.492969 585.443859 1302044381
3088.660837 585.888303 1302044384
3067.890472 586.999413 1302044387
3046.789105 588.110523 1302044391
3033.714533 572.888316 1302044412
3006.158631 571.999428 1302044417
2979.926736 571.332762 1302044420
2952.453584 570.554985 1302044423
2923.242672 569.777208 1302044426
2903.051560 568.888320 1302044428
2874.999155 567.777210 1302044431
2852.822032 567.110544 1302044434
2832.382669 566.777211 1302044438
2810.205547 565.888323 1302044445
2784.883907 568.999431 1302044451
2761.051775 571.443873 1302044454
2739.619406 573.332760 1302044456
2716.614779 574.110537 1302044458
2693.610152 573.888315 1302044460
2669.943521 573.554982 1302044462
2647.849148 571.443873 1302044464
2619.548492 568.332765 1302044467
2599.191879 565.332768 1302044470
2579.414520 561.332772 1302044477
2559.140658 554.999445 1302044496
2538.618544 555.110556 1302044499
2507.669873 556.443888 1302044502
2482.265482 556.777221 1302044504
2454.047576 556.999443 1302044506
2425.498668 558.221664 1302044508
2397.694515 559.110552 1302044510
2370.304113 559.666107 1302044512
2343.079212 559.999440 1302044514
2315.771561 560.110551 1302044516
2289.291415 559.888329 1302044518
2264.052525 559.443885 1302044520
2240.882397 558.666108 1302044522
2220.112032 557.666109 1302044524
2196.114399 556.777221 1302044527
2176.006038 557.777220 1302044534
2154.573670 560.554995 1302044539
2126.769516 561.221661 1302044542
2103.930389 561.777216 1302044544
2078.360498 561.221661 1302044546
2050.142592 560.443884 1302044548
2021.345433 559.888329 1302044550
1991.389767 558.888330 1302044552
1962.096105 557.443887 1302044554
1934.374701 556.666110 1302044556
1907.977305 555.777222 1302044558
1882.655665 555.332778 1302044560
1858.492532 555.221667 1302044562
1835.901657 555.110556 1302044564
1815.627794 554.777223 1302044566
1791.299160 554.666112 1302044569
1769.866791 555.999444 1302044573
1748.848175 557.888331 1302044588
1723.195533 558.110553 1302044592
1693.984621 558.110553 1302044595
1673.214257 558.110553 1302044597
1652.443892 557.888331 1302044599
1622.653727 558.221664 1302044602
1594.435821 559.554996 1302044605
1569.693434 560.443884 1302044608
1549.667823 560.443884 1302044611
1528.400955 560.666106 1302044626
1514.250627 580.332753 1302044631
1511.933614 604.221618 1302044634
1510.857858 624.221598 1302044636
1509.782102 647.110464 1302044638
1509.037348 671.110440 1302044640
1508.292594 695.332638 1302044642
1505.561829 715.443729 1302044644
1503.824069 735.999264 1302044646
1502.831064 764.554791 1302044649
1502.913814 785.888103 1302044652
1501.341556 807.110304 1302044657
1477.757675 817.554738 1302044662
1453.925543 816.332517 1302044665
1426.948894 815.221407 1302044668
1398.234485 815.332518 1302044671
1369.189075 817.443627 1302044674
1342.295176 817.443627 1302044677
1320.945558 817.554738 1302044680
1298.354683 823.110288 1302044691
1269.061021 823.110288 1302044694
1246.966648 822.665844 1302044696
1225.948032 822.221400 1302044698
1197.730126 821.888067 1302044701
1174.394497 818.221404 1302044705
1151.307119 814.110297 1302044711
1125.902729 812.888076 1302044714
1104.801362 811.888077 1302044716
1079.810724 810.443634 1302044718
1055.647590 809.332524 1302044720
1032.394711 808.776969 1302044722
1004.011304 808.332525 1302044725
982.744437 807.332526 1302044729
962.139573 803.888085 1302044742
