948.402997 809.776968 1303184264
924.901867 805.665861 1303184274
904.297003 803.776974 1303184277
877.320354 800.554755 1303184280
854.232976 797.665869 1303184282
828.414833 795.221427 1303184284
801.934686 794.221428 1303184286
775.123538 793.554762 1303184288
748.726142 792.665874 1303184290
721.666742 791.888097 1303184292
694.607343 791.443653 1303184294
667.630693 790.999209 1303184296
641.729800 790.554765 1303184298
617.566667 790.110321 1303184300
596.713551 789.554766 1303184302
572.964170 789.888099 1303184305
552.359306 790.888098 1303184310
528.527174 790.554765 1303184322
499.233512 789.332544 1303184325
474.987628 787.999212 1303184327
447.100723 786.332547 1303184329
418.303564 785.554770 1303184331
388.844401 784.665882 1303184333
362.033253 783.443661 1303184335
337.870119 781.999218 1303184337
310.893470 780.888108 1303184340
290.785109 780.110331 1303184352
267.780481 780.665886 1303184357
242.789843 781.332552 1303184360
217.302702 782.221440 1303184363
195.870334 781.221441 1303184368
172.203703 783.332550 1303184372
143.489294 784.776993 1303184375
117.671151 785.443659 1303184378
98.142043 792.776985 1303184382
93.094265 816.554739 1303184387
91.604757 840.554715 1303184390
90.280749 861.110250 1303184392
89.204994 885.332448 1303184394
88.294738 910.554645 1303184396
87.467234 936.221286 1303184398
87.301733 960.221262 1303184400
89.784247 987.999012 1303184403
88.294738 1008.665658 1303184417
86.887981 1032.554523 1303184421
85.812225 1053.110058 1303184423
84.322716 1075.998924 1303184425
82.667707 1100.332233 1303184427
81.757452 1124.887764 1303184429
80.433445 1150.332183 1303184431
80.350695 1175.998824 1303184433
80.019693 1201.887687 1303184435
79.605940 1227.665439 1303184437
79.026687 1252.443192 1303184439
78.033682 1274.220948 1303184441
78.033682 1299.332034 1303184444
88.046487 1318.998681 1303184458
113.947380 1318.998681 1303184462
144.482299 1318.998681 1303184465
168.728183 1318.665348 1303184467
193.884323 1318.443126 1303184469
218.378458 1318.443126 1303184471
241.879588 1318.776459 1303184473
264.139461 1319.109792 1303184475
285.902832 1319.998680 1303184477
308.659208 1321.554234 1303184479
332.491339 1322.665344 1303184481
358.061231 1323.554232 1303184483
384.872379 1323.665343 1303184485
411.021524 1323.887565 1303184487
434.688155 1324.443120 1303184489
461.747554 1324.109787 1303184492
481.773165 1325.554230 1303184499
502.047027 1329.332004 1303184502
522.072638 1331.332002 1303184504
546.649524 1333.332000 1303184506
575.115682 1334.776443 1303184508
605.816102 1335.109776 1303184510
635.771767 1334.109777 1303184512
662.251914 1333.554222 1303184514
687.325302 1334.665332 1303184516
713.557198 1335.887553 1303184518
741.940605 1335.998664 1303184520
770.655013 1334.887554 1303184522
797.879914 1333.998666 1303184524
823.698057 1332.887556 1303184526
846.785435 1331.220891 1303184528
871.114069 1328.220894 1303184531
883.857640 1306.665360 1303184536
885.098897 1278.665388 1303184539
886.340153 1257.443187 1303184541
887.333159 1231.665435 1303184544
888.326164 1209.665457 1303184568
889.732922 1186.109925 1303184571
889.981174 1164.332169 1303184573
890.643177 1140.221082 1303184575
892.960190 1115.109996 1303184577
894.615199 1091.443353 1303184579
895.690955 1065.110046 1303184582
912.820300 1050.665616 1303184587
932.763160 1053.110058 1303184590
962.222323 1055.998944 1303184593
989.033472 1058.665608 1303184596
1012.369101 1058.887830 1303184617
1032.973965 1051.443393 1303184621
1053.330577 1050.887838 1303184624
1074.349194 1051.998948 1303184628
1096.029813 1052.110059 1303184634
1126.895734 1058.110053 1303184637
1149.321108 1062.665604 1303184639
1174.973750 1065.665601 1303184641
1200.543642 1065.110046 1303184643
1225.617030 1063.221159 1303184645
1250.359417 1060.443384 1303184647
1272.784791 1058.998941 1303184649
1297.775430 1056.776721 1303184651
1322.848818 1054.665612 1303184653
1346.929201 1052.998947 1303184655
1369.106324 1052.221170 1303184657
1389.876689 1050.776727 1303184659
1413.377819 1050.221172 1303184662
1433.982683 1046.110065 1303184666
1456.656309 1045.776732 1303184674
1476.930171 1038.998961 1303184685
1489.259989 1022.110089 1303184691
1494.390517 994.776783 1303184695
1498.114288 974.776803 1303184697
1500.348550 950.665716 1303184699
1502.003559 923.110188 1303184701
1502.665563 895.443549 1303184703
1503.410317 869.999130 1303184705
1504.651574 847.999152 1303184707
1505.644580 823.776954 1303184710
1507.713341 801.554754 1303184719
1508.458095 781.110330 1303184722
1509.864853 757.999242 1303184724
1510.113104 731.554824 1303184726
1510.857858 702.443742 1303184728
1511.685363 672.554883 1303184730
1512.512868 643.999356 1303184732
1513.009370 618.999381 1303184734
1512.843869 596.888292 1303184736
1512.512868 576.777201 1303184739
