2992.835807 680.665986 1302120919
2991.925552 704.332629 1302120932
2990.849796 727.221495 1302120935
2989.360288 749.443695 1302120938
2987.705279 773.777004 1302120942
2986.381271 793.888095 1302120957
2985.553767 814.888074 1302120971
2999.704095 833.332500 1302120978
3022.956974 835.776942 1302120982
3050.264625 838.110273 1302120985
3071.448742 839.443605 1302120987
3095.032622 840.776937 1302120989
3119.195756 841.888047 1302120991
3142.531385 842.888046 1302120993
3163.550001 843.443601 1302120995
3189.037142 843.554712 1302120998
3209.145504 843.999156 1302121003
3231.984630 847.888041 1302121021
3254.079002 850.888038 1302121026
3277.000879 853.110258 1302121030
3298.102246 847.332486 1302121034
3308.197802 827.332506 1302121038
3313.742082 803.665863 1302121043
3318.045106 783.999216 1302121063
3315.397091 763.443681 1302121091
3323.589387 742.888146 1302121096
3327.975161 721.777056 1302121101
3324.665143 701.554854 1302121105
3320.858622 679.332654 1302121111
3318.293357 658.666008 1302121121
3321.851627 636.666030 1302121145
3325.161645 616.110495 1302121153
3318.458858 595.332738 1302121164
3294.212974 593.666073 1302121169
3268.312081 593.332740 1302121173
3245.638456 593.221629 1302121176
3220.565067 593.221629 1302121179
3194.250421 592.332741 1302121182
3167.191022 590.888298 1302121185
3140.628125 589.443855 1302121188
3114.065228 587.777190 1302121191
3086.592076 585.666081 1302121194
3058.705171 584.221638 1302121197
3032.969779 583.332750 1302121200
3006.986135 582.666084 1302121203
2979.926736 581.999418 1302121206
2952.536334 581.777196 1302121209
2925.890687 581.332752 1302121212
2900.403546 580.999419 1302121215
2875.992161 580.443864 1302121218
2851.994528 579.443865 1302121221
2828.162396 578.999421 1302121224
2803.833761 577.666089 1302121227
2779.091375 576.777201 1302121230
2752.280226 575.332758 1302121233
2723.317566 572.999427 1302121236
2694.685908 572.443872 1302121239
2667.543757 572.443872 1302121242
2641.311862 571.999428 1302121245
2619.713993 571.666095 1302121248
2599.026378 568.666098 1302121267
2574.366742 564.777213 1302121274
2547.307342 566.332767 1302121277
2524.716467 567.221655 1302121279
2499.063825 568.110543 1302121281
2471.507923 568.221654 1302121283
2443.207266 567.554988 1302121285
2415.403113 566.777211 1302121287
2388.012711 565.999434 1302121289
2360.208557 565.554990 1302121291
2332.321653 564.888324 1302121293
2304.600250 564.110547 1302121295
2276.547844 563.443881 1302121297
2249.157443 562.888326 1302121299
2223.173799 561.888327 1302121301
2200.996676 560.999439 1302121303
2174.764781 560.666106 1302121306
2151.677404 559.777218 1302121310
2131.072540 561.332772 1302121335
2110.302175 561.888327 1302121338
2081.174013 561.999438 1302121341
2058.169386 561.666105 1302121343
2033.013247 560.888328 1302121345
2006.698601 559.777218 1302121347
1980.383956 558.999441 1302121349
1954.069310 558.554997 1302121351
1927.423663 557.999442 1302121353
1901.688271 557.554998 1302121355
1877.028634 557.221665 1302121357
1853.693005 556.999443 1302121359
1831.515882 556.666110 1302121361
1810.911018 556.221666 1302121363
1785.672129 555.999444 1302121366
1761.177993 555.443889 1302121370
1738.338867 555.332778 1302121375
1714.010232 555.888333 1302121378
1693.239867 556.110555 1302121380
1669.738737 556.332777 1302121382
1644.168846 556.666110 1302121384
1618.929956 556.888332 1302121386
1594.518571 556.999443 1302121388
1571.679445 556.666110 1302121390
1544.785546 556.999443 1302121393
1524.097932 557.777220 1302121409
1507.382339 569.666097 1302121415
1506.885836 594.110517 1302121419
1506.885836 620.777157 1302121422
1506.141082 650.888238 1302121425
1505.892831 672.554883 1302121427
1506.058332 694.110417 1302121429
1505.975581 715.443729 1302121431
1505.479079 736.554819 1302121433
1505.313578 756.554799 1302121435
1505.148077 781.110330 1302121438
1505.230827 802.443642 1302121445
1483.384706 812.999187 1302121455
1456.408057 811.554744 1302121459
1433.651681 811.776966 1302121462
1411.060806 812.888076 1302121465
1389.131935 812.332521 1302121468
1366.375559 814.110297 1302121471
1345.853446 814.888074 1302121474
1324.172826 815.888073 1302121478
1302.492206 816.443628 1302121487
1277.501567 813.665853 1302121493
1251.517924 810.776967 1302121497
1230.333806 811.776966 1302121500
1207.825682 811.888077 1302121503
1187.800071 810.443634 1302121506
1162.892183 804.665862 1302121510
1145.514587 793.443651 1302121513
1123.999468 800.999199 1302121519
1112.083402 821.332512 1302121525
1107.366626 844.999155 1302121529
1107.449377 867.665799 1302121532
1106.621872 890.332443 1302121535
1105.628867 912.332421 1302121538
1103.973857 936.665730 1302121542
1105.546116 959.887929 1302121546
1100.912090 982.776795 1302121551
1098.595078 1003.221219 1302121568
1116.055424 1012.998987 1302121586
1134.674277 1023.443421 1302121594
