1135.088030 1064.332269 1302125359
1154.203385 1070.554485 1302125386
1178.118268 1074.332259 1302125389
1204.681165 1075.776702 1302125392
1228.347795 1078.221144 1302125395
1252.924681 1080.221142 1302125399
1275.598307 1079.221143 1302125403
1303.236960 1078.776699 1302125407
1330.130859 1078.221144 1302125410
1358.679767 1077.554478 1302125413
1378.788128 1074.443370 1302125417
1401.130751 1073.110038 1302125425
1423.887127 1072.554483 1302125439
1444.822993 1075.443369 1302125450
1464.765853 1078.887810 1302125456
1476.185417 1059.332274 1302125464
1476.930171 1037.554518 1302125467
1479.495435 1008.443436 1302125470
1483.550207 987.999012 1302125472
1490.087493 959.110152 1302125475
1491.908004 939.110172 1302125477
1492.239005 917.665749 1302125479
1491.659752 897.665769 1302125481
1492.570007 869.554686 1302125484
1495.466273 846.110265 1302125487
1496.873031 824.888064 1302125493
1498.279789 797.332536 1302125498
1499.686547 767.221455 1302125501
1499.190044 742.777035 1302125503
1499.686547 716.665950 1302125505
1500.100299 690.110421 1302125507
1500.183049 662.443782 1302125509
1501.258805 636.888252 1302125511
1501.672558 616.110495 1302125513
1501.341556 592.443852 1302125516
1504.072321 569.332764 1302125529
1508.292594 545.332788 1302125533
1527.987203 537.666129 1302125537
1553.722596 538.777239 1302125540
1574.327460 539.666127 1302125542
1595.097824 540.221682 1302125544
1623.812233 540.777237 1302125547
1648.554620 541.666125 1302125550
1670.235240 542.332791 1302125554
1694.398374 543.555012 1302125577
1719.306262 543.777234 1302125580
1740.076626 544.110567 1302125582
1763.826008 544.777233 1302125584
1790.388905 545.443899 1302125586
1818.937813 546.110565 1302125588
1847.900473 546.443898 1302125590
1876.118379 546.777231 1302125592
1903.508781 546.443898 1302125594
1931.478435 546.666120 1302125596
1959.530841 547.110564 1302125598
1987.169493 548.221674 1302125600
2013.235888 548.443896 1302125602
2035.909513 548.443896 1302125604
2062.306909 548.555007 1302125607
2083.325525 548.332785 1302125612
2104.757894 548.666118 1302125636
2130.907039 550.443894 1302125639
2153.001411 551.221671 1302125641
2178.157550 551.999448 1302125643
2205.547952 552.999447 1302125645
2233.186604 553.777224 1302125647
2259.915002 554.221668 1302125649
2287.057152 555.221667 1302125651
2315.937062 555.999444 1302125653
2345.809978 556.332777 1302125655
2373.117629 556.666110 1302125657
2396.949760 557.221665 1302125659
2418.630380 557.777220 1302125661
2446.186283 558.332775 1302125664
2469.852914 558.888330 1302125667
2492.609290 559.443885 1302125670
2520.992697 560.332773 1302125673
2543.914573 561.110550 1302125675
2569.649966 561.221661 1302125677
2597.785121 561.888327 1302125679
2627.327035 562.554993 1302125681
2658.358457 563.221659 1302125683
2689.307128 563.777214 1302125685
2719.759296 563.888325 1302125687
2748.804707 564.332769 1302125689
2776.526110 565.110546 1302125691
2804.578516 565.888323 1302125693
2833.954928 566.554989 1302125695
2862.917588 567.554988 1302125697
2889.480485 567.999432 1302125699
2914.057371 568.221654 1302125701
2936.565496 569.443875 1302125703
2963.211143 571.443873 1302125706
2984.395260 573.221649 1302125724
2992.835807 598.110513 1302125730
2992.504805 623.666043 1302125733
2991.346299 645.554910 1302125735
2990.518794 669.999330 1302125737
2989.774040 696.665970 1302125739
2988.532783 724.888164 1302125741
2987.374277 752.443692 1302125743
2985.884769 778.776999 1302125745
2983.402255 800.999199 1302125747
2981.829996 825.332508 1302125750
3002.600361 839.776938 1302125754
3028.666755 839.332494 1302125757
3050.181874 839.110272 1302125759
3074.676010 839.776938 1302125761
3101.238907 840.443604 1302125763
3128.629308 840.443604 1302125765
3153.950948 840.110271 1302125767
3175.052315 840.221382 1302125769
3195.822680 840.221382 1302125772
