2525.874974 568.777209 1302130889
2503.780601 568.777209 1302130892
2483.175737 568.666098 1302130894
2459.343606 568.443876 1302130896
2431.456701 567.888321 1302130898
2402.494041 567.554988 1302130900
2371.131618 566.999433 1302130902
2322.557099 565.888323 1302130905
2290.118919 564.777213 1302130907
2258.011742 563.777214 1302130909
2227.642324 562.554993 1302130911
2200.665675 561.443883 1302130913
2176.502541 560.554995 1302130915
2148.119134 559.777218 1302130918
2126.521264 559.666107 1302130922
2103.764888 561.110550 1302130934
2076.953740 561.110550 1302130937
2053.618111 560.443884 1302130939
2027.055214 559.777218 1302130941
1998.423556 558.666108 1302130943
1968.054138 557.777220 1302130945
1936.277962 556.888332 1302130947
1904.750037 556.332777 1302130949
1873.966867 555.555000 1302130951
1844.838706 554.888334 1302130953
1817.448305 554.332779 1302130955
1794.443677 554.110557 1302130957
1767.053276 553.443891 1302130960
1745.372656 553.443891 1302130964
1724.767792 555.221667 1302130980
1701.680414 557.999442 1302130983
1680.413546 559.221663 1302130985
1654.595404 559.221663 1302130987
1626.211997 558.888330 1302130989
1598.407843 559.110552 1302130991
1573.748206 559.666107 1302130993
1553.308843 559.554996 1302130995
1531.710974 559.332774 1302131006
1513.423123 569.666097 1302131012
1510.113104 593.443851 1302131016
1508.871847 621.777156 1302131019
1508.044343 644.666022 1302131021
1507.216838 669.888219 1302131023
1506.803086 695.888193 1302131025
1505.313578 719.554836 1302131027
1503.989570 742.110369 1302131029
1503.327567 762.443682 1302131031
1502.831064 786.221436 1302131034
1500.265800 807.665859 1302131043
1479.826437 815.776962 1302131047
1454.835798 814.221408 1302131050
1423.804377 814.665852 1302131053
1399.144740 815.332518 1302131055
1374.236853 815.776962 1302131057
1351.480477 816.443628 1302131059
1331.041114 816.332517 1302131061
1310.601751 815.888073 1302131065
1290.576140 822.443622 1302131076
1269.971276 821.110290 1302131078
1245.725392 819.776958 1302131080
1219.576247 818.332515 1302131082
1195.744115 817.665849 1302131084
1173.815244 817.443627 1302131086
1152.465626 812.776965 1302131090
1128.633494 814.554741 1302131095
1099.505333 812.999187 1302131098
1074.514694 811.332522 1302131100
1050.020559 810.110301 1302131102
1026.353928 808.443636 1302131104
1005.252561 807.888081 1302131106
982.247934 809.110302 1302131109
962.139573 808.665858 1302131116
936.983434 805.776972 1302131131
909.593032 804.110307 1302131134
887.995163 802.665864 1302131136
863.583778 801.999198 1302131138
838.096637 801.443643 1302131140
811.119987 801.443643 1302131142
783.977837 801.221421 1302131144
757.001188 800.888088 1302131146
730.107289 800.999199 1302131148
703.875394 800.332533 1302131150
678.967506 799.554756 1302131152
655.962879 798.665868 1302131154
634.282259 798.221424 1302131156
606.809107 797.665869 1302131159
583.307977 796.888092 1302131163
558.731091 797.332536 1302131167
537.215972 797.443647 1302131170
515.121600 796.776981 1302131173
489.137956 795.665871 1302131176
448.341980 794.332539 1302131180
427.737116 792.999207 1302131182
407.297753 791.776986 1302131184
378.831596 790.332543 1302131187
355.744218 789.221433 1302131190
332.325838 789.110322 1302131194
310.396967 789.332544 1302131201
290.205855 788.221434 1302131207
269.600991 788.554767 1302131210
247.672120 787.776990 1302131213
222.598731 786.888102 1302131217
201.662866 785.665881 1302131223
179.733994 784.332549 1302131227
155.239859 783.665883 1302131231
133.145487 784.554771 1302131236
