3200.622207 837.443607 1302212333
3223.047581 843.888045 1302212356
3243.817945 843.999156 1302212358
3270.794595 844.665822 1302212361
3291.399459 837.776940 1302212365
3295.040479 815.888073 1302212368
3295.950734 786.332547 1302212371
3297.191991 762.110349 1302212373
3300.088257 735.110376 1302212375
3302.819022 708.332625 1302212377
3304.308530 683.221539 1302212379
3305.218785 660.666006 1302212381
3306.791044 634.777143 1302212384
3311.507820 614.332719 1302212400
3314.652337 594.110517 1302212418
3293.219969 581.777196 1302212424
3267.484576 581.999418 1302212427
3245.886707 581.999418 1302212429
3221.309821 581.999418 1302212431
3194.498673 581.332752 1302212433
3168.928781 580.888308 1302212435
3145.510402 580.777197 1302212437
3123.250528 581.666085 1302212439
3102.314663 582.443862 1302212441
3072.689999 581.888307 1302212444
3045.299597 581.888307 1302212447
3023.205225 581.777196 1302212450
3002.021108 581.443863 1302212454
2977.444222 578.777199 1302212458
2953.694840 578.443866 1302212461
2933.586479 578.443866 1302212463
2911.326606 578.221644 1302212465
2888.652981 577.666089 1302212467
2866.558608 576.888312 1302212469
2844.464236 576.221646 1302212471
2822.287113 575.777202 1302212473
2799.778989 574.999425 1302212475
2776.774362 574.332759 1302212477
2752.445727 573.888315 1302212479
2727.289588 572.888316 1302212481
2701.802447 572.110539 1302212483
2676.977310 570.443874 1302212485
2652.979677 569.888319 1302212487
2630.719804 569.666097 1302212489
2602.336397 568.888320 1302212492
2580.986779 569.332764 1302212495
2559.388909 569.332764 1302212500
2534.977524 567.888321 1302212523
2511.145392 567.554988 1302212526
2490.457778 567.221655 1302212528
2466.625646 566.777211 1302212530
2440.393751 566.221656 1302212532
2413.417102 565.999434 1302212534
2385.364696 565.554990 1302212536
2356.981289 564.888324 1302212538
2328.349631 564.332769 1302212540
2300.297226 563.554992 1302212542
2271.748318 562.999437 1302212544
2243.033909 562.221660 1302212546
2214.898753 561.332772 1302212548
2187.673853 560.554995 1302212550
2160.448952 560.110551 1302212552
2132.727549 559.666107 1302212554
2104.178641 559.221663 1302212556
2075.464232 558.777219 1302212558
2045.756818 558.110553 1302212560
2015.966653 557.332776 1302212562
1986.921242 556.666110 1302212564
1958.041332 555.888333 1302212566
1929.657925 555.332778 1302212568
1902.515775 554.777223 1302212570
1877.194135 554.221668 1302212572
1853.279253 553.666113 1302212574
1832.343387 552.999447 1302212576
1806.607995 552.332781 1302212579
1782.858613 552.443892 1302212583
1762.584751 551.666115 1302212592
1739.580124 551.666115 1302212597
1716.658247 551.443893 1302212600
1688.605842 551.555004 1302212603
1666.014967 551.888337 1302212605
1641.107079 552.221670 1302212607
1614.709683 552.666114 1302212609
1588.974291 553.443891 1302212611
1555.294854 553.999446 1302212614
1532.290227 553.999446 1302212617
1512.347367 559.332774 1302212632
1509.451101 583.554972 1302212637
1508.375345 608.443836 1302212640
1507.878842 630.554925 1302212642
1506.720335 655.554900 1302212644
1505.148077 682.999317 1302212646
1503.658569 709.665957 1302212648
1503.162066 734.888154 1302212650
1502.996565 756.888132 1302212652
1503.079315 782.332551 1302212655
1493.894015 803.332530 1302212664
1467.000116 805.110306 1302212668
1437.954705 803.221419 1302212671
1416.853338 803.776974 1302212673
1387.807928 804.888084 1302212676
1360.748528 803.776974 1302212679
1334.185631 805.554750 1302212682
1311.015503 804.776973 1302212686
1293.472406 814.888074 1302212695
1284.204354 833.110278 1302212699
1267.654263 847.888041 1302212702
1244.318634 855.221367 1302212705
1220.155500 851.443593 1302212707
1198.309379 843.776934 1302212710
1174.725499 844.110267 1302212714
1165.374697 863.221359 1302212717
1157.844405 889.554666 1302212720
1152.134624 909.999090 1302212722
1143.114824 928.999071 1302212724
1135.419031 955.887933 1302212727
1131.116008 977.999022 1302212731
1128.054241 1000.221222 1302212734
1125.902729 1026.887862 1302212737
1114.814167 1045.221177 1302212742
1133.764022 1055.776722 1302212757
