1151.389870 1056.554499 1302299307
1173.070490 1061.554494 1302299319
1194.916611 1064.998935 1302299322
1217.093733 1068.443376 1302299325
1238.360601 1071.332262 1302299328
1262.937487 1072.221150 1302299332
1283.459600 1066.998933 1302299341
1303.733463 1069.776708 1302299348
1328.227598 1073.443371 1302299352
1354.459493 1073.887815 1302299355
1375.395359 1072.887816 1302299358
1396.331225 1073.332260 1302299363
1418.922100 1074.665592 1302299378
1443.333485 1075.665591 1302299383
1467.082866 1074.443370 1302299387
1485.453468 1059.998940 1302299392
1488.349734 1032.221190 1302299396
1490.583996 1001.332332 1302299399
1493.066510 977.332356 1302299401
1495.880026 951.554604 1302299403
1497.535035 926.665740 1302299405
1497.948787 902.776875 1302299407
1497.783286 878.999121 1302299409
1498.610791 858.999141 1302299411
1500.762303 836.110275 1302299414
1503.079315 815.999184 1302299419
1507.713341 791.110320 1302299425
1510.526857 761.665905 1302299428
1511.271611 736.999263 1302299430
1511.768113 710.888178 1302299432
1512.016365 683.665983 1302299434
1512.512868 656.554899 1302299436
1513.092121 630.777147 1302299438
1513.919625 606.443838 1302299440
1514.581629 583.777194 1302299442
1515.491884 557.554998 1302299445
1523.766930 536.777241 1302299449
1548.343816 535.999464 1302299453
1572.341449 537.221685 1302299456
1592.615311 537.443907 1302299459
1612.640921 536.110575 1302299478
1635.645549 536.999463 1302299490
1659.725932 537.221685 1302299493
1687.695587 537.443907 1302299496
1716.823748 537.443907 1302299499
1736.932109 537.888351 1302299501
1757.536973 538.332795 1302299503
1778.886591 539.110572 1302299505
1801.063714 539.888349 1302299507
1824.151092 540.555015 1302299509
1848.065974 541.221681 1302299511
1872.063607 541.888347 1302299513
1894.654482 542.332791 1302299515
1915.921349 542.666124 1302299517
1944.470257 543.443901 1302299520
1970.950404 544.443900 1302299523
1995.610040 545.110566 1302299527
2016.132154 544.888344 1302299545
2036.157764 545.666121 1302299549
2061.810406 546.332787 1302299552
2082.663522 546.110565 1302299554
2104.757894 546.221676 1302299556
2127.679771 546.555009 1302299558
2152.173906 547.110564 1302299560
2177.164545 547.777230 1302299562
2201.493179 548.332785 1302299564
2226.070065 548.999451 1302299566
2250.233199 549.332784 1302299568
2273.734329 549.888339 1302299570
2297.731962 550.443894 1302299572
2323.384603 551.110560 1302299574
2351.271508 551.999448 1302299576
2380.896172 552.888336 1302299578
2409.858832 553.555002 1302299580
2437.828487 553.777224 1302299582
2464.556884 554.221668 1302299584
2490.292277 554.777223 1302299586
2515.034664 555.332778 1302299588
2540.190803 555.999444 1302299590
2566.836450 556.777221 1302299592
2594.226852 557.332776 1302299594
2621.203501 557.666109 1302299596
2647.766398 558.221664 1302299598
2673.998293 558.666108 1302299600
2699.402684 559.332774 1302299602
2723.565817 560.110551 1302299604
2748.804707 560.666106 1302299606
2775.036602 561.221661 1302299608
2800.440993 561.777216 1302299610
2825.017879 562.110549 1302299612
2848.270757 562.443882 1302299614
2868.710120 562.666104 1302299616
2890.473491 562.888326 1302299619
2911.078355 563.554992 1302299624
2932.924476 565.554990 1302299651
2953.281088 568.777209 1302299654
2979.761235 570.443874 1302299659
2991.429049 588.332745 1302299681
2992.422055 614.110497 1302299684
2992.091053 636.888252 1302299686
2991.594550 662.777115 1302299688
2990.767046 690.999309 1302299690
2989.939541 719.554836 1302299692
2989.029286 746.777031 1302299694
2987.953530 771.554784 1302299696
2986.215770 792.332541 1302299698
2981.416244 815.888073 1302299701
2978.933730 837.110274 1302299715
3000.283348 841.221381 1302299725
3021.301964 839.999160 1302299728
3041.658577 839.332494 1302299730
