2523.971713 569.888319 1302303603
2503.863352 569.888319 1302303606
2475.314444 569.777208 1302303609
2452.309817 569.999430 1302303611
2425.995171 569.443875 1302303613
2397.777265 568.777209 1302303615
2369.476608 568.554987 1302303617
2341.672455 568.110543 1302303619
2313.868301 567.777210 1302303621
2286.643400 567.332766 1302303623
2260.577006 566.777211 1302303625
2235.669118 565.443879 1302303627
2213.326495 564.110547 1302303629
2185.770592 562.888326 1302303632
2163.014216 562.443882 1302303636
2142.657604 563.110548 1302303641
2120.976984 563.554992 1302303644
2080.098258 562.666104 1302303648
2055.604122 561.666105 1302303650
2029.703229 560.332773 1302303652
2003.554084 559.332774 1302303654
1978.728947 558.443886 1302303656
1954.731314 556.999443 1302303658
1931.478435 555.999444 1302303660
1908.804810 555.110556 1302303662
1887.206940 554.332779 1302303664
1866.684827 553.888335 1302303666
1837.473915 552.777225 1302303669
1813.724534 552.221670 1302303672
1791.547411 552.221670 1302303676
1771.025298 554.110557 1302303698
1746.117410 554.888334 1302303702
1711.444968 554.888334 1302303706
1689.598847 554.888334 1302303708
1665.518464 554.888334 1302303710
1583.512760 556.110555 1302303717
1561.997641 555.999444 1302303719
1538.082759 556.110555 1302303722
1516.236638 556.777221 1302303738
1506.803086 580.777197 1302303743
1507.216838 607.332726 1302303746
1506.306583 628.777149 1302303748
1505.810080 652.443792 1302303750
1505.313578 678.110433 1302303752
1504.899825 703.332630 1302303754
1504.651574 726.777051 1302303756
1504.320572 747.777030 1302303758
1503.906820 772.665894 1302303761
1503.493068 798.665868 1302303766
1485.701719 811.665855 1302303774
1463.276345 811.221411 1302303777
1434.148184 813.443631 1302303780
1410.978056 814.443630 1302303782
1387.063174 814.999185 1302303784
1363.975796 815.332518 1302303786
1343.453682 816.110295 1302303788
1321.111059 816.665850 1302303791
1297.527178 814.332519 1302303798
1268.978270 814.332519 1302303803
1246.635647 814.221408 1302303805
1224.872276 813.110298 1302303807
1203.853660 812.554743 1302303809
1178.035517 816.888072 1302303812
1155.692894 809.665857 1302303826
1129.792000 809.999190 1302303829
1107.780378 809.554746 1302303831
1083.203493 808.888080 1302303833
1057.881852 807.999192 1302303835
1034.132471 806.554749 1302303837
1012.203600 805.999194 1302303839
987.212961 805.665861 1302303842
966.939099 805.110306 1302303853
940.541703 803.221419 1302303858
912.820300 801.221421 1302303861
892.711939 800.332533 1302303863
871.941574 800.221422 1302303865
851.833213 800.221422 1302303867
823.449805 800.221422 1302303870
796.473156 800.110311 1302303873
769.248256 801.110310 1302303876
741.775104 802.221420 1302303879
716.205212 803.665863 1302303882
690.718071 797.332536 1302303886
669.368453 796.110315 1302303893
648.515338 796.999203 1302303898
625.262459 797.221425 1302303901
602.506083 796.888092 1302303904
579.997959 796.888092 1302303907
558.482840 797.443647 1302303910
538.291728 796.554759 1302303913
498.985260 794.110317 1302303918
474.822127 794.221428 1302303921
452.727755 793.221429 1302303924
427.737116 791.554764 1302303928
404.732489 790.110321 1302303932
382.141614 789.221433 1302303937
359.302488 788.221434 1302303942
336.794363 787.888101 1302303948
314.617241 789.110322 1302303957
247.258368 788.332545 1302303969
224.336491 788.110323 1302303973
202.076618 786.221436 1302303980
178.161736 785.665881 1302303985
156.232864 785.221437 1302303991
135.876252 786.110325 1302303997
115.271388 789.554766 1302304003
100.045303 807.110304 1302304023
98.638546 835.332498 1302304027
98.390294 864.665802 1302304030
96.652535 886.110225 1302304032
95.080276 907.443537 1302304034
94.583773 928.110183 1302304036
93.508017 956.665710 1302304039
93.011515 984.332349 1302304042
91.108254 1004.443440 1302304044
89.784247 1025.887863 1302304046
88.211988 1048.776729 1302304048
87.136232 1071.554484 1302304050
86.060476 1095.776682 1302304052
85.563973 1121.221101 1302304054
84.901970 1146.332187 1302304056
84.736469 1170.998829 1302304058
84.239966 1194.998805 1302304060
83.246961 1217.665449 1302304062
82.088454 1239.332094 1302304064
80.681696 1268.220954 1302304067
80.681696 1289.109822 1302304070
82.667707 1311.776466 1302304092
99.714302 1326.332007 1302304099
126.525450 1328.887560 1302304103
156.894868 1330.998669 1302304106
178.740989 1331.332002 1302304108
209.937911 1331.554224 1302304111
235.838805 1330.776447 1302304114
255.947166 1330.665336 1302304119
280.937804 1333.887555 1302304135
308.245455 1334.776443 1302304138
329.843325 1335.443109 1302304140
352.434200 1336.220886 1302304142
375.356077 1336.443108 1302304144
397.533199 1336.665330 1302304146
418.882817 1336.998663 1302304148
446.521470 1337.443107 1302304151
467.622837 1337.443107 1302304156
487.648448 1337.776440 1302304160
514.376846 1338.665328 1302304163
536.388467 1339.220883 1302304165
560.468851 1339.665327 1302304167
586.783496 1340.331993 1302304169
614.753151 1340.998659 1302304171
644.874318 1341.665325 1302304173
676.484992 1342.443102 1302304175
708.592170 1343.109768 1302304177
739.623592 1343.443101 1302304179
769.331006 1344.331989 1302304181
796.142154 1344.887544 1302304183
818.319277 1344.887544 1302304185
838.924141 1344.109767 1302304188
862.259770 1341.665325 1302304202
879.637366 1324.220898 1302304206
882.781884 1299.887589 1302304209
883.609388 1276.665390 1302304212
884.685144 1253.220969 1302304216
