3328.968167 422.777355 1302528003
3330.292174 401.332932 1302528031
3331.285179 379.444065 1302528034
3333.188440 353.221869 1302528037
3335.008950 324.666342 1302528040
3335.008950 304.333029 1302528042
3335.091700 283.333050 1302528044
3335.505453 261.777516 1302528046
3335.670954 240.110871 1302528048
3336.250207 218.666448 1302528050
3336.994961 197.222025 1302528052
3337.822466 175.666491 1302528054
3338.236218 153.222069 1302528056
3338.898221 130.999869 1302528058
3339.560225 109.444335 1302528060
3340.470480 88.999911 1302528062
3341.132484 63.777714 1302528065
3341.132484 42.444402 1302528072
3322.265379 35.777742 1302528077
3301.081262 37.777740 1302528080
3271.787600 38.333295 1302528083
3251.596489 38.333295 1302528085
3222.799329 38.777739 1302528088
3201.284210 39.555516 1302528091
3168.349528 40.333293 1302528099
3145.344901 39.333294 1302528102
3120.768015 38.666628 1302528105
3094.205118 39.222183 1302528108
3065.821711 38.666628 1302528111
3039.920817 37.999962 1302528114
3019.564205 39.222183 1302528125
3008.144642 56.444388 1302528130
3005.165625 76.333257 1302528134
3002.103858 99.555456 1302528138
3001.359104 122.444322 1302528142
3001.524605 143.333190 1302528147
3002.269359 165.222057 1302528151
3002.021108 185.777592 1302528154
3001.690106 211.888677 1302528157
3001.524605 241.444203 1302528160
3003.262365 265.888623 1302528163
3002.848612 287.666379 1302528168
3002.103858 315.888573 1302528172
3001.028102 335.888553 1302528174
2999.869596 360.110751 1302528176
2998.793840 386.777391 1302528178
2997.552583 414.110697 1302528180
2996.642328 440.999559 1302528182
2996.476827 466.666200 1302528184
2996.559578 489.110622 1302528186
2995.980324 514.443930 1302528189
2994.739068 535.666131 1302528217
2990.022291 556.888332 1302528225
2971.486189 569.888319 1302528229
2947.654057 569.221653 1302528232
2925.890687 568.777209 1302528234
2900.900048 568.777209 1302528236
2876.654164 569.110542 1302528238
2856.297552 569.999430 1302528240
2833.623926 571.666095 1302528244
2810.867550 577.777200 1302528272
2786.125163 577.999422 1302528275
2764.196292 576.999423 1302528277
2738.378149 576.221646 1302528279
2710.242994 573.999426 1302528281
2679.708075 571.332762 1302528283
2647.518147 569.110542 1302528285
2616.155723 567.888321 1302528287
2587.689566 566.666100 1302528289
2563.857434 566.666100 1302528291
2540.604555 568.221654 1302528294
2523.971713 580.443864 1302528311
2522.895957 601.332732 1302528319
2521.902952 625.443819 1302528323
2521.654700 647.110464 1302528326
2522.564955 668.221554 1302528329
2522.564955 690.110421 1302528332
2521.902952 718.110393 1302528335
2522.233954 739.110372 1302528337
2522.813207 760.443684 1302528339
2522.233954 781.554774 1302528341
2520.909946 809.776968 1302528344
2519.254937 830.443614 1302528346
2519.254937 855.332478 1302528348
2519.006686 884.110227 1302528350
2518.675684 914.443530 1302528352
2518.013680 945.221277 1302528354
2517.103425 974.332359 1302528356
2516.441421 1001.776776 1302528358
2516.110420 1029.110082 1302528360
2515.779418 1055.554500 1302528362
2515.862168 1079.554476 1302528364
2516.275921 1101.221121 1302528366
2514.951913 1124.443320 1302528369
2516.606922 1146.776631 1302528375
2516.606922 1168.887720 1302528378
2519.172187 1191.443253 1302528381
2519.999691 1220.443224 1302528384
2518.179181 1248.443196 1302528387
2515.944919 1270.220952 1302528390
2517.351677 1291.554264 1302528395
2520.247943 1311.332022 1302528412
2520.165192 1331.776446 1302528440
2526.867979 1351.998648 1302528447
2546.562588 1358.220864 1302528451
2570.229219 1361.220861 1302528454
2600.102134 1363.220859 1302528457
2621.617253 1364.443080 1302528459
2642.470369 1364.998635 1302528461
2663.406235 1366.331967 1302528463
2683.928348 1366.554189 1302528465
2703.953959 1366.887522 1302528467
2731.592612 1367.220855 1302528470
2759.148514 1367.220855 1302528473
2788.276675 1366.331967 1302528476
2816.742833 1365.443079 1302528479
2843.305730 1363.776414 1302528482
2868.296368 1362.443082 1302528486
2889.563236 1363.443081 1302528499
2915.381379 1367.109744 1302528504
2937.393000 1372.887516 1302528507
2968.176171 1376.776401 1302528510
2993.084058 1378.776399 1302528512
3019.812456 1379.554176 1302528514
3047.616610 1381.220841 1302528516
3075.089762 1382.887506 1302528518
3102.728415 1383.443061 1302528520
3130.780820 1384.443060 1302528522
3157.012715 1386.331947 1302528524
3179.769091 1386.554169 1302528526
3200.125704 1384.665282 1302528528
3221.144320 1382.109729 1302528531
3241.831934 1376.109735 1302528549
