2518.923935 822.443622 1302533270
2516.689673 843.110268 1302533279
2511.972897 864.776913 1302533282
2510.152387 888.888000 1302533284
2510.400638 916.110195 1302533286
2511.310893 942.776835 1302533288
2512.303899 970.221252 1302533290
2513.876157 998.554557 1302533292
2516.027669 1027.221195 1302533294
2516.937924 1056.776721 1302533296
2518.592933 1083.776694 1302533298
2518.923935 1104.665562 1302533300
2519.420438 1125.776652 1302533305
2513.214154 1147.332186 1302533312
2508.993880 1172.332161 1302533316
2509.986886 1192.554363 1302533318
2509.242132 1217.998782 1302533320
2508.828379 1242.665424 1302533322
2508.249126 1264.443180 1302533324
2507.090620 1287.554268 1302533327
2508.662878 1308.665358 1302533332
2529.929746 1324.220898 1302533337
2554.423882 1333.220889 1302533341
2574.863245 1340.887548 1302533344
2595.716360 1349.109762 1302533361
2620.955250 1349.776428 1302533365
2650.993666 1351.220871 1302533368
2674.494796 1352.665314 1302533370
2698.078676 1354.554201 1302533372
2721.828058 1355.665311 1302533374
2745.825690 1357.220865 1302533376
2768.830318 1358.443086 1302533378
2790.593688 1359.554196 1302533380
2810.784800 1361.443083 1302533382
2838.671704 1364.443080 1302533385
2863.993344 1364.109747 1302533388
2884.432707 1368.887520 1302533395
2906.361579 1375.220847 1302533420
2928.869703 1375.331958 1302533423
2958.494367 1375.776402 1302533426
2978.768229 1376.109735 1302533428
3005.827629 1376.665290 1302533431
3028.915007 1377.220845 1302533434
3054.484898 1377.331956 1302533438
3074.758760 1377.887511 1302533444
3096.522131 1380.554175 1302533453
3122.009272 1391.109720 1302533457
3146.503407 1402.665264 1302533460
3173.149055 1408.665258 1302533463
3196.981186 1418.443026 1302533466
3217.834302 1425.665241 1302533470
3239.845924 1434.998565 1302533478
3260.037035 1438.776339 1302533481
3284.696672 1430.665236 1302533484
3304.639532 1413.109698 1302533487
3314.155835 1387.998612 1302533490
3318.210607 1365.665301 1302533492
3318.127857 1338.776439 1302533494
3317.879605 1310.998689 1302533496
3318.210607 1282.776495 1302533498
3318.127857 1256.220966 1302533500
3317.879605 1231.776546 1302533502
3318.045106 1203.887685 1302533505
3325.740899 1184.665482 1302533511
3331.947183 1159.665507 1302533535
3332.609187 1133.998866 1302533538
3331.202429 1111.110000 1302533542
3333.767693 1090.554465 1302533561
3332.691937 1066.221156 1302533564
3332.029933 1045.110066 1302533566
3331.119678 1023.332310 1302533568
3330.457675 998.554557 1302533570
3330.623176 971.110140 1302533572
3328.968167 942.443502 1302533574
3327.478658 918.443526 1302533576
3325.906400 893.221329 1302533579
3336.912211 871.999128 1302533586
3357.517074 870.443574 1302533589
3377.790937 872.110239 1302533591
3399.637058 873.221349 1302533593
3421.069426 873.221349 1302533595
3442.088042 872.776905 1302533597
3468.154437 870.443574 1302533600
3493.558827 868.221354 1302533604
3519.459720 865.999134 1302533608
3549.332636 865.665801 1302533611
3573.495769 865.999134 1302533613
3599.975916 866.443578 1302533615
3626.869815 866.665800 1302533617
3649.543440 867.888021 1302533619
3672.382566 868.888020 1302533622
3694.973441 867.221355 1302533635
3716.074808 877.776900 1302533645
3718.391821 899.776878 1302533648
3718.143570 931.110180 1302533651
3717.895318 956.887932 1302533653
3717.978069 985.776792 1302533655
3717.978069 1016.443428 1302533657
3718.640072 1045.554510 1302533659
3719.633078 1072.110039 1302533661
3722.281092 1095.998904 1302533664
3731.962896 1115.776662 1302533672
3753.726266 1119.443325 1302533675
3782.854428 1118.443326 1302533678
3804.617798 1119.332214 1302533680
3829.939438 1120.887768 1302533683
3841.607253 1104.221118 1302533687
3839.290240 1082.554473 1302533690
3839.621242 1062.332271 1302533705
3838.876487 1041.221181 1302533710
3839.207489 1014.443430 1302533713
3840.614247 991.332342 1302533715
3841.855504 967.110144 1302533717
3841.772753 945.554610 1302533719
3842.848509 920.443524 1302533722
3837.800732 900.776877 1302533741
3833.745959 878.888010 1302533759
3810.079328 875.888013 1302533763
3782.357925 874.888014 1302533766
3761.918562 873.665793 1302533768
3741.644700 872.999127 1302533770
3719.881329 872.554683 1302533772
3697.373205 871.110240 1302533774
3676.189087 869.999130 1302533776
3648.715935 869.221353 1302533779
3625.959560 867.554688 1302533783
3604.196189 867.999132 1302533792
3583.508575 867.443577 1302533796
3561.579703 866.999133 1302533802
3539.402581 867.443577 1302533806
3512.508682 867.443577 1302533809
3492.069319 866.999133 1302533811
3462.692906 866.554689 1302533814
3433.481995 865.999134 1302533817
3411.801375 864.665802 1302533819
3388.548496 862.888026 1302533821
3368.274634 860.665806 1302533823
3346.097511 857.776920 1302533826
3327.478658 849.776928 1302533835
3320.610370 827.776950 1302533839
3316.886600 805.888083 1302533843
3315.893594 780.888108 1302533855
3317.548603 752.999247 1302533858
3319.286363 730.221492 1302533860
3321.686126 690.554865 1302533863
3323.175635 663.221559 1302533865
3324.996145 640.332693 1302533867
3326.154651 615.554940 1302533871
