1140.549560 1044.110067 1302554937
1164.795444 1046.332287 1302554943
1190.696337 1047.776730 1302554947
1212.625208 1048.776729 1302554950
1233.892076 1048.554507 1302554953
1257.889709 1048.887840 1302554957
1279.653079 1052.887836 1302554986
1304.560967 1059.221163 1302554991
1324.669328 1062.554493 1302554994
1345.025941 1064.221158 1302554997
1371.257836 1063.887825 1302555001
1392.359203 1065.110046 1302555005
1415.694832 1068.332265 1302555021
1436.547947 1068.665598 1302555026
1457.235562 1068.998931 1302555033
1472.461646 1052.110059 1302555039
1474.944160 1029.443415 1302555042
1477.674925 1000.443444 1302555045
1479.412684 979.443465 1302555047
1483.715708 958.332375 1302555049
1486.694725 937.665729 1302555051
1487.604980 917.332416 1302555053
1488.597985 888.332445 1302555056
1490.335745 862.554693 1302555059
1493.976765 839.776938 1302555063
1498.859042 819.332514 1302555079
1502.086310 794.999205 1302555084
1502.500062 768.888120 1302555087
1502.748314 748.777029 1302555089
1503.162066 727.443717 1302555091
1503.824069 706.554849 1302555093
1504.403323 685.999314 1302555095
1505.727330 657.221565 1302555098
1506.637585 631.443813 1302555101
1506.389334 610.888278 1302555104
1505.313578 588.443856 1302555130
1505.396328 568.332765 1302555134
1511.354361 547.221675 1302555138
1538.000009 543.110568 1302555142
1564.562905 542.221680 1302555145
1592.449810 542.332791 1302555148
1616.530193 541.888347 1302555151
1637.631560 541.110570 1302555156
1659.477681 540.666126 1302555165
1679.586042 539.999460 1302555175
1704.493930 540.777237 1302555193
1727.084805 541.332792 1302555196
1753.813202 542.221680 1302555199
1782.031109 543.443901 1302555202
1811.738523 544.666122 1302555205
1831.764134 545.332788 1302555207
1852.286247 545.555010 1302555209
1872.311858 545.777232 1302555211
1892.502970 545.777232 1302555213
1921.300129 546.110565 1302555216
1949.600786 546.332787 1302555219
1977.487690 546.999453 1302555222
2004.298838 547.443897 1302555225
2028.875724 547.555008 1302555228
2050.225342 548.221674 1302555231
2070.747456 548.221674 1302555234
2093.586582 548.999451 1302555237
2120.066729 550.777227 1302555240
2150.436147 551.777226 1302555243
2172.199517 552.332781 1302555245
2193.383634 553.110558 1302555247
2213.657496 553.999446 1302555249
2234.179610 554.555001 1302555251
2256.522234 554.999445 1302555253
2280.437116 556.221666 1302555255
2305.345004 557.332776 1302555257
2330.666644 557.777220 1302555259
2355.657282 557.777220 1302555261
2379.489414 558.221664 1302555263
2403.487047 558.332775 1302555265
2427.567430 558.554997 1302555267
2451.730563 558.999441 1302555269
2476.224699 559.554996 1302555271
2500.884335 559.888329 1302555273
2526.288726 560.443884 1302555275
2553.430876 561.110550 1302555277
2581.152279 561.332772 1302555279
2609.535687 561.554994 1302555281
2638.663848 561.888327 1302555283
2668.288512 562.443882 1302555285
2697.002920 563.443881 1302555287
2724.972575 564.110547 1302555289
2752.859479 565.110546 1302555291
2780.167130 565.999434 1302555293
2806.812778 566.554989 1302555295
2832.465420 566.666100 1302555297
2855.718298 567.221655 1302555299
2876.571414 567.888321 1302555301
2904.706569 568.999431 1302555304
2928.621452 569.888319 1302555307
2952.205332 573.999426 1302555311
2972.892947 573.666093 1302555318
2987.870780 588.332745 1302555333
2990.436044 614.554941 1302555337
2990.767046 640.666026 1302555340
2990.932546 660.777117 1302555342
2990.601545 682.665984 1302555344
2990.022291 705.888183 1302555346
2989.443038 729.443715 1302555348
2988.532783 751.332582 1302555350
2987.043275 779.999220 1302555353
2985.305515 802.332531 1302555356
2983.898758 822.443622 1302555363
3000.779851 838.999161 1302555385
3024.694733 839.332494 1302555388
3045.051346 839.332494 1302555390
3080.220290 839.999160 1302555393
3100.825154 840.332493 1302555395
3125.402040 840.554715 1302555398
3149.399673 840.554715 1302555401
3173.645557 840.665826 1302555404
3194.002170 840.554715 1302555408
