3279.483393 845.110266 1302556706
3300.253758 845.443599 1302556722
3315.231591 829.776948 1302556726
3315.645343 805.665861 1302556729
3315.479842 785.221437 1302556731
3316.141846 761.888127 1302556733
3317.548603 735.888153 1302556735
3318.955361 709.443735 1302556737
3318.210607 684.110427 1302556739
3316.224596 659.777118 1302556741
3315.562592 637.999362 1302556743
3315.148840 613.777164 1302556746
3314.817838 591.777186 1302556759
3295.040479 583.443861 1302556763
3269.305086 584.554971 1302556766
3249.196725 584.221638 1302556768
3227.847107 583.777194 1302556770
3205.918236 583.221639 1302556772
3182.830858 582.666084 1302556774
3160.157233 582.443862 1302556776
3137.566358 582.221640 1302556778
3114.892732 581.554974 1302556780
3092.715610 581.221641 1302556782
3071.614243 580.999419 1302556784
3050.761127 580.443864 1302556786
3029.742511 579.888309 1302556788
3008.144642 579.443865 1302556790
2985.719268 578.888310 1302556792
2962.052637 577.999422 1302556794
2938.055004 577.554978 1302556796
2914.802125 577.110534 1302556798
2894.197261 576.554979 1302556800
2867.717115 575.888313 1302556803
2846.863999 575.332758 1302556806
2825.431631 575.666091 1302556815
2804.330264 576.777201 1302556819
2777.519116 577.777200 1302556822
2754.597239 577.221645 1302556824
2728.613595 577.110534 1302556826
2702.712702 576.888312 1302556828
2677.142811 576.443868 1302556830
2651.821170 575.221647 1302556832
2627.906288 573.888315 1302556834
2606.225668 572.777205 1302556836
2580.821278 571.999428 1302556839
2558.230403 570.332763 1302556843
2534.812023 568.332765 1302556852
2506.263115 568.221654 1302556856
2486.237504 568.443876 1302556858
2462.322622 568.110543 1302556860
2436.090727 568.110543 1302556862
2408.121072 568.110543 1302556864
2378.248157 567.554988 1302556866
2347.464987 567.332766 1302556868
2316.599066 566.777211 1302556870
2285.650395 566.221656 1302556872
2254.122470 565.332768 1302556874
2222.511795 564.443880 1302556876
2191.563124 563.554992 1302556878
2160.697203 563.110548 1302556880
2129.831283 562.332771 1302556882
2098.965362 561.554994 1302556884
2067.933940 560.888328 1302556886
2036.819768 560.443884 1302556888
2006.036598 559.777218 1302556890
1975.336178 559.110552 1302556892
1944.139255 558.110553 1302556894
1912.445830 557.110554 1302556896
1880.173152 556.443888 1302556898
1847.238469 555.999444 1302556900
1814.055536 555.110556 1302556902
1781.948358 553.999446 1302556904
1750.916936 553.555002 1302556906
1720.713019 553.443891 1302556908
1692.081361 553.110558 1302556910
1663.532453 553.110558 1302556912
1635.066296 552.999447 1302556914
1607.344892 553.443891 1302556916
1582.354254 553.999446 1302556918
1560.508133 554.443890 1302556920
1538.165509 553.777224 1302556923
1516.898642 554.999445 1302556941
1506.389334 580.666086 1302556949
1507.878842 605.777172 1302556952
1507.713341 626.999373 1302556954
1506.885836 651.221571 1302556956
1506.637585 675.554880 1302556958
1505.892831 699.554856 1302556960
1505.892831 721.221501 1302556962
1504.651574 742.110369 1302556964
1503.410317 769.221453 1302556967
1502.665563 792.665874 1302556971
1489.177238 810.888078 1302556979
1462.448841 808.554747 1302556983
1439.030461 808.443636 1302556986
1416.439586 807.554748 1302556989
1393.848711 808.110303 1302556993
1370.844084 809.443635 1302556997
1350.321970 816.888072 1302557002
1331.703117 824.332509 1302557012
1304.974719 826.888062 1302557017
1280.315083 828.776949 1302557020
1258.055210 828.999171 1302557022
1232.568069 827.332506 1302557024
1207.991183 825.221397 1302557026
1181.097284 822.110289 1302557029
1158.423659 819.776958 1302557033
1138.729050 816.110295 1302557037
1123.668466 829.665837 1302557043
1122.261709 853.332480 1302557046
1121.847956 878.221344 1302557049
1121.930707 905.665761 1302557052
1120.854951 927.332406 1302557054
1119.530943 948.887940 1302557056
1118.951690 969.776808 1302557058
1116.634677 995.221227 1302557061
1117.462182 1023.665643 1302557065
1108.028630 1048.443396 1302557073
1126.895734 1059.998940 1302557079
