1738.835370 828.776949 1302618770
1712.520724 826.665840 1302618783
1683.061561 825.221397 1302618786
1660.305185 824.554731 1302618788
1637.466059 825.110286 1302618790
1613.964929 825.221397 1302618792
1589.636294 824.554731 1302618794
1564.728406 823.888065 1302618796
1542.716785 824.888064 1302618798
1522.360172 825.888063 1302618801
1497.617785 824.332509 1302618807
1471.551391 823.443621 1302618810
1443.333485 820.110291 1302618813
1419.915105 820.665846 1302618816
1398.565487 820.443624 1302618843
1372.333592 822.221400 1302618847
1348.087708 823.443621 1302618850
1327.896596 826.554729 1302618859
1306.712479 824.443620 1302618875
1294.051659 805.110306 1302618882
1286.107615 783.332550 1302618885
1284.452606 755.443689 1302618888
1285.611112 733.777044 1302618890
1287.183371 709.443735 1302618892
1288.507378 684.554871 1302618894
1289.748635 660.221562 1302618896
1291.072642 637.554918 1302618898
1293.472406 610.110501 1302618901
1296.534173 587.221635 1302618905
1301.664701 565.443879 1302618932
1312.753262 548.666118 1302618940
1333.523627 546.888342 1302618943
1363.810295 545.777232 1302618946
1388.469931 545.221677 1302618948
1416.687837 545.221677 1302618950
1446.478002 545.443899 1302618952
1477.012921 545.110566 1302618954
1507.961592 544.443900 1302618956
1539.241265 543.332790 1302618958
1571.431193 542.555013 1302618960
1604.779628 542.555013 1302618962
1637.217807 543.443901 1302618964
1664.359958 545.110566 1302618966
1685.130322 545.555010 1302618968
1710.286462 547.221675 1302618972
1722.533529 563.666103 1302618975
1724.602291 589.999410 1302618978
1723.030032 611.332722 1302618980
1722.202528 637.110474 1302618982
1722.450779 664.554891 1302618984
1722.450779 692.332641 1302618986
1722.533529 719.999280 1302618988
1722.202528 744.888144 1302618990
1721.292273 771.888117 1302618993
1720.630269 792.999207 1302619013
1720.547518 819.665847 1302619017
1720.961271 849.221373 1302619020
1720.795770 872.999127 1302619022
1719.968265 897.665769 1302619024
1718.892509 925.221297 1302619026
1717.816753 953.332380 1302619028
1717.403001 982.999017 1302619030
1717.568502 1012.998987 1302619032
1718.230506 1041.110070 1302619034
1718.065005 1067.332266 1302619036
1717.651252 1092.443352 1302619038
1716.989249 1116.109995 1302619040
1717.403001 1137.776640 1302619042
1718.561507 1165.221057 1302619045
1718.809759 1187.776590 1302619049
1719.968265 1212.887676 1302619072
1722.450779 1235.776542 1302619075
1722.450779 1256.554299 1302619077
1721.375023 1278.998721 1302619079
1719.389012 1301.220921 1302619081
1716.989249 1321.665345 1302619083
1718.147755 1350.665316 1302619086
1736.683858 1359.443085 1302619089
1764.901764 1358.887530 1302619092
1788.402894 1359.665307 1302619094
1812.979780 1359.331974 1302619096
1838.384170 1358.331975 1302619098
1863.954062 1357.443087 1302619100
1889.606704 1356.887532 1302619102
1915.176595 1356.109755 1302619104
1940.663736 1354.776423 1302619106
1966.399129 1354.109757 1302619108
1992.713774 1354.443090 1302619110
2018.697418 1354.776423 1302619112
2044.101808 1354.998645 1302619114
2068.926946 1354.887534 1302619116
2092.593577 1355.220867 1302619118
2116.094707 1355.554200 1302619120
2139.761338 1356.220866 1302619122
2163.676220 1357.220865 1302619124
2188.997860 1357.554198 1302619126
2214.236750 1358.331975 1302619128
2239.806641 1358.665308 1302619130
2265.624784 1358.443086 1302619132
2291.277426 1358.220864 1302619134
2317.426570 1358.109753 1302619136
2343.410214 1358.554197 1302619138
2369.393858 1359.109752 1302619140
2394.715498 1359.331974 1302619142
2419.209634 1359.665307 1302619144
2441.883259 1359.220863 1302619146
2466.791147 1358.109753 1302619149
2486.982259 1361.554194 1302619174
2507.090620 1361.998638 1302619177
2537.625539 1362.554193 1302619180
2561.540421 1362.998637 1302619182
2587.855067 1363.443081 1302619184
2615.162718 1364.331969 1302619186
2642.304868 1364.998635 1302619188
2669.612519 1365.554190 1302619190
2697.251172 1366.331967 1302619192
2726.213832 1366.887522 1302619194
2754.928241 1367.665299 1302619196
2782.649644 1368.554187 1302619198
2808.550537 1369.443075 1302619200
2834.368680 1369.776408 1302619202
2860.186823 1370.220852 1302619204
2885.177461 1370.665296 1302619206
2909.423346 1370.887518 1302619208
2933.338228 1371.443073 1302619210
2958.246116 1372.443072 1302619212
2983.898758 1373.776404 1302619214
3008.972146 1374.331959 1302619216
3032.969779 1375.109736 1302619218
3055.477904 1375.887513 1302619220
3076.827522 1376.554179 1302619222
3104.300674 1380.554175 1302619225
3130.532569 1382.776395 1302619228
3157.840220 1385.665281 1302619231
3185.975375 1386.220836 1302619234
3210.800513 1385.220837 1302619237
3234.053391 1378.887510 1302619241
3254.410004 1371.776406 1302619261
3278.738639 1368.665298 1302619280
3299.426253 1358.998641 1302619284
3306.294541 1337.109774 1302619287
3306.294541 1306.776471 1302619290
3306.956545 1282.332051 1302619292
3307.784049 1254.998745 1302619294
3308.528803 1225.887663 1302619296
3309.273558 1197.109914 1302619298
3310.432064 1171.109940 1302619300
3311.342319 1149.221073 1302619302
3313.493831 1127.776650 1302619305
3313.742082 1105.554450 1302619330
3313.659332 1078.887810 1302619333
3314.073084 1056.554499 1302619335
3314.486836 1031.443413 1302619337
3315.148840 1004.998995 1302619339
3315.728093 978.110133 1302619341
3316.307347 951.665715 1302619343
3316.059095 926.332407 1302619345
3317.217602 903.776874 1302619347
3317.879605 878.999121 1302619350
3313.659332 859.221363 1302619358
3292.061462 857.554698 1302619362
3270.629094 858.888030 1302619365
3248.865723 858.776919 1302619368
3227.929858 859.554696 1302619371
3205.504484 860.443584 1302619374
3181.093098 861.665805 1302619377
3153.040693 861.776916 1302619380
3122.919527 861.221361 1302619383
3101.073406 860.110251 1302619385
3078.730782 858.776919 1302619387
3057.463915 855.443589 1302619389
3036.362548 851.999148 1302619391
3012.116664 848.888040 1302619394
