1394.262463 778.443666 1303248022
1371.919840 773.110338 1303248032
1349.080713 776.332557 1303248036
1326.572589 782.776995 1303248040
1307.208982 791.443653 1303248050
1296.865175 808.554747 1303248057
1294.630912 828.776949 1303248070
1297.775430 848.665818 1303248075
1296.947925 874.776903 1303248079
1297.278927 903.110208 1303248082
1298.933936 923.665743 1303248084
1298.437433 944.332389 1303248086
1294.796413 965.221257 1303248088
1292.065648 991.999008 1303248091
1289.169382 1012.776765 1303248096
1283.707852 1032.887856 1303248104
1298.685685 1046.776731 1303248112
1318.628545 1049.887839 1303248115
1346.929201 1055.221167 1303248118
1368.113319 1056.998943 1303248120
1389.297436 1057.554498 1303248122
1411.309058 1058.443386 1303248124
1433.486180 1060.443384 1303248126
1454.918549 1061.221161 1303248128
1477.261173 1057.554498 1303248131
1498.362539 1058.998941 1303248137
1520.539662 1065.332268 1303248141
1543.627040 1070.443374 1303248144
1569.693434 1070.887818 1303248147
1597.663089 1068.110043 1303248150
1620.005712 1065.221157 1303248153
1640.196824 1061.332272 1303248158
1661.049939 1066.998933 1303248173
1685.544075 1068.665598 1303248178
1704.824931 1078.110033 1303248182
1706.810942 1102.443342 1303248186
1706.893693 1131.109980 1303248189
1707.224695 1154.109957 1303248191
1707.141944 1179.998820 1303248193
1703.583675 1203.554352 1303248195
1700.604658 1225.665441 1303248197
1697.542891 1247.109864 1303248199
1695.639631 1267.998732 1303248201
1693.322618 1294.998705 1303248204
1694.067372 1314.998685 1303248207
1712.934476 1330.109781 1303248215
1734.863348 1333.887555 1303248218
1766.225771 1337.220885 1303248221
1792.788668 1338.220884 1303248223
1821.254826 1339.776438 1303248225
1850.962240 1340.554215 1303248227
1881.993662 1340.998659 1303248229
1914.266340 1340.665326 1303248231
1946.290767 1340.443104 1303248233
1977.818692 1340.887548 1303248235
2007.691607 1340.554215 1303248237
2034.502755 1340.443104 1303248239
2057.424632 1342.554213 1303248241
2078.608749 1344.331989 1303248243
2100.703122 1344.776433 1303248245
2123.790499 1345.887543 1303248247
2148.698387 1347.331986 1303248249
2175.840537 1349.554206 1303248251
2205.382451 1351.554204 1303248253
2236.248371 1352.887536 1303248255
2267.114292 1353.220869 1303248257
2297.566461 1353.887535 1303248259
2327.604877 1354.776423 1303248261
2356.402036 1355.109756 1303248263
2382.633931 1355.443089 1303248265
2406.300562 1356.220866 1303248267
2428.891437 1356.998643 1303248269
2457.274844 1356.776421 1303248272
2481.437978 1354.998645 1303248276
2501.463589 1355.776422 1303248280
2525.709473 1355.554200 1303248283
2546.148836 1355.887533 1303248285
2568.491459 1356.665310 1303248287
2592.075340 1357.665309 1303248289
2616.734976 1357.998642 1303248291
2639.656853 1358.220864 1303248293
2661.006471 1358.887530 1303248295
2688.810625 1359.998640 1303248298
2710.325744 1360.998639 1303248301
2731.013359 1362.776415 1303248304
2753.604234 1365.109746 1303248307
2782.401393 1367.220855 1303248310
2804.330264 1368.331965 1303248312
2827.500392 1369.776408 1303248314
2850.836021 1370.443074 1303248316
2873.509647 1371.220851 1303248318
2895.438518 1372.220850 1303248320
2917.367389 1372.887516 1303248322
2940.703019 1373.220849 1303248324
2965.941908 1373.665293 1303248326
2991.346299 1374.220848 1303248328
3015.757684 1375.331958 1303248330
3037.852056 1375.331958 1303248332
3065.573459 1374.887514 1303248335
3090.150345 1374.665292 1303248338
3116.051239 1377.331956 1303248341
3145.924154 1379.998620 1303248344
3167.935776 1381.331952 1303248346
3190.526651 1381.998618 1303248348
3211.628017 1381.998618 1303248350
3237.032408 1379.220843 1303248353
3257.058019 1375.554180 1303248359
3281.552154 1374.331959 1303248385
3301.164013 1368.887520 1303248389
3311.425070 1351.220871 1303248394
3311.507820 1329.554226 1303248397
3312.087073 1308.776469 1303248399
3312.997328 1284.443160 1303248401
3312.418075 1257.443187 1303248403
3310.349314 1229.109882 1303248405
3307.784049 1202.998797 1303248407
3306.542792 1180.109931 1303248409
3307.866800 1154.443290 1303248412
3307.618548 1131.776646 1303248438
3309.687310 1108.221114 1303248442
3312.252574 1080.665586 1303248445
3313.659332 1057.221165 1303248447
3315.066090 1030.110081 1303248449
3316.059095 1004.110107 1303248451
3316.638348 979.554576 1303248453
3317.796855 957.221265 1303248455
3320.527620 930.665736 1303248458
3322.513631 909.221313 1303248462
3323.920389 888.776889 1303248471
3324.499642 866.999133 1303248482
3340.056728 848.110263 1303248489
3363.226856 847.665819 1303248492
3383.831720 848.443596 1303248494
3405.098588 850.110261 1303248496
3431.578734 851.554704 1303248499
3456.155620 853.332480 1303248528
3480.070502 853.776924 1303248531
3508.122908 854.221368 1303248534
3530.382781 855.665811 1303248537
3557.524931 856.665810 1303248540
3579.205551 857.332476 1303248542
3601.548175 857.888031 1303248544
3623.642547 858.443586 1303248546
3644.081910 858.665808 1303248548
3669.486300 859.554696 1303248551
3690.504917 859.443585 1303248579
3709.951274 869.332464 1303248589
3714.585300 892.443552 1303248593
3713.840546 921.110190 1303248596
3712.930291 944.554611 1303248598
3712.516538 970.776807 1303248600
3711.937285 999.110112 1303248602
3710.282276 1026.998973 1303248604
3709.123770 1050.887838 1303248606
3708.958269 1071.332262 1303248608
3709.868524 1091.332242 1303248611
3706.972258 1112.554443 1303248622
3705.648250 1137.998862 1303248625
3704.903496 1160.221062 1303248627
3704.241493 1185.332148 1303248629
3702.669234 1211.665455 1303248631
3701.427977 1237.554318 1303248633
3700.683223 1261.776516 1303248635
3700.021219 1283.998716 1303248637
3700.434972 1312.998687 1303248640
3701.014225 1335.554220 1303248643
3700.021219 1356.109755 1303248646
3698.035208 1381.443063 1303248649
3697.042203 1402.443042 1303248651
3696.380199 1424.887464 1303248653
3695.221693 1448.220774 1303248655
3694.145937 1471.442973 1303248657
3693.070181 1494.887394 1303248659
3691.828924 1518.776259 1303248661
3691.911674 1542.331791 1303248663
3692.408177 1562.553993 1303248665
3692.573678 1587.665079 1303248668
3693.732185 1608.331725 1303248673
3694.394188 1628.776149 1303248696
3694.642440 1650.331683 1303248699
3695.800946 1676.220546 1303248702
3699.938469 1703.220519 1303248705
3700.931474 1726.553829 1303248708
3700.352221 1746.776031 1303248712
