2804.495765 577.999422 1302627805
2778.098369 579.554976 1302627809
2747.811701 580.221642 1302627812
2721.993559 579.777198 1302627814
2693.858403 579.221643 1302627816
2665.061244 578.999421 1302627818
2635.436580 577.999422 1302627820
2606.060167 576.666090 1302627822
2579.083518 575.110536 1302627824
2555.996140 573.332760 1302627826
2531.915757 573.110538 1302627829
2523.723462 596.443848 1302627835
2523.640711 616.666050 1302627838
2524.964719 640.666026 1302627841
2524.964719 660.999339 1302627843
2524.881968 684.777093 1302627845
2524.468216 709.110402 1302627847
2523.640711 731.888157 1302627849
2523.557961 759.777018 1302627852
2524.385465 782.221440 1302627855
2524.219965 803.999196 1302627858
2523.806212 825.443619 1302627861
2522.647706 848.443596 1302627864
2521.489199 871.554684 1302627867
2521.075447 892.221330 1302627869
2520.496194 916.665750 1302627871
2519.172187 947.221275 1302627873
2518.427432 976.999023 1302627875
2517.351677 1008.221214 1302627877
2516.027669 1038.887850 1302627879
2515.944919 1066.998933 1302627881
2516.027669 1090.554465 1302627883
2514.620911 1117.776660 1302627886
2515.034664 1139.332194 1302627889
2516.855174 1164.221058 1302627892
2520.247943 1193.887695 1302627895
2521.985702 1217.443227 1302627897
2522.647706 1243.220979 1302627899
2522.564955 1266.109845 1302627901
2523.226959 1293.443151 1302627904
2522.233954 1314.109797 1302627907
2518.427432 1335.443109 1302627934
2527.778234 1355.776422 1302627940
2549.707106 1361.887527 1302627943
2578.752516 1365.331968 1302627946
2601.922644 1367.443077 1302627948
2627.327035 1369.776408 1302627950
2653.889932 1371.220851 1302627952
2680.535579 1372.220850 1302627954
2707.015726 1373.887515 1302627956
2734.157876 1374.554181 1302627958
2761.382777 1375.220847 1302627960
2788.607677 1375.331958 1302627962
2815.087824 1375.887513 1302627964
2840.740466 1375.554180 1302627966
2862.752087 1373.998626 1302627968
2885.260212 1372.887516 1302627971
2909.754347 1372.665294 1302627992
2931.517718 1374.109737 1302627995
2957.087609 1375.887513 1302627998
2985.553767 1375.998624 1302628001
3013.523421 1376.443068 1302628004
3038.679561 1376.109735 1302628007
3061.104935 1375.887513 1302628011
3081.130545 1377.887511 1302628017
3101.652659 1379.554176 1302628020
3125.484791 1379.998620 1302628023
3152.544191 1379.554176 1302628026
3173.314555 1379.443065 1302628028
3194.002170 1379.443065 1302628030
3220.730568 1377.887511 1302628033
3246.217709 1373.887515 1302628036
3273.525360 1368.554187 1302628039
3297.605743 1363.665303 1302628042
3312.335325 1345.665321 1302628045
3319.865616 1316.887572 1302628048
3321.686126 1293.887595 1302628050
3321.520625 1268.220954 1302628052
3320.941372 1240.443204 1302628054
3320.113868 1212.554343 1302628056
3319.782866 1185.665481 1302628058
3319.286363 1163.109948 1302628060
3318.872611 1141.998858 1302628064
3329.299168 1118.221104 1302628075
3330.788677 1094.110017 1302628078
3331.450680 1067.665599 1302628081
3332.278185 1046.776731 1302628083
3332.691937 1018.443426 1302628085
3332.112684 986.887902 1302628087
3331.864433 956.776821 1302628089
3333.353941 934.665732 1302628091
3334.181445 914.443530 1302628093
3333.767693 886.665780 1302628096
3335.008950 864.443580 1302628099
3354.869060 852.221370 1302628103
3381.183705 853.110258 1302628106
3405.015837 854.554701 1302628109
3426.117204 855.776922 1302628114
3452.183598 856.776921 1302628118
3480.153253 857.999142 1302628121
3504.150886 858.554697 1302628124
3526.824511 859.332474 1302628128
3548.670632 859.999140 1302628131
3570.930505 860.443584 1302628134
3591.535369 861.221361 1302628137
3611.726481 862.443582 1302628140
3636.799870 864.776913 1302628143
3665.100526 865.554690 1302628146
3688.353405 864.888024 1302628149
3709.372021 866.221356 1302628159
3717.895318 884.332449 1302628163
3717.481566 913.554642 1302628166
3717.729817 937.665729 1302628168
3717.978069 964.776813 1302628170
3717.895318 994.110117 1302628172
3717.812568 1023.554532 1302628174
3717.812568 1051.554504 1302628176
3717.729817 1075.776702 1302628178
3718.391821 1096.998903 1302628180
3723.025847 1120.221102 1302628185
3742.968707 1124.109987 1302628188
3771.765866 1123.221099 1302628191
3794.191240 1123.109988 1302628193
3821.333390 1120.109991 1302628196
3834.407963 1101.332232 1302628199
3835.814721 1074.332259 1302628202
3836.311223 1051.110060 1302628204
3837.635231 1025.554530 1302628206
3839.124739 997.443447 1302628208
3840.531497 966.887922 1302628210
3841.359001 936.665730 1302628212
3842.186506 909.665757 1302628214
3842.352007 889.221333 1302628216
3828.698181 869.332464 1302628220
3801.556031 870.554685 1302628223
3780.371914 870.888018 1302628225
3755.629527 870.332463 1302628227
3729.232131 869.554686 1302628229
3702.751984 868.999131 1302628231
3676.520089 868.443576 1302628233
3649.295189 868.332465 1302628235
3622.153039 867.776910 1302628237
3595.176389 867.332466 1302628239
3568.530742 866.554689 1302628241
3541.554093 865.665801 1302628243
3513.998190 864.888024 1302628245
3487.104291 864.110247 1302628247
3460.375894 863.554692 1302628249
3434.557751 862.554693 1302628251
3409.732613 860.888028 1302628253
3386.065982 858.888030 1302628255
3364.219862 857.443587 1302628257
3341.297985 855.665811 1302628260
