2515.531166 1343.665323 1302632809
2531.833007 1357.443087 1302632814
2556.575394 1358.331975 1302632817
2580.738527 1357.443087 1302632820
2602.088145 1357.998642 1302632835
2625.258273 1359.665307 1302632838
2655.793192 1361.331972 1302632841
2678.632319 1362.220860 1302632843
2702.381700 1363.776414 1302632845
2726.462083 1365.220857 1302632847
2750.542467 1366.554189 1302632849
2774.953852 1367.554188 1302632851
2798.868734 1368.443076 1302632853
2821.956112 1369.109742 1302632855
2844.215985 1370.220852 1302632857
2871.937388 1369.998630 1302632860
2892.211250 1363.665303 1302632878
2914.388373 1362.665304 1302632883
2936.979248 1361.776416 1302632886
2961.473383 1361.554194 1302632889
2987.705279 1365.331968 1302632892
3016.336937 1366.665300 1302632895
3044.472093 1367.109744 1302632898
3069.545481 1368.443076 1302632901
3090.812349 1368.443076 1302632904
3111.913716 1365.887523 1302632914
3133.346084 1370.665296 1302632918
3159.081477 1370.220852 1302632921
3188.706141 1368.887520 1302632924
3210.552261 1366.554189 1302632926
3231.901880 1364.331969 1302632928
3258.961279 1360.665306 1302632931
3280.890151 1346.109765 1302632935
3283.786417 1323.109788 1302632938
3284.117418 1292.887596 1302632941
3285.110424 1268.998731 1302632943
3285.689677 1245.220977 1302632945
3287.013684 1220.998779 1302632947
3288.172191 1196.221026 1302632949
3289.413448 1173.998826 1302632951
3292.144213 1151.998848 1302632954
3293.550971 1125.776652 1302632977
3296.447237 1096.776681 1302632980
3300.088257 1071.110040 1302632982
3303.729277 1044.443400 1302632984
3306.377292 1019.998980 1302632986
3309.025306 997.221225 1302632988
3312.004323 969.776808 1302632991
3311.425070 947.332386 1302633011
3310.266563 919.554636 1302633015
3311.094068 894.776883 1302633018
3313.493831 874.554681 1302633022
3333.436691 864.999135 1302633027
3358.261829 859.665807 1302633030
3384.493724 855.665811 1302633033
3407.250100 853.443591 1302633036
3429.096220 852.776925 1302633040
3456.900374 853.443591 1302633044
3482.884018 853.332480 1302633047
3507.129902 853.332480 1302633051
3533.444548 853.221369 1302633055
3557.111179 853.110258 1302633058
3580.695059 853.888035 1302633061
3607.588958 855.999144 1302633064
3635.724114 857.332476 1302633067
3660.880253 857.888031 1302633070
3681.567867 858.221364 1302633074
3701.758979 856.888032 1302633086
3714.502549 873.221349 1302633101
3714.502549 897.554658 1302633104
3714.006047 919.110192 1302633106
3713.757795 943.110168 1302633108
3712.599289 968.665698 1302633110
3711.109781 993.999006 1302633112
3710.034025 1017.998982 1302633114
3709.620272 1038.776739 1302633116
3709.951274 1065.998934 1302633119
3710.282276 1086.443358 1302633122
3720.543333 1106.221116 1302633129
3743.299709 1109.665557 1302633132
3773.255374 1108.887780 1302633135
3800.149273 1109.110002 1302633138
3820.257634 1107.776670 1302633152
3821.912644 1085.443359 1302633157
3820.174884 1062.332271 1302633161
3817.113117 1038.776739 1302633184
3805.197051 1015.221207 1302633188
3805.197051 994.554561 1302633190
3804.700548 964.332369 1302633193
3805.610803 943.887945 1302633195
3807.017561 917.999082 1302633198
3810.410330 896.999103 1302633202
3812.313591 875.776902 1302633210
3796.260002 863.665803 1302633218
3770.772861 864.110247 1302633224
3745.616722 863.221359 1302633227
3718.143570 862.776915 1302633230
3694.311438 862.888026 1302633233
3674.451328 860.110251 1302633239
3653.598212 859.999140 1302633250
3632.248594 858.776919 1302633256
3611.974732 858.221364 1302633264
3589.549358 859.221363 1302633267
3566.875733 858.999141 1302633270
