3314.486836 600.332733 1302651413
3297.771244 589.221633 1302651418
3274.518365 588.777189 1302651421
3243.404193 587.999412 1302651424
3218.579056 587.666079 1302651426
3191.023153 587.110524 1302651428
3162.308745 586.777191 1302651430
3134.504591 585.999414 1302651432
3108.686448 585.443859 1302651434
3085.764571 584.666082 1302651436
3060.773933 583.221639 1302651439
3038.596810 583.221639 1302651466
3017.412693 583.554972 1302651469
2990.932546 582.999417 1302651472
2965.528156 582.554973 1302651475
2937.558501 581.777196 1302651478
2909.754347 580.999419 1302651481
2887.742726 581.110530 1302651484
2864.407097 581.443863 1302651489
2844.546987 578.666088 1302651498
2819.639099 578.110533 1302651502
2789.517932 577.443867 1302651505
2764.610044 576.777201 1302651507
2738.212648 577.554978 1302651509
2711.070498 577.554978 1302651511
2685.169605 576.888312 1302651513
2658.110205 575.777202 1302651515
2631.050806 574.888314 1302651517
2605.646415 574.554981 1302651519
2581.483281 574.110537 1302651521
2556.989146 573.221649 1302651523
2531.253753 572.666094 1302651525
2503.366849 571.888317 1302651527
2473.742185 571.666095 1302651529
2441.883259 571.332762 1302651531
2407.955571 570.777207 1302651533
2373.200379 570.332763 1302651535
2339.355442 569.888319 1302651537
2307.662016 568.999431 1302651539
2275.803090 568.332765 1302651541
2242.537406 567.443877 1302651543
2208.113216 566.221656 1302651545
2174.351029 565.554990 1302651547
2141.995600 564.999435 1302651549
2110.384925 563.999436 1302651551
2077.863995 562.777215 1302651553
2043.688056 562.221660 1302651555
2007.857108 561.554994 1302651557
1972.605413 560.888328 1302651559
1939.008727 559.888329 1302651561
1907.811804 558.999441 1302651563
1878.518142 558.666108 1302651565
1850.879489 557.666109 1302651567
1825.061347 556.777221 1302651569
1801.560217 556.666110 1302651571
1781.120854 556.666110 1302651573
1754.144204 556.888332 1302651576
1723.609285 556.554999 1302651579
1699.611653 556.666110 1302651581
1674.124512 556.777221 1302651583
1646.651360 556.777221 1302651585
1619.343709 556.777221 1302651587
1594.518571 557.554998 1302651589
1572.920702 558.110553 1302651591
1546.523306 557.999442 1302651594
1526.001192 558.332775 1302651609
1510.278605 574.666092 1302651615
1509.120099 596.888292 1302651618
1509.037348 617.110494 1302651620
1509.533851 640.443804 1302651622
1509.699352 666.332667 1302651624
1508.954598 694.999305 1302651626
1507.961592 722.665944 1302651628
1506.803086 748.221474 1302651630
1505.230827 770.777007 1302651632
1502.417312 796.665870 1302651635
1495.135271 816.554739 1302651647
1472.627147 818.443626 1302651652
1448.298512 827.999172 1302651657
1422.645870 829.110282 1302651659
1394.676216 829.443615 1302651661
1370.182080 829.554726 1302651663
1346.598200 829.888059 1302651666
1322.186815 831.110280 1302651675
1316.725284 853.554702 1302651683
1297.775430 868.221354 1302651686
1277.749819 872.554683 1302651688
1246.883898 867.665799 1302651690
1223.465518 862.443582 1302651692
1204.681165 853.110258 1302651695
1185.069306 841.554714 1302651713
1161.650926 835.999164 1302651718
1141.211563 830.443614 1302651721
1114.731417 825.221397 1302651724
1084.527500 822.999177 1302651727
1060.198865 821.665845 1302651729
1033.966970 819.999180 1302651731
1009.059082 818.332515 1302651733
987.543963 817.888071 1302651735
963.380830 816.888072 1302651738
