3316.307347 599.666067 1302653032
3300.005506 585.777192 1302653048
3276.918129 586.666080 1302653051
3255.982263 586.888302 1302653053
3232.563883 586.332747 1302653055
3207.738746 585.888303 1302653057
3183.989364 585.443859 1302653059
3157.426468 583.332750 1302653062
3137.483607 581.332752 1302653066
3112.079217 582.777195 1302653070
3082.702804 583.221639 1302653073
3060.773933 583.443861 1302653075
3031.728522 582.332751 1302653078
3001.441855 582.221640 1302653081
2977.775224 581.666085 1302653083
2952.619085 581.443863 1302653085
2928.124949 580.666086 1302653087
2904.541069 579.888309 1302653089
2882.446696 578.999421 1302653091
2854.063289 577.221645 1302653094
2832.961923 576.221646 1302653098
2812.605310 578.110533 1302653105
2785.463160 577.999422 1302653109
2758.652011 578.443866 1302653112
2736.888641 577.777200 1302653114
2715.373522 576.554979 1302653116
2694.768658 575.777202 1302653118
2664.564741 574.110537 1302653121
2643.049622 572.332761 1302653123
2613.921461 570.221652 1302653126
2589.344575 569.554986 1302653129
2567.994957 568.554987 1302653132
2547.390093 567.443877 1302653137
2521.902952 568.999431 1302653160
2495.836557 569.443875 1302653163
2473.824936 569.332764 1302653165
2450.489307 568.888320 1302653167
2427.650180 568.332765 1302653169
2404.231801 567.666099 1302653171
2379.158412 567.221655 1302653173
2352.843766 567.110544 1302653175
2325.701616 566.554989 1302653177
2296.821707 565.777212 1302653179
2266.286788 565.666101 1302653181
2235.255366 565.110546 1302653183
2204.389445 564.221658 1302653185
2175.178534 563.888325 1302653187
2146.877877 563.443881 1302653189
2118.411719 563.443881 1302653191
2088.456054 563.443881 1302653193
2057.176381 563.554992 1302653195
2025.234704 563.221659 1302653197
1992.465523 563.110548 1302653199
1959.530841 562.221660 1302653201
1925.851404 561.332772 1302653203
1892.420219 560.110551 1302653205
1860.313042 559.221663 1302653207
1832.508888 557.999442 1302653209
1808.925007 556.888332 1302653211
1787.989142 556.332777 1302653213
1766.722274 556.554999 1302653215
1743.717647 556.777221 1302653217
1719.968265 557.110554 1302653219
1695.639631 557.443887 1302653221
1671.724748 556.999443 1302653223
1648.720121 556.443888 1302653225
1624.556987 556.443888 1302653227
1599.318098 557.221665 1302653229
1574.410210 557.554998 1302653231
1552.564089 557.888331 1302653233
1529.890464 557.888331 1302653236
1508.540846 561.554994 1302653253
1506.223833 587.332746 1302653258
1507.796091 614.999385 1302653261
1507.878842 637.221585 1302653263
1507.630591 662.666004 1302653265
1507.134088 689.888199 1302653267
1506.803086 716.777061 1302653269
1506.803086 742.443702 1302653271
1506.389334 764.888124 1302653273
1505.975581 790.110321 1302653276
1501.672558 810.665856 1302653293
1487.108477 826.110285 1302653298
1453.263540 837.443607 1302653303
1428.024650 837.221385 1302653305
1402.372008 836.554719 1302653307
1378.539876 835.332498 1302653309
1351.232225 833.110278 1302653312
1331.123864 829.999170 1302653317
1311.015503 827.443617 1302653321
1289.500384 830.554725 1302653324
1267.654263 832.332501 1302653326
1238.774353 831.221391 1302653328
1210.639198 829.776948 1302653330
1186.145062 828.999171 1302653332
1160.078668 824.332509 1302653335
1137.818795 823.665843 1302653361
1106.621872 821.554734 1302653364
1076.583456 817.443627 1302653366
1044.807280 813.776964 1302653368
1015.348117 811.999188 1302653370
987.212961 810.221412 1302653372
961.808571 808.665858 1302653374
937.231685 805.999194 1302653377
910.999790 804.888084 1302653382
883.940390 803.554752 1302653385
861.680517 802.554753 1302653387
835.365871 802.221420 1302653389
806.485962 802.221420 1302653391
775.868292 802.221420 1302653393
742.933610 801.888087 1302653395
708.261168 800.999199 1302653397
672.347470 800.665866 1302653399
637.923279 799.888089 1302653401
606.726357 798.665868 1302653403
581.652968 797.110314 1302653405
559.641346 794.888094 1302653408
