954.692032 822.776955 1302655149
932.928661 818.999181 1302655172
908.931028 815.999184 1302655175
888.491665 814.665852 1302655177
863.832029 811.999188 1302655179
836.358877 809.554746 1302655181
807.561718 807.999192 1302655183
777.109549 808.221414 1302655185
745.995377 808.999191 1302655187
715.129456 808.999191 1302655189
683.022279 808.332525 1302655191
650.170347 807.332526 1302655193
618.642422 806.110305 1302655195
590.093515 803.888085 1302655197
567.750891 802.332531 1302655199
545.573768 798.221424 1302655203
521.989888 799.888089 1302655230
494.599486 800.443644 1302655233
471.843110 799.665867 1302655235
445.611215 798.776979 1302655237
417.145058 798.110313 1302655239
386.775640 797.110314 1302655241
358.226732 794.999205 1302655243
332.574090 791.888097 1302655245
311.141721 788.554767 1302655247
290.371356 785.110326 1302655251
267.366729 791.776986 1302655280
245.355107 805.665861 1302655284
225.908750 811.110300 1302655290
203.069623 812.332521 1302655295
177.747983 814.554741 1302655298
153.667600 818.554737 1302655301
133.972991 814.888074 1302655305
112.209621 809.221413 1302655313
98.721296 824.221398 1302655317
95.163026 851.665815 1302655320
93.921770 876.110235 1302655322
93.094265 904.332429 1302655324
92.184010 934.887954 1302655326
91.273755 967.443477 1302655328
90.611751 1001.443443 1302655330
89.039493 1033.887855 1302655332
88.294738 1065.887823 1302655334
86.887981 1095.665571 1302655336
85.812225 1122.554433 1302655338
85.812225 1149.332184 1302655340
85.315722 1178.665488 1302655342
84.570968 1209.554346 1302655344
83.329711 1238.443206 1302655346
82.419456 1264.776513 1302655348
82.502206 1287.443157 1302655350
82.667707 1312.220910 1302655353
95.494028 1331.887557 1302655374
117.257399 1330.665336 1302655377
147.875068 1329.776448 1302655380
172.617455 1329.332004 1302655382
199.511354 1328.998671 1302655384
226.653504 1329.332004 1302655386
253.133650 1329.998670 1302655388
281.268806 1330.220892 1302655390
311.307222 1330.554225 1302655392
343.993653 1331.332002 1302655394
378.252343 1331.554224 1302655396
410.773272 1331.109780 1302655398
437.915423 1331.220891 1302655400
462.906061 1331.332002 1302655403
486.572692 1332.332001 1302655408
512.390835 1333.554222 1302655411
534.402456 1334.443110 1302655413
559.475845 1334.887554 1302655415
587.445500 1334.887554 1302655417
617.814918 1335.109776 1302655419
649.673844 1335.665331 1302655421
681.036268 1336.109775 1302655423
711.240185 1336.220886 1302655425
739.871843 1336.887552 1302655427
766.600241 1337.554218 1302655429
792.170132 1337.887551 1302655431
815.919514 1338.331995 1302655433
835.945125 1337.776440 1302655435
858.287748 1334.443110 1302655438
879.058113 1329.998670 1302655459
882.533632 1304.443140 1302655463
885.181647 1274.665392 1302655466
886.588405 1246.554309 1302655469
885.926401 1226.109885 1302655482
887.498660 1201.554354 1302655487
888.326164 1172.776605 1302655490
888.905418 1148.665518 1302655492
890.725928 1124.776653 1302655494
893.125691 1102.998897 1302655496
894.697950 1076.110035 1302655499
901.069735 1054.110057 1302655503
927.136129 1053.887835 1302655507
956.760793 1055.221167 1302655510
991.102233 1056.998943 1302655513
1012.700102 1057.221165 1302655515
1040.173254 1055.110056 1302655518
1062.184876 1058.332275 1302655531
1088.251270 1060.443384 1302655535
1112.331654 1059.554496 1302655545
1136.163785 1060.221162 1302655549
1160.409670 1061.110050 1302655573
1185.731310 1063.998936 1302655576
1206.667176 1065.887823 1302655578
1230.251056 1066.776711 1302655580
1253.338434 1065.554490 1302655582
1278.908325 1064.554491 1302655585
1301.581951 1063.776714 1302655608
1325.248582 1063.998936 1302655611
1346.101697 1064.776713 1302655613
1367.947818 1064.998935 1302655615
1395.172718 1064.554491 1302655618
1416.936089 1065.776712 1302655622
1440.354468 1067.221155 1302655638
1463.772848 1071.332262 1302655644
1481.646947 1056.776721 1302655650
1483.136455 1034.443410 1302655653
1484.874215 1014.332319 1302655655
1486.363723 990.665676 1302655657
1488.680736 964.110147 1302655659
1491.328750 935.554620 1302655661
1492.487257 906.887982 1302655663
1493.397512 879.443565 1302655665
1494.225016 855.332478 1302655667
1495.135271 829.443615 1302655670
1496.542029 803.665863 1302655680
1501.341556 781.888107 1302655683
1506.472084 751.777026 1302655686
1510.609607 729.221493 1302655688
1513.009370 702.999297 1302655690
1514.664379 674.221548 1302655692
1514.829880 646.666020 1302655694
1514.333378 621.888267 1302655696
1512.595618 595.110516 1302655699
1510.609607 573.777204 1302655708
1511.106110 553.221669 1302655711
1523.187677 536.221686 1302655715
1547.019808 537.221685 1302655719
1575.651467 535.221687 1302655722
1601.138608 534.221688 1302655724
1626.211997 533.999466 1302655726
1647.478864 533.221689 1302655728
1669.159484 532.110579 1302655732
1691.171106 532.555023 1302655738
1717.403001 532.666134 1302655741
1739.414623 532.888356 1302655743
1761.508995 532.888356 1302655745
1782.196609 533.332800 1302655747
1804.952985 534.221688 1302655749
1830.274625 534.777243 1302655751
1857.830528 535.777242 1302655753
1887.041440 536.443908 1302655755
1915.507597 536.999463 1302655757
1943.394501 537.888351 1302655759
1972.357161 538.777239 1302655761
2001.154321 539.666127 1302655763
2028.130970 540.110571 1302655765
2053.369860 540.666126 1302655767
2078.360498 540.999459 1302655769
2105.254397 541.666125 1302655771
2133.555053 542.555013 1302655773
2162.765965 542.999457 1302655775
2192.390629 543.666123 1302655777
2222.842797 544.443900 1302655779
2254.370722 545.332788 1302655781
2286.974402 546.110565 1302655783
2319.081580 546.555009 1302655785
2349.947500 546.666120 1302655787
2380.234168 547.332786 1302655789
2410.272584 548.110563 1302655791
2439.979998 548.555007 1302655793
2468.777158 549.443895 1302655795
2497.574317 550.555005 1302655797
2528.522988 551.221671 1302655799
2561.540421 551.888337 1302655801
2596.212863 552.555003 1302655803
2630.471552 553.110558 1302655805
2663.075233 553.666113 1302655807
2695.016909 554.332779 1302655809
2727.289588 554.888334 1302655811
2758.569261 555.666111 1302655813
2787.366420 555.888333 1302655815
2815.087824 556.554999 1302655817
2844.215985 557.554998 1302655819
2874.668153 558.332775 1302655821
2904.375568 558.999441 1302655823
2929.614457 559.443885 1302655825
2950.302072 561.777216 1302655827
2972.644695 563.999436 1302655830
