882.699133 1231.332102 1302660928
884.602394 1208.887680 1302660933
886.091902 1180.665486 1302660936
887.746911 1157.443287 1302660938
889.319170 1131.554424 1302660940
891.470682 1105.776672 1302660942
892.960190 1083.554472 1302660944
898.338970 1060.332273 1302660948
926.060373 1057.998942 1302660952
956.098789 1057.221165 1302660955
979.434418 1057.221165 1302660957
1001.363290 1058.554497 1302660959
1030.822453 1063.998936 1302660962
1052.006570 1068.443376 1302660964
1073.107937 1070.443374 1302660966
1098.264076 1068.665598 1302660969
1118.868940 1072.332261 1302660973
1139.142802 1075.332258 1302660976
1168.188213 1078.554477 1302660979
1191.192840 1080.554475 1302660981
1216.679981 1081.665585 1302660983
1241.008616 1081.554474 1302660985
1261.778980 1080.221142 1302660987
1281.970092 1076.554479 1302660991
1305.388472 1070.110041 1302661004
1332.530622 1070.998929 1302661007
1353.797489 1071.998928 1302661009
1376.057363 1072.221150 1302661011
1398.979239 1071.887817 1302661013
1420.411608 1071.887817 1302661015
1440.685470 1071.554484 1302661017
1467.496619 1068.332265 1302661020
1488.184233 1067.776710 1302661024
1501.010554 1049.443395 1302661045
1500.596802 1025.998974 1302661048
1501.093304 1005.110106 1302661050
1502.748314 980.554575 1302661052
1504.734325 953.443491 1302661054
1506.058332 924.887964 1302661056
1506.389334 898.221324 1302661058
1506.141082 873.999126 1302661060
1505.892831 853.332480 1302661062
1504.817075 831.554724 1302661065
1504.651574 810.221412 1302661075
1505.727330 787.999212 1302661078
1507.051337 767.554788 1302661080
1508.292594 743.554812 1302661082
1509.368350 716.888172 1302661084
1509.947603 687.443757 1302661086
1510.609607 656.999343 1302661088
1511.933614 629.443815 1302661090
1513.009370 606.666060 1302661092
1514.664379 585.443859 1302661095
1515.078132 563.443881 1302661105
1518.884653 541.221681 1302661109
1539.986020 535.888353 1302661113
1565.804162 537.110574 1302661116
1588.395037 537.221685 1302661118
1614.047679 537.888351 1302661120
1639.452070 538.443906 1302661122
1661.546442 538.777239 1302661124
1684.633820 539.332794 1302661127
1710.617463 539.888349 1302661136
1736.518357 540.443904 1302661139
1758.447228 540.777237 1302661141
1783.189615 541.443903 1302661143
1810.580017 542.110569 1302661145
1840.535682 542.777235 1302661147
1872.477359 543.555012 1302661149
1906.074045 544.999455 1302661151
1940.829237 545.888343 1302661153
1974.591424 546.888342 1302661155
2007.029603 547.666119 1302661157
2038.474777 547.999452 1302661159
2069.671700 548.777229 1302661161
2101.447876 550.332783 1302661163
2134.465308 551.666115 1302661165
2168.310246 552.221670 1302661167
2202.155183 553.221669 1302661169
2236.662124 554.221668 1302661171
2271.582817 554.666112 1302661173
2306.669011 555.666111 1302661175
2340.431198 556.332777 1302661177
2374.441636 556.554999 1302661179
2409.362329 557.443887 1302661181
2443.703769 558.221664 1302661183
2477.217704 559.332774 1302661185
2509.242132 560.221662 1302661187
2537.294537 560.999439 1302661189
2561.705922 561.110550 1302661191
2584.710549 562.221660 1302661193
2607.880677 564.221658 1302661195
2630.968055 564.666102 1302661197
2653.062427 564.443880 1302661199
2674.081044 564.443880 1302661201
2702.216199 565.110546 1302661204
2727.124087 565.999434 1302661207
2750.790718 567.554988 1302661211
2774.291848 569.554986 1302661215
2801.433998 569.443875 1302661218
2824.107624 568.777209 1302661220
2850.174018 568.110543 1302661222
2877.564419 568.777209 1302661224
2902.637808 569.443875 1302661226
2922.828920 569.554986 1302661228
2946.495551 571.666095 1302661231
2968.093420 573.666093 1302661234
2990.022291 578.332755 1302661259
2997.387082 602.110509 1302661263
2997.635334 632.999367 1302661266
2997.056080 658.443786 1302661268
2996.476827 685.999314 1302661270
2995.814823 714.665952 1302661272
2994.987319 743.110368 1302661274
2994.159814 769.332564 1302661276
2993.249559 793.332540 1302661278
2990.105042 820.888068 1302661281
2986.133020 840.888048 1302661301
3001.855607 853.888035 1302661306
3025.522238 848.888040 1302661309
3046.127102 847.665819 1302661311
3070.124735 846.665820 1302661313
3096.191129 845.999154 1302661315
3121.512769 845.554710 1302661317
3146.089655 845.443599 1302661319
3169.011532 845.554710 1302661321
3196.070931 845.221377 1302661324
