1396.662227 792.554763 1303252816
1373.823100 788.443656 1303252845
1351.480477 788.221434 1303252848
1329.137853 789.999210 1303252851
1308.119237 794.665872 1303252861
1290.410639 805.888083 1303252879
1273.943298 820.554735 1303252885
1266.082004 845.332488 1303252889
1265.916503 865.888023 1303252892
1265.337250 888.665778 1303252895
1265.916503 913.332420 1303252899
1269.143771 941.999058 1303252904
1279.156577 959.887929 1303252907
1287.431622 981.332352 1303252908
1296.616923 1002.443442 1303252909
1312.174009 1023.332310 1303252911
1329.717106 1034.998965 1303252913
1351.232225 1044.332289 1303252915
1372.333592 1048.887840 1303252917
1392.359203 1052.776725 1303252919
1412.798566 1057.443387 1303252921
1440.850971 1060.443384 1303252924
1463.110844 1064.221158 1303252927
1484.212211 1069.443375 1303252932
1506.803086 1074.776703 1303252936
1537.255254 1076.776701 1303252939
1560.756384 1078.665588 1303252941
1584.671267 1080.443364 1303252943
1607.675894 1081.887807 1303252945
1628.198008 1082.554473 1303252947
1652.278391 1083.887805 1303252950
1672.055750 1089.887799 1303252954
1693.570869 1090.776687 1303252968
1713.348229 1094.887794 1303252973
1716.078994 1119.998880 1303252978
1714.754986 1143.998856 1303252981
1714.837737 1166.109945 1303252983
1715.085988 1188.665478 1303252985
1714.920487 1210.332123 1303252987
1714.341234 1230.443214 1303252989
1712.024221 1259.109852 1303252992
1707.307445 1285.998714 1303252995
1704.411179 1309.554246 1303252998
1703.169922 1330.887558 1303253003
1704.245678 1351.109760 1303253016
1727.250306 1364.109747 1303253021
1753.482201 1367.776410 1303253024
1775.245571 1369.998630 1303253026
1798.746701 1372.998627 1303253028
1823.985591 1374.331959 1303253030
1852.120746 1375.331958 1303253032
1882.076412 1375.998624 1303253034
1913.107834 1376.554179 1303253036
1943.146250 1376.331957 1303253038
1971.115905 1376.776401 1303253040
1995.113537 1378.109733 1303253042
2015.221899 1378.776399 1303253044
2036.985269 1379.109732 1303253047
2059.410643 1381.331952 1303253050
2079.601755 1381.331952 1303253052
2105.585399 1379.443065 1303253054
2134.134306 1378.331955 1303253056
2178.736803 1378.998621 1303253059
2209.933726 1378.998621 1303253061
2241.213399 1378.554177 1303253063
2273.734329 1378.887510 1303253065
2306.669011 1378.776399 1303253067
2338.858939 1378.443066 1303253069
2368.483603 1377.998622 1303253071
2393.970744 1377.331956 1303253073
2417.802876 1376.443068 1303253075
2440.559252 1376.554179 1303253077
2463.481128 1377.109734 1303253079
2486.651257 1377.887511 1303253081
2510.152387 1378.887510 1303253083
2536.301531 1378.998621 1303253085
2564.684938 1379.220843 1303253087
2594.640604 1379.554176 1303253089
2625.175523 1379.776398 1303253091
2655.793192 1380.109731 1303253093
2686.328111 1380.887508 1303253095
2716.532028 1381.443063 1303253097
2746.735946 1381.887507 1303253099
2776.360609 1382.443062 1303253101
2804.909517 1382.665284 1303253103
2832.217168 1383.443061 1303253105
2859.607570 1383.331950 1303253107
2886.170467 1383.109728 1303253109
2911.492107 1382.998617 1303253111
2937.972253 1383.998616 1303253113
2963.955897 1386.220836 1303253115
2988.284532 1387.776390 1303253117
3010.213403 1387.887501 1303253119
3037.438304 1387.443057 1303253122
3057.877667 1386.109725 1303253125
3080.303041 1387.109724 1303253130
3105.376430 1389.776388 1303253134
3131.939327 1391.109720 1303253137
3154.861203 1390.220832 1303253139
3179.107087 1389.887499 1303253141
3202.111715 1391.554164 1303253143
3222.468327 1393.887495 1303253145
3245.141953 1396.554159 1303253148
3263.181553 1405.331928 1303253164
3285.937929 1400.665266 1303253175
3304.225780 1382.776395 1303253179
3305.549787 1356.443088 1303253182
3306.377292 1336.443108 1303253184
3307.949550 1313.665353 1303253186
3308.694304 1288.554267 1303253188
3309.356308 1261.998738 1303253190
3311.756071 1235.998764 1303253192
3314.404086 1211.443233 1303253194
3316.969350 1189.554366 1303253196
3320.527620 1161.776616 1303253199
3320.196618 1141.332192 1303253202
