600.851074 890.999109 1302662366
543.422256 887.888001 1302662373
517.604113 884.776893 1302662375
489.468958 882.443562 1302662377
460.340797 879.332454 1302662379
433.446898 876.665790 1302662381
409.532016 873.888015 1302662383
388.761651 871.110240 1302662385
363.853763 868.443576 1302662388
343.745402 865.888023 1302662403
319.830519 861.332472 1302662408
295.005382 855.888033 1302662411
274.400518 854.110257 1302662413
254.209406 852.221370 1302662415
233.273541 848.776929 1302662419
210.351664 846.776931 1302662423
183.126763 844.888044 1302662426
160.039385 844.665822 1302662429
137.200259 848.999151 1302662448
118.829657 866.665800 1302662454
104.100076 886.554669 1302662457
100.210804 909.443535 1302662459
97.314538 935.221287 1302662461
96.487034 964.332369 1302662463
93.673518 990.887898 1302662465
88.708491 1014.776763 1302662467
83.908964 1037.443407 1302662469
82.833208 1064.887824 1302662471
81.343700 1094.221128 1302662473
79.936942 1123.221099 1302662475
79.274939 1150.554405 1302662477
78.612935 1174.998825 1302662479
77.123427 1196.776581 1302662481
75.137416 1225.887663 1302662484
74.889164 1253.109858 1302662487
74.061660 1280.443164 1302662490
73.565157 1303.332030 1302662493
88.625740 1320.665346 1302662497
110.140859 1323.776454 1302662500
140.924030 1326.443118 1302662503
165.500916 1328.220894 1302662505
190.905306 1330.887558 1302662507
214.323686 1333.554222 1302662509
235.094051 1333.443111 1302662511
256.691920 1333.887555 1302662515
283.006566 1335.109776 1302662521
311.886475 1335.887553 1302662524
335.718607 1336.776441 1302662526
362.695257 1337.776440 1302662528
390.664911 1337.331996 1302662530
415.903801 1336.998663 1302662532
437.418920 1337.331996 1302662534
459.761543 1337.665329 1302662537
487.234695 1338.443106 1302662541
516.776609 1338.776439 1302662544
540.691491 1339.220883 1302662546
567.585390 1339.665327 1302662548
597.458305 1340.109771 1302662550
628.655228 1340.665326 1302662552
658.445393 1341.109770 1302662554
686.746049 1341.443103 1302662556
716.618964 1342.554213 1302662558
747.071133 1343.220879 1302662560
775.702791 1343.443101 1302662562
801.851936 1343.554212 1302662564
825.518567 1343.109768 1302662566
845.544178 1342.109769 1302662568
867.886801 1337.220885 1302662571
877.072102 1312.332021 1302662575
878.396109 1285.109826 1302662578
878.809862 1264.443180 1302662580
879.058113 1239.665427 1302662583
878.975363 1219.332114 1302662611
880.547621 1199.109912 1302662614
882.533632 1170.887718 1302662617
883.692139 1147.443297 1302662619
885.760900 1122.332211 1302662621
887.415909 1097.332236 1302662623
887.664161 1076.776701 1302662625
899.166474 1058.554497 1302662629
920.516092 1053.554502 1302662632
948.982250 1055.110056 1302662635
970.331868 1058.665608 1302662637
994.412251 1060.221162 1302662639
1017.913381 1060.998939 1302662641
1042.490267 1061.776716 1302662643
1065.081142 1062.221160 1302662645
1088.747773 1062.221160 1302662648
1115.889923 1060.110051 1302662653
1143.528576 1060.110051 1302662656
1166.367703 1060.887828 1302662658
1192.103095 1062.110049 1302662660
1217.921238 1062.443382 1302662662
1241.836120 1061.110050 1302662664
1262.854736 1057.443387 1302662666
1285.445611 1063.998936 1302662690
1305.719474 1065.443379 1302662693
1334.847635 1066.665600 1302662696
1357.521260 1066.665600 1302662698
1382.346397 1067.221155 1302662700
1408.578293 1068.110043 1302662702
1435.720443 1068.665598 1302662704
1459.966327 1068.998931 1302662706
1481.646947 1070.221152 1302662709
1495.052521 1052.554503 1302662714
1494.390517 1028.332305 1302662717
1496.211027 1007.332326 1302662719
1497.866037 983.221239 1302662721
1499.024543 956.999043 1302662723
1500.596802 927.999072 1302662725
1501.838058 898.110213 1302662727
1501.672558 870.776907 1302662729
1500.348550 846.443598 1302662731
1498.031537 824.554731 1302662734
1498.197038 799.665867 1302662741
1500.762303 770.888118 1302662744
1503.575818 748.888140 1302662746
1506.720335 725.443719 1302662748
1509.368350 699.221523 1302662750
1511.271611 672.110439 1302662752
1511.023359 646.666020 1302662754
1509.699352 624.777153 1302662756
1505.727330 600.888288 1302662759
