101.534812 788.999211 1302666019
87.715485 803.443641 1302666027
86.143227 824.776953 1302666030
87.053482 845.776932 1302666032
87.384483 870.554685 1302666034
87.384483 897.110214 1302666036
87.218983 925.554630 1302666038
87.301733 955.554600 1302666040
86.391478 985.665681 1302666042
86.308727 1018.221204 1302666044
85.563973 1051.998948 1302666046
84.488217 1086.776691 1302666048
83.329711 1120.332213 1302666050
82.750458 1151.776626 1302666052
83.081460 1180.554375 1302666054
83.908964 1206.221016 1302666056
83.826214 1229.776548 1302666058
83.495212 1251.220971 1302666060
83.495212 1272.109839 1302666062
83.246961 1292.887596 1302666064
82.336706 1315.220907 1302666067
102.031314 1327.554228 1302666075
130.497472 1325.998674 1302666079
150.523083 1326.109785 1302666081
173.775961 1326.554229 1302666083
198.849350 1327.109784 1302666085
222.515981 1326.998673 1302666087
251.147639 1326.220896 1302666090
280.689553 1325.665341 1302666093
303.776931 1325.665341 1302666095
329.595073 1327.443117 1302666097
358.061231 1328.220894 1302666099
386.527388 1327.887561 1302666101
412.262781 1327.776450 1302666103
434.688155 1328.109783 1302666105
460.009795 1328.776449 1302666108
484.917683 1329.332004 1302666113
510.239323 1329.443115 1302666116
531.506190 1329.776448 1302666118
556.000326 1330.220892 1302666120
583.307977 1330.665336 1302666122
613.098142 1330.887558 1302666124
643.633061 1331.109780 1302666126
673.836978 1331.887557 1302666128
704.702899 1333.332000 1302666130
736.644575 1334.554221 1302666132
768.089749 1335.331998 1302666134
797.797164 1336.220886 1302666136
824.525561 1336.443108 1302666138
846.950936 1335.665331 1302666140
871.279570 1332.554223 1302666143
885.016146 1311.887577 1302666147
886.091902 1288.776489 1302666150
886.174653 1259.776518 1302666153
886.836656 1237.443207 1302666156
886.340153 1213.776564 1302666182
886.919407 1189.109922 1302666185
886.671155 1167.776610 1302666187
887.167658 1142.998857 1302666189
889.401920 1117.443327 1302666191
891.884434 1093.443351 1302666193
894.615199 1066.998933 1302666196
901.483487 1046.887842 1302666203
928.046384 1046.443398 1302666208
955.023033 1050.332283 1302666211
976.372651 1050.554505 1302666214
993.667497 1037.776740 1302666239
1021.719902 1037.332296 1302666243
1051.923819 1038.554517 1302666246
1077.328210 1042.110069 1302666249
1101.325843 1045.332288 1302666252
1131.281508 1045.887843 1302666255
1154.699888 1046.221176 1302666257
1180.352530 1046.221176 1302666259
1202.860654 1044.554511 1302666261
1228.182295 1039.665627 1302666264
1251.435173 1039.554516 1302666268
1274.936303 1040.110071 1302666271
1301.747452 1040.554515 1302666274
1330.958363 1040.332293 1302666277
1351.894229 1040.443404 1302666279
1373.574849 1040.554515 1302666281
1394.427964 1040.776737 1302666283
1420.908111 1040.221182 1302666286
1442.174978 1035.998964 1302666291
1444.491991 1014.776763 1302666295
1443.085233 989.443455 1302666298
1441.595725 958.443486 1302666301
1440.271718 935.332398 1302666303
1439.444213 910.554645 1302666305
1439.609714 884.776893 1302666307
1440.023467 859.443585 1302666309
1440.685470 836.221386 1302666311
1441.926727 816.110295 1302666313
1443.498986 792.999207 1302666317
1443.333485 767.110344 1302666323
1442.340479 741.221481 1302666326
1441.926727 718.665948 1302666328
1442.009478 693.332640 1302666330
1442.423230 664.221558 1302666332
1442.919733 634.110477 1302666334
1444.160989 605.999394 1302666336
1445.567747 581.332752 1302666338
1448.712265 553.332780 1302666341
1479.660936 542.332791 1302666343
