1744.296900 567.443877 1302667411
1721.954276 564.888324 1302667433
1692.991616 562.888326 1302667436
1669.242235 561.443883 1302667438
1642.596587 560.666106 1302667440
1613.551177 560.221662 1302667442
1584.092014 560.443884 1302667444
1558.108370 561.554994 1302667446
1536.924253 562.110549 1302667448
1515.822886 564.888324 1302667451
1506.720335 582.888306 1302667455
1506.306583 607.777170 1302667458
1505.644580 629.443815 1302667460
1504.568824 654.221568 1302667462
1503.741319 681.221541 1302667464
1503.079315 709.443735 1302667466
1501.838058 735.777042 1302667468
1501.589807 760.110351 1302667470
1501.341556 780.110331 1302667472
1501.341556 801.554754 1302667483
1485.536218 817.110294 1302667488
1460.628331 824.554731 1302667492
1430.920916 829.221393 1302667495
1405.433775 829.554726 1302667497
1378.953629 827.221395 1302667499
1357.438510 827.776950 1302667501
1336.833646 828.999171 1302667504
1320.862807 843.221379 1302667512
1292.148398 847.999152 1302667516
1264.509746 846.776931 1302667518
1233.809326 844.332489 1302667520
1205.425919 842.110269 1302667522
1181.097284 838.888050 1302667524
1158.589160 835.554720 1302667529
1137.074041 833.776944 1302667532
1106.125369 832.221390 1302667535
1078.817718 830.221392 1302667537
1050.103309 828.888060 1302667539
1022.216405 827.221395 1302667541
997.722270 826.221396 1302667543
970.497369 825.443619 1302667546
949.147751 823.776954 1302667550
927.798133 816.776961 1302667567
902.972995 813.110298 1302667570
882.202631 810.999189 1302667572
858.453249 809.776968 1302667574
831.228349 809.332524 1302667576
802.017437 808.776969 1302667578
770.986015 808.443636 1302667580
738.547836 807.776970 1302667582
704.868399 807.332526 1302667584
670.609710 806.888082 1302667586
638.668033 806.443638 1302667588
611.525883 806.443638 1302667590
591.334771 806.443638 1302667592
569.736902 806.443638 1302667596
515.618103 800.554755 1302667623
486.572692 797.888091 1302667626
464.395569 795.776982 1302667628
441.887445 794.332539 1302667630
417.393309 794.221428 1302667632
392.319920 794.888094 1302667634
369.729045 794.776983 1302667636
342.007642 794.776983 1302667639
320.740774 795.221427 1302667642
295.253633 795.665871 1302667655
270.345746 794.888094 1302667658
249.823632 794.332539 1302667660
229.384269 794.665872 1302667662
208.696655 795.999204 1302667665
182.464759 794.443650 1302667672
155.488110 793.332540 1302667675
127.932208 794.999205 1302667678
108.651351 800.443644 1302667685
93.921770 815.443629 1302667699
93.011515 835.665831 1302667702
92.763263 866.443578 1302667705
89.122243 887.776890 1302667707
87.549984 914.776863 1302667709
86.143227 943.999056 1302667711
84.157216 975.221247 1302667713
81.095449 1005.332328 1302667715
77.454428 1033.998966 1302667717
76.461423 1063.221159 1302667719
75.302917 1091.665575 1302667721
74.144410 1121.554434 1302667723
73.730658 1153.776624 1302667725
73.565157 1185.554370 1302667727
72.489401 1215.109896 1302667729
71.661896 1242.220980 1302667731
71.413645 1265.665401 1302667733
72.737652 1292.220930 1302667736
73.978909 1313.220909 1302667754
96.321533 1321.776456 1302667761
121.643173 1320.998679 1302667764
142.579039 1320.443124 1302667766
166.328420 1319.332014 1302667768
192.394814 1318.554237 1302667770
217.054451 1317.776460 1302667772
237.824816 1316.998683 1302667774
258.843432 1315.887573 1302667779
279.696547 1315.776462 1302667784
305.100938 1316.776461 1302667787
326.698807 1317.443127 1302667789
351.358444 1318.332015 1302667791
379.079847 1318.554237 1302667793
407.463254 1318.109793 1302667795
432.371142 1317.665349 1302667797
457.444531 1316.220906 1302667800
477.552892 1316.998683 1302667808
502.047027 1317.109794 1302667811
523.065644 1317.332016 1302667813
547.311528 1317.998682 1302667815
574.039926 1318.443126 1302667817
603.333588 1318.998681 1302667819
634.696011 1319.554236 1302667821
666.058435 1318.887570 1302667823
697.089856 1319.220903 1302667825
728.948783 1319.998680 1302667827
759.483702 1320.109791 1302667829
787.370606 1319.665347 1302667831
812.526745 1318.998681 1302667833
833.959114 1318.109793 1302667835
856.632739 1316.887572 1302667838
876.989352 1306.776471 1302667848
881.044124 1285.998714 1302667851
884.188642 1261.332072 1302667854
886.836656 1237.443207 1302667865
886.836656 1216.221006 1302667868
887.995163 1187.554368 1302667871
888.408915 1165.887723 1302667873
888.988168 1141.221081 1302667875
891.387931 1114.776663 1302667877
893.704944 1088.998911 1302667879
894.780700 1067.443377 1302667881
901.069735 1048.443396 1302667884
923.577859 1044.665622 1302667888
951.878516 1045.221177 1302667891
971.904127 1046.665620 1302667893
992.426240 1050.221172 1302667896
1016.092871 1042.887846 1302667913
1041.828264 1041.332292 1302667916
1071.535678 1041.221181 1302667919
1098.098575 1040.221182 1302667922
1125.075224 1036.221186 1302667925
1150.727866 1037.776740 1302667927
1180.187029 1038.776739 1302667929
1205.591420 1037.998962 1302667931
1226.610036 1036.332297 1302667933
