3007.399888 580.777197 1302730818
2982.823002 579.443865 1302730842
2954.770596 577.443867 1302730846
2924.649430 576.554979 1302730849
2902.389557 576.443868 1302730851
2878.640175 575.999424 1302730853
2854.642542 575.110536 1302730855
2831.389664 575.110536 1302730857
2808.881539 574.666092 1302730859
2787.780173 573.888315 1302730861
2767.589061 572.888316 1302730863
2745.577439 572.888316 1302730865
2722.241810 571.554984 1302730867
2699.485434 570.554985 1302730869
2677.722064 569.332764 1302730871
2656.620697 568.888320 1302730873
2633.367818 568.777209 1302730875
2607.632426 568.888320 1302730877
2580.324775 568.554987 1302730879
2553.844628 568.110543 1302730881
2526.619728 567.666099 1302730883
2497.491567 566.554989 1302730885
2466.377395 565.999434 1302730887
2435.097721 565.443879 1302730889
2404.728303 564.777213 1302730891
2375.269140 564.443880 1302730893
2345.396225 563.777214 1302730895
2316.681816 563.443881 1302730897
2290.698173 563.221659 1302730899
2267.279793 562.777215 1302730901
2246.426678 562.110549 1302730903
2220.277533 562.110549 1302730906
2194.955893 561.221661 1302730910
2174.102778 560.221662 1302730917
2152.587659 559.888329 1302730938
2129.169279 559.777218 1302730941
2108.978167 559.332774 1302730943
2086.883795 558.888330 1302730945
2063.382665 558.221664 1302730947
2039.467783 557.666109 1302730949
2015.221899 557.332776 1302730951
1990.396761 556.888332 1302730953
1964.495868 556.110555 1302730955
1938.760476 555.777222 1302730957
1913.438836 555.332778 1302730959
1888.861950 555.110556 1302730961
1867.098579 554.888334 1302730963
1838.880673 554.555001 1302730966
1816.538049 554.110557 1302730969
1796.512439 553.666113 1302730973
1772.266555 553.555002 1302730980
1747.606918 553.666113 1302730983
1726.671052 553.666113 1302730985
1703.087172 553.443891 1302730987
1678.924038 553.221669 1302730989
1656.167662 552.888336 1302730991
1631.756277 552.777225 1302730993
1606.269136 553.221669 1302730995
1581.692250 553.443891 1302730997
1559.432377 553.666113 1302730999
1537.172504 553.999446 1302731002
1516.815891 554.555001 1302731016
1507.961592 573.443871 1302731021
1507.051337 595.332738 1302731024
1506.223833 615.332718 1302731026
1505.065326 638.332695 1302731028
1503.410317 663.221559 1302731030
1501.341556 688.221534 1302731032
1497.617785 710.110401 1302731034
1497.204033 732.110379 1302731036
1497.783286 757.554798 1302731039
1498.528040 781.221441 1302731043
1492.652758 801.665865 1302731055
1471.220389 805.554750 1302731059
1444.657492 804.221418 1302731062
1423.225124 803.221419 1302731064
1399.475742 802.665864 1302731066
1376.802117 802.776975 1302731068
1347.756706 804.110307 1302731071
1324.669328 805.221417 1302731074
1303.402461 807.332526 1302731087
1279.653079 808.110303 1302731093
1258.137960 806.554749 1302731095
1232.899071 805.110306 1302731097
1208.653187 803.332530 1302731099
1186.807066 802.776975 1302731101
1159.333914 808.776969 1302731104
1140.384059 800.332533 1302731109
1124.495971 814.443630 1302731116
1121.682455 838.443606 1302731119
1122.509960 862.332471 1302731122
1122.923712 888.665778 1302731125
1121.930707 909.776868 1302731127
1120.937701 932.221290 1302731129
1121.268703 954.332379 1302731131
1123.089213 975.443469 1302731133
1124.247720 1001.110110 1302731136
1120.772200 1023.110088 1302731140
1138.398048 1035.332298 1302731147
1153.044879 1020.554535 1302731171
