1388.304430 810.665856 1302185668
1367.947818 811.888077 1302185673
1346.929201 811.221411 1302185676
1326.820840 812.443632 1302185681
1314.408272 830.999169 1302185706
1312.339510 852.221370 1302185709
1310.353499 879.999120 1302185712
1309.939747 907.887981 1302185715
1310.436250 929.443515 1302185718
1309.939747 952.554603 1302185725
1308.284738 974.887914 1302185728
1306.050475 1000.998999 1302185731
1300.506195 1024.221198 1302185735
1296.285921 1045.554510 1302185758
1296.865175 1066.665600 1302185761
1294.299910 1096.110015 1302185764
1293.306905 1119.554436 1302185766
1295.458417 1141.443303 1302185768
1295.872169 1165.109946 1302185770
1295.954919 1188.332145 1302185772
1295.623918 1211.221011 1302185774
1295.375666 1235.220987 1302185776
1294.879164 1260.332073 1302185778
1294.134409 1284.220938 1302185780
1292.231149 1316.109795 1302185783
1292.644901 1336.220886 1302185786
1312.505011 1345.331988 1302185791
1346.018946 1342.109769 1302185795
1375.147108 1340.109771 1302185798
1403.861516 1335.331998 1302185801
1431.665670 1329.554226 1302185804
1458.228567 1323.220899 1302185807
1486.115472 1323.776454 1302185810
1508.789097 1328.776449 1302185812
1530.469717 1331.665335 1302185814
1552.564089 1332.554223 1302185816
1573.582705 1337.887551 1302185818
1594.187569 1344.998655 1302185820
1615.040685 1349.887539 1302185822
1640.527826 1353.331980 1302185825
1664.359958 1357.887531 1302185829
1681.820304 1369.220853 1302185838
1703.500924 1372.443072 1302185841
1730.808575 1372.887516 1302185844
1752.075443 1372.443072 1302185846
1774.418066 1372.776405 1302185848
1798.167448 1372.554183 1302185850
1822.661583 1371.887517 1302185852
1847.321220 1370.998629 1302185854
1872.311858 1369.776408 1302185856
1897.136995 1368.220854 1302185858
1921.713881 1366.887522 1302185860
1945.959765 1365.665301 1302185862
1969.212644 1364.443080 1302185864
1991.472517 1363.887525 1302185866
2011.580878 1363.554192 1302185868
2039.467783 1363.776414 1302185871
2061.975907 1364.109747 1302185874
2082.829023 1364.331969 1302185877
2108.150663 1364.887524 1302185880
2138.933833 1365.331968 1302185883
2161.772959 1365.331968 1302185885
2185.356840 1365.220857 1302185887
2209.519974 1365.220857 1302185889
2233.848608 1365.220857 1302185891
2258.177243 1364.998635 1302185893
2282.671378 1365.554190 1302185895
2307.331015 1365.887523 1302185897
2332.321653 1365.776412 1302185899
2357.726043 1366.220856 1302185901
2382.716682 1367.331966 1302185903
2406.879815 1368.220854 1302185905
2430.546446 1368.998631 1302185907
2453.385573 1369.665297 1302185909
2475.148943 1370.331963 1302185911
2496.333060 1370.887518 1302185913
2517.599928 1371.554184 1302185915
2539.197797 1372.220850 1302185917
2561.705922 1372.887516 1302185919
2584.462298 1373.331960 1302185921
2607.218674 1374.109737 1302185923
2629.892299 1374.776403 1302185925
2652.317673 1375.109736 1302185927
2674.825798 1375.554180 1302185929
2697.168421 1375.998624 1302185931
2719.511045 1376.665290 1302185933
2741.605417 1376.776401 1302185935
2763.451538 1377.220845 1302185937
2784.966657 1377.776400 1302185939
2805.157769 1378.443066 1302185941
2833.375675 1379.109732 1302185944
2867.551614 1379.998620 1302185948
2889.149483 1380.554175 1302185951
2910.912854 1380.220842 1302185956
2932.345222 1380.665286 1302185984
2957.253110 1381.331952 1302185987
2977.526972 1381.331952 1302185989
2998.214587 1381.665285 1302185991
3026.763495 1383.109728 1302185994
3061.601437 1383.998616 1302185998
3087.254079 1384.887504 1302186001
3113.485974 1385.443059 1302186004
3139.055866 1386.109725 1302186007
3165.370511 1387.554168 1302186010
3192.595412 1388.665278 1302186013
3218.827307 1388.220834 1302186016
3244.148947 1386.443058 1302186019
3266.988074 1384.665282 1302186022
3287.344686 1381.220841 1302186028
