3322.513631 417.888471 1302788416
3326.402902 395.888493 1302788443
3327.064906 375.666291 1302788446
3332.360935 352.110759 1302788450
3336.250207 330.999669 1302788472
3338.401719 309.444135 1302788478
3342.704743 286.333047 1302788482
3343.118495 266.110845 1302788486
3345.601009 237.666429 1302788490
3346.925016 216.555339 1302788492
3348.745526 194.333139 1302788494
3349.738531 171.222051 1302788496
3349.738531 147.444297 1302788498
3349.159278 126.999873 1302788500
3351.641792 99.222123 1302788503
3352.634797 77.888811 1302788506
3335.339952 63.444381 1302788510
3312.004323 62.444382 1302788513
3285.110424 61.777716 1302788516
3258.382026 55.777722 1302788519
3230.412371 50.444394 1302788522
3210.386761 45.999954 1302788526
3188.292388 44.999955 1302788531
3161.729491 43.111068 1302788534
3140.545374 41.777736 1302788536
3116.299490 40.999959 1302788538
3092.632859 39.999960 1302788540
3064.911456 39.111072 1302788543
3041.658577 41.555514 1302788550
3031.976774 64.111047 1302788554
3023.287975 87.666579 1302788557
3011.371910 113.777664 1302788560
3000.862601 138.777639 1302788563
2986.381271 156.110955 1302788569
2983.733257 182.333151 1302788573
2982.243748 212.222010 1302788576
2981.167992 235.110876 1302788578
2980.423238 256.999743 1302788580
2979.595734 278.221944 1302788583
2976.947719 302.221920 1302788589
2976.699468 328.555227 1302788592
2976.368466 350.999649 1302788594
2976.120215 376.555179 1302788596
2975.871963 404.110707 1302788598
2975.623712 430.999569 1302788600
2975.209959 456.555099 1302788602
2975.044459 479.221743 1302788604
2974.134204 505.332828 1302788607
2973.223949 526.666140 1302788620
2974.216954 548.555007 1302788635
2970.493183 568.332765 1302788639
2949.888319 576.999423 1302788643
2923.904676 578.110533 1302788646
2902.141305 577.888311 1302788648
2878.474674 577.332756 1302788650
2855.387297 576.443868 1302788652
2835.278935 575.888313 1302788654
2814.756822 574.666092 1302788658
2788.607677 574.554981 1302788674
2760.555272 574.999425 1302788677
2737.467894 574.999425 1302788679
2711.567001 574.443870 1302788681
2683.183594 573.999426 1302788683
2653.062427 573.110538 1302788685
2622.113756 571.443873 1302788687
2592.406342 570.443874 1302788689
2565.843445 568.777209 1302788691
2544.990329 568.443876 1302788693
2524.468216 574.332759 1302788697
2521.902952 595.221627 1302788702
2519.999691 618.554937 1302788705
2518.179181 638.999361 1302788707
2516.606922 662.666004 1302788709
2515.862168 689.665977 1302788711
2513.627906 719.110392 1302788713
2512.055647 749.665917 1302788715
2511.228143 778.665888 1302788717
2511.476394 800.776977 1302788719
2511.724645 821.332512 1302788722
2510.979891 841.443603 1302788726
2509.324882 868.888020 1302788729
2507.918124 892.332441 1302788731
2506.925119 918.999081 1302788733
2505.849363 948.221274 1302788735
2504.856357 979.221243 1302788737
2504.277104 1008.776769 1302788739
2503.863352 1037.110074 1302788741
2503.863352 1062.998937 1302788743
2504.194354 1086.221136 1302788745
2505.187359 1114.443330 1302788748
2505.518361 1137.554418 1302788753
2505.683862 1157.887731 1302788757
2506.428616 1182.443262 1302788760
2507.007869 1203.109908 1302788762
2507.752623 1228.887660 1302788764
2508.414627 1256.109855 1302788766
2508.331877 1280.887608 1302788768
2508.000875 1308.332025 1302788771
2508.249126 1329.332004 1302788775
2509.738634 1350.331983 1302788795
