3324.168640 423.332910 1302793184
3330.623176 404.110707 1302793199
3332.029933 381.110730 1302793205
3330.954178 358.777419 1302793222
3333.767693 337.221885 1302793227
3338.484469 316.666350 1302793231
3338.980972 295.777482 1302793234
3338.401719 274.666392 1302793237
3338.898221 252.110859 1302793240
3339.311974 225.333108 1302793243
3339.477475 196.444248 1302793246
3339.560225 175.666491 1302793248
3339.146473 154.555401 1302793250
3339.394724 126.110985 1302793253
3336.829460 105.444339 1302793267
3318.376108 89.666577 1302793273
3296.364486 87.999912 1302793276
3270.049841 81.555474 1302793279
3251.017235 73.777704 1302793281
3231.405377 68.999931 1302793283
3207.490495 61.666605 1302793286
3188.209638 52.888836 1302793292
3163.550001 44.666622 1302793296
3138.393862 34.444410 1302793299
3114.809982 27.777750 1302793302
3090.067595 23.555532 1302793305
3065.904461 21.444423 1302793308
3042.899834 19.999980 1302793311
3020.557210 17.111094 1302793315
3004.338121 29.555526 1302793322
3002.186609 57.777720 1302793326
3001.028102 86.999913 1302793329
2999.455844 114.555441 1302793332
2997.800834 137.333196 1302793336
2998.462838 157.444287 1302793341
2998.380088 178.333155 1302793344
2997.883585 204.333129 1302793347
2997.718084 233.555322 1302793350
2998.380088 260.333073 1302793353
2997.304332 280.999719 1302793362
2997.056080 300.999699 1302793365
2997.304332 328.444116 1302793368
2997.221581 348.666318 1302793370
2996.228576 370.777407 1302793372
2995.235570 393.110718 1302793374
2994.242565 415.332918 1302793376
2993.580561 437.221785 1302793378
2993.001308 458.777319 1302793380
2992.504805 478.999521 1302793382
2991.346299 501.221721 1302793386
2988.119031 525.888363 1302793401
2986.795024 548.332785 1302793405
2969.334677 561.666105 1302793412
2947.985059 566.888322 1302793415
2920.842909 570.666096 1302793418
2892.542252 575.110536 1302793421
2871.192634 575.777202 1302793423
2847.029500 575.443869 1302793425
2821.542359 575.110536 1302793427
2795.227714 574.443870 1302793429
2768.002813 573.332760 1302793431
2740.033158 572.777205 1302793433
2713.304761 572.443872 1302793435
2688.479623 568.888320 1302793437
2664.068238 567.443877 1302793439
2640.567108 567.332766 1302793441
2617.065978 567.332766 1302793443
2594.061351 566.221656 1302793445
2574.035740 564.999435 1302793447
2549.210603 563.888325 1302793450
2529.350493 570.110541 1302793454
2525.130220 591.666075 1302793458
2523.888963 617.888271 1302793461
2523.475210 638.888250 1302793463
2522.895957 661.332672 1302793465
2522.647706 684.777093 1302793467
2521.240948 706.665960 1302793469
2520.578944 727.221495 1302793471
2520.082442 747.888141 1302793473
2519.668689 767.999232 1302793475
2519.834190 795.665871 1302793478
2519.503188 822.554733 1302793481
2518.592933 849.332484 1302793484
2515.613917 876.443568 1302793487
2515.448416 898.110213 1302793489
2515.034664 919.999080 1302793491
2514.620911 941.776836 1302793493
2513.958908 963.776814 1302793495
2513.296904 985.999014 1302793497
2512.552150 1008.221214 1302793499
2511.890146 1029.332304 1302793501
2511.228143 1058.887830 1302793504
2511.062642 1086.443358 1302793507
2512.055647 1111.221111 1302793510
2514.455410 1133.443311 1302793515
2516.275921 1158.665508 1302793519
2517.682678 1188.665478 1302793522
2518.592933 1210.665456 1302793524
2519.585939 1234.665432 1302793526
2519.999691 1259.109852 1302793528
2519.834190 1281.554274 1302793530
2519.006686 1310.665356 1302793533
2519.006686 1335.887553 1302793536
2522.895957 1358.331975 1302793540
2544.742078 1362.998637 1302793544
2570.311970 1364.331969 1302793547
2590.751333 1365.109746 1302793549
2612.100951 1365.776412 1302793551
2633.119567 1366.554189 1302793553
2653.807181 1367.109744 1302793555
2682.604341 1367.887521 1302793558
2708.256983 1368.220854 1302793561
2733.330371 1368.665298 1302793564
2759.065764 1369.443075 1302793567
2786.207914 1369.887519 1302793570
2814.177569 1370.887518 1302793573
2843.222979 1371.554184 1302793576
2872.185640 1372.220850 1302793579
2901.148300 1372.554183 1302793582
2931.103965 1373.220849 1302793585
2952.288083 1373.443071 1302793587
2973.554950 1374.331959 1302793589
2995.070069 1375.887513 1302793591
3017.660944 1376.331957 1302793593
3039.838067 1377.109734 1302793595
3061.022184 1377.665289 1302793597
3081.213296 1378.109733 1302793599
3101.404408 1379.109732 1302793601
3130.532569 1379.220843 1302793604
3157.840220 1379.220843 1302793607
3185.313372 1381.443063 1302793610
3213.034775 1380.220842 1302793613
3238.935668 1377.331956 1302793616
3264.919312 1371.109740 1302793620
3286.434431 1367.109744 1302793623
3301.991517 1353.998646 1302793626
3306.294541 1334.331999 1302793629
3307.453048 1309.887579 1302793632
3307.535798 1281.554274 1302793635
3307.204796 1252.554303 1302793638
3307.701299 1224.776553 1302793641
3309.025306 1196.554359 1302793644
3312.997328 1167.332166 1302793647
3315.148840 1137.998862 1302793650
3316.803849 1109.554446 1302793653
3317.465853 1080.665586 1302793656
3318.045106 1060.332273 1302793658
3318.789860 1038.110073 1302793660
3319.865616 1015.554540 1302793662
3320.610370 993.665673 1302793664
3321.355124 973.332360 1302793666
3323.175635 943.110168 1302793669
3324.996145 922.554633 1302793671
3325.409897 894.887994 1302793674
3323.754888 873.443571 1302793678
3332.940189 852.443592 1302793691
3356.606819 847.443597 1302793695
3383.997221 850.776927 1302793698
3406.422595 852.776925 1302793700
3431.909736 854.665812 1302793702
3460.127642 855.665811 1302793704
3489.421304 856.665810 1302793706
3518.052963 857.665809 1302793708
3545.691616 858.332475 1302793710
3572.502764 859.110252 1302793712
3598.155406 859.776918 1302793714
3623.063294 860.554695 1302793716
3648.136682 861.221361 1302793718
3672.299816 861.888027 1302793720
3699.772968 863.110248 1302793723
3714.419799 881.776896 1302793727
3716.488560 906.443538 1302793730
3716.571311 928.665738 1302793732
3716.819562 954.443490 1302793734
3716.902313 982.443462 1302793736
3716.405810 1011.443433 1302793738
3715.661056 1039.110072 1302793740
3714.750801 1064.221158 1302793742
3714.171548 1086.443358 1302793744
3713.675045 1109.998890 1302793747
3731.135391 1121.776656 1302793752
3753.974518 1119.554436 1302793755
3779.130657 1116.887772 1302793758
3801.638781 1115.998884 1302793761
3821.747143 1116.443328 1302793767
3831.180695 1094.554461 1302793774
3830.766943 1071.110040 1302793778
3832.008199 1049.554506 1302793782
3835.400968 1028.887860 1302793785
3838.048983 1002.998997 1302793788
3838.131733 982.887906 1302793790
3836.724976 954.999045 1302793793
3835.566469 927.776850 1302793796
3834.242462 907.221315 1302793800
3824.477908 889.110222 1302793816
3798.825266 883.554672 1302793820
3778.385903 881.110230 1302793823
3758.194791 877.110234 1302793829
3733.535155 874.999125 1302793833
3710.778779 872.554683 1302793836
3685.457139 869.999130 1302793839
3662.700763 867.332466 1302793842
3642.344150 864.443580 1302793847
