3285.275925 864.888024 1302812299
3302.653521 853.443591 1302812319
3305.632537 831.332502 1302812324
3305.301536 805.999194 1302812328
3305.632537 784.888104 1302812331
3306.625543 761.665905 1302812334
3310.597565 737.999262 1302812337
3313.659332 713.777064 1302812340
3313.907583 688.221534 1302812343
3314.073084 662.554893 1302812346
3315.728093 640.888248 1302812349
3316.969350 617.999382 1302812353
3307.618548 599.221623 1302812358
3286.517182 597.554958 1302812362
3263.347054 595.110516 1302812367
3242.907690 592.221630 1302812380
3218.496305 590.554965 1302812386
3194.333172 589.332744 1302812390
3171.742297 588.554967 1302812393
3147.661914 587.666079 1302812396
3120.437013 586.999413 1302812399
3092.632859 586.554969 1302812402
3064.249452 586.110525 1302812405
3036.279797 586.110525 1302812408
3010.130653 585.332748 1302812411
2986.298521 584.221638 1302812414
2961.721635 584.443860 1302812417
2936.813747 583.777194 1302812420
2914.719375 583.110528 1302812423
2892.625003 582.666084 1302812426
2868.544619 582.443862 1302812429
2844.795238 582.554973 1302812432
2822.038862 581.888307 1302812435
2795.227714 580.777197 1302812438
2775.119353 580.777197 1302812440
2754.100736 581.221641 1302812442
2732.833869 581.443863 1302812444
2712.560006 581.332752 1302812446
2684.673102 578.777199 1302812449
2658.854959 577.999422 1302812452
2635.850332 577.999422 1302812455
2612.762954 577.110534 1302812459
2592.075340 575.332758 1302812466
2570.891223 572.999427 1302812480
2544.659328 572.332761 1302812484
2515.365666 572.554983 1302812487
2493.105792 572.777205 1302812489
2469.356411 572.666094 1302812491
2444.945026 572.332761 1302812493
2419.954388 571.443873 1302812495
2394.798249 570.666096 1302812497
2369.807610 570.554985 1302812499
2345.065223 569.777208 1302812501
2321.067591 568.888320 1302812503
2297.814712 568.666098 1302812505
2274.892835 568.443876 1302812507
2252.467461 567.666099 1302812509
2231.779847 566.888322 1302812511
2205.796203 566.221656 1302812514
2183.370829 565.777212 1302812518
2158.214690 566.110545 1302812536
2135.706565 565.999434 1302812539
2107.240408 565.110546 1302812542
2087.132046 564.443880 1302812544
2057.838384 563.332770 1302812547
2032.185742 562.554993 1302812550
2007.774357 562.332771 1302812553
1982.700969 562.777215 1302812556
1960.772097 562.332771 1302812559
1939.670731 561.332772 1302812563
1915.342096 560.666106 1302812567
1889.110201 560.332773 1302812571
1863.209308 559.777218 1302812575
1838.053168 559.332774 1302812579
1817.448305 559.332774 1302812583
1794.691929 560.332773 1302812597
1772.101054 560.110551 1302812600
1742.807392 559.443885 1302812603
1720.216517 559.110552 1302812605
1696.715387 559.332774 1302812607
1672.304002 559.666107 1302812609
1647.065112 560.332773 1302812611
1622.405475 560.554995 1302812613
1599.152597 560.777217 1302812615
1576.809973 561.221661 1302812617
1549.254071 561.110550 1302812620
1527.821702 560.221662 1302812625
1512.347367 576.221646 1302812634
1510.775108 598.666068 1302812638
1510.692357 621.554934 1302812641
1510.361356 647.221575 1302812644
1509.533851 667.443777 1302812646
1509.120099 687.777090 1302812648
1509.533851 716.777061 1302812651
1508.623596 744.110367 1302812654
1507.961592 767.221455 1302812657
1506.637585 788.888100 1302812661
1497.121282 806.554749 1302812669
1473.702903 812.443632 1302812675
1453.760043 814.665852 1302812678
1428.355652 814.999185 1302812681
1401.627254 817.443627 1302812684
1375.726361 820.888068 1302812687
1353.714739 824.554731 1302812690
1333.689128 824.332509 1302812694
1310.601751 825.443619 1302812700
1287.100621 820.999179 1302812703
1266.413006 817.888071 1302812705
1245.394390 817.554738 1302812707
1224.955027 816.221406 1302812709
1196.902622 815.554740 1302812712
1172.904989 820.443624 1302812715
1146.921345 824.221398 1302812721
1137.818795 845.332488 1302812727
1139.804806 866.221356 1302812730
1141.956318 887.665779 1302812733
1145.018084 913.665753 1302812737
1147.417848 942.443502 1302812741
1148.824606 967.887921 1302812745
1150.893367 991.887897 1302812749
1151.638121 1015.443429 1302812753
1154.037884 1039.776738 1302812757
1133.929523 1049.443395 1302812762
