3292.226963 845.999154 1302814717
3311.342319 837.999162 1302814721
3314.569587 815.888073 1302814724
3313.742082 786.443658 1302814727
3313.493831 762.443682 1302814729
3313.493831 735.777042 1302814731
3313.576581 708.443736 1302814733
3313.328330 682.443762 1302814735
3312.914578 657.999342 1302814737
3313.411080 636.888252 1302814739
3313.907583 614.332719 1302814742
3312.335325 590.666076 1302814757
3289.165196 584.999415 1302814761
3263.429804 584.666082 1302814764
3242.659439 584.332749 1302814766
3220.068564 583.666083 1302814768
3198.305194 583.332750 1302814770
3176.541823 582.999417 1302814772
3154.530202 582.666084 1302814774
3132.022077 582.332751 1302814776
3109.265701 581.554974 1302814778
3087.336830 580.888308 1302814780
3066.400964 580.999419 1302814782
3038.596810 582.888306 1302814785
3018.074697 583.554972 1302814789
2997.056080 583.999416 1302814808
2976.947719 582.888306 1302814812
2952.039831 582.332751 1302814815
2931.269466 582.332751 1302814817
2907.354584 581.888307 1302814819
2881.122689 581.443863 1302814821
2853.732287 580.888308 1302814823
2826.176385 580.332753 1302814825
2798.620483 579.666087 1302814827
2770.568077 578.666088 1302814829
2741.688168 578.221644 1302814831
2712.973759 578.110533 1302814833
2684.921354 577.443867 1302814835
2657.034449 576.554979 1302814837
2627.989039 575.777202 1302814839
2599.357380 575.110536 1302814841
2571.470476 574.554981 1302814843
2543.004318 573.777204 1302814845
2513.214154 572.554983 1302814847
2482.596484 571.554984 1302814849
2451.647813 570.999429 1302814851
2420.699142 570.110541 1302814853
2389.833221 569.332764 1302814855
2359.050051 568.332765 1302814857
2328.266880 567.332766 1302814859
2297.318209 566.666100 1302814861
2265.955786 566.332767 1302814863
2234.014109 565.332768 1302814865
2202.899937 564.221658 1302814867
2172.778770 563.332770 1302814869
2143.567859 562.554993 1302814871
2115.018951 561.777216 1302814873
2088.042301 560.999439 1302814875
2061.231153 560.110551 1302814877
2034.254504 559.554996 1302814879
2007.029603 558.554997 1302814881
1979.970204 558.110553 1302814883
1953.572808 557.110554 1302814885
1926.927160 556.666110 1302814887
1901.522770 556.110555 1302814889
1877.773388 555.332778 1302814891
1856.672022 554.332779 1302814893
1833.998396 553.999446 1302814896
1811.407521 554.443890 1302814899
1783.106865 554.555001 1302814902
1755.385461 554.332779 1302814905
1729.070816 554.221668 1302814908
1699.942654 553.999446 1302814911
1676.607025 553.999446 1302814913
1651.202635 553.999446 1302814915
1628.032507 553.999446 1302814917
1607.179391 553.666113 1302814919
1584.340265 554.332779 1302814921
1561.914891 554.666112 1302814923
1537.834508 554.221668 1302814926
1516.898642 554.888334 1302814943
1506.389334 575.554980 1302814948
1508.706346 603.443841 1302814951
1508.623596 624.999375 1302814953
1508.623596 648.888240 1302814955
1508.292594 674.332659 1302814957
1507.216838 700.999299 1302814959
1506.968587 725.554830 1302814961
1504.734325 748.999251 1302814963
1502.417312 776.332557 1302814966
1500.927803 797.332536 1302814978
1487.687730 813.221409 1302814983
1465.179606 819.110292 1302814987
1444.574742 822.110289 1302814991
1414.950078 827.443617 1302814994
1386.318419 830.332503 1302814997
1362.569038 828.999171 1302815000
1342.460677 824.332509 1302815004
1320.035303 817.110294 1302815010
1324.090075 841.554714 1302815018
1331.206615 862.443582 1302815021
1337.247398 882.443562 1302815024
1343.288181 906.332427 1302815028
1313.663517 904.443540 1302815031
1289.417633 895.332438 1302815033
1265.999254 889.110222 1302815035
1243.408379 887.554668 1302815038
1218.831493 881.665785 1302815042
1200.791893 896.999103 1302815046
1189.124078 918.554637 1302815049
1179.938778 945.554610 1302815052
1171.829233 973.221249 1302815055
1165.209196 998.332335 1302815058
1160.823422 1022.110089 1302815061
1156.520398 1045.776732 1302815064
1137.984296 1054.998945 1302815067
