3293.881972 843.221379 1302818298
3313.576581 829.332504 1302818318
3314.073084 803.332530 1302818321
3313.990334 781.665885 1302818323
3314.073084 756.777021 1302818325
3314.073084 729.665937 1302818327
3314.238585 702.554853 1302818329
3314.486836 676.443768 1302818331
3314.238585 653.666013 1302818333
3314.652337 629.110482 1302818336
3314.404086 608.888280 1302818362
3304.143029 588.554967 1302818383
3281.800406 586.554969 1302818386
3251.017235 585.999414 1302818389
3226.688601 585.443859 1302818391
3199.463700 584.888304 1302818393
3171.163044 583.999416 1302818395
3143.772642 582.777195 1302818397
3117.457996 581.888307 1302818399
3092.715610 581.110530 1302818401
3070.124735 580.443864 1302818403
3044.223841 578.999421 1302818406
3021.715717 577.999422 1302818410
2998.959341 577.221645 1302818413
2968.920925 575.999424 1302818416
2944.261288 575.777202 1302818418
2917.532890 575.554980 1302818420
2890.473491 574.999425 1302818422
2864.655348 574.554981 1302818424
2839.995711 574.332759 1302818426
2815.501576 574.110537 1302818428
2790.179936 573.110538 1302818430
2764.030791 571.777206 1302818432
2737.716146 570.666096 1302818434
2710.822247 569.443875 1302818436
2683.183594 567.999432 1302818438
2654.386435 567.332766 1302818440
2624.927272 566.999433 1302818442
2595.054356 566.777211 1302818444
2564.353937 565.777212 1302818446
2532.329509 564.554991 1302818448
2499.477578 563.221659 1302818450
2466.046393 561.777216 1302818452
2432.035955 561.221661 1302818454
2398.191017 561.666105 1302818456
2364.677082 561.554994 1302818458
2331.245897 560.554995 1302818460
2298.476716 559.777218 1302818462
2265.211032 559.666107 1302818464
2231.531595 558.888330 1302818466
2198.845164 557.999442 1302818468
2166.986238 556.999443 1302818470
2136.865072 556.443888 1302818472
2108.233413 555.555000 1302818474
2079.850006 554.999445 1302818476
2050.225342 554.888334 1302818478
2018.780168 553.888335 1302818480
1985.514484 552.332781 1302818482
1950.924793 550.555005 1302818484
1916.997105 548.999451 1302818486
1885.138179 547.666119 1302818488
1854.851511 546.777231 1302818490
1825.806101 545.999454 1302818492
1798.829452 545.555010 1302818494
1774.418066 545.221677 1302818496
1749.013676 544.999455 1302818498
1721.375023 544.999455 1302818500
1692.329612 544.999455 1302818502
1662.539448 545.332788 1302818504
1633.576787 545.777232 1302818506
1606.682889 546.555009 1302818508
1581.195748 547.221675 1302818510
1556.949863 547.555008 1302818512
1535.765746 548.332785 1302818514
1512.181866 551.110560 1302818517
1504.237822 572.554983 1302818521
1502.665563 596.888292 1302818524
1502.748314 617.554938 1302818526
1503.162066 640.888248 1302818528
1503.327567 665.888223 1302818530
1503.244816 690.665976 1302818532
1502.831064 714.443730 1302818534
1502.417312 737.221485 1302818536
1502.500062 757.999242 1302818538
1502.582813 781.888107 1302818541
1494.225016 803.776974 1302818548
1469.151628 807.221415 1302818552
1447.802010 809.332524 1302818555
1417.598092 808.999191 1302818558
1396.579476 808.554747 1302818560
1373.326598 809.554746 1302818563
1352.804484 812.443632 1302818571
1332.365121 810.332523 1302818584
1307.788235 811.332522 1302818590
1282.549345 810.221412 1302818594
1260.868725 809.443635 1302818596
1235.050583 807.999192 1302818598
1210.473697 806.665860 1302818600
1186.972567 806.221416 1302818602
1167.277958 810.332523 1302818604
1142.535571 810.999189 1302818608
1134.012274 832.999167 1302818613
1133.350270 858.665808 1302818616
1133.019268 879.665787 1302818618
1132.853767 903.221319 1302818620
1132.522765 927.332406 1302818622
1132.109013 951.332382 1302818624
1131.778011 974.221248 1302818626
1131.281508 996.776781 1302818628
1129.543749 1022.665644 1302818631
1117.462182 1041.443403 1302818636
1137.984296 1043.110068 1302818647
