3250.686233 839.888049 1302822108
3271.456598 839.776938 1302822121
3295.454231 840.332493 1302822125
3315.645343 831.554724 1302822129
3316.638348 808.999191 1302822134
3317.631354 788.443656 1302822153
3317.631354 764.554791 1302822161
3318.127857 742.777035 1302822165
3318.127857 721.443723 1302822169
3318.293357 700.332633 1302822179
3316.803849 679.110432 1302822188
3317.714104 651.666015 1302822192
3318.210607 629.666037 1302822195
3318.127857 609.221613 1302822202
3310.018312 590.332743 1302822221
3282.627910 585.777192 1302822225
3253.913501 585.666081 1302822228
3232.398382 585.554970 1302822230
3211.379766 585.554970 1302822232
3184.899620 585.443859 1302822235
3163.881003 584.999415 1302822238
3143.441640 584.443860 1302822243
3123.167778 584.332749 1302822271
3100.411402 584.554971 1302822274
3073.517503 585.666081 1302822277
3048.361364 585.777192 1302822280
3027.508249 585.332748 1302822283
3006.241381 584.777193 1302822287
2986.215770 583.554972 1302822292
2963.873147 581.110530 1302822296
2937.475751 580.221642 1302822299
2908.678591 579.554976 1302822302
2883.191450 577.999422 1302822305
2853.235785 576.221646 1302822308
2829.651904 575.666091 1302822310
2803.171758 575.221647 1302822312
2774.871101 574.332759 1302822314
2744.336182 573.221649 1302822316
2710.987748 572.443872 1302822318
2675.818803 571.554984 1302822320
2638.912099 570.332763 1302822322
2600.764138 569.554986 1302822324
2561.374920 568.777209 1302822326
2541.349309 568.443876 1302822327
2520.909946 568.110543 1302822328
2500.305082 567.554988 1302822329
2479.865719 566.999433 1302822330
2440.724753 566.332767 1302822332
2402.494041 565.332768 1302822334
2366.580342 564.999435 1302822336
2335.135168 564.666102 1302822338
2308.075769 563.777214 1302822340
2284.160886 563.332770 1302822342
2263.804274 562.777215 1302822344
2236.496623 562.221660 1302822347
2216.305511 561.777216 1302822349
2193.052632 561.110550 1302822351
2167.399991 560.554995 1302822353
2140.754343 560.110551 1302822355
2113.777694 559.443885 1302822357
2084.897784 558.999441 1302822359
2053.618111 558.666108 1302822361
2022.338438 557.666109 1302822363
1993.044776 556.999443 1302822365
1965.240622 556.554999 1302822367
1938.594975 556.110555 1302822369
1915.259346 555.666111 1302822371
1895.150984 555.443889 1302822373
1869.084590 556.443888 1302822376
1846.824717 556.221666 1302822379
1826.799106 555.666111 1302822385
1802.387721 555.666111 1302822400
1776.155826 555.666111 1302822403
1753.978703 555.666111 1302822405
1729.153566 555.666111 1302822407
1703.500924 555.443889 1302822409
1676.276024 555.332778 1302822411
1648.140868 555.332778 1302822413
1620.750466 555.666111 1302822415
1594.353070 555.888333 1302822417
1570.686439 556.332777 1302822419
1544.868297 555.666111 1302822422
1524.594434 555.555000 1302822447
1507.134088 567.999432 1302822451
1505.313578 591.332742 1302822454
1504.320572 621.999378 1302822457
1503.575818 646.666020 1302822459
1503.327567 674.443770 1302822461
1502.996565 704.554851 1302822463
1502.086310 733.888155 1302822465
1501.589807 759.665907 1302822467
1501.755308 781.999218 1302822469
1501.507057 803.776974 1302822472
1480.240189 820.110291 1302822479
1456.656309 819.665847 1302822482
1435.554942 819.332514 1302822484
1410.067801 818.554737 1302822486
1383.504904 818.443626 1302822488
1361.410532 817.776960 1302822490
1335.840640 818.221404 1302822493
1313.580767 818.665848 1302822498
1289.003881 817.332516 1302822506
1264.840747 818.554737 1302822508
1238.608852 818.443626 1302822510
1213.287212 817.332516 1302822512
1189.951583 817.888071 1302822514
1164.712693 815.888073 1302822517
1140.880562 815.888073 1302822522
1117.296681 815.999184 1302822525
1096.360815 815.332518 1302822527
1071.535678 814.443630 1302822529
1044.559029 813.443631 1302822531
1018.078882 812.888076 1302822533
993.336495 812.776965 1302822535
966.608097 812.776965 1302822538
944.513725 809.665857 1302822555
919.936839 805.999194 1302822558
899.662977 804.110307 1302822560
876.410098 803.110308 1302822562
851.005708 802.776975 1302822564
824.691062 803.221419 1302822566
797.879914 803.554752 1302822568
769.579257 803.443641 1302822570
739.540841 803.332530 1302822572
708.509420 803.443641 1302822574
678.967506 802.999197 1302822576
651.163352 802.665864 1302822578
626.420965 802.665864 1302822580
605.733351 802.554753 1302822582
576.936192 802.443642 1302822585
547.228777 801.443643 1302822588
497.578503 798.776979 1302822593
469.360597 797.999202 1302822596
442.632199 797.665869 1302822599
414.910795 796.665870 1302822602
394.388682 795.999204 1302822604
366.170776 794.776983 1302822607
340.766385 793.999206 1302822610
320.740774 793.888095 1302822624
297.487896 793.776984 1302822628
273.986766 793.443651 1302822631
253.299151 793.110318 1302822633
231.122029 792.221430 1302822635
205.634888 791.665875 1302822638
179.816745 791.443653 1302822642
156.812118 790.999209 1302822645
134.634995 791.554764 1302822659
112.954375 790.999209 1302822663
96.238782 802.221420 1302822669
90.446250 824.888064 1302822687
89.866997 850.776927 1302822690
89.122243 873.110238 1302822692
88.377489 899.332434 1302822694
88.211988 926.443518 1302822696
88.129238 950.776827 1302822698
87.467234 971.110140 1302822700
86.143227 995.999004 1302822703
85.232972 1021.221201 1302822706
83.908964 1051.332282 1302822709
82.584957 1075.776702 1302822711
81.260950 1102.998897 1302822713
80.929948 1130.665536 1302822715
80.516195 1157.221065 1302822717
79.688691 1183.221039 1302822719
78.695685 1207.887681 1302822721
78.116432 1230.776547 1302822723
77.537179 1251.443193 1302822725
78.116432 1276.443168 1302822728
79.523190 1297.109814 1302822732
81.591951 1317.998682 1302822750
98.638546 1330.109781 1302822754
121.891424 1330.443114 1302822757
142.248037 1330.554225 1302822759
165.500916 1331.332002 1302822761
191.898312 1331.665335 1302822763
221.026473 1331.887557 1302822765
252.223395 1332.443112 1302822767
284.992577 1331.665335 1302822769
318.920264 1332.332001 1302822771
353.758207 1332.554223 1302822773
387.851396 1332.887556 1302822775
418.965568 1332.776445 1302822777
444.700960 1332.776445 1302822779
468.864094 1333.220889 1302822782
493.192728 1334.443110 1302822787
519.010871 1335.109776 1302822790
540.691491 1335.665331 1302822792
565.599379 1335.998664 1302822794
593.403533 1336.665330 1302822796
623.690200 1337.443107 1302822798
656.045629 1338.220884 1302822800
689.228563 1338.998661 1302822802
736.810076 1340.331993 1302822805
767.758747 1341.109770 1302822807
799.038420 1341.776436 1302822809
826.925325 1341.554214 1302822811
848.771446 1340.665326 1302822813
871.114069 1339.109772 1302822825
883.030135 1315.887573 1302822829
884.354142 1286.776491 1302822832
885.098897 1259.887629 1302822835
885.429898 1238.665428 1302822839
884.933396 1213.221009 1302822852
885.926401 1186.109925 1302822855
886.588405 1163.443281 1302822857
887.912412 1137.443307 1302822859
889.732922 1110.221112 1302822861
890.643177 1086.443358 1302822863
895.028951 1062.221160 1302822866
917.123324 1047.554508 1302822870
941.700210 1046.776731 1302822873
962.718826 1047.776730 1302822875
986.054455 1051.221171 1302822877
1011.127844 1056.665610 1302822879
1036.614985 1058.110053 1302822881
1058.543856 1058.665608 1302822883
1085.189503 1059.776718 1302822886
1106.539122 1061.221161 1302822890
1126.730233 1059.332274 1302822893
1149.900361 1065.221157 1302822919
1175.222002 1070.887818 1302822922
1196.902622 1074.443370 1302822924
1221.065755 1077.665589 1302822926
1246.883898 1079.887809 1302822928
1274.853553 1077.110034 1302822930
1301.995703 1074.776703 1302822932
1326.738090 1073.887815 1302822934
1348.749712 1074.554481 1302822936
1377.795122 1075.443369 1302822939
1404.523520 1074.110037 1302822942
1429.596909 1073.998926 1302822945
1453.015288 1077.110034 1302822948
1477.509424 1076.554479 1302822952
1491.163249 1060.443384 1302822957
1493.976765 1034.665632 1302822961
1495.880026 1010.554545 1302822964
1497.204033 982.110129 1302822967
1497.866037 961.554594 1302822969
1498.279789 940.554615 1302822971
1498.031537 918.665748 1302822973
1497.948787 897.332436 1302822975
1497.948787 868.443576 1302822978
1498.776292 846.443598 1302822981
1502.251811 824.665842 1302822990
1504.072321 802.776975 1302822994
1504.403323 778.665888 1302822997
1504.817075 746.777031 1302823001
1505.479079 725.443719 1302823004
1506.554835 705.221517 1302823007
1506.885836 684.443760 1302823010
1506.472084 659.332674 1302823014
1506.720335 634.666032 1302823018
1507.216838 610.221612 1302823022
1507.134088 588.888300 1302823026
