2823.942123 575.221647 1302905160
2801.433998 575.999424 1302905169
2774.374598 574.888314 1302905172
2752.362977 574.110537 1302905174
2726.958586 573.110538 1302905176
2700.561190 572.110539 1302905178
2674.329295 571.332762 1302905180
2648.759403 570.554985 1302905182
2623.768765 569.888319 1302905184
2601.839894 569.110542 1302905186
2573.952990 568.332765 1302905189
2549.293353 567.221655 1302905193
2522.068453 565.888323 1302905198
2494.264299 565.221657 1302905201
2471.921675 564.888324 1302905203
2447.510290 564.443880 1302905205
2421.692147 563.777214 1302905207
2395.956755 563.332770 1302905209
2370.138612 562.888326 1302905211
2343.410214 562.554993 1302905213
2314.613055 562.110549 1302905215
2285.484894 561.666105 1302905217
2257.763490 561.110550 1302905219
2232.607351 560.888328 1302905221
2210.595729 560.666106 1302905223
2184.115583 559.888329 1302905226
2164.089972 559.332774 1302905229
2139.678587 558.999441 1302905234
2116.673960 558.554997 1302905237
2089.531810 557.999442 1302905240
2058.583139 556.666110 1302905243
2034.751007 556.221666 1302905245
2009.015614 555.555000 1302905247
1982.535468 554.555001 1302905249
1956.386323 553.555002 1302905251
1930.899182 552.888336 1302905253
1906.570548 551.999448 1302905255
1883.234918 551.555004 1302905257
1860.644043 551.221671 1302905259
1831.846884 550.666116 1302905262
1811.159270 549.999450 1302905265
1789.478650 550.110561 1302905271
1769.039287 550.888338 1302905291
1742.145388 550.999449 1302905295
1713.679230 550.888338 1302905298
1691.419357 549.999450 1302905300
1668.745732 549.999450 1302905302
1645.161851 550.221672 1302905304
1620.419465 550.443894 1302905306
1594.684072 550.888338 1302905308
1571.431193 551.221671 1302905310
1544.702796 551.777226 1302905313
1523.601429 553.110558 1302905328
1510.030354 571.666095 1302905335
1509.616602 594.221628 1302905338
1509.037348 624.221598 1302905341
1508.706346 648.110463 1302905343
1507.713341 674.665992 1302905345
1507.216838 701.999298 1302905347
1506.803086 727.443717 1302905349
1506.141082 750.443694 1302905351
1505.810080 777.332556 1302905354
1504.072321 799.665867 1302905360
1483.798459 810.999189 1302905367
1459.552575 810.888078 1302905370
1428.355652 811.332522 1302905373
1405.185524 810.999189 1302905375
1383.587654 810.554745 1302905377
1354.459493 810.999189 1302905380
1332.034119 813.554742 1302905383
1310.932752 818.443626 1302905391
1283.376850 817.888071 1302905396
1252.759181 817.665849 1302905399
1228.513296 817.443627 1302905401
1203.770910 817.110294 1302905403
1180.766282 816.443628 1302905405
1152.382875 814.888074 1302905408
1130.702255 806.443638 1302905412
1118.372437 822.665844 1302905416
1116.469177 845.776932 1302905419
1113.738411 875.776902 1302905422
1112.662655 899.887989 1302905424
1111.338648 927.665739 1302905426
1110.097391 954.554601 1302905428
1109.021635 978.443466 1302905430
1108.111380 999.110112 1302905432
1105.628867 1024.887864 1302905435
1100.581089 1044.665622 1302905439
1120.027446 1055.332278 1302905444
1136.577538 1043.887845 1302905468
1158.920161 1055.332278 1302905473
1188.213823 1060.776717 1302905476
1211.963205 1062.554493 1302905478
1236.374590 1062.887826 1302905480
1261.116977 1062.221160 1302905482
1286.852369 1062.887826 1302905484
1313.167015 1062.665604 1302905486
1337.330148 1061.887827 1302905488
1366.210058 1061.443383 1302905491
1389.711188 1062.221160 1302905494
1409.985050 1060.665606 1302905510
1431.251918 1070.221152 1302905515
1451.608531 1077.665589 1302905519
1472.461646 1071.110040 1302905527
1481.150444 1046.332287 1302905530
1484.460462 1017.221205 1302905533
1485.453468 994.332339 1302905535
1486.529224 968.554587 1302905537
1487.522229 942.443502 1302905539
1488.349734 917.554638 1302905541
1489.425490 895.110216 1302905543
1490.335745 874.999125 1302905545
1491.080499 851.665815 1302905548
1494.142266 829.999170 1302905561
1497.535035 807.888081 1302905571
1499.024543 786.110325 1302905574
1500.100299 757.110354 1302905577
1500.679552 735.554820 1302905579
1501.176055 713.888175 1302905581
1501.838058 683.332650 1302905584
1502.831064 654.221568 1302905587
1503.824069 626.332707 1302905590
1504.568824 600.999399 1302905593
1505.644580 580.666086 1302905596
