2988.863785 572.777205 1302905844
2994.739068 596.554959 1302905848
2993.828812 627.110484 1302905851
2992.835807 650.888238 1302905853
2991.925552 676.110435 1302905855
2991.429049 703.999296 1302905857
2990.684295 734.332599 1302905859
2989.691290 763.221459 1302905861
2988.201781 789.221433 1302905863
2985.388266 810.221412 1302905865
2985.388266 831.665835 1302905868
3009.799651 841.110270 1302905872
3037.438304 840.443604 1302905875
3060.111929 839.888049 1302905877
3085.516320 839.221383 1302905879
3111.582714 839.110272 1302905881
3134.008088 839.110272 1302905883
3163.136249 839.443605 1302905886
3186.968381 839.776938 1302905889
3211.628017 843.110268 1302905914
3232.067380 844.999155 1302905917
3253.416999 846.888042 1302905920
3278.986890 850.776927 1302905923
3302.405270 851.332482 1302905926
3315.314341 835.443609 1302905929
3314.735088 810.443634 1302905932
3315.231591 780.443664 1302905935
3315.562592 759.443685 1302905937
3316.224596 731.110380 1302905940
3315.562592 705.554850 1302905943
3315.148840 676.443768 1302905946
3315.479842 648.999351 1302905949
3317.217602 627.888261 1302905968
3316.638348 606.221616 1302905974
3296.198985 594.554961 1302905978
3270.049841 591.777186 1302905981
3248.369221 590.332743 1302905983
3223.626834 588.999411 1302905985
3195.988181 587.666079 1302905987
3166.280767 586.332747 1302905989
3136.904354 585.443859 1302905991
3106.617686 584.443860 1302905993
3076.000017 583.777194 1302905995
3046.044351 583.221639 1302905997
3016.088686 582.999417 1302905999
2984.891763 582.221640 1302906001
2953.694840 581.332752 1302906003
2924.401178 580.666086 1302906005
2898.169283 579.777198 1302906007
2875.412907 579.221643 1302906009
2850.587770 578.666088 1302906012
2827.831394 577.888311 1302906016
2807.640282 576.999423 1302906019
2782.318642 575.777202 1302906022
2762.127531 575.221647 1302906024
2739.371155 574.332759 1302906026
2715.456272 572.666094 1302906028
2691.624141 571.999428 1302906030
2669.116016 570.110541 1302906032
2646.359640 569.999430 1302906034
2623.934266 570.221652 1302906036
2602.501898 570.221652 1302906038
2581.069529 569.888319 1302906040
2559.057907 569.888319 1302906042
2535.887779 569.777208 1302906044
2511.972897 569.554986 1302906046
2487.313260 569.110542 1302906048
2461.826119 568.554987 1302906050
2435.097721 568.110543 1302906052
2408.369324 566.999433 1302906054
2380.565170 566.443878 1302906056
2352.181763 566.110545 1302906058
2323.715605 565.666101 1302906060
2295.414949 565.110546 1302906062
2266.700540 564.554991 1302906064
2237.820630 564.110547 1302906066
2209.685474 563.777214 1302906068
2183.288078 563.221659 1302906070
2158.214690 562.888326 1302906072
2133.058551 562.554993 1302906074
2106.578404 562.221660 1302906076
2078.360498 561.443883 1302906078
2049.728840 560.666106 1302906080
2021.759185 559.777218 1302906082
1994.699785 559.221663 1302906084
1968.550640 558.777219 1302906086
1942.566997 558.332775 1302906088
1916.004100 557.999442 1302906090
1889.275702 557.666109 1302906092
1862.464554 557.221665 1302906094
1834.991402 556.888332 1302906096
1807.766501 556.777221 1302906098
1781.865608 556.777221 1302906100
1756.378467 556.777221 1302906102
1730.477573 556.221666 1302906104
1703.666425 555.999444 1302906106
1675.034767 555.443889 1302906108
1645.492853 555.110556 1302906110
1617.605949 555.555000 1302906112
1593.029063 556.221666 1302906114
1568.286676 556.666110 1302906116
1544.951047 556.666110 1302906118
1518.801902 557.666109 1302906121
1507.796091 579.554976 1302906125
1508.044343 604.777173 1302906128
1508.127093 625.777152 1302906130
1507.630591 649.666017 1302906132
1507.382339 676.332657 1302906134
1507.051337 704.332629 1302906136
1505.892831 730.332603 1302906138
1505.313578 753.665913 1302906140
1505.148077 779.665887 1302906143
1504.982576 800.554755 1302906147
1487.025727 815.888073 1302906156
1453.346290 814.332519 1302906160
1430.755415 816.443628 1302906162
1406.675032 816.332517 1302906164
1383.504904 816.776961 1302906166
1362.403537 816.554739 1302906168
1336.088892 818.221404 1302906171
1315.732279 817.221405 1302906176
1291.982898 826.776951 1302906203
1266.082004 826.110285 1302906205
1239.684608 824.665842 1302906207
1215.769726 822.554733 1302906209
1195.164862 820.888068 1302906211
1172.739488 817.888071 1302906214
1153.789633 831.999168 1302906219
1151.307119 853.110258 1302906222
1148.493604 880.888008 1302906225
1147.748850 903.776874 1302906227
1147.086846 929.221293 1302906229
1146.093840 954.887934 1302906231
1146.011090 979.110132 1302906233
1146.259341 1001.443443 1302906235
1145.100835 1030.443414 1302906238
1142.287319 1052.332281 1302906241
