1282.466595 1068.887820 1302050710
1306.381477 1068.776709 1302050719
1330.379110 1070.443374 1302050722
1353.962990 1071.776706 1302050725
1380.029385 1071.554484 1302050728
1409.157546 1071.887817 1302050731
1429.927911 1072.554483 1302050733
1456.077055 1072.665594 1302050736
1477.674925 1073.998926 1302050740
1493.066510 1055.332278 1302050746
1494.721519 1021.110090 1302050750
1497.121282 998.332335 1302050752
1500.679552 972.443472 1302050754
1503.741319 945.776832 1302050756
1505.561829 920.332413 1302050758
1506.058332 895.776882 1302050760
1506.058332 873.110238 1302050762
1506.554835 847.999152 1302050765
1513.340372 827.999172 1302050772
1517.726146 807.443637 1302050779
1518.967403 777.443667 1302050782
1519.546656 752.888136 1302050784
1520.539662 728.221494 1302050786
1521.284416 703.665963 1302050788
1522.111921 678.554877 1302050790
1522.111921 653.666013 1302050792
1521.698168 631.110480 1302050794
1519.629407 603.888285 1302050797
1523.022176 580.443864 1302050817
1523.932431 558.666108 1302050821
1546.357805 547.221675 1302050826
1568.617678 546.999453 1302050829
1589.139791 546.777231 1302050831
1613.882178 546.221676 1302050833
1635.976551 545.777232 1302050835
1659.974183 544.777233 1302050838
1681.241051 544.332789 1302050842
1705.735186 543.999456 1302050847
1729.898320 544.443900 1302050850
1750.834186 544.332789 1302050852
1777.231582 543.555012 1302050854
1805.035736 543.888345 1302050856
1833.419143 544.221678 1302050858
1862.050801 544.221678 1302050860
1891.675465 544.443900 1302050862
1922.044883 545.666121 1302050864
1952.166050 547.110564 1302050866
1982.369967 547.999452 1302050868
2013.235888 549.110562 1302050870
2058.748639 549.999450 1302050873
2088.621555 549.666117 1302050875
2118.163468 549.777228 1302050877
2147.870882 549.666117 1302050879
2178.074800 549.332784 1302050881
2208.775219 549.999450 1302050883
2239.144637 551.110560 1302050885
2269.100303 551.666115 1302050887
2298.890468 551.888337 1302050889
2327.439376 551.443893 1302050891
2355.326280 551.443893 1302050893
2383.213184 551.666115 1302050895
2410.934588 551.999448 1302050897
2438.242239 553.666113 1302050899
2464.225883 554.999445 1302050901
2488.637268 555.666111 1302050903
2512.138398 556.443888 1302050905
2535.391276 557.110554 1302050907
2559.471660 557.110554 1302050909
2585.124301 557.221665 1302050911
2611.521697 556.888332 1302050913
2637.008838 556.888332 1302050915
2661.999477 557.443887 1302050917
2685.997110 558.666108 1302050919
2709.167238 559.332774 1302050921
2730.185854 559.554996 1302050923
2760.058769 559.666107 1302050926
2780.249881 560.221662 1302050928
2801.102996 560.666106 1302050930
2823.031868 561.777216 1302050932
2846.367497 562.110549 1302050934
2869.951377 561.888327 1302050936
2893.452507 562.332771 1302050938
2915.050377 562.888326 1302050940
2940.041015 563.777214 1302050943
2964.452400 567.999432 1302050947
2985.388266 571.888317 1302050969
2997.635334 593.777184 1302050974
2996.145825 617.666049 1302050977
2994.739068 638.332695 1302050979
2993.332310 661.888227 1302050981
2992.504805 688.221534 1302050983
2991.760051 715.999284 1302050985
2991.015297 744.554811 1302050987
2989.277537 771.777006 1302050989
2987.208776 795.665871 1302050991
2984.478011 820.888068 1302050994
2992.422055 842.776935 1302051013
3016.998941 843.665823 1302051017
3044.058340 843.443601 1302051020
3066.400964 843.888045 1302051022
3092.384608 844.110267 1302051024
3119.113006 843.554712 1302051026
3145.510402 842.776935 1302051028
3168.432278 841.888047 1302051030
3193.671168 840.443604 1302051033
