3268.312081 842.332491 1302907099
3289.992701 845.888043 1302907123
3311.342319 841.332492 1302907127
3314.321336 816.776961 1302907131
3314.486836 791.110320 1302907134
3315.645343 770.777007 1302907137
3317.631354 750.554805 1302907148
3317.714104 727.999272 1302907154
3318.045106 700.332633 1302907158
3318.293357 678.554877 1302907161
3317.134851 653.888235 1302907164
3315.893594 629.443815 1302907167
3316.141846 608.999391 1302907172
3299.757255 591.666075 1302907198
3275.263119 589.777188 1302907201
3254.244503 588.554967 1302907203
3230.412371 587.888301 1302907205
3204.511478 586.999413 1302907207
3178.941587 586.110525 1302907209
3154.695702 585.332748 1302907211
3131.856576 585.110526 1302907213
3111.003461 584.777193 1302907215
3087.833333 584.221638 1302907218
3066.649215 582.221640 1302907243
3040.169069 582.221640 1302907249
3015.178431 582.221640 1302907252
2987.291526 581.110530 1302907255
2967.265916 580.221642 1302907257
2945.006042 580.110531 1302907259
2919.932654 579.888309 1302907261
2893.204256 579.666087 1302907263
2866.641359 579.221643 1302907265
2841.402469 578.888310 1302907267
2817.404836 578.666088 1302907269
2795.227714 578.443866 1302907271
2774.209098 578.221644 1302907273
2752.942230 577.888311 1302907275
2730.268604 577.221645 1302907277
2706.022720 576.443868 1302907279
2683.597346 574.110537 1302907281
2661.916726 572.777205 1302907283
2640.815360 572.888316 1302907285
2615.328219 573.110538 1302907288
2592.240841 572.777205 1302907292
2570.146469 572.554983 1302907317
2549.624355 572.221650 1302907320
2520.827196 571.999428 1302907323
2497.326066 571.554984 1302907325
2471.673424 571.332762 1302907327
2443.621019 570.888318 1302907329
2415.237612 570.332763 1302907331
2386.605953 569.777208 1302907333
2357.726043 568.554987 1302907335
2330.666644 568.110543 1302907337
2304.269248 567.666099 1302907339
2276.961597 566.999433 1302907341
2250.233199 566.777211 1302907343
2224.580557 566.332767 1302907345
2199.176166 565.666101 1302907347
2171.785765 565.110546 1302907349
2142.161101 564.777213 1302907351
2110.798677 564.332769 1302907353
2078.112247 563.666103 1302907355
2044.763812 563.110548 1302907357
2012.242882 562.443882 1302907359
1980.632207 561.777216 1302907361
1950.345540 560.999439 1302907363
1922.210384 560.221662 1302907365
1897.716249 559.221663 1302907367
1876.118379 558.777219 1302907369
1855.844517 558.332775 1302907371
1829.033369 557.777220 1302907374
1807.104497 556.888332 1302907377
1786.665134 556.666110 1302907391
1762.998503 556.554999 1302907395
1733.125588 556.554999 1302907398
1708.879704 556.666110 1302907400
1681.903055 556.777221 1302907402
1653.105895 556.554999 1302907404
1623.894984 556.443888 1302907406
1596.256331 556.999443 1302907408
1570.355438 557.666109 1302907410
1547.185309 557.332776 1302907412
1522.277422 556.777221 1302907415
1508.209844 571.332762 1302907419
1506.306583 592.554963 1302907422
1505.148077 622.332711 1302907425
1504.817075 646.554909 1302907427
1504.486073 673.221549 1302907429
1503.989570 700.999299 1302907431
1503.244816 727.332606 1302907433
1502.251811 750.999249 1302907435
1502.003559 771.999228 1302907437
1502.582813 796.110315 1302907440
1492.321756 814.999185 1302907449
1471.220389 816.665850 1302907452
1444.657492 816.110295 1302907455
1421.818366 814.665852 1302907457
1398.234485 816.443628 1302907459
1375.478109 817.332516 1302907461
1354.873245 817.665849 1302907463
1333.440877 814.999185 1302907466
1311.015503 816.443628 1302907475
1281.556340 820.999179 1302907483
1255.407195 820.332513 1302907485
1230.995810 819.221403 1302907487
1207.825682 818.776959 1302907489
1186.393313 817.332516 1302907491
1164.712693 815.999184 1302907494
1146.093840 823.554732 1302907499
1140.632310 851.332482 1302907503
1140.466809 876.776901 1302907506
1141.459815 904.554651 1302907509
1143.197574 930.332403 1302907512
1143.942329 954.554601 1302907515
1142.039068 981.221241 1302907519
1139.060052 1003.332330 1302907523
1132.109013 1025.998974 1302907528
1115.310670 1041.110070 1302907537
1134.757028 1048.221174 1302907548
