3215.682790 834.888054 1303244318
3237.942663 837.332496 1303244331
3262.850551 836.888052 1303244334
3288.834195 838.221384 1303244337
3310.763066 833.665833 1303244341
3311.673321 810.443634 1303244345
3313.245580 786.554769 1303244357
3313.824833 762.221460 1303244360
3314.404086 741.110370 1303244362
3314.817838 717.110394 1303244364
3314.652337 692.665974 1303244366
3314.155835 667.332666 1303244368
3314.155835 642.666024 1303244370
3313.576581 622.110489 1303244372
3309.108057 602.110509 1303244375
3284.944923 594.443850 1303244379
3256.892518 593.221629 1303244382
3233.308637 591.999408 1303244384
3207.076742 591.221631 1303244386
3180.100093 590.554965 1303244388
3153.206194 589.666077 1303244390
3124.988288 588.332745 1303244392
3096.025628 587.110524 1303244394
3068.966228 586.999413 1303244396
3036.114296 587.443857 1303244399
3012.613166 586.110525 1303244410
2988.781035 584.888304 1303244414
2961.638884 583.666083 1303244418
2937.558501 582.999417 1303244421
2913.312617 581.999418 1303244424
2886.087716 580.888308 1303244427
2864.489847 580.443864 1303244429
2842.891977 579.666087 1303244431
2821.625110 579.110532 1303244433
2800.606494 578.332755 1303244435
2779.918879 577.332756 1303244437
2750.873468 576.221646 1303244440
2722.159060 575.110536 1303244443
2694.603157 573.777204 1303244446
2670.522774 571.554984 1303244449
2645.366635 570.777207 1303244453
2621.120751 570.443874 1303244457
2597.536870 570.443874 1303244462
2575.276997 567.888321 1303244488
2554.258381 567.443877 1303244492
2531.915757 567.221655 1303244495
2508.249126 566.554989 1303244498
2482.596484 565.221657 1303244501
2461.743369 563.888325 1303244503
2439.235244 563.110548 1303244505
2416.975371 562.554993 1303244507
2394.053494 561.777216 1303244509
2370.552364 561.221661 1303244511
2347.630488 560.777217 1303244513
2325.287864 560.110551 1303244515
2302.696989 559.443885 1303244517
2281.843874 558.999441 1303244519
2253.956969 558.221664 1303244522
2229.214582 557.999442 1303244525
2206.623708 557.443887 1303244528
2182.626075 557.110554 1303244532
2157.138934 556.666110 1303244537
2132.065545 556.554999 1303244540
2111.046929 556.332777 1303244542
2086.718294 556.554999 1303244544
2060.072647 557.221665 1303244546
2032.682245 557.443887 1303244548
2005.871097 556.666110 1303244550
1979.142699 556.110555 1303244552
1952.828053 555.555000 1303244554
1927.506413 555.110556 1303244556
1903.177779 554.666112 1303244558
1879.759399 554.110557 1303244560
1857.085774 553.555002 1303244562
1835.818906 552.999447 1303244564
1809.256009 552.666114 1303244567
1786.830635 552.999447 1303244571
1766.722274 554.777223 1303244582
1746.117410 555.666111 1303244593
1719.140761 555.443889 1303244596
1696.880888 555.221667 1303244598
1672.055750 555.443889 1303244600
1645.410103 555.888333 1303244602
1618.681705 555.999444 1303244604
1593.360065 556.332777 1303244606
1569.776184 556.554999 1303244608
1542.220282 556.443888 1303244611
1519.712157 556.332777 1303244615
1508.623596 574.888314 1303244620
1510.195855 598.221624 1303244623
1510.526857 618.221604 1303244625
1510.775108 640.777137 1303244627
1510.361356 665.554890 1303244629
1509.699352 691.110420 1303244631
1509.451101 716.332617 1303244633
1509.782102 737.888151 1303244635
1509.451101 763.554792 1303244639
1507.547840 785.776992 1303244643
1497.452284 807.665859 1303244650
1472.378896 811.221411 1303244654
1454.918549 823.665843 1303244659
1432.741426 830.332503 1303244664
1408.081790 828.554727 1303244672
1382.760150 826.888062 1303244675
1357.521260 827.443617 1303244678
1336.999147 828.776949 1303244683
1329.055103 852.332481 1303244694
1304.809218 860.332473 1303244697
1282.714846 860.776917 1303244699
1258.386212 857.443587 1303244701
1237.698597 854.665812 1303244703
1211.549453 851.999148 1303244706
1188.793077 851.554704 1303244710
1176.215007 867.221355 1303244714
1165.871200 888.110223 1303244717
1152.548376 910.221312 1303244720
1144.273330 937.776840 1303244723
1139.391053 965.221257 1303244726
1135.998285 991.887897 1303244729
1132.605516 1016.332317 1303244732
1130.123002 1036.998963 1303244735
1118.124186 1053.998946 1303244741
1138.480798 1056.776721 1303244747
