3206.745740 837.888051 1303245406
3228.674612 840.110271 1303245411
3254.575505 841.110270 1303245415
3278.490387 842.110269 1303245420
3302.819022 842.332491 1303245424
3315.893594 821.332512 1303245429
3314.486836 795.665871 1303245432
3313.990334 774.443670 1303245434
3314.155835 750.221472 1303245436
3314.735088 725.110386 1303245438
3314.983339 701.110410 1303245440
3314.817838 678.665988 1303245442
3314.652337 658.110453 1303245444
3314.652337 634.666032 1303245447
3315.148840 614.666052 1303245452
3311.838822 591.554964 1303245471
3285.937929 587.221635 1303245475
3257.968274 585.554970 1303245478
3235.542900 584.777193 1303245480
3212.041770 584.221638 1303245482
3188.871642 583.554972 1303245484
3166.860020 582.666084 1303245486
3145.179400 582.332751 1303245488
3123.416029 582.110529 1303245490
3101.238907 582.221640 1303245492
3079.641037 582.221640 1303245494
3058.456920 582.110529 1303245496
3036.941801 581.666085 1303245498
3015.840434 581.221641 1303245500
2995.566572 580.777197 1303245502
2966.024659 579.110532 1303245505
2937.889503 578.332755 1303245508
2909.340595 577.999422 1303245511
2889.149483 577.221645 1303245513
2868.544619 576.666090 1303245515
2848.188007 575.888313 1303245517
2828.079646 575.332758 1303245519
2798.041229 574.888314 1303245522
2777.353615 574.666092 1303245524
2756.086747 574.110537 1303245526
2734.075125 573.554982 1303245528
2712.477256 572.777205 1303245530
2690.300133 571.888317 1303245532
2667.212756 571.443873 1303245534
2643.297873 571.221651 1303245536
2619.382991 570.999429 1303245538
2595.716360 571.110540 1303245540
2572.215230 570.888318 1303245542
2548.879601 570.443874 1303245544
2525.792223 570.332763 1303245546
2502.622095 569.999430 1303245548
2479.203715 569.888319 1303245550
2455.702585 569.443875 1303245552
2432.035955 569.110542 1303245554
2408.783076 568.443876 1303245556
2385.281946 567.554988 1303245558
2361.284313 567.221655 1303245560
2337.121179 566.666100 1303245562
2313.040796 566.443878 1303245564
2288.712162 566.110545 1303245566
2264.300777 565.666101 1303245568
2239.889392 565.221657 1303245570
2215.560757 564.777213 1303245572
2191.480374 564.110547 1303245574
2167.648242 563.443881 1303245576
2144.229862 563.221659 1303245578
2120.811483 562.554993 1303245580
2097.558604 561.666105 1303245582
2073.726472 560.777217 1303245584
2050.142592 559.666107 1303245586
2026.062209 559.443885 1303245588
2002.064576 559.110552 1303245590
1978.728947 558.110553 1303245592
1955.310567 556.221666 1303245594
1931.064683 554.888334 1303245596
1905.991294 554.332779 1303245598
1880.421403 553.888335 1303245600
1854.686011 553.999446 1303245602
1829.033369 553.999446 1303245604
1803.546228 553.999446 1303245606
1778.059087 553.888335 1303245608
1752.985698 554.443890 1303245610
1728.657063 554.555001 1303245612
1705.735186 554.443890 1303245614
1683.723565 553.999446 1303245616
1662.042945 553.666113 1303245618
1640.858828 553.888335 1303245620
1620.750466 555.110556 1303245622
1592.780812 556.332777 1303245625
1567.210920 557.110554 1303245628
1546.688807 557.221665 1303245631
1525.339188 556.110555 1303245656
1508.375345 567.888321 1303245662
1510.526857 587.999412 1303245666
1510.940609 608.999391 1303245669
1510.030354 635.443809 1303245672
1509.699352 665.221557 1303245675
1509.285600 685.332648 1303245677
1509.202849 706.110405 1303245679
1508.871847 726.110385 1303245681
1508.209844 755.665911 1303245684
1507.134088 780.332553 1303245687
1507.382339 802.110309 1303245697
1486.694725 813.110298 1303245703
1464.352101 810.776967 1303245706
1440.933722 807.776970 1303245709
1419.915105 802.665864 1303245712
1396.165724 803.554752 1303245715
1375.395359 803.888085 1303245718
1354.376743 805.221417 1303245721
1330.461860 806.776971 1303245725
1310.353499 810.110301 1303245732
1289.583134 808.776969 1303245737
1264.675246 809.443635 1303245740
1240.925865 810.665856 1303245743
1215.686975 811.776966 1303245746
1190.282585 811.110300 1303245749
1169.512220 812.110299 1303245752
1147.831600 813.776964 1303245757
1139.639305 833.443611 1303245761
1137.074041 856.443588 1303245764
1136.246536 878.665788 1303245767
1135.088030 903.999096 1303245770
1133.681272 929.110182 1303245773
1133.184769 953.332380 1303245776
1132.440015 977.221245 1303245779
1131.778011 999.443445 1303245782
1132.605516 1019.554536 1303245785
1126.978485 1039.110072 1303245789
1135.915534 1057.221165 1303245796
