1140.880562 1051.443393 1303246096
1160.823422 1060.110051 1303246115
1187.551820 1063.887825 1303246120
1210.887449 1065.332268 1303246123
1231.326812 1065.332268 1303246126
1251.186922 1062.110049 1303246130
1274.853553 1060.332273 1303246135
1300.009692 1063.776714 1303246139
1320.531805 1064.110047 1303246142
1342.460677 1064.221158 1303246145
1367.947818 1065.443379 1303246149
1391.862700 1065.332268 1303246154
1415.860333 1067.443377 1303246158
1436.878949 1062.332271 1303246164
1457.152811 1065.998934 1303246176
1473.868404 1049.110062 1303246182
1477.840426 1028.221194 1303246185
1481.398695 1002.776775 1303246188
1485.039716 975.443469 1303246191
1488.928987 946.887942 1303246194
1490.749497 919.999080 1303246197
1492.818259 895.443549 1303246200
1493.811264 871.221351 1303246203
1496.873031 850.110261 1303246206
1501.424306 827.776950 1303246210
1502.665563 803.221419 1303246217
1503.244816 780.443664 1303246220
1504.651574 754.221468 1303246223
1504.072321 726.665940 1303246226
1504.568824 698.665968 1303246229
1505.148077 670.221552 1303246232
1505.892831 641.332692 1303246235
1506.223833 613.666053 1303246238
1506.389334 587.777190 1303246241
1506.058332 564.777213 1303246244
1511.106110 543.888345 1303246248
1530.552467 535.999464 1303246253
1556.618862 536.221686 1303246257
1577.968480 535.777242 1303246260
1602.048863 535.888353 1303246264
1625.715494 536.221686 1303246269
1648.554620 537.110574 1303246275
1672.635003 538.777239 1303246289
1693.239867 538.555017 1303246292
1720.051016 538.888350 1303246295
1741.152382 539.443905 1303246297
1764.239760 539.999460 1303246299
1788.816646 540.555015 1303246301
1814.303787 541.555014 1303246303
1840.039179 542.221680 1303246305
1865.526320 542.888346 1303246307
1890.434208 543.110568 1303246309
1914.597342 542.777235 1303246311
1938.594975 543.555012 1303246313
1962.096105 543.777234 1303246315
1984.604229 543.777234 1303246317
2005.953847 543.666123 1303246319
2032.185742 543.777234 1303246322
2054.280115 542.888346 1303246326
2077.367492 538.888350 1303246338
2097.393103 537.999462 1303246341
2124.535253 539.666127 1303246344
2145.802121 540.443904 1303246346
2168.806748 541.332792 1303246348
2192.225128 542.555013 1303246350
2215.478006 543.443901 1303246352
2238.399883 544.332789 1303246354
2260.990758 544.999455 1303246356
2283.747134 545.888343 1303246358
2306.172508 546.443898 1303246360
2327.770378 547.110564 1303246362
2349.119996 547.666119 1303246364
2370.386863 548.443896 1303246366
2391.653731 549.332784 1303246368
2412.920599 549.999450 1303246370
2434.187466 550.666116 1303246372
2455.371584 551.555004 1303246374
2476.472950 552.332781 1303246376
2497.574317 553.332780 1303246378
2519.337688 553.443891 1303246380
2542.011313 554.221668 1303246382
2565.595193 555.221667 1303246384
2588.930823 555.443889 1303246386
2612.431953 555.888333 1303246388
2635.850332 556.221666 1303246390
2659.268712 556.554999 1303246392
2682.604341 556.999443 1303246394
2706.270972 557.999442 1303246396
2729.275599 558.999441 1303246398
2752.362977 558.777219 1303246400
2774.788351 558.999441 1303246402
2797.213725 559.554996 1303246404
2821.376858 560.221662 1303246406
2847.277752 560.777217 1303246408
2873.013144 561.221661 1303246410
2896.431524 561.666105 1303246412
2923.408173 562.221660 1303246415
2947.405806 565.666101 1303246419
2970.989686 566.554989 1303246443
2990.105042 579.554976 1303246448
2993.084058 604.888284 1303246452
2992.422055 626.999373 1303246458
2992.008302 649.332684 1303246462
2991.346299 676.221546 1303246465
2990.518794 705.777072 1303246468
2990.187792 728.777049 1303246470
2989.691290 753.110358 1303246472
2988.863785 776.110335 1303246474
2986.546772 803.776974 1303246477
2987.622528 828.554727 1303246481
3006.737884 836.332497 1303246485
3031.314770 834.554721 1303246488
3052.002384 834.443610 1303246490
3073.931256 834.776943 1303246492
3095.529125 834.888054 1303246494
3127.222550 836.110275 1303246497
3148.323917 836.554719 1303246499
3174.721313 837.221385 1303246502
3195.574429 838.221384 1303246507
