3315.562592 601.554954 1303250332
3298.764249 585.443859 1303250343
3274.766617 584.888304 1303250346
3253.913501 584.888304 1303250348
3230.577872 584.443860 1303250350
3206.331988 583.554972 1303250352
3185.065120 582.999417 1303250354
3162.060493 582.221640 1303250357
3141.124627 581.888307 1303250362
3115.802987 582.999417 1303250375
3088.660837 583.443861 1303250378
3068.469725 583.443861 1303250380
3042.155080 583.443861 1303250383
3020.143458 583.666083 1303250387
2998.628339 582.554973 1303250413
2978.602728 580.777197 1303250417
2950.964075 580.221642 1303250421
2930.855714 579.554976 1303250423
2908.016588 578.332755 1303250425
2882.363946 577.332756 1303250427
2854.808043 576.999423 1303250429
2827.334891 576.554979 1303250431
2800.027240 575.888313 1303250433
2772.719589 575.443869 1303250435
2744.749935 574.666092 1303250437
2715.539023 574.110537 1303250439
2686.659113 573.554982 1303250441
2657.779203 571.443873 1303250443
2625.672026 570.666096 1303250445
2593.068345 570.221652 1303250447
2560.712916 569.777208 1303250449
2528.605739 569.332764 1303250451
2496.002058 568.888320 1303250453
2463.812130 568.554987 1303250455
2432.201455 567.999432 1303250457
2400.259779 567.110544 1303250459
2367.904350 566.443878 1303250461
2334.721416 565.999434 1303250463
2301.455732 565.110546 1303250465
2267.859046 564.443880 1303250467
2234.345111 563.777214 1303250469
2201.327678 563.110548 1303250471
2168.723998 562.443882 1303250473
2137.527075 561.999438 1303250475
2106.909406 561.666105 1303250477
2076.539988 561.332772 1303250479
2046.667073 560.777217 1303250481
2017.125159 560.332773 1303250483
1987.831497 559.777218 1303250485
1958.537835 559.221663 1303250487
1929.740676 558.332775 1303250489
1902.598526 557.777220 1303250491
1878.021640 557.443887 1303250493
1851.044990 557.332776 1303250496
1826.716356 556.666110 1303250500
1803.877229 556.332777 1303250505
1780.293349 556.221666 1303250508
1759.522984 556.221666 1303250510
1736.352856 556.110555 1303250512
1712.189722 555.666111 1303250514
1687.447335 555.110556 1303250516
1662.208446 554.666112 1303250518
1636.224802 554.666112 1303250520
1611.316914 555.221667 1303250522
1587.981285 555.777222 1303250524
1561.170137 557.110554 1303250527
1540.151520 556.999443 1303250533
1518.057148 559.554996 1303250551
1512.016365 582.777195 1303250557
1509.533851 604.999395 1303250574
1508.871847 628.554927 1303250577
1508.540846 649.332684 1303250579
1508.127093 672.554883 1303250581
1507.878842 696.443748 1303250583
1507.547840 717.999282 1303250585
1506.720335 738.554817 1303250587
1506.223833 764.777013 1303250590
1506.141082 787.776990 1303250594
1500.927803 808.888080 1303250602
1477.757675 813.776964 1303250606
1452.187784 811.110300 1303250609
1432.244923 809.221413 1303250611
1411.391808 808.665858 1303250613
1391.200696 809.665857 1303250615
1363.479293 809.443635 1303250618
1339.895413 812.554743 1303250621
1317.635539 814.999185 1303250626
1295.789419 825.554730 1303250639
1275.763808 825.110286 1303250641
1252.676430 824.776953 1303250643
1228.430546 823.776954 1303250645
1207.329179 822.999177 1303250647
1181.676537 822.443622 1303250650
1164.381692 811.776966 1303250657
1156.106646 835.110276 1303250662
1151.141618 857.554698 1303250665
1148.907356 882.888006 1303250668
1149.403859 904.554651 1303250670
1149.403859 927.221295 1303250672
1147.583349 956.665710 1303250675
1146.838595 986.221236 1303250678
1146.507593 1013.665653 1303250681
1146.093840 1034.665632 1303250684
1128.467993 1045.443399 1303250689
