3316.224596 594.888294 1303330833
3293.137218 588.777189 1303330838
3267.567327 590.443854 1303330841
3238.108164 591.777186 1303330844
3217.337799 592.221630 1303330846
3188.788891 591.999408 1303330849
3165.536012 591.443853 1303330853
3142.862387 589.888299 1303330867
3119.113006 591.110520 1303330871
3090.315846 592.221630 1303330874
3066.400964 591.777186 1303330876
3041.741328 590.777187 1303330878
3017.495443 589.554966 1303330880
2993.084058 588.443856 1303330882
2969.417427 587.443857 1303330884
2946.081798 586.443858 1303330886
2923.739175 585.221637 1303330888
2903.217061 583.999416 1303330890
2877.481669 583.554972 1303330893
2854.559792 582.888306 1303330897
2833.458425 581.999418 1303330924
2807.888534 583.554972 1303330928
2780.746384 583.999416 1303330931
2758.486511 583.443861 1303330933
2734.902630 581.554974 1303330935
2711.732502 579.777198 1303330937
2690.796636 579.110532 1303330939
2668.950515 578.666088 1303330941
2646.690642 578.443866 1303330943
2624.182518 577.777200 1303330945
2602.584648 577.110534 1303330947
2578.173263 574.999425 1303330950
2555.747889 571.443873 1303330969
2530.260748 571.332762 1303330973
2502.125592 570.443874 1303330976
2480.362222 569.777208 1303330978
2457.523096 568.999431 1303330980
2433.525463 568.554987 1303330982
2408.038322 568.332765 1303330984
2381.061673 567.666099 1303330986
2353.754021 566.554989 1303330988
2326.198119 565.777212 1303330990
2298.973218 565.221657 1303330992
2270.424310 564.332769 1303330994
2242.537406 563.443881 1303330996
2218.374273 562.332771 1303330998
2198.183161 561.332772 1303331000
2175.426785 560.332773 1303331003
2154.573670 560.110551 1303331009
2129.500281 561.443883 1303331036
2104.344142 561.221661 1303331039
2084.153030 560.554995 1303331041
2061.396654 559.554996 1303331043
2037.481772 558.999441 1303331045
2012.987636 558.777219 1303331047
1987.665996 558.443886 1303331049
1961.516852 558.110553 1303331051
1935.533208 557.554998 1303331053
1910.046067 556.999443 1303331055
1884.972678 556.666110 1303331057
1860.892295 556.443888 1303331059
1838.218669 555.888333 1303331061
1817.200053 555.332778 1303331063
1791.381910 554.555001 1303331066
1768.046281 553.666113 1303331070
1744.379650 554.666112 1303331076
1719.885515 555.443889 1303331079
1698.535897 555.332778 1303331081
1674.621014 555.443889 1303331083
1649.382125 555.443889 1303331085
1623.232980 555.777222 1303331087
1597.663089 556.221666 1303331089
1573.168953 556.332777 1303331091
1550.329827 556.332777 1303331093
1524.097932 555.888333 1303331096
1509.037348 574.332759 1303331101
1511.685363 597.888291 1303331104
1512.016365 628.110483 1303331107
1511.602613 649.888239 1303331109
1511.354361 670.999329 1303331111
1510.444106 700.110411 1303331114
1509.533851 727.110384 1303331117
1508.871847 751.554804 1303331120
1507.961592 772.110339 1303331123
1507.299589 793.888095 1303331128
1498.279789 812.332521 1303331139
1474.695908 817.443627 1303331145
1451.443030 822.999177 1303331150
1430.672665 824.665842 1303331153
1409.157546 827.110284 1303331156
1384.084157 827.776950 1303331160
1362.982790 828.443616 1303331164
1342.129675 834.221388 1303331170
1318.049292 836.332497 1303331179
1293.555156 833.888055 1303331182
1263.682241 832.999167 1303331185
1242.663625 831.776946 1303331187
1222.224262 830.443614 1303331189
1202.115900 828.888060 1303331191
1176.215007 826.110285 1303331194
1154.865389 822.776955 1303331198
1133.764022 830.554725 1303331206
1129.709250 854.221368 1303331210
1128.964496 874.332459 1303331213
1128.716244 901.332432 1303331217
1129.129997 923.110188 1303331220
1129.792000 948.110163 1303331224
1129.957501 971.221251 1303331228
1130.205753 993.776784 1303331232
1130.950507 1014.332319 1303331236
1115.972674 1028.776749 1303331245
1120.606699 1050.554505 1303331249
