3320.031117 591.110520 1302053438
3304.970534 575.888313 1302053454
3280.890151 577.221645 1302053457
3258.547527 577.332756 1302053459
3233.887891 576.332757 1302053461
3208.731751 574.999425 1302053463
3185.065120 573.221649 1302053465
3164.460256 571.554984 1302053467
3140.297123 568.110543 1302053470
3120.188762 565.777212 1302053492
3092.963861 567.777210 1302053496
3063.918450 568.221654 1302053499
3041.327575 568.221654 1302053501
3016.254187 568.221654 1302053503
2989.029286 568.221654 1302053505
2960.811380 567.999432 1302053507
2931.021215 567.554988 1302053509
2901.231050 566.888322 1302053511
2873.013144 566.554989 1302053513
2847.857005 565.332768 1302053515
2826.259135 564.666102 1302053517
2805.737022 564.221658 1302053519
2783.228897 563.999436 1302053521
2757.907257 564.110547 1302053523
2731.261610 563.666103 1302053525
2702.464451 563.666103 1302053527
2672.012282 563.666103 1302053529
2640.070605 563.777214 1302053531
2609.618437 564.666102 1302053533
2580.490276 564.777213 1302053535
2551.858617 564.777213 1302053537
2524.468216 564.554991 1302053539
2497.657068 564.332769 1302053541
2471.342422 563.777214 1302053543
2444.283022 563.110548 1302053545
2415.816865 562.888326 1302053547
2386.357702 562.554993 1302053549
2357.726043 562.332771 1302053551
2329.921890 562.221660 1302053553
2302.117736 560.888328 1302053555
2275.472088 559.666107 1302053557
2249.819446 558.110553 1302053559
2225.325311 557.110554 1302053561
2201.824181 555.999444 1302053563
2179.067805 555.443889 1302053565
2155.897677 555.332778 1302053567
2133.389552 555.666111 1302053569
2111.295180 555.777222 1302053571
2088.373303 555.555000 1302053573
2051.466599 554.888334 1302053576
2025.317454 554.777223 1302053578
1998.175304 554.555001 1302053580
1970.619402 553.999446 1302053582
1943.311751 553.443891 1302053584
1915.590347 553.221669 1302053586
1888.365447 552.443892 1302053588
1862.381803 551.555004 1302053590
1838.053168 550.777227 1302053592
1816.455299 549.888339 1302053594
1787.740890 548.999451 1302053597
1764.157010 548.443896 1302053600
1742.393639 548.110563 1302053604
1720.547518 550.443894 1302053622
1692.329612 554.666112 1302053626
1671.973000 555.443889 1302053628
1649.216624 555.221667 1302053630
1625.467242 554.666112 1302053632
1602.628116 554.332779 1302053634
1575.072214 554.221668 1302053637
1553.805346 553.999446 1302053640
1532.372977 552.555003 1302053645
1510.775108 555.443889 1302053669
1503.079315 575.332758 1302053673
1505.727330 599.999400 1302053676
1505.230827 631.332702 1302053679
1503.989570 657.666009 1302053681
1502.748314 686.888202 1302053683
1501.838058 715.332618 1302053685
1501.176055 742.110369 1302053687
1501.093304 765.665901 1302053689
1501.424306 790.110321 1302053692
1497.204033 810.332523 1302053712
1475.440662 820.999179 1302053718
1448.877765 828.443616 1302053722
1428.107401 832.221390 1302053724
1402.868511 832.443612 1302053726
1377.960623 831.888057 1302053728
1356.362754 829.554726 1302053730
1335.675139 825.888063 1302053733
1316.146031 821.554734 1302053740
1312.174009 842.110269 1302053747
1307.374483 864.110247 1302053751
1287.514373 878.888010 1302053754
1267.737013 883.999116 1302053756
1242.415373 886.999113 1302053759
1218.169489 886.221336 1302053762
1189.703332 885.443559 1302053765
1168.601965 886.110225 1302053767
1145.266336 886.776891 1302053769
1118.620688 884.999115 1302053771
1092.802546 882.221340 1302053773
1067.232654 876.999123 1302053775
1043.566023 869.999130 1302053777
1017.830631 861.999138 1302053780
998.467024 850.110261 1302053784
