3033.962785 581.554974 1303332117
3013.440671 580.443864 1303332132
2989.691290 579.443865 1303332136
2964.617901 578.332755 1303332139
2935.572490 577.554978 1303332142
2913.643619 576.777201 1303332144
2890.887243 576.332757 1303332146
2868.710120 576.221646 1303332148
2848.353508 575.332758 1303332150
2827.086640 574.221648 1303332152
2805.488771 571.888317 1303332154
2783.063396 570.332763 1303332156
2760.638022 569.443875 1303332158
2737.716146 568.666098 1303332160
2715.373522 568.332765 1303332162
2694.272155 567.777210 1303332164
2673.832792 567.554988 1303332166
2653.310679 567.554988 1303332168
2632.374813 567.221655 1303332170
2611.852699 566.777211 1303332172
2585.538054 565.666101 1303332175
2564.767689 564.777213 1303332179
2539.446049 563.666103 1303332184
2512.469400 563.443881 1303332187
2490.044025 562.888326 1303332189
2464.639635 562.443882 1303332191
2437.000982 562.332771 1303332193
2407.128067 561.999438 1303332195
2376.262146 562.332771 1303332197
2345.478976 562.221660 1303332199
2315.440560 561.999438 1303332201
2286.477899 561.554994 1303332203
2259.584000 561.221661 1303332205
2235.917370 560.666106 1303332207
2215.643507 560.554995 1303332209
2190.901121 559.777218 1303332212
2170.213506 559.332774 1303332216
2144.726365 561.332772 1303332237
2118.659971 561.666105 1303332240
2095.076090 560.999439 1303332242
2068.761445 560.110551 1303332244
2040.460788 559.221663 1303332246
2011.829130 558.554997 1303332248
1982.783719 557.554998 1303332250
1953.821059 556.888332 1303332252
1924.941149 555.999444 1303332254
1896.805994 554.999445 1303332256
1869.746594 554.221668 1303332258
1844.673205 553.666113 1303332260
1821.337576 553.110558 1303332262
1800.815462 552.666114 1303332264
1776.486828 552.110559 1303332267
1752.820197 551.332782 1303332272
1728.739814 551.888337 1303332276
1700.852909 552.777225 1303332279
1678.427535 552.888336 1303332281
1654.429903 552.777225 1303332283
1629.356514 553.110558 1303332285
1604.117624 553.777224 1303332287
1579.126986 553.888335 1303332289
1555.874107 553.332780 1303332291
1528.897458 553.110558 1303332294
1511.023359 564.999435 1303332298
1509.864853 585.221637 1303332301
1511.271611 612.221610 1303332304
1510.692357 634.332699 1303332306
1510.113104 658.777119 1303332308
1509.699352 684.332649 1303332310
1508.871847 708.777069 1303332312
1507.630591 733.443711 1303332314
1505.727330 755.110356 1303332316
1504.237822 780.443664 1303332319
1502.334561 800.554755 1303332325
1486.115472 812.665854 1303332331
1461.621336 816.443628 1303332336
1434.230934 819.221403 1303332340
1409.571298 821.221401 1303332343
1386.318419 819.110292 1303332346
1365.713555 817.221405 1303332349
1345.522444 817.776960 1303332353
1323.676323 816.776961 1303332365
1298.768435 813.888075 1303332374
1272.288289 814.110297 1303332378
1243.656630 814.554741 1303332381
1222.307012 814.776963 1303332383
1201.205645 814.443630 1303332385
1173.815244 813.554742 1303332388
1153.375881 811.443633 1303332391
1133.433020 815.221407 1303332396
1125.240725 834.221388 1303332400
1124.909723 860.221362 1303332403
1126.150980 887.888001 1303332406
1127.805989 915.110196 1303332409
1128.302492 940.665726 1303332412
1128.964496 961.887927 1303332415
1129.874751 982.221240 1303332418
1130.123002 1003.110108 1303332421
1132.357264 1026.221196 1303332425
1113.324659 1038.221184 1303332431
1120.772200 1057.221165 1303332438
