3250.686233 1373.998626 1303255581
3276.338875 1370.665296 1303255586
3295.785233 1365.220857 1303255589
3309.439059 1345.554210 1303255593
3311.673321 1321.220901 1303255596
3311.838822 1300.332033 1303255598
3311.425070 1275.998724 1303255600
3310.763066 1248.776529 1303255602
3310.266563 1221.221001 1303255604
3309.687310 1195.887693 1303255606
3309.935561 1173.887715 1303255608
3310.101062 1147.776630 1303255611
3315.148840 1127.221095 1303255631
3316.307347 1106.998893 1303255635
3316.390097 1080.221142 1303255638
3317.548603 1057.998942 1303255640
3318.541609 1033.998966 1303255642
3319.948367 1009.776768 1303255644
3321.437875 985.554570 1303255646
3322.596381 962.665704 1303255648
3324.168640 940.443504 1303255650
3325.492647 918.554637 1303255652
3326.237401 889.887999 1303255655
3326.154651 867.443577 1303255659
3333.022939 848.665818 1303255673
3355.034561 844.332489 1303255677
3382.921465 848.332485 1303255680
3406.174344 849.776928 1303255682
3431.164982 852.221370 1303255684
3457.065875 853.999146 1303255686
3482.718517 855.332478 1303255688
3508.453910 856.776921 1303255690
3534.354803 857.888031 1303255692
3559.676443 858.888030 1303255694
3584.998083 859.554696 1303255696
3610.402474 860.110251 1303255698
3635.062110 860.999139 1303255700
3656.494478 861.776916 1303255702
3679.830108 862.665804 1303255705
3701.179726 863.776914 1303255722
3715.247304 880.554675 1303255736
3715.247304 902.999097 1303255739
3714.916302 923.221299 1303255741
3714.585300 947.776830 1303255743
3713.923296 976.110135 1303255745
3713.675045 1006.665660 1303255747
3713.426793 1037.665629 1303255749
3711.854535 1066.887822 1303255751
3710.944280 1090.776687 1303255753
3712.599289 1117.554438 1303255756
3711.358032 1140.332193 1303255771
3709.785773 1167.221055 1303255775
3709.206520 1192.221030 1303255777
3707.882513 1223.220999 1303255779
3706.972258 1254.887634 1303255781
3709.041019 1282.220940 1303255783
3712.020036 1308.220914 1303255785
3711.275282 1332.887556 1303255787
3712.185537 1356.554199 1303255789
3712.268287 1383.776394 1303255791
3710.944280 1411.998588 1303255793
3709.620272 1442.331891 1303255795
3708.296265 1470.220752 1303255797
3708.792768 1499.998500 1303255799
3709.206520 1530.331803 1303255801
3707.965263 1559.109552 1303255803
3705.979252 1586.887302 1303255805
3703.910491 1613.553942 1303255807
3702.089981 1634.665032 1303255809
3705.068997 1656.109455 1303255814
3710.447777 1677.331656 1303255834
3716.902313 1697.331636 1303255838
3719.219326 1725.887163 1303255841
3721.536338 1752.331581 1303255843
3716.985063 1774.109337 1303255848
3711.689034 1794.553761 1303255860
3702.420983 1812.442632 1303255884
3697.621456 1837.109274 1303255893
3700.103970 1864.775913 1303255897
3703.827740 1890.886998 1303255901
3705.565500 1913.998086 1303255904
3706.062003 1934.220288 1303255906
3703.993241 1961.998038 1303255908
3705.482750 1984.664682 1303255911
3705.896502 2008.442436 1303255915
3706.889507 2029.109082 1303255919
3700.021219 2052.664614 1303255922
3695.635445 2079.775698 1303255925
3691.746174 2099.553456 1303255928
3689.677412 2127.108984 1303255931
3691.828924 2150.331183 1303255934
3696.545700 2180.553375 1303255938
3705.151748 2208.442236 1303255940
3707.055008 2230.997769 1303255943
3701.924480 2257.553298 1303255948
3697.373205 2281.775496 1303255975
3697.455955 2302.331031 1303255978
3702.420983 2324.553231 1303255981
3712.930291 2345.219877 1303255985
3728.652878 2358.886530 1303255990
3749.257742 2356.886532 1303255995
3770.028107 2358.442086 1303256009
3785.088690 2343.553212 1303256020
3786.164446 2319.553236 1303256024
3781.778672 2299.997700 1303256027
3774.744883 2278.886610 1303256032
3763.490820 2259.775518 1303256056
3756.705283 2240.219982 1303256062
