1142.204569 1064.998935 1303333765
1163.967939 1075.887813 1303333786
1186.724315 1075.776702 1303333790
1207.991183 1073.665593 1303333793
1228.182295 1072.332261 1303333796
1250.442168 1071.443373 1303333800
1271.543534 1067.110044 1303333815
1293.968909 1069.554486 1303333821
1318.214793 1073.332260 1303333825
1339.233409 1075.221147 1303333828
1365.299803 1073.221149 1303333831
1386.814922 1071.998928 1303333834
1407.171535 1069.776708 1303333838
1426.783393 1077.998922 1303333862
1445.402246 1088.110023 1303333868
1461.869587 1072.332261 1303333874
1467.993121 1050.776727 1303333877
1471.551391 1030.887858 1303333879
1474.447657 1008.221214 1303333881
1477.509424 983.221239 1303333883
1480.984943 955.776822 1303333885
1483.467457 928.999071 1303333887
1485.784470 903.776874 1303333889
1488.515235 880.999119 1303333891
1492.487257 853.221369 1303333894
1495.880026 830.332503 1303333898
1506.389334 811.999188 1303333912
1509.947603 786.332547 1303333917
1511.933614 760.999239 1303333920
1511.602613 739.888149 1303333922
1511.023359 717.221505 1303333924
1510.775108 695.443749 1303333926
1511.106110 674.888214 1303333928
1511.768113 654.221568 1303333930
1511.933614 625.777152 1303333933
1511.685363 600.221622 1303333936
1511.023359 575.777202 1303333939
1510.444106 553.332780 1303333942
1517.560645 531.555024 1303333946
1546.109553 533.777244 1303333950
1574.492960 536.555019 1303333953
1601.966112 538.221684 1303333956
1625.301742 539.110572 1303333959
1647.809866 540.110571 1303333963
1668.331980 539.999460 1303333976
1692.660614 539.999460 1303333980
1721.788775 540.443904 1303333983
1745.041654 540.888348 1303333985
1770.115043 541.555014 1303333987
1797.174442 542.110569 1303333989
1825.971602 542.666124 1303333991
1855.513515 543.332790 1303333993
1884.972678 543.999456 1303333995
1913.935338 545.110566 1303333997
1942.401496 545.332788 1303333999
1970.122899 545.666121 1303334001
1996.106543 546.221676 1303334003
2018.862919 547.221675 1303334005
2046.336071 546.888342 1303334008
2068.264942 546.443898 1303334012
2091.931573 546.110565 1303334035
2114.191446 546.666120 1303334038
2145.140117 547.332786 1303334041
2169.551502 547.888341 1303334043
2196.610902 548.110563 1303334045
2225.325311 548.332785 1303334047
2254.453472 548.777229 1303334049
2283.747134 549.332784 1303334051
2314.364804 550.221672 1303334053
2346.554732 550.999449 1303334055
2380.151417 551.777226 1303334057
2414.161856 552.443892 1303334059
2447.262039 553.443891 1303334061
2479.617468 554.443890 1303334063
2511.310893 554.999445 1303334065
2542.838818 554.999445 1303334067
2574.697744 555.332778 1303334069
2607.301424 556.221666 1303334071
2638.001844 556.554999 1303334073
2664.481990 557.221665 1303334075
2687.983120 557.999442 1303334077
2711.649751 558.666108 1303334079
2735.730135 559.554996 1303334081
2759.727767 560.221662 1303334083
2783.725400 560.554995 1303334085
2808.633288 561.110550 1303334087
2834.203179 561.999438 1303334089
2859.276568 562.221660 1303334091
2879.881432 562.443882 1303334093
2900.900048 562.999437 1303334096
2921.091160 562.999437 1303334105
2941.034020 565.554990 1303334109
2961.887136 568.554987 1303334112
2982.740251 569.221653 1303334117
2992.173803 586.888302 1303334142
2992.173803 611.554944 1303334145
2991.842802 632.777145 1303334147
2991.594550 656.666010 1303334149
2991.429049 682.332651 1303334151
2990.767046 708.888180 1303334153
2990.436044 734.221488 1303334155
2990.270543 756.221466 1303334157
