1140.301308 1062.332271 1303334963
1160.244169 1066.776711 1303334984
1180.600781 1070.776707 1303334987
1209.315190 1072.443372 1303334990
1230.333806 1072.998927 1303334992
1250.607669 1073.554482 1303334994
1275.184555 1078.776699 1303334997
1297.609929 1085.221137 1303335000
1324.917580 1085.665581 1303335003
1347.591205 1080.887808 1303335005
1369.189075 1075.554480 1303335007
1395.007217 1072.665594 1303335010
1416.191335 1073.998926 1303335023
1427.941900 1091.665575 1303335029
1450.119022 1096.998903 1303335034
1463.028094 1078.554477 1303335039
1467.662119 1056.332277 1303335042
1471.882393 1035.554520 1303335044
1475.606163 1013.554542 1303335046
1479.495435 991.110120 1303335048
1482.888204 967.776810 1303335050
1485.536218 944.554611 1303335052
1486.529224 922.110189 1303335054
1486.611974 899.887989 1303335056
1487.108477 879.221343 1303335058
1488.928987 855.888033 1303335061
1490.501246 834.888054 1303335076
1491.246000 814.665852 1303335085
1494.638769 787.110324 1303335089
1498.693541 757.554798 1303335092
1501.838058 733.777044 1303335094
1504.237822 707.888181 1303335096
1505.479079 682.665984 1303335098
1507.216838 661.110450 1303335100
1509.202849 635.666031 1303335103
1513.505873 615.999384 1303335112
1511.850864 594.443850 1303335131
1511.188860 568.666098 1303335135
1517.974398 547.999452 1303335139
1542.385783 544.777233 1303335143
1570.024436 545.666121 1303335146
1599.069846 544.555011 1303335149
1625.467242 542.777235 1303335152
1648.306369 542.221680 1303335155
1670.400741 541.666125 1303335159
1691.336607 540.332793 1303335186
1717.403001 540.332793 1303335190
1746.448412 540.666126 1303335193
1768.625534 541.443903 1303335195
1793.781674 542.221680 1303335197
1821.254826 542.999457 1303335199
1850.300236 543.555012 1303335201
1880.255902 543.777234 1303335203
1910.211568 543.999456 1303335205
1940.249984 544.221678 1303335207
1969.129894 544.777233 1303335209
1996.106543 545.666121 1303335211
2021.262682 545.888343 1303335213
2043.522555 545.777232 1303335215
2069.588949 545.666121 1303335218
2091.766072 544.888344 1303335223
2113.612193 546.999453 1303335234
2138.933833 548.110563 1303335237
2160.283451 548.555007 1303335239
2184.694836 549.221673 1303335241
2211.340484 550.221672 1303335243
2239.061887 550.777227 1303335245
2267.362544 551.332782 1303335247
2295.911451 552.221670 1303335249
2325.205114 552.999447 1303335251
2354.829777 553.443891 1303335253
2385.033695 553.888335 1303335255
2415.568613 554.443890 1303335257
2446.682786 555.221667 1303335259
2477.714207 555.777222 1303335261
2508.580128 556.666110 1303335263
2539.032296 557.443887 1303335265
2569.898217 557.999442 1303335267
2600.598637 558.666108 1303335269
2631.299057 558.888330 1303335271
2661.337473 559.110552 1303335273
2690.631135 559.888329 1303335275
2719.180043 560.666106 1303335277
2746.818696 561.221661 1303335279
2773.464343 562.332771 1303335281
2799.365237 562.777215 1303335283
2825.514381 563.554992 1303335285
2852.656531 564.110547 1303335287
2880.543436 565.110546 1303335289
2908.347590 565.332768 1303335291
2933.669230 565.999434 1303335293
2956.094604 567.777210 1303335295
2979.761235 568.777209 1303335298
2996.642328 582.666084 1303335308
2998.297337 605.999394 1303335311
2997.469833 627.554928 1303335313
2996.642328 652.332681 1303335315
2995.814823 679.110432 1303335317
2994.821818 707.221515 1303335319
2994.077064 734.221488 1303335321
2993.580561 757.777020 1303335323
2992.256554 785.443659 1303335326
2988.532783 808.999191 1303335330
2988.284532 829.888059 1303335353
3007.648139 839.999160 1303335357
3032.721528 838.665828 1303335360
3053.905645 838.776939 1303335362
3076.579270 839.221383 1303335364
3100.080400 839.443605 1303335366
3122.009272 839.221383 1303335368
3149.234172 837.221385 1303335371
3171.411295 837.221385 1303335375
3192.678163 838.443606 1303335384
3212.703773 836.221386 1303335409
3232.315632 841.999158 1303335415
3253.830751 842.776935 1303335421
3278.986890 844.221378 1303335425
3301.329514 841.888047 1303335429
3308.942556 821.665845 1303335433
3307.949550 798.110313 1303335436
3308.115051 771.999228 1303335439
3308.942556 746.665920 1303335442
3309.190807 722.443722 1303335445
3308.528803 700.332633 1303335448
3307.122046 679.777098 1303335451
3306.791044 657.110454 1303335455
