3312.666326 606.777171 1303335575
3295.536982 589.888299 1303335593
3268.560332 588.666078 1303335596
3246.796962 588.443856 1303335598
3223.213081 587.554968 1303335600
3187.464884 586.443858 1303335603
3163.881003 586.777191 1303335605
3141.455629 586.666080 1303335607
3120.685264 586.443858 1303335609
3092.384608 585.554970 1303335612
3064.332203 587.110524 1303335615
3036.445298 588.777189 1303335618
3013.688922 586.443858 1303335622
2992.256554 583.888305 1303335642
2968.176171 581.888307 1303335645
2947.902308 580.110531 1303335647
2925.228683 577.777200 1303335649
2900.155294 575.888313 1303335651
2874.419902 573.999426 1303335653
2848.601759 572.221650 1303335655
2823.114618 570.332763 1303335657
2797.875728 568.777209 1303335659
2771.726584 567.554988 1303335661
2744.998186 566.443878 1303335663
2717.111282 564.332769 1303335665
2690.051882 560.888328 1303335667
2664.647491 557.110554 1303335669
2639.160350 555.777222 1303335671
2617.148729 554.555001 1303335673
2590.006578 551.666115 1303335676
2569.153463 549.332784 1303335681
2549.127852 544.332789 1303335709
2521.323698 546.555009 1303335713
2501.298088 547.110564 1303335715
2479.203715 547.110564 1303335717
2455.123332 547.332786 1303335719
2430.380945 547.555008 1303335721
2404.811054 547.888341 1303335723
2378.082656 548.110563 1303335725
2350.940506 547.999452 1303335727
2324.129358 547.332786 1303335729
2295.911451 546.999453 1303335731
2266.121287 546.443898 1303335733
2237.241377 544.999455 1303335735
2209.768225 544.777233 1303335737
2183.536330 544.999455 1303335739
2157.883688 544.555011 1303335741
2131.320791 545.443899 1303335743
2103.351136 546.332787 1303335745
2075.712483 546.888342 1303335747
2048.404832 546.332787 1303335749
2022.007436 545.999454 1303335751
1996.023792 546.443898 1303335753
1969.709147 546.777231 1303335755
1943.642753 546.888342 1303335757
1917.493608 547.110564 1303335759
1891.427214 547.221675 1303335761
1865.609071 547.332786 1303335763
1841.528688 547.888341 1303335765
1813.145281 548.221674 1303335768
1792.623167 549.110562 1303335771
1772.432055 550.443894 1303335790
1747.772419 551.110560 1303335794
1717.651252 551.555004 1303335797
1693.901871 551.555004 1303335799
1668.580231 551.666115 1303335801
1643.589593 552.110559 1303335803
1620.088463 552.555003 1303335805
1597.083835 553.221669 1303335807
1574.823962 554.221668 1303335809
1548.095564 555.443889 1303335812
1524.842686 556.332777 1303335826
1511.437112 573.888315 1303335831
1510.609607 597.666069 1303335834
1510.361356 617.666049 1303335836
1509.864853 639.332694 1303335838
1509.864853 662.110449 1303335840
1509.699352 684.888204 1303335842
1508.623596 706.332627 1303335844
1508.044343 726.665940 1303335846
1507.465090 754.777023 1303335849
1507.051337 779.776998 1303335852
1506.720335 801.554754 1303335857
1486.363723 813.665853 1303335864
1459.966327 811.443633 1303335868
1437.209951 811.221411 1303335871
1410.978056 810.221412 1303335874
1383.670405 810.110301 1303335877
1357.355759 809.999190 1303335880
1334.516633 809.332524 1303335884
1314.491022 814.443630 1303335898
1298.354683 800.332533 1303335904
1275.763808 789.776988 1303335908
1245.394390 789.221433 1303335911
1223.713770 789.554766 1303335913
1201.950399 790.332543 1303335915
1181.759288 791.554764 1303335917
1157.844405 793.332540 1303335920
1134.260525 799.776978 1303335924
1116.551927 812.443632 1303335931
1111.835151 838.888050 1303335935
1109.766389 862.554693 1303335938
1108.773384 887.221335 1303335941
1106.456371 912.999087 1303335944
1103.808357 936.776841 1303335948
1104.470360 958.999041 1303335953
1101.243092 983.999016 1303335957
1097.850324 1003.776774 1303335960
1095.202309 1025.443419 1303335964
1106.208120 1045.332288 1303335969
1124.330470 1057.554498 1303335978
