3313.080079 612.332721 1303336801
3298.267747 597.221625 1303336807
3274.766617 593.221629 1303336810
3243.900696 588.888300 1303336813
3218.992808 588.110523 1303336815
3192.347161 586.666080 1303336817
3164.956759 585.554970 1303336819
3138.724864 585.443859 1303336821
3112.989472 585.888303 1303336823
3087.419580 585.554970 1303336825
3063.835700 584.777193 1303336827
3043.727339 584.332749 1303336829
3021.798467 583.443861 1303336832
2999.621345 581.221641 1303336846
2976.368466 579.999420 1303336849
2945.916297 578.221644 1303336852
2922.746169 577.666089 1303336854
2898.996788 577.666089 1303336856
2874.171651 577.332756 1303336858
2847.774254 577.110534 1303336860
2820.383853 576.888312 1303336862
2792.331448 575.999424 1303336864
2763.782540 574.666092 1303336866
2735.150881 573.332760 1303336868
2706.519223 572.332761 1303336870
2679.459823 570.666096 1303336872
2653.227928 569.221653 1303336874
2628.320040 569.554986 1303336876
2606.639420 569.554986 1303336878
2579.580021 569.443875 1303336881
2557.899401 568.888320 1303336885
2533.819018 567.554988 1303336899
2510.317888 568.332765 1303336902
2489.547523 568.110543 1303336904
2465.549890 567.554988 1303336906
2439.152494 566.999433 1303336908
2412.341346 566.221656 1303336910
2384.371691 565.443879 1303336912
2356.402036 564.888324 1303336914
2327.853128 564.443880 1303336916
2298.973218 563.999436 1303336918
2270.093309 563.554992 1303336920
2242.289155 562.777215 1303336922
2218.043271 562.110549 1303336924
2197.521157 561.443883 1303336926
2173.937277 560.554995 1303336929
2149.112139 559.777218 1303336934
2127.431519 559.888329 1303336937
2097.393103 559.888329 1303336940
2073.312720 559.443885 1303336942
2047.329076 558.777219 1303336944
2020.021425 558.332775 1303336946
1992.382772 557.777220 1303336948
1963.916615 556.999443 1303336950
1935.119455 556.554999 1303336952
1906.736048 555.666111 1303336954
1879.345647 555.221667 1303336956
1853.279253 554.666112 1303336958
1830.026374 554.332779 1303336960
1808.263004 553.999446 1303336962
1780.789852 553.332780 1303336965
1758.364478 553.666113 1303336969
1732.546335 554.443890 1303336985
1706.728192 554.110557 1303336988
1685.378574 554.443890 1303336990
1661.298191 554.332779 1303336992
1634.735294 554.443890 1303336994
1607.841395 555.110556 1303336996
1582.602505 555.443889 1303336998
1559.928880 555.332778 1303337000
1537.089754 555.777222 1303337003
1516.071137 558.666108 1303337017
1509.451101 583.554972 1303337022
1508.954598 610.221612 1303337025
1508.871847 631.554924 1303337027
1508.706346 652.777125 1303337029
1508.375345 673.999326 1303337031
1507.713341 695.221527 1303337033
1507.382339 716.777061 1303337035
1506.141082 736.777041 1303337037
1505.396328 764.665902 1303337040
1504.899825 786.332547 1303337043
1501.093304 808.999191 1303337055
1480.819442 816.110295 1303337060
1456.159806 813.776964 1303337064
1434.975689 814.888074 1303337067
1410.564304 815.221407 1303337070
1387.145924 816.888072 1303337073
1362.320787 818.110293 1303337076
1337.412899 821.110290 1303337080
1317.304538 816.888072 1303337088
1297.030675 820.888068 1303337099
1274.026048 819.554736 1303337102
1247.959654 817.999182 1303337105
1222.141511 816.665850 1303337108
1197.316374 815.665851 1303337111
1173.070490 814.332519 1303337115
1152.631127 817.332516 1303337122
1150.562365 842.110269 1303337126
1152.796628 864.221358 1303337129
1156.685899 886.554669 1303337132
1156.437648 909.332424 1303337136
1153.706883 929.221293 1303337139
1154.782639 952.221270 1303337142
1154.203385 974.110137 1303337145
1155.030890 997.332336 1303337148
1153.127629 1018.110093 1303337151
1138.894551 1033.554522 1303337154
1122.840962 1046.221176 1303337158
