3276.090624 839.888049 1303340389
3297.026490 840.443604 1303340418
3314.735088 825.110286 1303340422
3316.555598 800.888088 1303340425
3316.803849 780.888108 1303340427
3316.886600 757.443687 1303340429
3317.300352 731.221491 1303340431
3317.300352 704.332629 1303340433
3316.307347 678.554877 1303340435
3315.728093 654.666012 1303340437
3315.893594 634.443810 1303340439
3315.728093 613.666053 1303340443
3312.169824 593.999406 1303340455
3292.061462 585.888303 1303340458
3263.098802 584.777193 1303340461
3241.418182 585.110526 1303340463
3219.241060 585.110526 1303340465
3198.056942 584.554971 1303340467
3169.011532 583.777194 1303340470
3141.786631 582.999417 1303340473
3112.575719 582.666084 1303340476
3092.384608 582.888306 1303340478
3071.448742 582.666084 1303340480
3042.982584 583.666083 1303340483
3021.715717 584.554971 1303340486
3001.855607 581.554974 1303340498
2981.333493 580.443864 1303340501
2953.281088 579.777198 1303340504
2933.007226 579.666087 1303340506
2912.071360 579.221643 1303340508
2890.721742 578.999421 1303340510
2869.951377 579.110532 1303340512
2843.802233 578.666088 1303340515
2822.452614 577.666089 1303340519
2795.806967 577.110534 1303340534
2769.575072 577.110534 1303340537
2748.887457 577.110534 1303340539
2726.544834 577.110534 1303340541
2702.712702 576.888312 1303340543
2677.722064 575.666091 1303340545
2651.159167 574.888314 1303340547
2622.362007 573.666093 1303340549
2592.902844 573.443871 1303340551
2563.278181 572.443872 1303340553
2533.239764 571.666095 1303340555
2502.953097 571.332762 1303340557
2471.259672 570.554985 1303340559
2437.993987 569.777208 1303340561
2404.231801 569.110542 1303340563
2371.214368 568.666098 1303340565
2338.527937 568.110543 1303340567
2306.089758 566.888322 1303340569
2273.237826 566.332767 1303340571
2239.227388 565.666101 1303340573
2204.968698 564.666102 1303340575
2171.372012 563.777214 1303340577
2120.976984 562.554993 1303340580
2086.635544 561.554994 1303340582
2052.956107 560.554995 1303340584
2020.683429 559.666107 1303340586
1988.990004 558.888330 1303340588
1957.544830 557.888331 1303340590
1926.430657 557.110554 1303340592
1897.385247 556.332777 1303340594
1871.732605 555.666111 1303340596
1848.810728 555.332778 1303340598
1825.806101 554.999445 1303340600
1801.642967 554.666112 1303340602
1777.066081 554.443890 1303340604
1753.482201 554.221668 1303340606
1731.636080 554.221668 1303340608
1699.611653 553.777224 1303340611
1677.020778 553.777224 1303340613
1652.692143 553.777224 1303340615
1627.287752 554.110557 1303340617
1605.524382 554.777223 1303340619
1581.526749 555.221667 1303340635
1559.680628 556.110555 1303340639
1539.158515 556.666110 1303340646
1518.305400 556.888332 1303340665
1505.975581 577.777200 1303340670
1505.148077 602.999397 1303340673
1504.982576 623.888265 1303340675
1505.065326 648.332685 1303340677
1504.568824 675.332658 1303340679
1503.493068 704.110407 1303340681
1502.582813 731.554824 1303340683
1501.176055 756.554799 1303340685
1500.100299 777.554778 1303340687
1498.114288 799.888089 1303340690
1484.212211 818.332515 1303340696
1459.883576 822.110289 1303340700
1439.278712 822.776955 1303340702
1413.212318 821.665845 1303340704
1384.994412 819.776958 1303340706
1360.086524 819.999180 1303340708
1332.696123 821.554734 1303340711
1310.932752 821.110290 1303340718
1284.038854 826.888062 1303340736
1256.731203 826.888062 1303340738
1230.499307 828.332505 1303340740
1208.735937 828.332505 1303340742
1188.379324 828.443616 1303340745
1164.960945 826.999173 1303340748
1144.604332 826.221396 1303340750
1120.358448 825.776952 1303340752
1091.975041 824.665842 1303340754
1062.846880 823.999176 1303340756
1035.290977 822.776955 1303340758
1010.217589 822.332511 1303340760
989.033472 822.110289 1303340762
968.014855 818.554737 1303340766
948.485747 811.110300 1303340781
