1502.913814 581.554974 1303345084
1504.155071 559.221663 1303345109
1510.444106 539.332794 1303345113
1532.538478 535.555020 1303345117
1556.039608 535.110576 1303345120
1576.644472 534.888354 1303345122
1596.670083 534.443910 1303345124
1623.894984 534.332799 1303345127
1646.568609 533.777244 1303345130
1672.221251 533.443911 1303345134
1694.232873 533.666133 1303345137
1721.706025 534.110577 1303345140
1742.228138 534.443910 1303345142
1764.239760 534.888354 1303345144
1787.906391 535.443909 1303345146
1812.152275 535.888353 1303345148
1836.811912 536.221686 1303345150
1861.306047 536.888352 1303345152
1886.048434 537.555018 1303345154
1910.790821 538.443906 1303345156
1935.450457 539.666127 1303345158
1960.275595 540.888348 1303345160
1985.431734 541.777236 1303345162
2011.746379 542.332791 1303345164
2038.309276 542.999457 1303345166
2063.796417 542.999457 1303345168
2088.869806 542.999457 1303345170
2113.529442 543.221679 1303345172
2138.354580 543.777234 1303345174
2163.676220 544.332789 1303345176
2188.832359 544.777233 1303345178
2213.409245 544.999455 1303345180
2237.489628 545.443899 1303345182
2260.908008 545.999454 1303345184
2283.829885 546.666120 1303345186
2307.248264 547.221675 1303345188
2331.080396 547.666119 1303345190
2355.491781 548.332785 1303345192
2380.399669 548.999451 1303345194
2405.473058 549.555006 1303345196
2430.546446 550.110561 1303345198
2454.957831 550.555005 1303345200
2478.789963 551.110560 1303345202
2501.629090 551.666115 1303345204
2523.806212 552.332781 1303345206
2545.735084 552.999447 1303345208
2568.325959 553.221669 1303345210
2591.578837 553.332780 1303345212
2614.666215 553.777224 1303345214
2637.588092 554.443890 1303345216
2660.509969 554.888334 1303345218
2683.183594 555.332778 1303345220
2705.443467 555.777222 1303345222
2726.793085 556.221666 1303345224
2747.232448 556.666110 1303345226
2776.277859 557.332776 1303345229
2804.164763 557.888331 1303345232
2831.472414 558.554997 1303345235
2857.373308 559.332774 1303345238
2880.543436 560.221662 1303345241
2900.569047 561.332772 1303345244
2923.325422 561.888327 1303345249
2945.668046 565.666101 1303345265
2969.748429 568.332765 1303345270
2989.525789 574.443870 1303345279
2993.001308 600.554955 1303345284
2992.670306 623.666043 1303345287
2992.008302 648.999351 1303345290
2991.180798 675.777102 1303345293
2991.015297 702.221520 1303345296
2990.601545 729.999270 1303345299
2989.939541 758.888130 1303345302
2989.194787 787.221435 1303345305
2986.381271 809.776968 1303345308
2987.788029 831.221391 1303345312
3009.303148 836.665830 1303345317
3037.355553 835.665831 1303345321
3065.159707 835.776942 1303345324
3094.370619 836.776941 1303345327
3114.975483 836.888052 1303345329
3136.159600 837.221385 1303345331
3156.185211 837.110274 1303345333
3181.258599 836.999163 1303345336
3202.359966 836.665830 1303345360
3224.950841 840.110271 1303345367
3245.059202 841.554714 1303345370
3268.560332 842.888046 1303345373
3291.068457 843.221379 1303345376
3307.204796 828.776949 1303345380
3307.701299 806.221416 1303345383
3307.618548 779.332554 1303345386
3309.190807 749.888139 1303345389
3310.101062 720.554835 1303345392
3311.011317 692.777085 1303345395
3310.432064 667.443777 1303345398
3310.680315 645.888243 1303345401
3311.756071 624.554931 1303345428
3310.845816 602.554953 1303345434
3296.860989 584.332749 1303345439
3272.946107 581.443863 1303345443
3251.761989 581.332752 1303345446
3228.260859 581.443863 1303345449
3201.697962 580.999419 1303345452
3173.645557 580.999419 1303345455
3145.427651 580.666086 1303345458
3117.623497 580.110531 1303345461
3091.308852 579.999420 1303345464
3063.090946 579.443865 1303345467
3043.065335 577.999422 1303345469
3015.343932 575.554980 1303345472
2991.429049 569.777208 1303345476
2984.726262 549.110562 1303345480
2986.050269 522.777255 1303345484
2985.967519 501.332832 1303345487
2984.974514 480.999519 1303345490
2983.650506 455.999544 1303345494
2981.250743 430.444014 1303345498
2979.430233 410.444034 1303345501
2978.768229 389.332944 1303345504
2979.016481 366.444078 1303345507
2979.347482 345.221877 1303345510
2980.257737 322.888566 1303345514
2983.154003 298.888590 1303345524
2984.312510 274.777503 1303345528
2986.795024 252.888636 1303345531
2987.208776 230.110881 1303345534
2988.450033 208.110903 1303345537
2987.208776 184.777593 1303345541
3003.841618 171.333162 1303345556
3024.446482 170.666496 1303345563
