551.697302 796.221426 1302053887
527.616919 794.443650 1302053894
504.364040 794.110317 1302053897
475.070378 792.221430 1302053900
452.479503 790.888098 1302053902
429.474876 789.665877 1302053904
407.380504 788.888100 1302053906
385.368882 788.332545 1302053908
363.522761 787.443657 1302053910
334.808352 785.776992 1302053913
312.962231 784.443660 1302053917
292.109116 784.221438 1302053937
268.111483 784.332549 1302053941
238.900572 783.110328 1302053944
213.827183 781.554774 1302053947
190.657055 780.554775 1302053962
169.224686 781.888107 1302053965
138.689767 782.443662 1302053968
118.002153 782.554773 1302053970
97.893792 784.221438 1302053973
88.791241 805.443639 1302053979
89.535995 832.221390 1302053983
88.708491 852.443592 1302053985
87.632735 876.332457 1302053987
87.136232 902.110209 1302053989
87.053482 928.332405 1302053991
86.639729 952.887936 1302053993
87.136232 973.554582 1302053995
88.129238 996.443448 1302053998
87.218983 1017.332316 1302054004
85.977726 1045.221177 1302054008
84.405467 1073.110038 1302054011
83.577962 1095.110016 1302054013
82.253955 1119.554436 1302054015
81.178199 1144.665522 1302054017
79.605940 1170.332163 1302054019
78.695685 1195.332138 1302054021
78.530184 1219.554336 1302054023
78.281933 1242.443202 1302054025
77.619929 1262.998737 1302054027
76.875175 1290.220932 1302054030
85.398472 1312.998687 1302054034
110.223610 1322.332011 1302054038
141.089531 1325.776452 1302054041
166.824923 1326.109785 1302054043
193.884323 1325.220897 1302054045
218.295708 1324.887564 1302054047
245.768860 1324.109787 1302054050
267.201228 1322.332011 1302054060
291.943615 1325.998674 1302054064
313.210483 1327.665339 1302054066
337.787369 1328.887560 1302054068
364.350266 1329.887559 1302054070
390.085658 1330.443114 1302054072
414.579794 1330.776447 1302054074
437.336169 1330.776447 1302054076
462.823310 1330.554225 1302054079
488.144951 1332.554223 1302054085
514.376846 1333.554222 1302054088
537.381473 1333.776444 1302054090
562.289361 1333.887555 1302054092
587.776502 1334.109777 1302054094
613.429144 1334.887554 1302054096
638.585283 1335.665331 1302054098
663.575921 1335.887553 1302054100
688.897561 1336.887552 1302054102
714.963955 1337.998662 1302054104
741.940605 1338.776439 1302054106
769.579257 1339.331994 1302054108
797.217910 1339.554216 1302054110
822.374050 1340.109771 1302054112
843.227165 1339.665327 1302054114
864.080280 1336.998663 1302054117
882.450882 1326.665340 1302054125
883.774889 1303.887585 1302054128
885.843651 1274.554281 1302054131
886.174653 1250.109861 1302054135
891.636183 1228.554327 1302054143
891.884434 1197.887691 1302054146
893.042941 1173.221049 1302054148
895.690955 1147.109964 1302054150
899.331975 1121.665545 1302054152
901.566238 1098.665568 1302054154
901.483487 1072.443372 1302054157
917.288825 1056.443388 1302054162
941.700210 1057.443387 1302054165
963.215329 1057.554498 1302054167
987.709464 1055.443389 1302054170
1007.735075 1057.665609 1302054184
1030.822453 1062.332271 1302054187
1051.096315 1063.998936 1302054189
1071.783929 1064.221158 1302054191
1094.871307 1061.332272 1302054194
1116.386426 1066.110045 1302054202
1137.239541 1072.665594 1302054206
1157.347903 1085.665581 1302054210
1186.227812 1091.332242 1302054213
1213.287212 1089.110022 1302054215
1234.554080 1087.887801 1302054217
1256.317450 1083.554472 1302054220
1281.887342 1084.776693 1302054229
1304.312716 1090.221132 1302054232
1334.185631 1092.554463 1302054235
1357.190258 1089.998910 1302054237
1377.133119 1087.332246 1302054239
1398.234485 1083.554472 1302054242
1418.177346 1076.110035 1302054253
1430.755415 1093.110018 1302054261
1452.932538 1084.221138 1302054270
1457.235562 1058.998941 1302054273
1461.124833 1036.554519 1302054275
1464.848604 1009.776768 1302054277
1468.820626 979.887909 1302054279
1472.627147 948.554607 1302054281
1476.930171 917.999082 1302054283
1480.736692 889.776888 1302054285
1483.798459 865.110246 1302054287
1486.860226 844.443600 1302054289
1492.487257 824.221398 1302054292
1499.024543 801.332532 1302054299
1502.169060 775.110336 1302054302
1503.906820 752.221470 1302054304
1504.734325 725.888163 1302054306
1505.148077 697.443747 1302054308
1505.892831 668.332665 1302054310
1507.216838 639.554916 1302054312
1508.127093 613.554942 1302054314
1507.878842 592.110519 1302054316
1507.465090 570.999429 1302054319
