1333.854629 814.443630 1303261676
1310.932752 813.221409 1303261693
1292.148398 820.776957 1303261698
1270.136777 821.221401 1303261700
1245.890893 820.776957 1303261702
1224.458524 820.221402 1303261704
1203.191656 818.776959 1303261706
1184.159051 825.999174 1303261709
1164.381692 829.999170 1303261716
1126.647483 825.999174 1303261727
1100.829340 824.332509 1303261730
1074.349194 823.221399 1303261733
1049.110304 822.110289 1303261736
1023.954165 821.110290 1303261739
1002.356295 821.665845 1303261742
981.089428 820.554735 1303261746
958.333052 815.110296 1303261760
937.066184 813.888075 1303261763
906.200263 811.110300 1303261766
879.968368 810.110301 1303261768
853.901974 808.999191 1303261770
828.332083 807.443637 1303261772
802.596690 805.554750 1303261774
778.847309 804.888084 1303261776
754.849676 804.999195 1303261778
730.355540 804.665862 1303261780
705.282152 804.999195 1303261782
678.719255 804.110307 1303261784
651.080602 803.332530 1303261786
624.434955 802.554753 1303261788
600.437322 801.776976 1303261790
572.633168 801.110310 1303261793
551.780053 799.332534 1303261797
529.851181 799.554756 1303261826
506.432802 798.332535 1303261829
476.725387 797.443647 1303261832
454.382764 796.332537 1303261834
430.716133 795.332538 1303261836
406.884001 794.332539 1303261838
383.548372 793.443651 1303261840
361.619501 792.665874 1303261842
341.593890 791.443653 1303261844
316.603252 790.554765 1303261847
295.915637 789.221433 1303261864
272.911010 790.776987 1303261870
252.471647 792.221430 1303261873
229.549770 793.776984 1303261876
208.696655 791.665875 1303261880
188.091791 788.776989 1303261890
166.576672 789.554766 1303261893
138.938019 788.665878 1303261896
112.457872 787.443657 1303261899
92.349511 790.554765 1303261902
88.873992 811.776966 1303261908
87.053482 831.999168 1303261921
85.646724 857.110254 1303261925
84.074465 883.110228 1303261928
84.074465 905.443539 1303261930
83.246961 928.221294 1303261932
82.833208 948.554607 1303261934
83.081460 972.110139 1303261937
82.667707 992.110119 1303261940
81.178199 1013.665653 1303261943
79.936942 1040.443404 1303261946
79.523190 1069.110042 1303261949
79.771441 1092.332241 1303261951
81.012698 1114.554441 1303261953
81.840203 1142.332191 1303261956
81.757452 1164.443280 1303261958
81.840203 1188.443256 1303261960
81.674702 1213.443231 1303261962
81.095449 1237.998762 1303261964
80.681696 1261.220961 1303261966
80.185194 1281.554274 1303261968
80.019693 1303.109808 1303261971
88.542990 1322.776455 1303261977
106.913591 1331.776446 1303261983
126.442700 1336.554219 1303261996
150.192081 1338.998661 1303261999
170.796945 1339.443105 1303262001
192.063813 1339.109772 1303262003
212.503176 1337.776440 1303262005
238.983322 1335.665331 1303262008
259.257184 1334.554221 1303262013
282.592813 1336.331997 1303262026
308.659208 1337.887551 1303262029
331.167332 1339.665327 1303262031
355.082214 1342.220880 1303262033
378.748845 1344.887544 1303262035
401.256970 1347.220875 1303262037
422.192836 1348.109763 1303262039
443.045951 1349.331984 1303262042
466.629831 1353.331980 1303262049
489.717209 1357.443087 1303262052
510.322073 1359.554196 1303262054
535.726464 1360.443084 1303262056
562.041109 1361.331972 1303262058
589.266010 1361.443083 1303262060
616.656411 1360.776417 1303262062
643.550310 1360.331973 1303262064
670.444209 1359.554196 1303262066
697.007106 1358.887530 1303262068
724.397508 1357.109754 1303262070
752.036160 1354.887534 1303262072
775.868292 1354.776423 1303262074
795.811153 1356.220866 1303262076
820.388039 1356.776421 1303262079
843.309915 1355.109756 1303262083
