3002.352110 579.332754 1303512111
2981.581745 579.777198 1303512127
2946.909303 579.554976 1303512131
2924.897681 578.999421 1303512133
2902.306806 578.221644 1303512135
2879.053928 577.666089 1303512137
2854.725293 577.332756 1303512139
2829.569154 576.666090 1303512141
2804.164763 575.999424 1303512143
2778.594872 575.443869 1303512145
2752.362977 574.332759 1303512147
2725.220826 573.777204 1303512149
2698.575179 574.110537 1303512151
2672.591535 573.221649 1303512153
2647.683648 572.554983 1303512155
2623.768765 572.110539 1303512157
2601.591643 571.999428 1303512159
2573.704738 571.332762 1303512162
2551.279364 570.221652 1303512166
2526.454227 569.777208 1303512177
2502.870346 569.332764 1303512180
2482.430983 568.999431 1303512182
2459.260855 568.443876 1303512184
2433.939215 567.777210 1303512186
2406.466063 567.221655 1303512188
2377.089651 566.666100 1303512190
2346.720233 566.443878 1303512192
2317.012818 565.666101 1303512194
2288.132908 564.777213 1303512196
2261.321760 563.888325 1303512198
2236.248371 563.221659 1303512200
2213.078243 562.221660 1303512202
2192.556130 561.777216 1303512204
2167.151739 561.110550 1303512207
2145.802121 560.554995 1303512211
2121.307986 560.332773 1303512228
2099.544615 560.332773 1303512231
2069.423448 559.999440 1303512234
2045.674067 559.554996 1303512236
2020.021425 558.999441 1303512238
1993.872281 558.332775 1303512240
1967.061132 557.110554 1303512242
1940.249984 556.443888 1303512244
1913.687087 555.777222 1303512246
1887.868944 554.999445 1303512248
1863.457559 554.221668 1303512250
1839.956429 553.777224 1303512252
1808.345754 553.443891 1303512255
1782.196609 553.332780 1303512258
1757.536973 552.999447 1303512262
1736.352856 553.443891 1303512271
1709.955460 553.888335 1303512275
1680.248045 553.888335 1303512278
1656.912416 553.999446 1303512280
1631.921778 554.221668 1303512282
1607.013890 554.777223 1303512284
1583.099008 555.443889 1303512286
1560.508133 555.888333 1303512288
1540.482522 555.999444 1303512290
1518.884653 556.221666 1303512293
1504.651574 573.443871 1303512298
1504.982576 599.777178 1303512302
1504.486073 627.888261 1303512305
1503.989570 648.666018 1303512307
1503.575818 670.554885 1303512309
1503.493068 692.665974 1303512311
1502.831064 714.999285 1303512313
1502.086310 736.443708 1303512315
1501.176055 765.221457 1303512318
1500.431301 785.665881 1303512321
1496.542029 805.554750 1303512330
1475.109661 812.776965 1303512335
1455.249551 823.888065 1303512342
1432.079423 823.665843 1303512345
1407.999039 823.443621 1303512348
1384.415159 823.776954 1303512351
1363.644794 823.776954 1303512354
1341.053919 825.776952 1303512359
1318.959547 824.443620 1303512364
1294.713663 813.776964 1303512368
1271.709035 815.332518 1303512370
1249.200911 815.443629 1303512372
1227.272040 815.221407 1303512374
1197.068122 817.554738 1303512377
1174.559998 820.332513 1303512379
1152.713877 826.221396 1303512382
1134.508776 844.443600 1303512387
1124.661472 862.110249 1303512390
1107.118375 881.665785 1303512394
1099.008830 902.110209 1303512397
1088.913274 922.665744 1303512400
1085.189503 947.221275 1303512403
1083.948247 971.443473 1303512406
1088.003019 993.221229 1303512409
1094.374804 1012.776765 1303512412
1105.132364 1029.776748 1303512416
1124.826973 1038.110073 1303512420
1143.694077 1049.332284 1303512446
1166.698704 1056.998943 1303512450
1194.006355 1059.887829 1303512453
1215.521475 1062.110049 1303512455
1238.112349 1064.221158 1303512457
1262.109982 1065.776712 1303512460
