2135.127312 561.221661 1303513425
2114.108696 561.554994 1303513431
2091.435070 561.666105 1303513434
2063.217164 560.777217 1303513437
2040.626289 558.443886 1303513439
2015.056398 557.443887 1303513441
1987.086743 557.666109 1303513443
1956.303573 558.221664 1303513445
1925.189401 557.888331 1303513447
1894.737232 556.999443 1303513449
1865.029818 556.332777 1303513451
1837.308414 555.777222 1303513453
1812.731528 555.443889 1303513455
1791.795663 554.888334 1303513457
1767.136026 554.555001 1303513460
1746.531162 554.888334 1303513469
1719.058010 555.332778 1303513473
1698.701398 555.555000 1303513475
1674.786515 555.777222 1303513477
1649.133873 555.666111 1303513479
1621.908973 555.555000 1303513481
1594.684072 556.110555 1303513483
1569.362432 556.666110 1303513485
1548.757568 556.221666 1303513487
1527.738952 554.555001 1303513491
1510.030354 564.221658 1303513506
1509.451101 588.554967 1303513510
1509.533851 615.443829 1303513513
1509.533851 636.332697 1303513515
1509.947603 658.777119 1303513517
1509.451101 682.110429 1303513519
1509.120099 705.332628 1303513521
1508.706346 728.443716 1303513523
1507.713341 750.665916 1303513525
1506.223833 777.443667 1303513528
1505.313578 797.554758 1303513532
1494.721519 814.554741 1303513539
1473.289151 816.443628 1303513543
1451.029277 815.999184 1303513546
1422.976872 814.999185 1303513549
1402.289258 815.554740 1303513551
1381.518893 816.776961 1303513553
1354.376743 817.554738 1303513556
1333.689128 817.888071 1303513559
1311.512006 817.554738 1303513569
1291.651896 820.221402 1303513574
1270.964281 820.110291 1303513577
1246.470146 816.110295 1303513579
1220.983005 814.110297 1303513581
1195.826866 813.221409 1303513583
1174.311747 812.110299 1303513585
1151.969123 810.443634 1303513588
1130.123002 809.332524 1303513593
1107.449377 808.999191 1303513596
1078.072964 808.665858 1303513599
1054.902836 808.221414 1303513601
1029.994948 807.443637 1303513603
1006.245567 806.776971 1303513605
985.475202 807.110304 1303513607
963.960083 808.332525 1303513610
941.948461 806.332527 1303513633
920.681593 805.888083 1303513642
896.766711 803.554752 1303513646
868.217803 801.443643 1303513649
845.295926 800.665866 1303513651
820.388039 800.221422 1303513653
794.487145 799.888089 1303513655
768.751753 799.665867 1303513657
743.595614 799.554756 1303513659
718.853227 798.999201 1303513661
694.359091 798.221424 1303513663
671.850967 796.332537 1303513665
650.666850 795.999204 1303513667
621.869690 797.221425 1303513670
598.865063 797.554758 1303513673
578.508450 797.221425 1303513677
554.841820 799.776978 1303513693
532.085444 801.665865 1303513696
501.798776 801.332532 1303513699
479.290652 799.554756 1303513701
457.858283 797.999202 1303513703
436.756916 796.999203 1303513705
414.331542 795.554760 1303513707
392.402671 793.554762 1303513709
370.556550 792.332541 1303513711
349.703435 791.332542 1303513713
322.313033 789.443655 1303513716
299.970409 788.221434 1303513720
276.303779 793.110318 1303513740
251.644142 794.554761 1303513743
226.653504 793.221429 1303513746
206.296891 790.443654 1303513750
181.306253 789.443655 1303513755
157.143119 789.332544 1303513758
132.979986 789.221433 1303513761
111.795868 788.221434 1303513766
98.804047 809.554746 1303513772
96.156032 833.221389 1303513775
96.238782 853.332480 1303513777
95.576779 875.443569 1303513779
93.921770 898.776879 1303513781
92.680513 924.332409 1303513783
92.266760 952.110159 1303513785
91.687507 981.554574 1303513787
90.363500 1012.332321 1303513789
88.129238 1043.332290 1303513791
86.391478 1073.776704 1303513793
85.729474 1103.665563 1303513795
85.563973 1132.554423 1303513797
85.812225 1160.998839 1303513799
85.646724 1189.554366 1303513801
85.398472 1217.554338 1303513803
85.232972 1243.998756 1303513805
84.819219 1267.665399 1303513807
84.405467 1295.776482 1303513810
84.736469 1318.665348 1303513814
103.686324 1331.332002 1303513819
131.738729 1329.665337 1303513823
161.115141 1329.665337 1303513826
181.885506 1329.665337 1303513828
202.076618 1329.776448 1303513830
222.350480 1329.887559 1303513832
243.203595 1330.109781 1303513834
264.553214 1330.887558 1303513836
286.151083 1331.220891 1303513838
308.576457 1331.220891 1303513840
331.746585 1331.332002 1303513842
355.661468 1331.332002 1303513844
379.493599 1331.443113 1303513846
401.918974 1331.554224 1303513848
431.047135 1331.665335 1303513851
452.976006 1332.443112 1303513854
476.725387 1333.332000 1303513859
497.330251 1333.665333 1303513862
525.796409 1334.665332 1303513865
547.973532 1335.331998 1303513867
572.302166 1335.998664 1303513869
598.368560 1336.776441 1303513871
624.269454 1337.443107 1303513873
650.004846 1337.887551 1303513875
675.822989 1338.554217 1303513877
701.641132 1339.109772 1303513879
727.128273 1339.220883 1303513881
752.367162 1339.443105 1303513883
774.958037 1339.998660 1303513885
803.258694 1340.554215 1303513888
826.097820 1340.665326 1303513891
846.123431 1340.554215 1303513894
867.804051 1335.665331 1303513898
879.637366 1313.332020 1303513902
882.947385 1290.332043 1303513905
884.105891 1267.887621 1303513908
884.602394 1244.554311 1303513912
