3319.865616 606.221616 1303515029
3312.749077 585.777192 1303515047
3290.571954 587.999412 1303515052
3270.794595 591.332742 1303515055
3245.803956 592.221630 1303515058
3220.068564 590.888298 1303515061
3195.822680 589.221633 1303515064
3171.742297 588.443856 1303515067
3147.661914 587.332746 1303515070
3124.988288 586.777191 1303515073
3099.832149 586.110525 1303515076
3074.427758 584.777193 1303515079
3052.747138 581.999418 1303515082
3031.976774 579.777198 1303515090
3004.751873 582.221640 1303515099
2976.864969 582.332751 1303515102
2955.432600 582.888306 1303515104
2931.848720 582.332751 1303515106
2909.009593 581.110530 1303515108
2886.997971 579.777198 1303515110
2866.889610 578.332755 1303515112
2846.532998 576.443868 1303515115
2823.611121 579.554976 1303515128
2801.930501 579.666087 1303515131
2773.960846 581.666085 1303515134
2751.038969 581.999418 1303515136
2726.048331 581.777196 1303515138
2699.650935 581.332752 1303515140
2673.336289 580.443864 1303515142
2646.442391 578.443866 1303515144
2622.279257 577.221645 1303515146
2600.681388 576.221646 1303515148
2575.773500 574.666092 1303515151
2554.754883 571.110540 1303515156
2529.102242 568.221654 1303515168
2502.125592 568.332765 1303515171
2480.031220 567.888321 1303515173
2455.371584 567.332766 1303515175
2428.643186 566.554989 1303515177
2401.087283 566.443878 1303515179
2373.365880 566.221656 1303515181
2345.809978 565.554990 1303515183
2317.840323 564.999435 1303515185
2289.291415 564.666102 1303515187
2262.149265 563.999436 1303515189
2237.820630 562.888326 1303515191
2214.319500 561.443883 1303515193
2192.556130 560.110551 1303515195
2164.420974 558.777219 1303515198
2140.092339 557.554998 1303515202
2119.652976 559.888329 1303515227
2096.234597 565.443879 1303515231
2067.437437 567.332766 1303515234
2044.267309 567.554988 1303515236
2018.366416 566.777211 1303515238
1991.307016 565.332768 1303515240
1964.330367 564.221658 1303515242
1937.436468 563.332770 1303515244
1911.121823 562.110549 1303515246
1885.634682 560.999439 1303515248
1860.892295 559.777218 1303515250
1837.060163 558.999441 1303515252
1814.221037 558.110553 1303515254
1794.195426 557.221665 1303515256
1769.784041 555.777222 1303515259
1748.517173 555.110556 1303515264
1725.678047 557.110554 1303515285
1700.273656 558.221664 1303515288
1679.006789 558.110553 1303515290
1655.174657 558.110553 1303515292
1630.101268 558.332775 1303515294
1604.614127 558.443886 1303515296
1579.375237 558.443886 1303515298
1556.701612 558.110553 1303515300
1530.138715 557.110554 1303515303
1508.458095 562.666104 1303515307
1507.216838 586.666080 1303515311
1508.871847 612.554943 1303515314
1508.954598 633.332700 1303515316
1509.037348 655.110456 1303515318
1508.706346 676.554879 1303515320
1508.209844 697.443747 1303515322
1507.630591 725.554830 1303515325
1506.720335 752.110359 1303515328
1506.141082 774.332559 1303515331
1505.810080 794.443650 1303515335
1498.362539 813.332520 1303515342
1479.495435 821.110290 1303515365
1464.352101 834.999165 1303515372
1439.030461 837.554718 1303515375
1409.819549 836.776941 1303515378
1383.504904 834.443610 1303515381
1363.644794 830.776947 1303515384
1340.640167 824.665842 1303515390
1321.607561 840.221382 1303515396
1307.788235 855.999144 1303515399
1281.390839 861.554694 1303515402
1260.868725 861.999138 1303515404
1240.512113 861.443583 1303515406
1215.604225 855.332478 1303515409
1196.488869 845.776932 1303515414
1174.559998 844.665822 1303515419
1150.231363 844.888044 1303515422
1129.129997 843.110268 1303515424
1103.642856 838.888050 1303515426
1075.590450 834.110277 1303515428
1045.965787 829.221393 1303515430
1016.092871 824.221398 1303515432
987.295712 820.332513 1303515434
959.408808 816.888072 1303515436
932.514909 814.443630 1303515438
903.386748 809.776968 1303515440
873.844834 806.332527 1303515442
844.137420 803.999196 1303515444
814.512756 801.999198 1303515446
786.956854 801.332532 1303515448
759.731953 800.332533 1303515450
733.582808 799.221423 1303515452
707.268163 796.443648 1303515454
682.443025 793.221429 1303515456
658.279892 791.110320 1303515458
636.102769 789.554766 1303515460
616.077158 787.221435 1303515462
594.975792 784.221438 1303515465
574.205427 780.221442 1303515476
550.869798 780.332553 1303515480
525.382657 780.332553 1303515483
496.088994 779.776998 1303515486
474.822127 779.332554 1303515488
454.051762 778.554777 1303515490
425.833856 777.332556 1303515493
400.677717 776.665890 1303515496
376.018080 776.777001 1303515500
351.358444 777.665889 1303515505
326.698807 778.443666 1303515510
305.762942 777.999222 1303515515
281.186056 780.332553 1303515523
255.036911 779.999220 1303515527
233.687293 779.888109 1303515530
210.517165 778.776999 1303515534
184.864523 779.554776 1303515544
160.122136 782.332551 1303515548
139.351771 781.665885 1303515551
117.340149 781.776996 1303515555
96.487034 788.888100 1303515564
91.108254 808.776969 1303515568
91.191004 832.110279 1303515571
89.287744 860.554695 1303515574
87.384483 881.221341 1303515576
86.225977 901.221321 1303515578
85.977726 930.443514 1303515581
85.894975 956.332377 1303515584
85.232972 979.999020 1303515587
83.412461 1002.665664 1303515592
84.570968 1023.110088 1303515618
85.812225 1043.554512 1303515622
86.308727 1066.665600 1303515625
86.060476 1087.887801 1303515627
84.819219 1112.221110 1303515629
83.164210 1136.443308 1303515631
82.419456 1160.554395 1303515633
81.178199 1183.998816 1303515635
79.771441 1205.998794 1303515637
78.695685 1226.554329 1303515639
77.619929 1254.998745 1303515642
78.364684 1276.887612 1303515645
82.750458 1297.109814 1303515669
92.349511 1315.220907 1303515678
111.878619 1320.776457 1303515686
132.069731 1323.776454 1303515690
157.805123 1325.220897 1303515694
181.720005 1325.554230 1303515698
204.559132 1327.332006 1303515703
226.405253 1328.443116 1303515708
250.320135 1330.109781 1303515712
273.821265 1330.887558 1303515715
299.473907 1331.443113 1303515718
324.299044 1331.776446 1303515721
348.793180 1332.332001 1303515724
372.956313 1332.887556 1303515727
397.202197 1332.998667 1303515730
421.944584 1333.998666 1303515734
443.873456 1335.443109 1303515739
465.967828 1336.887552 1303515744
488.889705 1336.998663 1303515747
517.107611 1337.776440 1303515750
537.960726 1337.998662 1303515752
567.585390 1337.998662 1303515755
596.051547 1338.665328 1303515758
620.793934 1339.109772 1303515761
642.971057 1337.220885 1303515767
668.127196 1337.887551 1303515772
690.718071 1338.331995 1303515775
714.881205 1338.887550 1303515778
740.202845 1338.776439 1303515781
767.593246 1339.109772 1303515784
794.321644 1338.776439 1303515787
817.409022 1338.331995 1303515790
839.172392 1337.776440 1303515793
863.418277 1335.220887 1303515797
876.410098 1317.887571 1303515801
879.637366 1291.554264 1303515805
881.292375 1268.332065 1303515808
882.368131 1247.443197 1303515811
883.030135 1227.332106 1303515815
