3321.520625 590.221632 1303516811
3308.446053 574.888314 1303516831
3288.089440 575.443869 1303516834
3261.195542 576.888312 1303516837
3241.004430 577.221645 1303516839
3220.978819 577.666089 1303516841
3192.016159 577.666089 1303516844
3168.349528 576.666090 1303516847
3146.255156 575.666091 1303516852
3121.926521 579.443865 1303516868
3094.867121 581.888307 1303516872
3073.186502 584.443860 1303516875
3047.864861 585.443859 1303516879
3027.094497 583.666083 1303516885
3002.848612 583.554972 1303516896
2978.850980 584.888304 1303516899
2948.067809 586.443858 1303516902
2924.897681 586.443858 1303516904
2900.817298 584.777193 1303516906
2877.233417 581.999418 1303516908
2856.049300 578.999421 1303516910
2830.975912 574.443870 1303516913
2808.964290 572.443872 1303516916
2783.228897 572.888316 1303516919
2762.044780 572.888316 1303516921
2738.709151 572.999427 1303516923
2714.959770 572.221650 1303516925
2690.962137 571.221651 1303516927
2666.302501 569.554986 1303516929
2641.891115 568.110543 1303516931
2619.300241 567.443877 1303516933
2598.281624 566.443878 1303516935
2572.628982 564.999435 1303516938
2550.948362 565.554990 1303516942
2528.440238 567.110544 1303516967
2507.587123 567.332766 1303516970
2478.707213 567.554988 1303516973
2456.364589 567.110544 1303516975
2432.366956 566.888322 1303516977
2407.293568 566.443878 1303516979
2381.227173 565.777212 1303516981
2354.416025 564.110547 1303516983
2326.942873 562.666104 1303516985
2299.552472 561.443883 1303516987
2272.244821 560.777217 1303516989
2245.433672 559.888329 1303516991
2219.946531 558.443886 1303516993
2197.934909 556.221666 1303516995
2170.875510 554.443890 1303516998
2145.719371 553.443891 1303517002
2125.445508 556.110555 1303517031
2104.923395 556.888332 1303517035
2079.519004 557.443887 1303517038
2058.914140 557.332776 1303517040
2036.406016 557.110554 1303517042
2011.911880 557.332776 1303517044
1985.928237 557.332776 1303517046
1959.117088 556.999443 1303517048
1931.892188 556.221666 1303517050
1904.584537 555.332778 1303517052
1877.028634 554.777223 1303517054
1849.224480 553.777224 1303517056
1821.172075 552.999447 1303517058
1793.285171 552.555003 1303517060
1765.646518 552.443892 1303517062
1738.007865 552.888336 1303517064
1710.451963 553.555002 1303517066
1682.730559 554.110557 1303517068
1654.264402 553.888335 1303517070
1626.046496 553.443891 1303517072
1598.656094 553.332780 1303517074
1573.003452 553.555002 1303517076
1549.916074 553.777224 1303517078
1529.559462 552.666114 1303517080
1509.202849 551.999448 1303517083
1500.679552 570.443874 1303517088
1504.403323 592.666074 1303517091
1506.803086 622.777155 1303517094
1508.375345 645.554910 1303517096
1508.871847 668.443776 1303517098
1508.623596 690.110421 1303517100
1507.878842 711.332622 1303517102
1507.878842 731.332602 1303517104
1507.878842 758.999241 1303517107
1507.713341 779.554776 1303517110
1507.465090 801.332532 1303517116
1486.860226 812.554743 1303517122
1465.345107 816.554739 1303517126
1444.822993 826.443618 1303517130
1420.411608 831.665835 1303517133
1395.089968 834.999165 1303517136
1369.851078 835.665831 1303517139
1348.832462 831.999168 1303517142
1326.738090 833.332500 1303517147
1311.263754 850.665816 1303517155
1308.698490 875.443569 1303517158
1300.340694 894.665772 1303517161
1287.597123 910.999089 1303517164
1262.109982 913.776864 1303517168
1241.670619 907.776870 1303517172
1219.989999 897.110214 1303517187
1199.716137 892.221330 1303517190
1176.463258 885.332448 1303517192
1150.893367 879.443565 1303517194
1124.578721 875.888013 1303517196
1097.767573 872.554683 1303517198
1071.535678 867.999132 1303517200
1045.717535 860.110251 1303517202
1023.954165 851.110260 1303517204
1002.439046 840.665826 1303517207
984.482196 828.110283 1303517211
964.456586 823.221399 1303517216
943.934472 816.665850 1303517233
917.454326 819.443625 1303517238
892.215436 821.665845 1303517241
871.941574 823.332510 1303517243
846.537183 824.776953 1303517245
816.747018 824.776953 1303517247
784.970843 823.554732 1303517249
752.367162 821.332512 1303517251
720.259985 818.665848 1303517253
674.995484 814.776963 1303517256
648.598088 811.665855 1303517258
627.165720 808.221414 1303517260
605.567850 804.888084 1303517263
586.038742 800.221422 1303517273
566.013131 800.999199 1303517277
541.022493 800.776977 1303517280
513.383840 801.999198 1303517283
485.331435 802.999197 1303517286
455.458520 801.221421 1303517289
427.240614 798.999201 1303517292
401.091469 798.443646 1303517295
375.107825 797.110314 1303517298
350.779191 795.332538 1303517301
326.202305 794.221428 1303517305
304.935437 790.554765 1303517324
283.585819 792.332541 1303517331
262.649953 792.554763 1303517334
238.486819 792.443652 1303517337
215.151190 793.110318 1303517342
190.739805 793.221429 1303517348
169.555688 796.776981 1303517352
146.964813 797.332536 1303517356
124.953191 795.221427 1303517361
103.355322 790.999209 1303517370
91.273755 807.554748 1303517377
92.515012 832.665834 1303517380
92.432261 852.999147 1303517382
91.935759 874.665792 1303517384
90.942753 896.443548 1303517386
90.115249 919.332414 1303517388
89.618746 943.443501 1303517390
89.535995 967.776810 1303517392
89.122243 992.665674 1303517394
88.956742 1017.665649 1303517396
88.873992 1043.443401 1303517398
88.129238 1069.554486 1303517400
87.467234 1095.887793 1303517402
87.053482 1121.776656 1303517404
86.556979 1147.109964 1303517406
85.812225 1172.554383 1303517408
85.315722 1197.998802 1303517410
85.067471 1221.998778 1303517412
84.405467 1244.109867 1303517414
84.157216 1264.332069 1303517416
84.322716 1289.332044 1303517419
83.412461 1310.665356 1303517424
100.210804 1326.554229 1303517435
127.021953 1325.332008 1303517439
154.164103 1325.109786 1303517442
183.044013 1325.220897 1303517445
209.358658 1324.998675 1303517448
229.963522 1324.998675 1303517451
251.064889 1325.665341 1303517463
273.821265 1327.109784 1303517468
300.135910 1330.109781 1303517472
321.402778 1331.998668 1303517475
349.537934 1332.665334 1303517478
370.225548 1332.776445 1303517480
390.582161 1332.443112 1303517482
416.483054 1332.109779 1303517485
437.170669 1332.109779 1303517489
457.858283 1331.443113 1303517493
484.917683 1331.665335 1303517497
509.577319 1333.443111 1303517500
538.788231 1335.220887 1303517503
559.227594 1336.331997 1303517505
582.563223 1336.776441 1303517507
605.816102 1336.998663 1303517509
628.986230 1336.776441 1303517511
652.404609 1336.554219 1303517513
675.409237 1336.776441 1303517515
698.413864 1337.109774 1303517517
721.004739 1337.109774 1303517519
742.519858 1337.109774 1303517521
762.959221 1337.220885 1303517523
789.273866 1337.109774 1303517526
813.437000 1337.887551 1303517530
834.538367 1338.331995 1303517536
855.970735 1337.220885 1303517565
873.100080 1324.665342 1303517569
878.892612 1304.998695 1303517572
881.292375 1281.776496 1303517575
882.533632 1257.998742 1303517578
883.692139 1237.443207 1303517581
886.505654 1217.109894 1303517588
