1676.855277 539.777238 1303853784
1702.838920 539.555016 1303853796
1731.139577 539.999460 1303853799
1754.475206 540.221682 1303853801
1780.458850 540.555015 1303853803
1809.090508 541.332792 1303853805
1839.873679 542.443902 1303853807
1872.063607 543.332790 1303853809
1904.501786 544.221678 1303853811
1935.781459 545.221677 1303853813
1966.481879 546.332787 1303853815
1993.955031 546.666120 1303853817
2018.449166 547.110564 1303853819
2039.054030 547.110564 1303853821
2062.720661 546.332787 1303853824
2083.491026 543.999456 1303853830
2106.247402 547.221675 1303853839
2131.982795 548.443896 1303853842
2154.077167 548.999451 1303853844
2179.150556 549.666117 1303853846
2206.623708 550.332783 1303853848
2235.669118 551.110560 1303853850
2265.293782 551.999448 1303853852
2294.670195 552.888336 1303853854
2325.949868 554.110557 1303853856
2357.395042 554.666112 1303853858
2387.929961 555.332778 1303853860
2417.471874 556.110555 1303853862
2446.020782 556.777221 1303853864
2474.735191 557.221665 1303853866
2503.863352 557.999442 1303853868
2534.729273 558.666108 1303853870
2565.843445 559.332774 1303853872
2596.378364 560.332773 1303853874
2625.672026 560.888328 1303853876
2653.145178 561.888327 1303853878
2678.301317 562.777215 1303853880
2701.140443 563.443881 1303853882
2727.455089 564.554991 1303853885
2749.963213 566.110545 1303853889
2772.223087 566.999433 1303853914
2796.717222 566.666100 1303853917
2818.232341 566.554989 1303853919
2843.057478 566.554989 1303853921
2867.717115 567.110544 1303853923
2889.811487 567.666099 1303853925
2915.795131 567.888321 1303853928
2936.648246 568.332765 1303853931
2956.839358 570.999429 1303853934
2979.678484 571.666095 1303853942
2991.925552 587.554968 1303853946
2991.760051 614.110497 1303853949
2990.849796 637.221585 1303853951
2990.022291 662.999337 1303853953
2988.946535 690.888198 1303853955
2987.870780 719.554836 1303853957
2987.126025 747.332586 1303853959
2985.967519 773.443671 1303853961
2983.816007 796.221426 1303853963
2981.829996 820.776957 1303853966
2996.145825 836.888052 1303853970
3017.743695 838.332495 1303853973
3048.526865 837.332496 1303853976
3072.524498 837.221385 1303853978
3099.252896 837.443607 1303853980
3125.484791 837.443607 1303853982
3149.151422 837.999162 1303853984
3169.756286 838.665828 1303853986
3192.429911 838.888050 1303853989
3212.869274 841.999158 1303854013
3233.805140 845.554710 1303854018
3257.637272 846.554709 1303854023
3281.965907 848.776929 1303854027
3306.873794 846.665820 1303854031
3313.411080 825.999174 1303854035
3312.914578 804.554751 1303854048
3314.404086 779.332554 1303854052
3315.479842 750.999249 1303854055
3316.390097 728.999271 1303854057
3316.969350 706.332627 1303854059
3316.390097 684.443760 1303854061
3315.893594 656.332677 1303854064
3316.141846 633.777144 1303854067
3315.314341 613.666053 1303854093
3302.819022 597.999402 1303854098
3280.062646 594.554961 1303854101
3249.775978 592.332741 1303854104
3225.943847 590.443854 1303854106
3200.870458 588.443856 1303854108
3176.541823 587.221635 1303854110
3153.702697 586.221636 1303854112
3132.022077 585.666081 1303854114
3111.582714 585.666081 1303854116
3090.150345 585.221637 1303854118
3070.041984 585.221637 1303854120
3043.313586 583.888305 1303854123
3019.729706 581.666085 1303854127
2996.311326 579.666087 1303854141
2975.375460 579.110532 1303854144
2947.240305 578.888310 1303854147
2924.649430 578.110533 1303854149
2900.072544 576.888312 1303854151
2873.923399 576.554979 1303854153
2847.774254 576.221646 1303854155
2822.204363 575.554980 1303854157
2796.799972 574.777203 1303854159
2771.478332 573.666093 1303854161
2745.494689 572.332761 1303854163
2717.938786 572.221650 1303854165
2689.389878 572.332761 1303854167
2644.208128 570.554985 1303854170
2611.935450 570.554985 1303854172
2580.076524 570.554985 1303854174
2549.458854 570.221652 1303854176
2520.496194 569.554986 1303854178
2491.202532 568.666098 1303854180
2460.584862 567.554988 1303854182
2429.387940 566.777211 1303854184
2398.522019 566.221656 1303854186
2368.649104 565.777212 1303854188
2339.851945 565.221657 1303854190
2310.144530 564.554991 1303854192
2279.609611 563.777214 1303854194
2249.736696 563.221659 1303854196
2223.008298 562.888326 1303854198
2198.845164 562.666104 1303854200
2177.743798 562.666104 1303854202
2153.497914 562.110549 1303854205
2132.975800 561.110550 1303854210
2110.715927 560.110551 1303854239
2083.573777 559.443885 1303854242
2060.569150 559.554996 1303854244
