3318.293357 619.999380 1303857538
3316.969350 599.221623 1303857557
3299.012501 586.777191 1303857566
3278.573138 587.443857 1303857569
3250.520733 588.221634 1303857572
3229.171114 587.999412 1303857574
3207.986997 587.221635 1303857576
3186.140876 586.443858 1303857578
3163.798253 585.777192 1303857580
3141.538380 585.221637 1303857582
3120.106011 584.999415 1303857584
3098.839143 584.777193 1303857586
3076.496520 584.443860 1303857588
3051.257630 584.332749 1303857590
3025.356737 583.888305 1303857592
3000.531600 583.554972 1303857594
2977.361471 582.999417 1303857596
2956.094604 582.666084 1303857598
2928.290450 582.554973 1303857601
2907.189083 582.110529 1303857604
2886.666970 583.443861 1303857615
2862.752087 583.221639 1303857620
2838.175201 582.777195 1303857624
2816.825583 581.777196 1303857627
2790.262686 580.554975 1303857630
2759.810518 579.443865 1303857633
2736.640390 578.999421 1303857635
2711.898003 578.443866 1303857637
2686.162610 577.777200 1303857639
2659.765214 576.666090 1303857641
2633.036817 576.110535 1303857643
2607.797927 575.332758 1303857645
2584.876050 574.110537 1303857647
2563.360931 573.332760 1303857649
2542.342315 573.443871 1303857651
2522.316704 574.110537 1303857653
2501.298088 573.666093 1303857655
2478.541712 572.999427 1303857657
2453.882075 571.888317 1303857659
2428.477685 571.332762 1303857661
2402.245790 570.888318 1303857663
2375.103640 570.666096 1303857665
2347.051234 570.221652 1303857667
2318.254075 569.554986 1303857669
2288.712162 568.554987 1303857671
2258.508245 568.110543 1303857673
2227.973326 567.443877 1303857675
2198.183161 566.554989 1303857677
2170.213506 565.888323 1303857679
2142.823105 565.221657 1303857681
2115.018951 564.554991 1303857683
2086.387292 563.666103 1303857685
2057.424632 562.554993 1303857687
2028.130970 562.110549 1303857689
1999.002809 561.666105 1303857691
1970.702152 560.888328 1303857693
1941.987743 559.888329 1303857695
1913.190584 558.888330 1303857697
1884.558926 557.888331 1303857699
1854.934262 557.221665 1303857701
1824.730345 556.332777 1303857703
1795.436683 555.777222 1303857705
1765.812019 555.110556 1303857707
1736.021854 554.777223 1303857709
1707.555697 554.777223 1303857711
1680.496297 554.888334 1303857713
1653.850649 554.999445 1303857715
1626.460248 555.221667 1303857717
1598.656094 555.666111 1303857719
1572.424199 555.999444 1303857721
1549.750574 555.777222 1303857723
1524.180682 555.555000 1303857726
1506.968587 566.443878 1303857730
1506.720335 594.110517 1303857734
1507.051337 624.332709 1303857737
1507.299589 647.888241 1303857739
1507.299589 672.999327 1303857741
1506.389334 698.443746 1303857743
1504.403323 724.332609 1303857745
1502.417312 747.777030 1303857747
1500.514051 768.332565 1303857749
1499.603796 791.221431 1303857752
1495.714525 811.554744 1303857763
1473.785653 815.443629 1303857768
1455.663303 824.776953 1303857773
1429.514158 825.221397 1303857776
1400.716999 825.554730 1303857779
1373.823100 826.443618 1303857782
1352.804484 826.665840 1303857785
1331.868618 826.999173 1303857789
1310.353499 827.332506 1303857795
1283.211349 827.110284 1303857799
1255.241694 829.443615 1303857802
1229.258051 827.554728 1303857804
1204.846665 825.443619 1303857806
1182.338541 823.999176 1303857808
1155.030890 822.554733 1303857811
1132.853767 821.665845 1303857815
1117.462182 842.110269 1303857820
1109.435388 862.554693 1303857823
1103.477355 884.332449 1303857826
1101.987846 911.443533 1303857829
1101.987846 940.554615 1303857832
1103.063602 970.110141 1303857835
1104.222109 998.110113 1303857838
1104.222109 1018.776759 1303857841
1099.836335 1038.665628 1303857845
1110.428393 1060.221162 1303857850
1128.798995 1068.665598 1303857856
