2980.009486 814.332519 1303858622
2989.525789 833.554722 1303858628
3009.882401 836.110275 1303858631
3038.514060 835.221387 1303858634
3061.104935 835.665831 1303858636
3083.530309 836.221386 1303858638
3106.452186 836.110275 1303858640
3128.132805 835.888053 1303858642
3154.116449 835.888053 1303858645
3174.224810 836.554719 1303858649
3195.574429 837.665829 1303858660
3221.227071 838.999161 1303858682
3246.879712 839.332494 1303858685
3269.470587 840.332493 1303858688
3290.158202 841.554714 1303858703
3312.252574 831.332502 1303858722
3314.817838 808.776969 1303858725
3314.735088 788.665878 1303858727
3315.893594 764.999235 1303858729
3316.721099 738.777039 1303858731
3317.300352 711.665955 1303858733
3316.886600 684.777093 1303858735
3316.224596 659.888229 1303858737
3315.976345 638.999361 1303858739
3316.224596 616.332717 1303858742
3314.652337 593.332740 1303858754
3291.316708 587.554968 1303858758
3263.016052 589.332744 1303858761
3241.583683 589.888299 1303858763
3219.654812 589.666077 1303858765
3192.926414 587.888301 1303858768
3169.590785 586.666080 1303858772
3148.241167 586.888302 1303858779
3123.829782 591.888297 1303858783
3103.638670 594.554961 1303858786
3083.282057 595.332738 1303858789
3062.759944 594.110517 1303858792
3041.741328 590.554965 1303858797
3020.888212 588.999411 1303858816
2995.980324 588.443856 1303858819
2975.458211 587.999412 1303858821
2953.529340 587.110524 1303858823
2931.848720 586.110525 1303858825
2901.975804 585.110526 1303858828
2880.046933 584.221638 1303858830
2857.704309 583.221639 1303858832
2835.361686 582.110529 1303858834
2810.536548 581.999418 1303858836
2783.228897 582.110529 1303858838
2753.604234 581.554974 1303858840
2721.828058 580.554975 1303858842
2691.375889 578.332755 1303858844
2659.434213 576.666090 1303858846
2626.747782 575.888313 1303858848
2593.730349 575.332758 1303858850
2561.209419 574.443870 1303858852
2530.095247 573.888315 1303858854
2499.063825 573.888315 1303858856
2466.460145 573.332760 1303858858
2433.028960 572.332761 1303858860
2400.590781 571.554984 1303858862
2368.483603 571.221651 1303858864
2336.376425 570.888318 1303858866
2303.772745 569.999430 1303858868
2271.748318 569.777208 1303858870
2239.475639 569.443875 1303858872
2206.623708 568.221654 1303858874
2174.351029 566.888322 1303858876
2142.905855 566.110545 1303858878
2111.295180 565.332768 1303858880
2080.594760 564.666102 1303858882
2049.563339 563.888325 1303858884
2018.862919 562.777215 1303858886
1989.072754 561.999438 1303858888
1960.523846 561.443883 1303858890
1932.554191 560.443884 1303858892
1905.825793 558.999441 1303858894
1880.255902 557.443887 1303858896
1856.754772 556.110555 1303858898
1836.480910 554.777223 1303858900
1812.235026 554.110557 1303858903
1790.471655 554.999445 1303858906
1764.819013 556.332777 1303858909
1733.704841 557.554998 1303858912
1709.376207 557.777220 1303858914
1683.889066 557.554998 1303858916
1659.477681 556.777221 1303858918
1636.638554 556.221666 1303858920
1615.537187 556.443888 1303858922
1593.939318 556.888332 1303858924
1566.052414 556.777221 1303858927
1542.054781 556.554999 1303858931
1521.036165 557.554998 1303858953
1503.824069 576.110535 1303858958
1506.885836 604.888284 1303858961
1507.382339 627.443817 1303858963
1507.299589 652.777125 1303858965
1507.134088 679.443765 1303858967
1506.306583 705.888183 1303858969
1506.058332 730.999269 1303858971
1505.727330 753.332580 1303858973
1505.727330 780.332553 1303858976
1504.734325 802.332531 1303858981
1485.867220 815.554740 1303858987
1465.262356 815.999184 1303858990
1440.602720 816.443628 1303858993
1411.722810 816.776961 1303858996
1382.180897 817.443627 1303858999
1361.576033 818.332515 1303859001
1335.840640 820.443624 1303859004
1314.408272 818.888070 1303859008
1320.862807 838.888050 1303859018
1339.564411 858.776919 1303859021
1353.218236 875.332458 1303859023
1364.886051 897.554658 1303859025
1375.147108 920.221302 1303859027
1382.346397 941.332392 1303859029
1377.795122 962.110149 1303859031
1358.514266 972.443472 1303859033
1332.365121 960.665706 1303859036
1306.298727 945.776832 1303859038
1276.177560 931.665735 1303859040
1257.889709 923.110188 1303859041
1228.678797 915.554640 1303859043
1198.392130 909.554646 1303859045
1168.684715 904.332429 1303859047
1138.398048 898.776879 1303859049
1106.125369 890.221332 1303859051
1075.755951 880.554675 1303859053
1052.751324 874.332459 1303859055
1031.649957 864.999135 1303859058
1013.775858 855.776922 1303859068
992.591741 846.554709 1303859071
