1114.814167 1076.554479 1303859650
1137.818795 1080.110031 1303859675
1161.733677 1079.776698 1303859679
1186.558814 1079.887809 1303859683
1211.880454 1078.221144 1303859687
1233.974827 1077.776700 1303859691
1254.331439 1080.443364 1303859695
1274.770802 1079.776698 1303859698
1299.016686 1081.221141 1303859702
1324.586578 1080.998919 1303859706
1348.915212 1079.443365 1303859710
1368.940823 1080.332253 1303859714
1391.614449 1082.443362 1303859718
1411.640059 1082.332251 1303859722
1434.727437 1083.554472 1303859728
1454.008294 1070.998929 1303859736
1459.304323 1046.887842 1303859740
1463.607347 1025.110086 1303859743
1471.054888 1002.887886 1303859746
1479.495435 980.221242 1303859749
1485.453468 957.776820 1303859752
1489.342739 936.665730 1303859755
1492.321756 916.110195 1303859758
1493.397512 890.332443 1303859762
1495.383523 865.776912 1303859766
1495.962776 842.665824 1303859771
1497.617785 820.888068 1303859781
1499.438295 795.110316 1303859786
1501.176055 769.888119 1303859790
1502.748314 744.554811 1303859794
1503.493068 724.110387 1303859797
1504.568824 703.332630 1303859800
1504.734325 681.110430 1303859803
1505.313578 659.666007 1303859806
1505.644580 633.666033 1303859810
1506.058332 612.554943 1303859814
1506.306583 590.888298 1303859820
1507.630591 569.554986 1303859835
1512.347367 546.999453 1303859841
1532.290227 540.888348 1303859846
1555.543106 539.332794 1303859850
1580.864746 539.110572 1303859854
1605.524382 539.332794 1303859858
1629.687516 539.332794 1303859862
1649.713127 539.332794 1303859866
1670.152490 539.221683 1303859875
1691.833110 539.666127 1303859896
1712.768975 539.999460 1303859899
1739.331872 540.555015 1303859902
1759.771235 541.221681 1303859904
1782.031109 541.888347 1303859906
1805.945991 542.777235 1303859908
1830.605627 543.443901 1303859910
1855.513515 543.888345 1303859912
1880.255902 543.888345 1303859914
1904.998289 543.888345 1303859916
1929.078672 544.443900 1303859918
1952.910804 545.221677 1303859920
1975.584429 545.888343 1303859922
1997.678802 546.332787 1303859924
2017.704412 546.555009 1303859926
2042.281298 546.555009 1303859929
2064.292920 546.110565 1303859933
2084.484032 547.666119 1303859940
2109.557421 550.110561 1303859944
2136.285818 551.443893 1303859947
2156.642431 551.888337 1303859949
2178.240300 552.221670 1303859951
2200.334673 552.443892 1303859953
2222.346294 552.666114 1303859955
2244.192415 553.221669 1303859957
2266.038536 553.777224 1303859959
2288.215659 554.221668 1303859961
2310.972035 554.555001 1303859963
2333.645660 554.999445 1303859965
2355.657282 555.443889 1303859967
2376.262146 555.777222 1303859969
2404.480052 556.110555 1303859972
2429.305189 556.443888 1303859975
2454.626830 556.554999 1303859979
2475.148943 556.666110 1303859985
2501.298088 557.554998 1303860002
2523.144209 558.332775 1303860005
2548.796850 558.666108 1303860008
2575.773500 558.443886 1303860011
2602.832899 559.110552 1303860014
2629.809549 559.999440 1303860017
2656.786198 560.554995 1303860020
2682.438840 560.888328 1303860023
2704.946964 561.554994 1303860026
2730.268604 562.221660 1303860030
2753.686984 563.999436 1303860037
2779.918879 565.332768 1303860041
2805.488771 565.999434 1303860044
2833.375675 567.110544 1303860047
2860.517825 567.554988 1303860050
2883.108700 568.221654 1303860053
2907.354584 568.999431 1303860057
2928.373200 569.777208 1303860066
2948.564312 573.888315 1303860071
2969.748429 574.221648 1303860077
