2900.734547 574.221648 1303860655
2873.095895 572.443872 1303860657
2846.284746 570.777207 1303860659
2820.880356 569.666097 1303860661
2795.393215 568.554987 1303860663
2768.747567 567.554988 1303860665
2740.364160 567.443877 1303860667
2711.153249 566.443878 1303860669
2682.107838 564.888324 1303860671
2654.138183 563.888325 1303860673
2627.078784 563.110548 1303860675
2601.839894 561.999438 1303860677
2580.986779 560.332773 1303860679
2558.975157 558.332775 1303860682
2538.453043 560.221662 1303860690
2513.131403 564.443880 1303860718
2484.996248 564.888324 1303860721
2462.322622 564.777213 1303860723
2438.076738 564.443880 1303860725
2413.499852 564.332769 1303860727
2388.674715 563.888325 1303860729
2363.849577 563.110548 1303860731
2339.355442 562.332771 1303860733
2315.275059 561.777216 1303860735
2290.780923 561.221661 1303860737
2265.955786 560.666106 1303860739
2241.047898 560.221662 1303860741
2217.215766 559.888329 1303860743
2194.211139 560.110551 1303860745
2170.710009 560.332773 1303860747
2146.298624 559.999440 1303860749
2121.390736 559.443885 1303860751
2095.986345 558.888330 1303860753
2070.085452 558.443886 1303860755
2043.439805 557.332776 1303860757
2016.711407 556.443888 1303860759
1991.141515 556.221666 1303860761
1966.399129 555.888333 1303860763
1942.070494 554.666112 1303860765
1918.321113 554.221668 1303860767
1894.819983 553.443891 1303860769
1871.484353 552.888336 1303860771
1848.810728 552.332781 1303860773
1827.130108 551.888337 1303860775
1798.912202 551.332782 1303860778
1777.976336 551.332782 1303860781
1755.799213 552.777225 1303860793
1733.539340 554.666112 1303860797
1704.907682 555.555000 1303860800
1681.654803 555.777222 1303860802
1656.084912 556.110555 1303860804
1630.018518 555.332778 1303860806
1604.696878 553.666113 1303860808
1580.368243 553.443891 1303860810
1559.101375 552.888336 1303860812
1536.924253 552.666114 1303860815
1516.733141 555.555000 1303860835
1505.975581 577.110534 1303860841
1507.630591 602.777175 1303860844
1507.796091 623.554932 1303860846
1507.713341 646.443798 1303860848
1507.382339 669.888219 1303860850
1506.720335 692.888196 1303860852
1506.554835 713.888175 1303860854
1505.396328 741.999258 1303860857
1504.899825 767.332566 1303860860
1504.817075 790.776987 1303860864
1492.735508 810.332523 1303860874
1468.820626 813.110298 1303860878
1451.277529 822.776955 1303860882
1428.769404 825.999174 1303860885
1402.537509 826.665840 1303860888
1374.319603 827.443617 1303860891
1350.156469 828.554727 1303860894
1328.558600 828.110283 1303860898
1307.208982 827.776950 1303860904
1286.024865 839.443605 1303860910
1265.999254 840.776937 1303860912
1242.249872 838.221384 1303860914
1220.155500 835.888053 1303860916
1200.047139 833.999166 1303860918
1174.973750 832.665834 1303860921
1154.699888 830.443614 1303860927
1128.881745 826.443618 1303860942
1103.477355 823.221399 1303860945
1080.803729 819.999180 1303860948
1059.702362 818.221404 1303860951
1039.759502 815.776962 1303860953
1017.251378 813.332520 1303860955
995.736259 811.221411 1303860957
967.187351 809.776968 1303860960
947.244490 811.332522 1303860963
926.225874 808.665858 1303860986
900.407731 806.999193 1303860992
877.982357 808.665858 1303860996
851.419460 813.554742 1303861000
830.069842 812.776965 1303861002
806.982464 811.221411 1303861004
783.315833 809.888079 1303861006
759.318201 808.554747 1303861008
735.320568 807.443637 1303861010
711.157434 806.554749 1303861012
686.994301 805.776972 1303861014
663.410420 805.110306 1303861016
640.654044 804.221418 1303861018
619.552677 803.332530 1303861020
591.086520 802.332531 1303861023
567.171638 801.332532 1303861026
546.815025 800.332533 1303861030
484.669431 802.110309 1303861045
455.789522 799.999200 1303861048
435.350158 798.999201 1303861050
414.414293 798.110313 1303861052
392.981924 797.332536 1303861054
372.542561 796.665870 1303861056
345.234910 794.776983 1303861059
323.802541 793.999206 1303861062
303.776931 793.110318 1303861084
281.103305 793.665873 1303861090
254.374907 794.665872 1303861094
232.197785 794.776983 1303861097
207.455398 793.665873 1303861101
186.188530 794.221428 1303861108
159.542883 796.665870 1303861112
133.228237 795.888093 1303861115
109.975358 794.888094 1303861118
89.535995 802.221420 1303861123
90.694502 823.443621 1303861135
91.108254 843.665823 1303861138
90.860003 869.665797 1303861141
89.949748 895.332438 1303861144
88.791241 918.887970 1303861147
87.963737 941.332392 1303861150
87.467234 964.110147 1303861153
87.467234 988.221234 1303861156
86.887981 1013.332320 1303861159
86.474228 1040.443404 1303861162
86.308727 1068.221154 1303861165
85.812225 1096.665570 1303861168
85.315722 1125.776652 1303861171
85.481223 1152.332181 1303861174
85.067471 1177.998822 1303861177
84.405467 1203.998796 1303861180
83.743463 1230.998769 1303861183
83.329711 1256.109855 1303861186
82.998709 1276.220946 1303861189
84.488217 1296.887592 1303861196
84.984720 1317.109794 1303861204
