3316.969350 624.332709 1304029115
3316.803849 602.888286 1304029143
3302.074268 588.888300 1304029149
3275.511371 587.777190 1304029153
3250.768984 587.777190 1304029156
3225.778346 587.777190 1304029159
3203.766724 587.443857 1304029162
3178.445084 586.888302 1304029166
3156.929965 586.999413 1304029170
3135.994099 586.999413 1304029174
3111.168962 586.443858 1304029178
3086.592076 585.666081 1304029181
3060.442931 585.110526 1304029184
3036.031546 585.999414 1304029187
3014.930179 588.666078 1304029192
2990.436044 586.110525 1304029207
2967.762418 584.332749 1304029210
2943.433784 583.554972 1304029213
2918.443145 582.888306 1304029216
2892.459502 582.110529 1304029219
2867.551614 581.777196 1304029222
2841.650721 581.443863 1304029225
2811.860556 580.777197 1304029228
2791.172941 580.221642 1304029230
2769.492321 579.221643 1304029232
2746.653195 578.332755 1304029234
2722.655562 577.332756 1304029236
2698.575179 577.221645 1304029238
2673.998293 576.888312 1304029240
2648.759403 576.332757 1304029242
2623.024011 575.666091 1304029244
2597.371369 574.999425 1304029246
2571.884228 574.777203 1304029248
2546.728089 574.110537 1304029250
2520.827196 573.443871 1304029252
2493.271293 572.888316 1304029254
2464.722385 572.221650 1304029256
2435.842476 571.999428 1304029258
2406.714314 571.443873 1304029260
2377.917155 571.110540 1304029262
2349.368247 570.554985 1304029264
2320.322837 569.888319 1304029266
2290.367171 569.332764 1304029268
2259.584000 568.999431 1304029270
2229.297333 568.999431 1304029272
2200.417423 568.332765 1304029274
2172.199517 567.777210 1304029276
2144.643615 567.110544 1304029278
2117.253213 566.554989 1304029280
2089.531810 566.110545 1304029282
2061.644905 565.443879 1304029284
2033.758001 564.443880 1304029286
2006.036598 563.443881 1304029288
1977.570440 563.332770 1304029290
1947.780276 562.666104 1304029292
1917.741859 562.221660 1304029294
1887.124190 561.999438 1304029296
1856.092768 561.443883 1304029298
1824.813095 560.554995 1304029300
1793.864424 559.999440 1304029302
1762.915753 559.443885 1304029304
1732.298083 559.110552 1304029306
1703.004421 558.888330 1304029308
1674.124512 558.999441 1304029310
1645.575604 558.777219 1304029312
1617.274947 559.221663 1304029314
1590.050046 559.666107 1304029316
1565.059408 559.666107 1304029318
1543.544289 559.221663 1304029320
1518.967403 560.110551 1304029323
1507.547840 577.443867 1304029327
1507.465090 598.221624 1304029330
1506.389334 625.554930 1304029333
1505.975581 647.888241 1304029335
1505.644580 672.332661 1304029337
1505.148077 697.665969 1304029339
1505.065326 722.999277 1304029341
1504.982576 746.110365 1304029343
1504.568824 773.332560 1304029346
1504.899825 795.665871 1304029350
1500.514051 816.110295 1304029361
1482.226200 824.332509 1304029367
1461.124833 829.665837 1304029372
1438.202956 828.999171 1304029375
1416.025834 827.332506 1304029378
1394.758966 827.665839 1304029381
1369.106324 832.110279 1304029385
1345.522444 837.554718 1304029390
1325.331332 837.554718 1304029397
1298.354683 838.888050 1304029401
1271.874536 839.554716 1304029404
1246.387395 839.999160 1304029407
1223.465518 841.332492 1304029410
1198.971383 842.443602 1304029414
1176.546009 846.554709 1304029419
1165.540198 865.776912 1304029424
1157.927156 886.554669 1304029428
1153.044879 909.887979 1304029432
1150.893367 935.332398 1304029436
1151.141618 955.443489 1304029439
1147.997101 977.887911 1304029443
1147.831600 1004.110107 1304029447
1147.086846 1025.443419 1304029451
1138.398048 1044.221178 1304029458
1137.901545 1064.332269 1304029484
