934.418169 806.554749 1301747961
909.593032 805.443639 1301747971
880.961374 803.776974 1301747974
858.618750 802.776975 1301747976
836.524378 802.332531 1301747978
813.188749 801.888087 1301747980
789.439367 801.332532 1301747982
766.517491 800.999199 1301747984
744.340368 800.443644 1301747986
721.914994 800.110311 1301747988
698.413864 799.443645 1301747990
674.416231 798.999201 1301747992
650.832351 798.665868 1301747994
627.744973 797.888091 1301747996
605.981602 797.554758 1301747998
578.673951 796.665870 1301748001
555.007320 795.888093 1301748005
533.409451 795.221427 1301748027
511.149578 794.332539 1301748030
486.655442 793.888095 1301748033
460.506298 792.888096 1301748036
432.040140 791.665875 1301748039
402.084474 790.665876 1301748042
381.562361 790.332543 1301748044
360.460994 789.776988 1301748046
332.822341 789.443655 1301748049
308.079954 789.443655 1301748053
284.744325 789.110322 1301748063
260.084689 788.776989 1301748066
231.784032 788.221434 1301748069
207.041645 787.665879 1301748072
185.526526 787.332546 1301748081
164.342409 786.554769 1301748084
139.020769 786.888102 1301748087
118.415905 787.443657 1301748090
97.976542 788.443656 1301748098
86.391478 810.776967 1301748104
88.377489 836.888052 1301748107
88.294738 858.554697 1301748109
87.798236 882.665784 1301748111
87.715485 909.332424 1301748113
87.384483 937.221285 1301748115
87.301733 965.221257 1301748117
87.632735 992.999007 1301748119
87.053482 1019.776758 1301748121
86.060476 1045.665621 1301748123
84.984720 1071.554484 1301748125
84.239966 1098.332235 1301748127
84.570968 1125.887763 1301748129
83.826214 1153.332180 1301748131
82.915959 1181.221041 1301748133
82.419456 1208.221014 1301748135
81.012698 1231.776546 1301748137
79.936942 1252.443192 1301748139
78.695685 1280.443164 1301748142
78.199183 1304.220918 1301748145
79.688691 1325.443119 1301748150
106.913591 1327.109784 1301748155
135.379749 1327.332006 1301748158
157.308620 1327.554228 1301748160
179.568493 1327.998672 1301748162
201.497365 1328.443116 1301748164
223.591737 1329.554226 1301748166
245.355107 1330.776447 1301748168
266.539225 1332.220890 1301748170
288.302595 1333.665333 1301748172
311.224472 1333.998666 1301748174
334.229099 1334.443110 1301748176
357.978480 1334.998665 1301748178
381.479610 1335.443109 1301748180
415.655549 1336.331997 1301748183
436.591415 1336.887552 1301748185
459.678793 1338.665328 1301748188
485.331435 1339.220883 1301748197
509.411818 1338.887550 1301748200
539.781236 1339.331994 1301748203
561.544607 1339.443105 1301748205
584.052731 1339.887549 1301748207
606.974608 1340.554215 1301748209
629.648233 1340.776437 1301748211
652.818362 1341.443103 1301748213
675.326486 1342.443102 1301748215
697.751860 1343.220879 1301748217
721.087489 1343.220879 1301748219
745.167872 1343.443101 1301748221
769.248256 1343.776434 1301748223
792.583885 1344.220878 1301748225
815.836763 1344.331989 1301748227
837.103631 1344.443100 1301748229
862.177020 1343.220879 1301748232
880.464871 1334.109777 1301748236
884.023141 1311.998688 1301748239
885.264397 1284.554271 1301748242
886.257403 1258.332075 1301748245
887.002157 1238.109873 1301748248
887.415909 1216.443228 1301748273
888.657166 1190.109921 1301748277
889.319170 1159.998840 1301748280
890.229425 1136.109975 1301748282
892.629188 1111.554444 1301748284
894.284197 1090.332243 1301748286
895.359953 1067.110044 1301748290
912.158296 1054.665612 1301748308
938.224690 1053.110058 1301748311
959.408808 1053.443391 1301748313
983.820193 1054.554501 1301748316
1007.073071 1058.998941 1301748331
1032.560212 1061.998938 1301748334
1054.323583 1064.221158 1301748336
1074.514694 1065.443379 1301748338
1096.774568 1067.554488 1301748342
1122.509960 1066.665600 1301748353
1145.514587 1067.665599 1301748357
1167.360708 1074.110037 1301748375
1188.296574 1076.221146 1301748378
1218.831493 1077.998922 1301748381
1241.008616 1079.110032 1301748383
1261.365228 1079.110032 1301748385
1282.301094 1079.110032 1301748388
1304.064464 1078.554477 1301748405
1328.806851 1077.443367 1301748408
1349.411715 1076.998923 1301748410
1370.099330 1077.110034 1301748412
1397.986234 1077.776700 1301748415
1419.749604 1077.665589 1301748418
1441.099222 1076.887812 1301748421
1466.255362 1070.110041 1301748424
1487.025727 1070.665596 1301748428
1502.582813 1054.887834 1301748440
1502.665563 1032.443412 1301748443
1502.831064 1003.110108 1301748446
1503.493068 981.554574 1301748448
1504.237822 958.110153 1301748450
1504.817075 932.554623 1301748452
1504.899825 906.110205 1301748454
1505.561829 881.999118 1301748456
1505.975581 861.332472 1301748458
1505.975581 837.110274 1301748461
1505.975581 816.221406 1301748469
1526.249444 805.665861 1301748474
1552.564089 807.888081 1301748477
1574.244709 809.110302 1301748479
1597.911340 809.776968 1301748481
1623.067479 810.332523 1301748483
1649.051123 810.888078 1301748485
1674.869266 810.999189 1301748487
1699.859904 811.110300 1301748489
1724.023038 811.776966 1301748491
1747.441417 812.888076 1301748493
1771.604551 814.888074 1301748495
1797.670945 815.888073 1301748497
1824.399343 816.665850 1301748499
1850.796739 817.443627 1301748501
1873.139363 818.221404 1301748503
1894.323480 821.110290 1301748506
1918.569364 821.888067 1301748525
1944.801259 822.221400 1301748528
1966.978382 822.888066 1301748530
1991.224266 824.665842 1301748532
2017.373411 825.554730 1301748534
2043.936307 827.110284 1301748536
2070.664705 828.999171 1301748538
2096.565599 830.332503 1301748540
2121.638987 831.443613 1301748542
2146.464125 832.332501 1301748544
2172.447768 832.888056 1301748546
2200.417423 832.888056 1301748548
2228.800830 832.443612 1301748550
2257.184237 832.554723 1301748552
2285.981397 833.332500 1301748554
2313.868301 833.999166 1301748556
2340.927701 834.221388 1301748558
2367.076845 834.554721 1301748560
2392.232984 834.888054 1301748562
2416.644369 834.999165 1301748564
2441.883259 836.221386 1301748566
2466.625646 837.332496 1301748568
2486.651257 838.110273 1301748570
2510.979891 839.110272 1301748574
2518.261932 861.110250 1301748586
2517.599928 882.332451 1301748589
2516.606922 904.332429 1301748591
2515.613917 928.665738 1301748593
2514.869163 954.554601 1301748595
2514.207159 980.776797 1301748597
2513.296904 1008.110103 1301748599
2512.800401 1035.665631 1301748601
2512.221148 1061.443383 1301748603
2511.476394 1083.887805 1301748605
2511.145392 1111.554444 1301748608
2512.386649 1131.665535 1301748611
2513.214154 1153.109958 1301748621
2512.717651 1177.998822 1301748624
2512.634900 1199.332134 1301748626
2514.124409 1222.109889 1301748628
2515.613917 1246.665420 1301748630
2516.855174 1271.109840 1301748632
2516.606922 1292.665374 1301748634
2515.448416 1317.776460 1301748637
2513.296904 1341.331992 1301748641
2519.834190 1362.776415 1301748647
2545.569583 1364.776413 1301748651
2570.973973 1366.109745 1301748654
2594.888855 1366.554189 1301748657
2620.872499 1366.776411 1301748660
2642.553119 1366.665300 1301748662
2666.716253 1367.331966 1301748664
2691.955142 1368.220854 1301748666
2718.021537 1369.109742 1301748668
2744.418933 1369.887519 1301748670
2770.981830 1371.220851 1301748672
2794.482960 1372.109739 1301748674
2815.336075 1372.109739 1301748676
2843.884983 1371.443073 1301748679
2867.137862 1371.665295 1301748682
2890.721742 1372.331961 1301748686
2915.629630 1373.220849 1301748690
2944.178538 1374.331959 1301748693
2967.348666 1375.109736 1301748695
2992.422055 1375.665291 1301748697
3018.240198 1376.998623 1301748699
3055.974406 1377.998622 1301748702
3080.634043 1378.220844 1301748704
3104.879927 1378.776399 1301748706
3129.870565 1379.443065 1301748708
3156.516213 1380.109731 1301748710
3183.823864 1380.887508 1301748712
3210.304010 1381.331952 1301748714
3235.294648 1379.776398 1301748716
3258.133775 1377.554178 1301748718
3282.379659 1374.331959 1301748721
3302.901772 1362.998637 1301748725
3306.294541 1341.776436 1301748728
3305.632537 1313.554242 1301748731
3305.632537 1290.887598 1301748733
3305.798038 1266.220956 1301748735
3305.715288 1239.109872 1301748737
3305.880789 1211.332122 1301748739
3305.963539 1185.887703 1301748741
3305.053284 1164.221058 1301748743
3305.549787 1140.332193 1301748746
3308.363303 1116.443328 1301748762
3309.935561 1095.665571 1301748765
3310.597565 1065.221157 1301748768
3311.094068 1040.554515 1301748770
3311.673321 1013.998986 1301748772
3312.252574 986.110125 1301748774
3312.914578 957.332376 1301748776
3313.245580 931.221291 1301748778
3313.411080 909.665757 1301748780
3313.162829 887.554668 1301748783
3312.666326 866.221356 1301748804
3313.824833 840.888048 1301748809
3314.735088 814.332519 1301748812
3315.645343 785.221437 1301748815
3315.976345 763.777014 1301748817
3316.638348 740.110371 1301748819
3316.969350 715.554840 1301748821
3316.638348 694.110417 1301748823
3314.486836 669.443775 1301748826
3314.404086 648.888240 1301748832
