1212.294207 804.443640 1301749623
1187.138067 803.110308 1301749625
1166.284952 802.999197 1301749627
1138.977301 805.554750 1301749630
1115.889923 809.665857 1301749639
1088.085770 810.110301 1301749643
1058.295605 808.888080 1301749646
1038.104493 808.110303 1301749648
1015.430868 807.665859 1301749650
991.184983 807.110304 1301749652
966.525347 806.776971 1301749654
942.444964 806.332527 1301749656
918.943834 805.665861 1301749658
896.021957 804.999195 1301749660
872.520827 803.999196 1301749662
847.778440 803.332530 1301749664
821.877547 803.110308 1301749666
795.728402 802.776975 1301749668
769.165505 801.999198 1301749670
742.271606 801.221421 1301749672
715.129456 800.110311 1301749674
687.656304 799.332534 1301749676
660.431404 798.999201 1301749678
633.454754 798.776979 1301749680
607.553861 797.999202 1301749682
585.459489 797.332536 1301749684
560.882603 797.888091 1301749687
539.532985 797.888091 1301749692
518.017866 797.999202 1301749709
491.785971 797.665869 1301749712
457.113529 796.221426 1301749715
432.122891 795.110316 1301749717
406.304748 794.332539 1301749719
380.403854 793.443651 1301749721
354.585712 792.888096 1301749723
331.415583 792.221430 1301749725
305.762942 791.332542 1301749728
282.179061 790.110321 1301749738
258.926182 789.332544 1301749741
238.735071 788.776989 1301749743
211.510170 788.221434 1301749746
190.988057 787.776990 1301749753
163.763156 787.888101 1301749758
134.221243 787.332546 1301749761
108.237599 786.554769 1301749764
87.218983 790.110321 1301749787
82.171205 809.665857 1301749791
83.246961 837.665829 1301749795
84.488217 867.888021 1301749798
84.488217 891.110220 1301749800
83.908964 915.332418 1301749802
83.908964 939.776838 1301749804
83.577962 965.443479 1301749806
83.660713 991.554564 1301749808
82.998709 1017.221205 1301749810
82.502206 1042.887846 1301749812
81.922953 1068.554487 1301749814
81.260950 1095.110016 1301749816
80.598946 1122.887766 1301749818
80.350695 1150.998849 1301749820
80.102443 1179.332154 1301749822
79.688691 1206.554349 1301749824
79.192188 1230.443214 1301749826
78.861186 1250.887638 1301749828
78.943937 1272.665394 1301749831
80.267944 1292.665374 1301749841
81.509201 1317.220905 1301749846
104.762080 1326.665340 1301749851
131.407727 1326.554229 1301749854
152.095341 1326.665340 1301749856
173.858712 1327.776450 1301749858
195.539332 1328.554227 1301749860
217.385453 1329.220893 1301749862
239.562575 1329.998670 1301749864
261.987949 1330.665336 1301749866
284.744325 1331.220891 1301749868
308.659208 1331.332002 1301749870
333.980848 1331.887557 1301749872
360.047242 1332.109779 1301749874
386.775640 1332.554223 1301749876
413.173036 1332.998667 1301749878
436.425914 1333.665333 1301749880
459.678793 1334.220888 1301749883
479.952655 1334.998665 1301749891
501.964277 1335.998664 1301749894
533.326700 1336.776441 1301749897
557.324333 1337.331996 1301749899
582.480472 1337.443107 1301749901
607.967613 1337.554218 1301749903
633.372004 1337.887551 1301749905
658.776394 1338.331995 1301749907
684.015284 1338.887550 1301749909
709.005922 1339.443105 1301749911
734.410313 1340.220882 1301749913
760.145705 1340.998659 1301749915
785.467345 1341.554214 1301749917
809.382228 1341.776436 1301749919
831.393849 1341.220881 1301749921
854.067475 1339.220883 1301749924
876.575599 1336.665330 1301749942
881.788878 1305.220917 1301749947
882.450882 1280.443164 1301749950
882.864634 1256.887632 1301749954
882.947385 1232.554323 1301749961
883.609388 1207.776570 1301749964
884.105891 1187.221035 1301749966
884.602394 1164.776613 1301749968
885.843651 1140.221082 1301749970
887.995163 1116.554439 1301749972
889.484671 1095.332238 1301749974
889.650172 1072.332261 1301749977
906.945017 1056.443388 1301749982
931.356402 1057.110054 1301749985
951.713015 1059.665607 1301749987
976.372651 1060.110051 1301749990
997.805020 1061.110050 1301750008
1020.726897 1063.110048 1301750011
1049.441306 1064.110047 1301750014
1076.169704 1066.221156 1301750017
1098.760579 1067.443377 1301750026
1125.654477 1068.443376 1301750030
1146.011090 1069.110042 1301750032
1169.843222 1069.887819 1301750034
1195.826866 1070.221152 1301750036
1222.969016 1070.665596 1301750038
1250.111166 1071.332262 1301750040
1276.260311 1072.110039 1301750042
1301.085448 1072.776705 1301750044
1325.331332 1074.221148 1301750046
1348.997963 1074.998925 1301750048
1371.919840 1075.110036 1301750050
1394.014212 1075.998924 1301750052
1415.860333 1076.887812 1301750054
1438.533958 1077.554478 1301750056
1465.510608 1078.221144 1301750059
1485.453468 1076.554479 1301750066
1496.293778 1059.221163 1301750073
1498.197038 1033.443411 1301750077
1499.107293 1006.110105 1301750080
1499.521046 976.999023 1301750083
1499.686547 946.999053 1301750086
1499.521046 925.999074 1301750088
1499.686547 904.221318 1301750090
1499.934798 882.332451 1301750092
1500.348550 862.110249 1301750094
1500.679552 838.665828 1301750097
1500.514051 817.110294 1301750108
1519.215655 804.110307 1301750117
1544.123542 805.665861 1301750120
1564.397405 807.443637 1301750122
1585.498771 808.332525 1301750124
1607.096641 808.999191 1301750126
1629.853017 809.332524 1301750128
1650.871633 809.110302 1301750130
1674.703765 806.888082 1301750133
1695.556880 805.776972 1301750162
1718.727008 807.443637 1301750166
1747.524168 810.110301 1301750169
1770.446044 812.110299 1301750171
1795.105681 813.110298 1301750173
1820.261820 813.888075 1301750175
1844.342203 814.332519 1301750177
1871.484353 814.999185 1301750180
1892.254718 816.332517 1301750185
