3322.596381 587.332746 1301751061
3300.005506 583.332750 1301751066
3270.960096 583.777194 1301751069
3247.789967 583.554972 1301751071
3223.626834 583.554972 1301751073
3199.960203 583.332750 1301751075
3179.603590 583.221639 1301751077
3156.102460 582.554973 1301751080
3135.166594 582.554973 1301751085
3114.727231 582.777195 1301751094
3089.488342 582.332751 1301751097
3060.111929 582.777195 1301751100
3032.473276 583.554972 1301751103
3010.378904 583.999416 1301751106
2988.284532 586.999413 1301751124
2985.802018 611.666055 1301751130
2987.622528 634.554921 1301751133
2987.374277 662.666004 1301751136
2987.374277 683.110428 1301751138
2987.374277 704.221518 1301751140
2987.374277 725.443719 1301751142
2987.043275 746.777031 1301751144
2986.877774 768.332565 1301751146
2986.795024 788.332545 1301751148
2986.877774 815.221407 1301751151
2982.988503 837.110274 1301751155
2965.610906 847.110264 1301751159
2945.502545 846.221376 1301751162
2919.022399 843.999156 1301751165
2898.169283 843.110268 1301751167
2876.488663 842.332491 1301751169
2853.980539 841.999158 1301751171
2832.134418 841.443603 1301751173
2811.033051 840.554715 1301751175
2790.262686 839.776938 1301751177
2769.906074 838.888050 1301751179
2744.584434 838.221384 1301751182
2719.593795 837.999162 1301751191
2695.513412 837.221385 1301751194
2674.163794 836.221386 1301751196
2650.414413 835.554720 1301751198
2625.754776 834.776943 1301751200
2600.184885 833.999166 1301751202
2575.856250 833.999166 1301751204
2555.168636 834.332499 1301751206
2534.398271 835.221387 1301751209
2510.483389 835.888053 1301751231
2486.734007 834.999165 1301751234
2465.467139 834.110277 1301751236
2441.717758 833.443611 1301751238
2416.478868 833.110278 1301751240
2390.246973 832.554723 1301751242
2363.104823 831.888057 1301751244
2335.383420 831.221391 1301751246
2307.662016 830.443614 1301751248
2279.526861 829.554726 1301751250
2250.729702 829.110282 1301751252
2222.677296 828.443616 1301751254
2196.610902 827.776950 1301751256
2173.854526 827.221395 1301751258
2150.436147 827.332506 1301751261
2130.079534 826.443618 1301751269
2108.647165 825.999174 1301751273
2083.160024 824.776953 1301751276
2053.535361 823.554732 1301751279
2032.764996 822.443622 1301751281
2012.573884 821.332512 1301751283
1983.114721 820.999179 1301751286
1954.979565 821.110290 1301751289
1931.312934 820.665846 1301751292
1909.880566 819.999180 1301751299
1882.076412 818.888070 1301751304
1853.362003 818.665848 1301751307
1832.012385 818.110293 1301751309
1810.331765 817.776960 1301751311
1787.658140 817.554738 1301751313
1766.556773 817.665849 1301751315
1742.310889 817.888071 1301751318
1719.968265 817.999182 1301751329
1699.363401 817.776960 1301751332
1669.324985 816.443628 1301751335
1645.906606 815.776962 1301751337
1621.329720 815.221407 1301751339
1596.173580 814.999185 1301751341
1571.017441 814.776963 1301751343
1548.095564 814.776963 1301751345
1522.856675 815.554740 1301751348
1500.514051 815.443629 1301751358
1472.875398 814.665852 1301751362
1452.022283 813.221409 1301751364
1427.941900 811.554744 1301751366
1402.703010 810.665856 1301751368
1378.705377 810.443634 1301751370
1356.445504 810.888078 1301751372
1328.310348 812.554743 1301751375
1307.705485 811.776966 1301751379
1284.287105 815.443629 1301751391
1261.034226 819.999180 1301751397
1238.360601 819.110292 1301751399
1215.107722 817.332516 1301751401
1193.427102 815.888073 1301751403
1164.960945 814.332519 1301751406
1141.046063 812.332521 1301751409
1115.227920 811.888077 1301751419
1090.071781 812.110299 1301751422
1069.135915 811.443633 1301751424
1045.386533 810.221412 1301751426
1020.478646 808.999191 1301751428
996.812015 808.221414 1301751430
974.386641 807.999192 1301751432
953.368024 807.332526 1301751434
933.342413 806.332527 1301751436
903.552249 805.110306 1301751439
882.368131 804.110307 1301751441
860.935763 803.332530 1301751443
837.931136 802.554753 1301751445
813.519751 801.888087 1301751447
788.611863 801.332532 1301751449
763.869476 800.776977 1301751451
738.796087 800.221422 1301751453
713.557198 799.999200 1301751455
688.235557 799.443645 1301751457
662.913917 798.665868 1301751459
637.592277 798.110313 1301751461
612.436138 797.443647 1301751463
589.597012 795.999204 1301751465
562.785863 795.332538 1301751468
540.856992 794.332539 1301751472
515.287101 793.888095 1301751494
487.482947 793.332540 1301751497
464.395569 792.665874 1301751499
438.742927 791.554764 1301751501
412.345531 790.554765 1301751503
385.534383 790.110321 1301751505
358.723235 789.554766 1301751507
334.229099 789.332544 1301751509
314.203488 788.999211 1301751511
294.177877 788.665878 1301751516
266.870226 787.554768 1301751524
237.411063 787.888101 1301751527
217.054451 787.888101 1301751529
196.697838 787.443657 1301751532
171.210697 786.665880 1301751542
143.323793 786.443658 1301751545
122.967180 787.332546 1301751547
99.797052 788.221434 1301751551
