3210.386761 843.999156 1302568067
3234.549894 844.999155 1302568088
3260.947290 845.110266 1302568091
3284.531171 846.110265 1302568094
3306.129040 845.332488 1302568122
3315.231591 823.888065 1302568128
3315.397091 795.554760 1302568131
3316.307347 771.888117 1302568133
3317.548603 746.888142 1302568135
3318.541609 721.888167 1302568137
3318.955361 697.110414 1302568139
3318.789860 673.221549 1302568141
3318.293357 651.443793 1302568143
3319.120862 625.999374 1302568146
3320.196618 604.999395 1302568152
3307.453048 587.999412 1302568161
3284.531171 588.999411 1302568164
3264.340059 589.443855 1302568166
3241.418182 588.221634 1302568168
3217.751551 586.221636 1302568170
3193.753919 583.554972 1302568172
3170.832042 579.999420 1302568174
3151.054682 574.999425 1302568176
3128.215556 567.888321 1302568179
3102.562914 568.888320 1302568205
3080.220290 572.110539 1302568208
3055.229652 573.666093 1302568211
3031.066518 575.332758 1302568214
3006.986135 576.888312 1302568218
2986.133020 576.999423 1302568222
2958.163365 578.110533 1302568226
2930.110960 581.777196 1302568229
2909.837098 584.110527 1302568231
2889.397735 582.777195 1302568233
2863.993344 580.332753 1302568236
2838.837205 578.554977 1302568239
2810.122796 576.666090 1302568242
2781.822140 575.110536 1302568245
2761.631028 573.777204 1302568247
2739.040153 572.443872 1302568249
2715.787274 571.999428 1302568251
2691.210388 571.332762 1302568253
2664.647491 570.888318 1302568255
2638.415596 569.110542 1302568257
2616.569475 567.221655 1302568259
2593.151096 563.777214 1302568262
2572.959984 563.999436 1302568277
2549.707106 566.666100 1302568294
2528.605739 567.666099 1302568297
2502.953097 566.110545 1302568300
2473.990437 565.110546 1302568303
2453.799325 564.332769 1302568305
2433.194461 563.888325 1302568307
2411.844843 562.999437 1302568309
2390.164223 562.221660 1302568311
2367.407847 562.443882 1302568313
2343.161963 562.554993 1302568315
2318.088574 561.999438 1302568317
2293.015185 561.110550 1302568319
2268.107298 559.888329 1302568321
2243.944164 558.666108 1302568323
2221.353289 557.888331 1302568325
2201.244928 556.666110 1302568327
2176.833543 555.777222 1302568330
2156.228679 553.888335 1302568334
2136.203068 554.888334 1302568361
2109.391920 556.332777 1302568365
2085.063285 556.332777 1302568368
2057.010880 555.332778 1302568371
2035.413010 554.888334 1302568373
2012.160132 554.666112 1302568375
1987.996998 553.999446 1302568377
1963.254611 553.221669 1302568379
1938.677725 552.110559 1302568381
1914.845593 550.999449 1302568383
1892.254718 549.999450 1302568385
1865.360820 548.999451 1302568388
1845.500710 545.999454 1302568395
1824.895846 550.999449 1302568409
1798.581200 550.999449 1302568413
1777.893586 549.999450 1302568416
1756.709468 548.443896 1302568421
1729.650069 552.110559 1302568441
1708.300451 552.221670 1302568443
1683.475313 551.666115 1302568445
1657.243418 550.888338 1302568447
1631.177024 550.110561 1302568449
1606.020885 549.999450 1302568451
1582.685256 550.555005 1302568453
1561.418388 551.332782 1302568455
1536.758752 550.999449 1302568458
1514.416128 550.777227 1302568481
1506.637585 570.221652 1302568487
1507.630591 591.554964 1302568491
1507.961592 620.443824 1302568494
1507.961592 644.777133 1302568496
1507.299589 669.777108 1302568498
1506.472084 694.888194 1302568500
1506.389334 719.332614 1302568502
1505.727330 742.888146 1302568504
1505.313578 763.665903 1302568506
1505.065326 786.665880 1302568509
1497.866037 807.665859 1302568515
1474.116655 815.554740 1302568520
1450.450024 820.554735 1302568524
1427.031645 825.665841 1302568527
1406.757782 826.999173 1302568529
1383.753155 825.221397 1302568531
1362.817289 820.776957 1302568533
1338.488655 812.665854 1302568536
1320.449055 801.443643 1302568540
1301.581951 791.999208 1302568558
1291.569145 819.221403 1302568564
1284.949109 846.776931 1302568567
1281.970092 871.888017 1302568570
1273.281294 892.443552 1302568573
1257.724208 907.554648 1302568576
1232.733570 916.332417 1302568579
1210.721948 921.443523 1302568581
1187.634570 925.443519 1302568583
1164.960945 927.332406 1302568585
1141.294314 927.110184 1302568587
1119.530943 924.887964 1302568589
1091.561289 918.332415 1302568592
1072.114931 906.110205 1302568595
1047.703546 886.221336 1302568598
1027.264183 870.888018 1302568601
1009.390084 856.554699 1302568603
