981.254929 828.999171 1303265413
958.250301 819.888069 1303265431
935.080173 815.888073 1303265435
908.103524 814.110297 1303265438
884.436893 812.554743 1303265440
856.053486 810.221412 1303265442
817.078020 808.665858 1303265445
793.163138 808.665858 1303265447
769.082755 808.221414 1303265449
743.678364 807.888081 1303265451
718.191223 807.776970 1303265453
694.276341 807.221415 1303265455
672.430220 807.110304 1303265457
650.666850 806.554749 1303265459
629.482732 806.554749 1303265461
602.092331 805.888083 1303265464
581.901219 805.665861 1303265467
562.123860 800.999199 1303265481
541.849998 799.776978 1303265493
518.348868 800.332533 1303265496
494.268484 800.221422 1303265499
468.450342 799.332534 1303265502
441.639193 798.221424 1303265505
416.979557 797.443647 1303265508
394.223181 795.888093 1303265511
369.480794 794.665872 1303265514
345.565912 793.332540 1303265517
322.809536 793.332540 1303265521
302.701175 787.999212 1303265549
280.358551 789.443655 1303265560
257.850426 789.665877 1303265564
236.087056 790.888098 1303265567
211.758421 794.110317 1303265571
189.415798 799.110312 1303265578
165.500916 800.110311 1303265581
143.654795 803.443641 1303265584
142.496288 824.110287 1303265608
145.889057 843.999156 1303265628
134.717745 864.110247 1303265634
131.655978 885.554670 1303265638
131.738729 910.665756 1303265641
131.159476 931.887957 1303265643
129.835468 955.665711 1303265645
128.759712 980.999019 1303265647
127.932208 1003.998996 1303265649
126.277199 1024.110087 1303265651
125.118692 1051.332282 1303265654
124.208437 1071.887817 1303265657
102.858819 1078.443366 1303265681
94.997526 1097.665569 1303265686
95.245777 1124.887764 1303265690
95.080276 1146.332187 1303265692
94.666524 1169.887719 1303265694
94.087271 1194.332139 1303265696
91.522006 1217.665449 1303265698
86.887981 1238.332095 1303265700
83.908964 1260.554295 1303265702
81.095449 1285.443159 1303265705
80.267944 1308.332025 1303265709
97.728291 1322.998677 1303265722
118.333155 1323.776454 1303265725
147.461316 1326.109785 1303265728
169.472938 1327.998672 1303265730
191.401809 1329.665337 1303265732
212.834177 1330.665336 1303265734
242.210590 1331.998668 1303265737
272.580008 1332.887556 1303265740
295.832887 1333.332000 1303265742
320.658024 1333.776444 1303265744
346.145165 1333.776444 1303265746
371.963308 1333.998666 1303265748
396.788445 1334.776443 1303265750
418.386315 1336.220886 1303265752
441.721944 1338.331995 1303265755
464.892072 1340.887548 1303265762
486.076189 1343.109768 1303265765
516.859359 1344.331989 1303265768
543.256755 1344.220878 1303265770
570.647157 1344.887544 1303265772
597.789307 1344.998655 1303265774
623.772951 1345.109766 1303265776
648.515338 1345.331988 1303265778
672.843972 1345.443099 1303265780
698.082862 1345.776432 1303265782
724.480258 1346.220876 1303265784
752.698164 1346.998653 1303265786
780.088566 1346.776431 1303265788
805.244705 1347.220875 1303265790
828.001081 1346.554209 1303265792
851.005708 1345.554210 1303265795
868.217803 1330.332003 1303265799
870.948568 1306.554249 1303265802
873.679333 1276.887612 1303265805
876.079097 1250.998749 1303265808
877.734106 1230.665436 1303265812
881.457876 1207.665459 1303265841
882.450882 1180.221042 1303265844
882.864634 1157.221065 1303265846
883.361137 1133.109978 1303265848
884.933396 1108.998891 1303265850
886.091902 1087.332246 1303265852
887.167658 1066.554489 1303265857
907.938023 1058.776719 1303265865
932.845911 1062.110049 1303265870
961.146567 1064.665602 1303265873
985.061450 1063.665603 1303265875
1007.155822 1064.554491 1303265877
1028.505440 1065.665601 1303265879
1050.020559 1066.998933 1303265881
1070.211671 1067.665599 1303265883
1092.554294 1067.998932 1303265886
1113.572911 1064.443380 1303265894
1133.019268 1071.776706 1303265904
