91.191004 786.443658 1301751581
82.750458 806.110305 1301751586
84.901970 829.888059 1301751589
84.901970 857.554698 1301751592
84.488217 878.221344 1301751594
84.819219 900.110211 1301751596
85.232972 922.443522 1301751598
85.067471 944.665722 1301751600
84.984720 966.999033 1301751602
84.819219 988.443456 1301751604
84.405467 1009.110102 1301751606
84.488217 1030.221192 1301751608
84.570968 1051.776726 1301751610
84.405467 1073.887815 1301751612
83.908964 1096.332237 1301751614
83.660713 1119.109992 1301751616
83.495212 1141.665525 1301751618
83.164210 1163.221059 1301751620
83.412461 1190.665476 1301751623
83.743463 1213.332120 1301751626
83.329711 1237.776540 1301751630
82.998709 1262.998737 1301751634
82.502206 1284.443160 1301751637
82.667707 1308.887580 1301751641
96.073281 1324.998675 1301751646
117.422900 1324.109787 1301751649
147.295815 1323.443121 1301751652
169.141936 1324.109787 1301751654
191.236308 1324.443120 1301751656
212.834177 1325.109786 1301751658
240.224579 1325.665341 1301751661
261.987949 1324.443120 1301751665
286.482085 1325.109786 1301751678
313.293233 1326.109785 1301751681
335.553106 1327.332006 1301751683
360.626495 1328.332005 1301751685
387.354893 1329.220893 1301751687
414.248792 1329.665337 1301751689
437.087918 1329.998670 1301751691
460.175296 1330.443114 1301751694
483.841927 1329.887559 1301751702
507.756809 1329.887559 1301751705
528.278923 1330.887558 1301751707
551.200799 1331.443113 1301751709
575.612184 1332.443112 1301751711
600.768324 1333.220889 1301751713
625.758962 1333.998666 1301751715
650.087596 1335.443109 1301751717
674.995484 1335.998664 1301751719
700.565376 1336.109775 1301751721
726.383519 1336.331997 1301751723
751.870660 1336.220886 1301751725
777.357801 1336.331997 1301751727
801.934686 1337.109774 1301751729
823.532556 1337.220885 1301751731
848.605945 1335.331998 1301751734
869.872812 1332.998667 1301751747
884.023141 1312.554243 1301751753
885.347148 1286.554269 1301751756
886.174653 1264.887624 1301751758
886.753906 1241.554314 1301751760
887.415909 1217.109894 1301751762
888.739917 1192.332141 1301751764
889.236419 1166.665500 1301751766
890.725928 1140.332193 1301751768
893.208441 1114.221108 1301751770
894.863451 1091.332242 1301751772
895.359953 1067.443377 1301751775
910.917039 1052.998947 1301751780
931.604654 1052.998947 1301751783
959.160556 1053.554502 1301751786
983.654692 1054.443390 1301751789
1007.404073 1057.110054 1301751809
1029.415695 1059.554496 1301751812
1059.950614 1060.776717 1301751815
1085.851507 1061.332272 1301751818
1109.104386 1061.887827 1301751828
1129.626499 1062.443382 1301751831
1153.458631 1061.998938 1301751835
1177.539014 1061.110050 1301751853
1203.770910 1061.221161 1301751856
1225.782531 1061.998938 1301751858
1251.021421 1061.887827 1301751860
1277.749819 1061.110050 1301751862
1303.567962 1061.554494 1301751864
1330.048108 1062.443382 1301751866
1356.942007 1063.443381 1301751868
1382.429148 1063.998936 1301751870
1407.337036 1063.998936 1301751872
1430.672665 1064.554491 1301751874
1464.021099 1067.110044 1301751877
1485.453468 1067.221155 1301751880
1503.244816 1051.998948 1301751892
1502.500062 1030.443414 1301751895
1503.244816 1000.443444 1301751898
1504.982576 976.665690 1301751900
1505.313578 939.221283 1301751903
1505.561829 914.110197 1301751905
1505.810080 889.110222 1301751907
1506.058332 865.665801 1301751909
1505.975581 838.776939 1301751912
1505.230827 818.221404 1301751918
1519.877658 804.554751 1301751924
1544.123542 804.554751 1301751927
1564.480155 805.665861 1301751929
1585.912524 805.776972 1301751931
1606.848389 805.665861 1301751933
1628.942762 805.332528 1301751935
1651.699138 805.110306 1301751937
1674.207262 804.888084 1301751939
1695.308629 804.554751 1301751941
1722.285278 804.665862 1301751944
1742.476390 807.221415 1301751947
1768.460033 809.554746 1301751951
1789.975153 809.665857 1301751954
1810.745517 809.776968 1301751957
1834.412148 809.999190 1301751961
1858.989034 810.999189 1301751966
1879.014645 811.999188 1301751972
1899.785010 812.888076 1301751982
1924.113645 813.665853 1301752003
1951.421296 814.221408 1301752006
1974.591424 814.776963 1301752008
1999.913064 815.332518 1301752010
2025.731207 816.221406 1301752012
2048.735834 816.776961 1301752014
2072.733467 816.999183 1301752017
2094.414087 811.776966 1301752023
