891.801684 1225.332108 1302056005
893.870445 1201.554354 1302056029
896.766711 1181.554374 1302056031
899.166474 1157.887731 1302056033
900.904234 1132.665534 1302056035
902.807495 1108.332225 1302056037
903.552249 1087.110024 1302056039
904.628005 1064.776713 1302056042
917.619826 1049.221173 1302056047
946.168734 1052.221170 1302056051
967.352852 1053.665613 1302056053
991.102233 1055.443389 1302056055
1015.761869 1056.776721 1302056057
1040.173254 1058.221164 1302056059
1061.688373 1058.665608 1302056061
1087.423766 1057.332276 1302056064
1107.532127 1058.332275 1302056091
1128.798995 1060.554495 1302056095
1149.155607 1061.554494 1302056110
1173.897994 1065.110046 1302056114
1194.089106 1067.221155 1302056116
1216.266229 1068.110043 1302056118
1239.270856 1068.332265 1302056120
1262.358234 1068.776709 1302056122
1285.362861 1069.221153 1302056124
1308.036486 1069.998930 1302056126
1330.379110 1070.776707 1302056128
1352.390732 1071.887817 1302056130
1374.071352 1072.554483 1302056132
1395.751972 1072.998927 1302056134
1417.432592 1072.887816 1302056136
1439.609714 1072.443372 1302056138
1461.124833 1071.554484 1302056140
1487.108477 1069.665597 1302056143
1504.486073 1056.332277 1302056151
1503.989570 1032.443412 1302056154
1504.403323 1010.332323 1302056156
1505.479079 984.221238 1302056158
1506.803086 955.554600 1302056160
1507.465090 926.887962 1302056162
1508.044343 899.554656 1302056164
1508.375345 874.443570 1302056166
1508.871847 852.554703 1302056168
1509.864853 828.999171 1302056171
1509.533851 804.776973 1302056181
1509.451101 783.776994 1302056184
1511.023359 761.110350 1302056186
1511.437112 734.777043 1302056188
1511.685363 705.777072 1302056190
1511.850864 676.332657 1302056192
1512.264616 647.443797 1302056194
1513.588623 621.666045 1302056196
1514.498879 601.332732 1302056198
1514.416128 579.777198 1302056202
1510.857858 557.443887 1302056220
1520.208660 537.555018 1302056225
1546.440555 537.332796 1302056229
1568.700428 537.666129 1302056231
1596.256331 537.221685 1302056233
1623.563982 537.221685 1302056235
1647.313363 537.221685 1302056237
1673.628009 537.221685 1302056240
1695.639631 537.555018 1302056245
1719.058010 537.999462 1302056248
1740.655880 538.666128 1302056250
1765.150015 539.332794 1302056252
1791.216409 539.888349 1302056254
1819.103314 540.443904 1302056256
1848.562477 541.999458 1302056258
1878.931895 543.666123 1302056260
1909.715065 545.221677 1302056262
1940.663736 546.666120 1302056264
1971.033154 547.555008 1302056266
2000.492317 548.110563 1302056268
2029.454977 548.666118 1302056270
2058.500388 549.332784 1302056272
2087.214797 550.443894 1302056274
2114.687949 551.332782 1302056276
2140.340591 552.443892 1302056278
2166.158734 552.999447 1302056280
2193.052632 553.332780 1302056282
2220.029282 553.999446 1302056284
2247.667935 554.666112 1302056286
2275.637589 555.221667 1302056288
2303.772745 555.888333 1302056290
2331.990651 556.666110 1302056292
2360.125807 557.221665 1302056294
2387.929961 557.777220 1302056296
2415.485863 558.332775 1302056298
2442.710764 558.888330 1302056300
2469.356411 559.666107 1302056302
2495.671057 560.221662 1302056304
2522.151203 560.443884 1302056306
2549.541605 560.888328 1302056308
2578.338764 561.777216 1302056310
2608.377180 562.554993 1302056312
2638.663848 563.110548 1302056314
2667.626508 563.666103 1302056316
2691.955142 564.221658 1302056318
2712.394506 564.554991 1302056320
2741.357166 565.554990 1302056323
2770.319826 566.888322 1302056326
2791.007440 567.777210 1302056328
2812.853561 568.554987 1302056330
2836.106440 569.221653 1302056332
2859.359319 569.554986 1302056334
2881.784693 569.666097 1302056336
2902.306806 569.999430 1302056338
2924.814931 570.332763 1302056341
2945.502545 574.110537 1302056345
2966.603912 575.443869 1302056349
2987.457027 583.443861 1302056371
2991.594550 607.554948 1302056375
2991.098047 637.110474 1302056378
2990.022291 661.554894 1302056380
2988.698284 688.221534 1302056382
2987.705279 715.777062 1302056384
2986.960524 742.999257 1302056386
2985.967519 769.110342 1302056388
2985.057264 793.332540 1302056390
2982.988503 814.221408 1302056392
2982.326499 835.776942 1302056395
3003.510616 845.888043 1302056399
3030.818267 844.332489 1302056402
3054.402148 844.443600 1302056404
3080.965045 844.776933 1302056406
3109.431202 844.776933 1302056408
3137.400857 844.665822 1302056410
3162.805247 844.554711 1302056412
3182.913609 843.665823 1302056414
3204.180476 842.888046 1302056418
