1696.880888 807.332526 1301755748
1723.443784 809.221413 1301755759
1748.103421 811.443633 1301755762
1776.652329 813.999186 1301755765
1805.283987 814.665852 1301755768
1826.468104 814.665852 1301755770
1846.576466 814.999185 1301755772
1871.815355 815.221407 1301755775
1891.840966 815.443629 1301755779
1912.032078 815.776962 1301755788
1936.029711 817.443627 1301755791
1956.303573 818.554737 1301755793
1978.066943 819.110292 1301755795
2000.906069 819.110292 1301755797
2023.662445 818.665848 1301755799
2045.094814 818.776959 1301755801
2071.326709 818.110293 1301755804
2091.435070 818.443626 1301755809
2111.377931 820.999179 1301755822
2135.210062 822.665844 1301755825
2164.172723 823.776954 1301755828
2194.045638 824.999175 1301755831
2214.733252 825.665841 1301755833
2236.993126 826.110285 1301755835
2259.915002 826.332507 1301755837
2283.747134 826.332507 1301755839
2307.496516 826.665840 1301755841
2331.576899 827.110284 1301755843
2355.409031 827.332506 1301755845
2379.406663 827.443617 1301755847
2403.404296 827.665839 1301755849
2427.319178 828.332505 1301755851
2451.151310 828.888060 1301755853
2472.914681 829.443615 1301755855
2498.401822 831.443613 1301755858
2520.744445 839.665827 1301755864
2518.096431 861.443583 1301755871
2517.186176 885.554670 1301755874
2516.193170 906.221316 1301755876
2515.613917 928.999071 1301755878
2515.531166 953.221269 1301755880
2515.117414 977.887911 1301755882
2514.538161 1003.443441 1301755884
2514.289910 1029.443415 1301755886
2513.627906 1053.554502 1301755888
2513.214154 1075.776702 1301755890
2513.296904 1095.887793 1301755892
2515.034664 1120.776657 1301755895
2515.531166 1141.776636 1301755905
2515.531166 1163.221059 1301755908
2516.524172 1192.776585 1301755911
2517.268926 1214.109897 1301755913
2518.841185 1235.998764 1301755915
2520.330693 1259.554296 1301755917
2520.496194 1281.554274 1301755919
2520.082442 1308.109803 1301755922
2519.999691 1329.109782 1301755926
2519.916941 1351.109760 1301755931
2535.308526 1368.887520 1301755939
2557.816650 1370.331963 1301755942
2588.682571 1371.665295 1301755945
2612.431953 1372.109739 1301755947
2636.926088 1372.887516 1301755949
2663.075233 1373.887515 1301755951
2689.720880 1374.776403 1301755953
2716.283777 1375.554180 1301755955
2743.094925 1375.887513 1301755957
2769.657822 1376.220846 1301755959
2795.227714 1376.665290 1301755961
2819.887350 1377.109734 1301755963
2842.726477 1376.665290 1301755965
2869.868627 1375.109736 1301755968
2891.135494 1374.554181 1301755973
2912.236861 1375.887513 1301755986
2938.717008 1377.331956 1301755989
2960.563128 1378.109733 1301755991
2983.236754 1379.220843 1301755993
3007.565388 1380.109731 1301755995
3032.556027 1380.109731 1301755997
3057.381164 1380.887508 1301755999
3081.544298 1380.998619 1301756001
3102.480164 1380.887508 1301756003
3122.505774 1381.220841 1301756005
3152.378690 1381.998618 1301756008
3172.983554 1382.998617 1301756010
3194.664174 1383.998616 1301756012
3217.089548 1383.887505 1301756014
3239.514922 1380.887508 1301756016
3259.871534 1377.776400 1301756018
3284.034668 1373.776404 1301756021
3304.970534 1361.887527 1301756025
3309.521809 1342.331991 1301756028
3309.439059 1313.443131 1301756031
3309.108057 1288.998711 1301756033
3309.521809 1264.554291 1301756035
3310.018312 1239.998760 1301756037
3310.266563 1214.887674 1301756039
3310.597565 1189.998810 1301756041
3311.425070 1166.554389 1301756043
3312.252574 1146.332187 1301756045
3311.921572 1122.665544 1301756049
3313.576581 1097.554458 1301756064
3314.735088 1069.443375 1301756067
3315.397091 1046.887842 1301756069
3315.810844 1022.998977 1301756071
3316.307347 997.776780 1301756073
3316.638348 971.554584 1301756075
3317.134851 946.776831 1301756077
3317.383102 924.887964 1301756079
3318.127857 899.665767 1301756082
3318.293357 876.999123 1301756086
3317.052101 851.554704 1301756098
3317.300352 827.665839 1301756101
3317.714104 806.999193 1301756103
3318.210607 783.554772 1301756105
3318.541609 758.554797 1301756107
3319.120862 734.443710 1301756109
3319.534614 711.888177 1301756111
3319.286363 690.665976 1301756113
3317.548603 663.221559 1301756116
3316.721099 641.777136 1301756119
