1696.880888 803.221419 1301759456
1723.774786 805.110306 1301759472
1751.496190 808.110303 1301759475
1772.266555 809.221413 1301759477
1794.278176 809.665857 1301759479
1815.958796 810.110301 1301759481
1836.894662 810.443634 1301759483
1857.003023 810.554745 1301759485
1880.007651 810.776967 1301759488
1901.357269 810.776967 1301759497
1927.671914 811.443633 1301759502
1952.497052 811.776966 1301759505
1977.073938 812.776965 1301759508
1998.506306 813.443631 1301759515
2023.910697 813.776964 1301759519
2052.045852 814.221408 1301759522
2076.953740 813.776964 1301759525
2097.227602 813.554742 1301759539
2122.466492 814.221408 1301759543
2150.187895 816.332517 1301759546
2172.282268 818.554737 1301759548
2197.438407 818.554737 1301759550
2224.746058 818.332515 1301759552
2252.219210 818.554737 1301759554
2279.526861 819.221403 1301759556
2306.834512 819.332514 1301759558
2334.307664 819.888069 1301759560
2362.856572 820.443624 1301759562
2391.488230 821.221401 1301759564
2419.954388 821.888067 1301759566
2447.924042 822.888066 1301759568
2473.328433 823.776954 1301759570
2500.967086 825.110286 1301759573
2520.992697 830.110281 1301759577
2521.571950 852.888036 1301759585
2520.661695 874.443570 1301759588
2519.916941 895.110216 1301759590
2519.089436 918.554637 1301759592
2518.344682 943.665723 1301759594
2517.848179 970.110141 1301759596
2517.020675 996.999003 1301759598
2516.358671 1022.554533 1301759600
2515.696667 1046.665620 1301759602
2515.200165 1069.998930 1301759604
2514.620911 1090.887798 1301759606
2514.538161 1117.221105 1301759609
2514.869163 1137.887751 1301759617
2515.613917 1163.887725 1301759621
2516.689673 1195.221027 1301759624
2517.268926 1220.332113 1301759626
2517.268926 1247.220975 1301759628
2516.772423 1274.554281 1301759630
2516.110420 1298.998701 1301759632
2517.682678 1327.332006 1301759635
2521.737451 1350.220872 1301759638
2536.301531 1367.109744 1301759643
2563.443682 1367.443077 1301759647
2583.800294 1367.554188 1301759649
2607.632426 1367.554188 1301759651
2633.119567 1367.665299 1301759653
2659.020460 1368.220854 1301759655
2685.335106 1368.665298 1301759657
2711.567001 1369.331964 1301759659
2737.964397 1369.665297 1301759661
2764.610044 1369.998630 1301759663
2791.090191 1370.665296 1301759665
2816.411831 1370.887518 1301759667
2839.995711 1370.331963 1301759669
2861.179829 1369.220853 1301759671
2883.108700 1368.998631 1301759674
2906.030577 1368.665298 1301759681
2929.448956 1369.109742 1301759685
2959.239121 1369.776408 1301759688
2982.905752 1370.665296 1301759690
3007.896390 1370.887518 1301759692
3033.300781 1370.776407 1301759694
3058.374170 1370.887518 1301759696
3083.033806 1370.998629 1301759698
3107.279690 1371.331962 1301759700
3132.022077 1372.109739 1301759702
3157.260967 1372.887516 1301759704
3182.334355 1373.443071 1301759706
3206.993992 1373.776404 1301759708
3229.419366 1372.776405 1301759710
3255.816762 1369.554186 1301759713
3280.062646 1366.554189 1301759717
3300.419259 1360.665306 1301759722
3310.763066 1334.665332 1301759726
3310.349314 1303.998696 1301759729
3310.101062 1281.332052 1301759731
3310.349314 1258.332075 1301759733
3311.425070 1235.443209 1301759735
3312.087073 1213.332120 1301759737
3313.245580 1184.776593 1301759740
3315.810844 1159.332174 1301759744
3316.969350 1138.776639 1301759747
3315.066090 1117.665549 1301759752
3316.141846 1093.221129 1301759768
3317.383102 1063.110048 1301759771
3318.210607 1038.221184 1301759773
3318.293357 1010.998989 1301759775
3318.541609 983.332350 1301759777
3318.707110 956.776821 1301759779
3319.038112 932.554623 1301759781
3318.789860 905.887983 1301759784
3318.210607 885.443559 1301759800
3319.617365 865.332468 1301759807
3308.363303 848.443596 1301759819
3282.048657 849.443595 1301759822
3261.112791 849.776928 1301759824
3236.535905 850.332483 1301759826
3211.214265 850.665816 1301759828
3185.396122 849.888039 1301759830
3158.336723 849.110262 1301759832
3131.029072 848.776929 1301759834
3104.548925 849.332484 1301759836
3080.054790 849.443595 1301759838
3058.622421 848.221374 1301759840
3032.887029 845.665821 1301759843
3011.537410 842.999157 1301759846
2990.601545 842.776935 1301759856
2978.519978 823.999176 1301759861
2975.540961 798.554757 1301759864
2974.630706 777.221445 1301759866
2974.713457 752.777025 1301759868
2975.458211 726.110385 1301759870
2976.616717 698.665968 1301759872
2977.030470 671.110440 1301759874
2977.609723 646.332687 1301759876
2978.768229 623.443821 1301759878
2980.340488 599.221623 1301759880
2982.492000 572.999427 1301759882
2984.643512 544.110567 1301759884
2986.298521 512.999487 1301759886
2987.457027 480.777297 1301759888
2988.532783 449.221773 1301759890
2989.443038 419.888469 1301759892
2990.187792 391.999608 1301759894
2990.849796 366.888522 1301759896
2991.429049 345.777432 1301759898
2991.429049 323.888565 1301759901
2992.422055 298.777479 1301759909
2993.911563 273.444171 1301759912
2995.152820 251.777526 1301759914
2995.732073 229.110882 1301759916
2996.311326 207.888681 1301759918
2997.469833 186.555369 1301759921
3013.606172 173.222049 1301759929
3038.100307 173.888715 1301759934
3063.752949 174.333159 1301759938
3084.192312 183.333150 1301759943
3082.537303 204.888684 1301759948
3060.111929 212.777565 1301759955
