2522.482205 832.110279 1301760586
2496.581312 833.554722 1301760592
2468.859908 832.665834 1301760595
2446.848286 831.665835 1301760597
2424.257412 831.443613 1301760599
2400.839032 832.110279 1301760601
2375.682893 831.332502 1301760603
2349.864750 830.776947 1301760605
2323.798356 830.776947 1301760607
2297.649211 830.221392 1301760609
2270.755312 830.332503 1301760611
2243.364911 830.443614 1301760613
2216.222761 829.776948 1301760615
2190.735620 828.776949 1301760617
2168.558497 829.110282 1301760619
2142.823105 828.665838 1301760622
2119.239224 828.554727 1301760626
2096.648349 828.665838 1301760629
2076.208986 827.776950 1301760631
2053.535361 826.888062 1301760633
2030.530733 826.443618 1301760635
2007.112354 825.888063 1301760637
1984.190477 825.888063 1301760639
1963.420112 825.554730 1301760641
1937.601969 825.554730 1301760644
1916.086850 824.776953 1301760654
1892.916722 824.221398 1301760658
1863.209308 823.776954 1301760661
1839.377176 823.332510 1301760663
1814.883040 822.554733 1301760665
1790.057903 821.110290 1301760667
1765.481017 820.443624 1301760669
1741.979887 820.999179 1301760671
1719.720014 820.776957 1301760673
1698.784148 820.554735 1301760675
1678.758537 820.221402 1301760677
1648.223618 818.554737 1301760680
1626.294747 817.665849 1301760682
1603.869373 817.332516 1301760684
1581.030247 816.999183 1301760686
1558.935874 816.888072 1301760688
1533.200482 816.443628 1301760691
1512.347367 817.332516 1301760696
1492.156255 816.665850 1301760704
1464.931354 815.776962 1301760707
1442.919733 814.665852 1301760709
1419.087601 813.776964 1301760711
1395.172718 813.443631 1301760713
1372.002590 813.110298 1301760715
1351.976979 812.776965 1301760717
1327.979347 812.443632 1301760720
1307.539984 811.221411 1301760726
1287.017870 805.665861 1301760732
1262.523735 794.888094 1301760736
1236.622841 793.888095 1301760738
1209.811693 794.665872 1301760740
1185.234807 795.443649 1301760742
1163.223185 796.332537 1301760744
1139.722055 798.888090 1301760747
1115.393421 803.443641 1301760755
1091.230287 804.110307 1301760758
1070.294421 804.221418 1301760760
1047.124293 803.776974 1301760762
1023.540412 804.221418 1301760764
999.625530 803.443641 1301760766
976.620903 802.554753 1301760768
956.347041 801.665865 1301760770
935.493925 801.665865 1301760773
912.820300 801.999198 1301760777
886.753906 800.776977 1301760780
864.825034 800.110311 1301760782
839.999897 799.443645 1301760784
813.519751 798.888090 1301760786
786.708602 798.554757 1301760788
759.980204 798.776979 1301760790
733.748309 798.999201 1301760792
707.764666 798.999201 1301760794
681.863772 798.888090 1301760796
656.376631 799.888089 1301760798
631.468743 799.888089 1301760800
608.133114 799.888089 1301760802
587.693751 799.776978 1301760804
564.109871 799.665867 1301760807
543.753258 800.665866 1301760813
517.521363 799.999200 1301760840
489.137956 799.221423 1301760843
465.885077 797.999202 1301760845
440.315186 797.110314 1301760847
413.504038 796.443648 1301760849
386.444638 795.665871 1301760851
361.040247 794.999205 1301760853
340.104382 794.554761 1301760855
317.927259 794.443650 1301760858
296.825892 793.110318 1301760875
276.055527 791.776986 1301760881
249.492630 791.221431 1301760884
227.812010 790.888098 1301760886
201.662866 789.999210 1301760889
181.306253 788.888100 1301760896
159.708384 789.332544 1301760899
131.242226 789.999210 1301760902
110.306360 791.665875 1301760905
88.708491 791.888097 1301760925
84.653718 815.888073 1301760929
85.232972 843.665823 1301760932
85.232972 866.332467 1301760934
85.315722 890.554665 1301760936
84.405467 915.776862 1301760938
84.157216 941.665725 1301760940
84.074465 967.554588 1301760942
84.074465 992.776785 1301760944
84.239966 1017.887871 1301760946
84.074465 1043.443401 1301760948
83.329711 1068.776709 1301760950
81.922953 1094.776683 1301760952
80.598946 1120.554435 1301760954
79.854192 1146.443298 1301760956
78.943937 1171.332162 1301760958
78.612935 1195.887693 1301760960
78.612935 1219.554336 1301760962
79.440439 1242.443202 1301760964
80.102443 1262.443182 1301760966
80.433445 1283.554272 1301760969
81.012698 1305.665361 1301760976
90.942753 1324.109787 1301760982
116.843646 1323.220899 1301760986
147.130314 1323.220899 1301760989
168.562683 1323.443121 1301760991
189.581299 1322.887566 1301760993
210.682666 1322.998677 1301760995
232.115034 1322.998677 1301760997
255.119661 1322.332011 1301761000
