1720.051016 821.665845 1301762222
1699.694403 822.443622 1301762225
1678.013783 822.665844 1301762229
1652.278391 815.554740 1301762247
1625.549993 813.110298 1301762250
1596.173580 812.110299 1301762253
1574.989463 811.554744 1301762255
1554.136348 811.554744 1301762257
1528.649207 811.554744 1301762260
1506.885836 811.110300 1301762268
1484.543213 810.110301 1301762272
1454.670298 809.554746 1301762275
1431.417419 809.110302 1301762277
1407.916289 809.776968 1301762279
1385.159913 809.888079 1301762281
1363.810295 808.665858 1301762283
1335.592389 810.443634 1301762286
1313.167015 810.776967 1301762290
1290.493389 807.554748 1301762303
1261.034226 803.332530 1301762306
1233.230072 802.554753 1301762308
1195.495864 805.554750 1301762310
1170.918978 808.332525 1301762312
1149.569360 809.332524 1301762315
1126.316481 807.776970 1301762322
1104.635861 806.888082 1301762325
1080.224476 806.110305 1301762328
1053.496078 805.554750 1301762331
1026.767680 804.999195 1301762334
998.963526 804.554751 1301762337
970.911121 804.665862 1301762340
949.561503 806.221416 1301762343
927.136129 803.443641 1301762361
906.200263 800.888088 1301762364
881.788878 799.332534 1301762367
854.150225 799.110312 1301762370
833.628112 798.888090 1301762372
812.774996 798.332535 1301762374
792.583885 797.776980 1301762376
764.283228 796.888092 1301762379
734.989566 795.999204 1301762382
713.143445 795.332538 1301762384
690.966323 794.888094 1301762386
668.623699 794.443650 1301762388
646.115574 793.776984 1301762390
625.345210 793.221429 1301762392
597.789307 792.110319 1301762395
576.356939 791.443653 1301762398
555.503823 791.665875 1301762403
531.009688 792.110319 1301762415
505.108794 792.443652 1301762418
484.338429 791.221431 1301762420
461.168301 789.999210 1301762422
437.170669 789.110322 1301762424
413.255786 788.332545 1301762426
389.175403 788.221434 1301762428
366.501778 787.554768 1301762430
339.276877 787.110324 1301762433
317.596257 788.665878 1301762437
296.825892 789.665877 1301762462
275.807276 786.999213 1301762466
249.409880 785.888103 1301762469
222.267730 785.332548 1301762472
201.828367 784.776993 1301762476
181.554504 783.999216 1301762484
157.805123 783.665883 1301762488
136.124503 783.110328 1301762496
112.209621 785.332548 1301762500
91.273755 785.776992 1301762506
88.956742 806.554749 1301762523
89.949748 828.776949 1301762526
89.866997 855.554700 1301762529
89.784247 884.999115 1301762532
90.446250 913.999086 1301762535
91.025504 936.221286 1301762538
90.777252 960.332373 1301762542
89.949748 985.221237 1301762546
89.204994 1006.332327 1301762549
88.542990 1030.887858 1301762552
87.963737 1059.887829 1301762555
87.301733 1080.110031 1301762557
86.639729 1100.887788 1301762559
86.391478 1121.554434 1301762561
85.398472 1141.554414 1301762563
84.901970 1170.332163 1301762566
84.405467 1193.443251 1301762569
84.157216 1216.221006 1301762572
84.157216 1241.554314 1301762575
83.743463 1264.665402 1301762578
83.577962 1288.220934 1301762592
86.391478 1310.998689 1301762597
108.734102 1317.332016 1301762601
135.959002 1316.887572 1301762604
157.474121 1316.998683 1301762606
179.237492 1317.220905 1301762608
201.166363 1316.998683 1301762610
223.260735 1317.554238 1301762612
244.941355 1317.998682 1301762614
265.794470 1318.665348 1301762616
287.475090 1318.776459 1301762618
310.810719 1318.665348 1301762620
334.560101 1319.109792 1301762622
358.723235 1319.776458 1301762624
383.962124 1320.220902 1301762626
409.118263 1320.554235 1301762628
432.205641 1320.887568 1301762630
458.437536 1321.665345 1301762633
479.869905 1322.665344 1301762641
505.605297 1323.220899 1301762645
536.471218 1323.887565 1301762648
560.220599 1324.554231 1301762650
585.045737 1324.776453 1301762652
610.201876 1325.443119 1301762654
635.440765 1326.776451 1301762656
660.348653 1327.443117 1301762658
684.760038 1328.220894 1301762660
709.254174 1329.109782 1301762662
734.327562 1329.887559 1301762664
759.731953 1330.665336 1301762666
784.308839 1331.332002 1301762668
806.403211 1331.554224 1301762670
833.710862 1331.887557 1301762673
857.129242 1330.665336 1301762677
878.396109 1328.332005 1301762695
885.926401 1308.554247 1301762699
886.588405 1282.887606 1301762702
887.498660 1254.776523 1301762705
887.664161 1233.554322 1301762708
