1697.873893 801.888087 1301762998
1720.713019 802.999197 1301763005
1740.821381 804.888084 1301763008
1766.391272 806.665860 1301763011
1792.954169 807.110304 1301763014
1819.848068 807.554748 1301763017
1847.321220 807.999192 1301763020
1872.725610 808.221414 1301763023
1894.488981 808.554747 1301763027
1919.231368 807.999192 1301763039
1943.394501 808.332525 1301763042
1969.874648 808.332525 1301763045
1994.865286 808.665858 1301763048
2021.841935 808.999191 1301763051
2042.860552 808.999191 1301763053
2064.210170 809.221413 1301763055
2084.815034 809.110302 1301763057
2104.923395 809.110302 1301763059
2134.382558 809.665857 1301763062
2163.345218 810.888078 1301763065
2191.397623 812.110299 1301763068
2217.877770 812.776965 1301763071
2245.185421 813.554742 1301763074
2274.148081 813.776964 1301763077
2302.696989 812.554743 1301763080
2327.108374 813.554742 1301763083
2348.457992 815.110296 1301763086
2372.207374 816.443628 1301763089
2397.446263 817.332516 1301763092
2424.091911 818.332515 1301763095
2450.820308 818.999181 1301763098
2475.976448 819.999180 1301763101
2496.498561 822.221400 1301763104
2517.103425 822.665844 1301763129
2524.964719 842.999157 1301763140
2519.503188 864.221358 1301763163
2518.758434 884.888004 1301763166
2518.344682 915.665751 1301763169
2518.013680 939.665727 1301763171
2517.765429 964.332369 1301763173
2517.020675 989.332344 1301763175
2516.275921 1014.554541 1301763177
2515.779418 1040.221182 1301763179
2515.448416 1066.554489 1301763181
2516.027669 1090.221132 1301763183
2517.682678 1114.776663 1301763186
2519.006686 1136.109975 1301763200
2519.089436 1163.332170 1301763204
2520.413443 1193.221029 1301763207
2521.737451 1214.443230 1301763209
2523.061458 1235.443209 1301763211
2524.716467 1256.776521 1301763213
2525.130220 1284.665382 1301763216
2524.468216 1304.887584 1301763219
2523.888963 1325.220897 1301763223
2523.557961 1345.554210 1301763228
2539.197797 1358.665308 1301763240
2561.209419 1359.443085 1301763243
2581.235030 1360.109751 1301763245
2604.322408 1360.443084 1301763247
2630.057800 1360.887528 1301763249
2657.861954 1361.443083 1301763251
2686.824614 1361.887527 1301763253
2715.704524 1362.665304 1301763255
2743.922430 1363.776414 1301763257
2771.726584 1364.554191 1301763259
2798.454982 1364.887524 1301763261
2824.024873 1365.443079 1301763263
2848.353508 1365.887523 1301763265
2869.041122 1365.776412 1301763267
2893.287006 1364.554191 1301763270
2915.050377 1363.998636 1301763275
2936.979248 1365.109746 1301763285
2963.955897 1366.331967 1301763288
2985.222765 1366.887522 1301763290
3006.655133 1367.331966 1301763292
3028.584005 1367.887521 1301763294
3051.505882 1368.665298 1301763296
3074.758760 1369.331964 1301763298
3098.094389 1369.998630 1301763300
3121.595519 1370.331963 1301763302
3144.765648 1371.443073 1301763304
3167.935776 1372.665294 1301763306
3191.436906 1373.887515 1301763308
3214.524283 1373.665293 1301763310
3237.528911 1371.665295 1301763312
3259.457782 1369.331964 1301763314
3284.613921 1366.220856 1301763317
3304.639532 1359.665307 1301763321
3311.094068 1337.665329 1301763325
3311.176818 1311.776466 1301763328
3311.425070 1283.554272 1301763331
3311.425070 1256.887632 1301763334
3311.756071 1234.109877 1301763337
3312.004323 1207.887681 1301763341
3312.831827 1185.332148 1301763344
3313.742082 1160.887728 1301763347
3313.742082 1139.332194 1301763350
3313.824833 1113.221109 1301763354
3313.990334 1084.887804 1301763357
3314.321336 1062.332271 1301763359
3314.735088 1039.221183 1301763361
3314.983339 1016.332317 1301763363
3315.479842 993.221229 1301763365
3315.810844 970.665696 1301763367
3316.059095 950.332383 1301763369
3316.059095 925.887963 1301763372
3316.555598 903.221319 1301763377
3316.555598 878.776899 1301763400
3317.300352 853.999146 1301763403
3317.548603 832.888056 1301763405
3318.127857 809.665857 1301763407
3318.955361 785.999214 1301763409
3319.203613 761.665905 1301763411
3319.700115 737.888151 1301763413
3320.279368 714.665952 1301763415
3320.113868 693.554862 1301763417
3317.962356 666.332667 1301763420
3317.714104 646.332687 1301763424
