2524.385465 835.332498 1301767467
2503.780601 833.888055 1301767482
2476.390200 833.665833 1301767485
2454.875081 832.665834 1301767487
2433.028960 831.999168 1301767489
2411.017338 831.665835 1301767491
2388.178212 831.554724 1301767493
2365.256335 831.221391 1301767495
2342.334458 830.776947 1301767497
2319.578082 829.888059 1301767499
2296.821707 829.221393 1301767501
2273.982580 828.332505 1301767503
2251.970958 827.776950 1301767505
2230.869592 826.999173 1301767507
2210.264728 825.443619 1301767509
2180.971066 824.776953 1301767512
2156.559681 825.776952 1301767515
2135.541064 825.443619 1301767521
2115.018951 826.332507 1301767526
2092.428076 825.999174 1301767529
2070.085452 824.554731 1301767532
2048.818584 823.888065 1301767535
2025.979458 823.888065 1301767538
2001.319822 823.888065 1301767541
1977.984193 823.332510 1301767544
1954.731314 822.999177 1301767548
1933.795448 824.554731 1301767556
1911.370074 825.221397 1301767570
1885.055429 825.221397 1301767574
1861.968051 824.776953 1301767577
1839.211675 823.665843 1301767580
1816.538049 822.332511 1301767583
1794.443677 820.888068 1301767586
1773.921564 820.110291 1301767589
1753.895953 820.443624 1301767593
1731.801581 819.665847 1301767617
1707.059194 819.665847 1301767621
1677.600031 817.888071 1301767624
1655.505659 816.554739 1301767626
1634.404292 815.776962 1301767628
1614.130430 815.443629 1301767630
1593.939318 814.888074 1301767632
1573.499955 814.110297 1301767634
1553.474344 814.221408 1301767636
1529.642212 814.443630 1301767639
1509.451101 814.332519 1301767647
1488.928987 814.110297 1301767651
1461.869587 813.110298 1301767654
1441.016472 811.665855 1301767656
1419.170351 810.554745 1301767658
1397.241480 810.332523 1301767660
1375.229858 810.888078 1301767662
1346.680950 811.776966 1301767665
1325.331332 813.554742 1301767668
1304.809218 812.776965 1301767677
1284.866358 811.110300 1301767680
1259.461968 807.221415 1301767683
1235.795337 806.443638 1301767685
1211.135700 806.888082 1301767687
1188.627576 807.221415 1301767689
1167.774460 806.776971 1301767691
1147.583349 806.110305 1301767693
1126.895734 807.221415 1301767699
1105.380615 808.999191 1301767704
1081.300232 808.888080 1301767707
1051.592818 808.221414 1301767710
1029.167444 807.554748 1301767712
1005.749064 806.554749 1301767714
981.834182 805.221417 1301767716
958.498553 804.332529 1301767718
935.824927 802.776975 1301767720
914.144307 801.888087 1301767722
892.960190 801.554754 1301767724
871.527821 800.888088 1301767726
849.350699 799.776978 1301767728
826.263321 798.665868 1301767730
802.679441 798.332535 1301767732
779.012810 798.110313 1301767734
755.346179 797.554758 1301767736
731.679548 796.999203 1301767738
707.599165 796.332537 1301767740
683.187780 796.221426 1301767742
659.024646 795.776982 1301767744
635.606266 795.110316 1301767746
613.594645 794.332539 1301767748
585.955992 794.665872 1301767751
561.875608 794.332539 1301767755
539.946737 794.443650 1301767767
516.859359 793.999206 1301767772
495.509741 792.888096 1301767775
467.622837 791.665875 1301767778
446.935223 791.221431 1301767780
425.089102 790.332543 1301767782
402.994729 790.110321 1301767784
381.148609 789.665877 1301767786
360.378244 789.554766 1301767788
333.318844 788.999211 1301767791
312.382978 789.443655 1301767794
290.785109 790.999209 1301767812
268.856237 787.888101 1301767816
242.541592 786.221436 1301767819
215.399442 786.443658 1301767822
194.132574 786.888102 1301767829
171.872701 787.665879 1301767834
149.116325 786.332547 1301767838
127.601206 787.110324 1301767842
104.762080 792.776985 1301767847
86.639729 801.554754 1301767874
86.639729 822.221400 1301767878
87.384483 849.554706 1301767881
87.053482 871.665795 1301767883
86.639729 894.221328 1301767885
85.812225 916.999083 1301767887
85.563973 939.776838 1301767889
85.729474 962.110149 1301767891
85.481223 983.776794 1301767893
86.556979 1005.554550 1301767895
86.474228 1026.887862 1301767897
85.563973 1047.776730 1301767899
84.322716 1077.443367 1301767902
83.826214 1105.665561 1301767905
83.329711 1134.554421 1301767908
82.667707 1155.443289 1301767910
81.840203 1178.443266 1301767912
81.012698 1202.109909 1301767914
80.267944 1226.220996 1301767916
79.274939 1248.998751 1301767918
78.033682 1277.332056 1301767921
79.026687 1301.665365 1301767925
85.315722 1320.887568 1301767950
104.100076 1328.554227 1301767972
126.939202 1326.220896 1301767977
152.922846 1327.220895 1301767980
181.306253 1327.887561 1301767983
201.745616 1327.776450 1301767985
221.936728 1327.220895 1301767987
251.726893 1326.887562 1301767990
280.275801 1326.554229 1301767993
310.479718 1326.665340 1301767996
332.491339 1326.776451 1301767998
355.247715 1327.220895 1301768000
378.086842 1327.220895 1301768002
412.842034 1326.776451 1301768005
434.026151 1326.776451 1301768007
458.354786 1327.665339 1301768010
478.876899 1328.443116 1301768018
506.929304 1328.109783 1301768022
537.546974 1328.998671 1301768025
560.055098 1329.665337 1301768027
583.390727 1330.109781 1301768029
606.726357 1330.665336 1301768031
629.730984 1330.998669 1301768033
652.652861 1331.443113 1301768035
675.326486 1331.776446 1301768037
697.834611 1332.443112 1301768039
720.508236 1333.109778 1301768041
743.181861 1334.109777 1301768043
765.027982 1334.554221 1301768045
786.129349 1334.220888 1301768047
806.982464 1334.998665 1301768049
834.455616 1335.443109 1301768052
856.136236 1334.887554 1301768055
877.072102 1329.554226 1301768059
884.933396 1306.109805 1301768063
885.843651 1282.220940 1301768066
886.753906 1262.109849 1301768069
887.746911 1241.443203 1301768076
