2039.881535 813.332520 1301771936
2061.644905 813.888075 1301771940
2086.801045 813.888075 1301771944
2111.377931 813.776964 1301771947
2135.292813 813.332520 1301771950
2158.711192 813.776964 1301771953
2184.529335 815.110296 1301771956
2213.905748 815.665851 1301771959
2235.834619 815.776962 1301771961
2258.921997 816.110295 1301771963
2282.836879 816.221406 1301771965
2306.751761 815.888073 1301771967
2329.590888 815.665851 1301771969
2353.257519 816.221406 1301771971
2378.082656 817.443627 1301771973
2401.997538 818.665848 1301771975
2423.595408 819.999180 1301771977
2450.489307 821.665845 1301771980
2471.176921 823.665843 1301771991
2490.706029 830.110281 1301771996
2509.407633 837.554718 1301772008
2508.000875 857.554698 1301772015
2505.849363 885.332448 1301772018
2506.345866 907.665759 1301772020
2506.511367 932.776845 1301772022
2505.932113 958.554597 1301772024
2505.021858 985.110126 1301772026
2503.284099 1011.443433 1301772028
2501.380838 1036.554519 1301772030
2499.643079 1059.221163 1301772032
2498.567323 1079.332254 1301772034
2500.718835 1103.221119 1301772037
2508.414627 1126.332207 1301772045
2509.407633 1151.221071 1301772048
2510.069636 1172.887716 1301772050
2510.731640 1196.887692 1301772052
2511.724645 1222.332111 1301772054
2512.965902 1248.998751 1301772056
2513.296904 1274.776503 1301772058
2512.055647 1297.776480 1301772060
2511.145392 1324.220898 1301772063
2519.999691 1344.331989 1301772067
2544.576577 1349.776428 1301772071
2573.373736 1353.109758 1301772074
2596.130112 1354.443090 1301772076
2620.706998 1355.443089 1301772078
2645.366635 1356.443088 1301772080
2669.860770 1357.665309 1301772082
2694.189405 1358.220864 1301772084
2718.021537 1358.887530 1301772086
2741.522667 1359.776418 1301772088
2765.272048 1360.665306 1301772090
2788.276675 1361.776416 1301772092
2811.115802 1362.665304 1301772094
2834.120429 1363.331970 1301772096
2856.794054 1364.220858 1301772098
2878.226423 1364.109747 1301772100
2898.500285 1363.331970 1301772102
2927.793947 1362.887526 1301772105
2957.997864 1364.109747 1301772108
2978.602728 1365.443079 1301772110
2999.621345 1366.331967 1301772112
3021.136464 1366.665300 1301772114
3043.561838 1366.887522 1301772116
3066.318214 1366.998633 1301772118
3089.074589 1367.776410 1301772120
3112.161967 1368.665298 1301772122
3134.918343 1368.998631 1301772124
3157.840220 1369.331964 1301772126
3180.844847 1370.220852 1301772128
3203.683973 1370.998629 1301772130
3225.612845 1369.998630 1301772132
3247.210714 1368.109743 1301772134
3274.435615 1363.220859 1301772137
3298.184996 1355.998644 1301772141
3302.488020 1332.220890 1301772145
3301.495015 1305.776472 1301772148
3301.081262 1284.220938 1301772150
3300.584760 1261.554294 1301772152
3300.502009 1238.998761 1301772154
3299.840005 1216.443228 1301772156
3298.847000 1193.221029 1301772158
3297.605743 1171.776606 1301772160
3295.785233 1144.665522 1301772163
3293.633721 1122.443322 1301772167
3296.364486 1098.665568 1301772172
3298.184996 1070.887818 1301772175
3298.929750 1048.221174 1301772177
3299.426253 1022.998977 1301772179
3300.336508 996.554559 1301772181
3300.750260 969.554586 1301772183
3300.253758 944.443500 1301772185
3299.012501 921.999078 1301772187
3297.936745 898.776879 1301772190
3298.267747 874.665792 1301772199
3298.764249 846.332487 1301772203
3300.088257 815.443629 1301772206
3300.998512 791.221431 1301772208
3301.743266 765.665901 1301772210
3302.653521 739.999260 1301772212
3303.315525 715.110396 1301772214
3302.984523 692.443752 1301772216
3301.164013 672.443772 1301772218
3299.426253 648.221574 1301772221
3301.164013 627.999372 1301772228
