543.174005 788.999211 1303267483
522.569141 787.332546 1303267487
497.082000 787.110324 1303267490
475.566881 786.443658 1303267492
449.334986 785.554770 1303267494
420.868828 783.776994 1303267496
392.981924 781.888107 1303267498
366.170776 780.110331 1303267500
342.173143 778.665888 1303267502
321.071776 776.443668 1303267504
295.501885 773.888115 1303267507
273.821265 780.221442 1303267531
252.223395 784.888104 1303267535
227.977511 785.776992 1303267538
206.958895 785.888103 1303267543
183.540515 786.776991 1303267549
159.377382 786.665880 1303267552
131.573228 785.332548 1303267555
110.802863 784.443660 1303267558
92.018509 792.332541 1303267566
92.101260 819.665847 1303267570
90.694502 850.221372 1303267573
89.453245 875.221347 1303267575
87.715485 902.221320 1303267577
85.894975 929.332404 1303267579
84.322716 955.110156 1303267581
83.246961 979.999020 1303267583
82.915959 1001.443443 1303267585
81.343700 1030.776747 1303267588
79.936942 1052.554503 1303267590
78.943937 1076.443368 1303267592
77.868181 1102.221120 1303267594
76.295922 1129.221093 1303267596
74.971915 1157.221065 1303267598
74.309911 1185.221037 1303267600
73.565157 1212.221010 1303267602
73.399656 1238.554317 1303267604
73.565157 1262.887626 1303267606
73.565157 1283.998716 1303267608
73.565157 1308.109803 1303267611
88.294738 1323.443121 1303267616
115.188637 1325.665341 1303267620
144.068547 1326.220896 1303267623
168.066180 1326.776451 1303267625
192.891317 1327.554228 1303267627
217.550954 1327.998672 1303267629
241.714087 1329.220893 1303267631
266.621975 1329.332004 1303267633
292.440118 1328.665338 1303267635
319.334017 1326.665340 1303267637
346.641668 1326.332007 1303267639
374.942324 1326.887562 1303267641
402.084474 1327.109784 1303267643
426.164858 1328.332005 1303267645
452.562254 1329.776448 1303267648
472.836116 1331.887557 1303267652
500.226517 1335.109776 1303267656
528.113422 1336.776441 1303267659
549.876792 1336.887552 1303267661
571.805663 1336.887552 1303267663
594.893041 1337.776440 1303267665
620.959435 1338.109773 1303267667
648.929090 1338.443106 1303267669
677.891750 1338.887550 1303267671
707.268163 1339.220883 1303267673
735.817071 1339.554216 1303267675
762.793720 1340.109771 1303267677
787.536107 1340.109771 1303267679
808.223721 1340.331993 1303267681
833.793613 1339.998660 1303267684
855.887985 1337.776440 1303267687
874.010335 1323.554232 1303267691
877.899607 1301.776476 1303267694
879.968368 1274.665392 1303267697
881.623377 1253.332080 1303267700
897.842467 1241.443203 1303267711
908.682777 1218.665448 1303267732
908.931028 1190.665476 1303267735
908.682777 1168.221054 1303267737
909.841283 1144.221078 1303267739
910.834289 1119.443325 1303267741
910.503287 1096.998903 1303267743
913.399553 1074.887814 1303267746
932.928661 1067.665599 1303267750
953.781777 1069.332264 1303267753
983.985694 1070.887818 1303267756
1006.411068 1070.887818 1303267758
1028.174438 1071.554484 1303267760
1049.275805 1073.443371 1303267762
1075.093948 1072.887816 1303267765
1095.781562 1072.443372 1303267770
1115.145169 1082.110029 1303267779
1139.804806 1084.443360 1303267783
1167.112457 1084.665582 1303267786
1189.372330 1083.998916 1303267788
1212.294207 1082.443362 1303267790
1235.133333 1079.998920 1303267792
1257.558707 1076.554479 1303267794
1287.679874 1075.887813 1303267797
1315.980530 1075.554480 1303267800
1343.205431 1073.776704 1303267803
1369.271825 1072.332261 1303267806
1390.704194 1073.110038 1303267808
1412.136562 1072.443372 1303267812
1427.859149 1056.998943 1303267820
1447.471008 1041.332292 1303267824
1459.469824 1023.110088 1303267827
1466.669114 997.332336 1303267830
1470.806637 975.221247 1303267832
1477.757675 952.999047 1303267834
1484.046710 933.221289 1303267836
1490.583996 906.332427 1303267839
1493.976765 883.221339 1303267842
1497.286783 863.332470 1303267846
1506.720335 845.665821 1303267853
1515.574634 819.776958 1303267858
1516.733141 790.776987 1303267861
1518.388150 769.888119 1303267863
1520.043159 746.999253 1303267865
1521.449917 722.443722 1303267867
1523.187677 696.999303 1303267869
1524.346183 672.554883 1303267871
1524.346183 651.777126 1303267873
1524.180682 629.443815 1303267877
1522.773924 605.777172 1303267888
1534.855491 588.221634 1303267892
1559.101375 576.110535 1303267896
1586.491777 566.443878 1303267899
1608.503399 560.999439 1303267901
1630.184019 557.110554 1303267903
1650.209629 553.777224 1303267905
1675.448519 551.777226 1303267908
1700.852909 550.221672 1303267911
1730.643074 550.110561 1303267914
1753.647702 549.443895 1303267916
1778.307338 549.110562 1303267918
1804.373732 548.110563 1303267920
1831.184881 547.332786 1303267922
1858.161530 546.221676 1303267924
1885.717432 544.888344 1303267926
1913.687087 544.332789 1303267928
1942.401496 544.221678 1303267930
1972.191661 543.332790 1303267932
2001.981825 542.777235 1303267934
2031.027236 542.777235 1303267936
2059.245142 542.666124 1303267938
2085.808039 542.221680 1303267940
2110.881428 542.110569 1303267942
2136.203068 543.332790 1303267944
2162.434963 543.888345 1303267946
2188.997860 544.999455 1303267948
2215.560757 545.666121 1303267950
2242.620157 546.221676 1303267952
2270.010558 547.110564 1303267954
2296.987207 547.999452 1303267956
2324.294858 549.332784 1303267958
2351.354258 550.221672 1303267960
2378.992911 551.443893 1303267962
2405.886810 552.666114 1303267964
2431.787703 553.555002 1303267966
2457.854097 554.555001 1303267968
2484.416994 555.443889 1303267970
2512.138398 555.888333 1303267972
2539.777051 556.777221 1303267974
2567.167452 557.332776 1303267976
2595.550859 557.888331 1303267978
2622.362007 557.888331 1303267980
2647.766398 557.554998 1303267982
2670.936526 557.777220 1303267984
2692.368895 559.777218 1303267986
2712.311755 561.777216 1303267988
2735.068131 562.443882 1303267991
2757.079753 561.999438 1303267995
2784.718406 564.554991 1303267999
2813.019062 566.332767 1303268002
2834.947934 567.221655 1303268004
2857.952561 568.110543 1303268006
2879.550430 568.443876 1303268008
2908.099338 568.777209 1303268011
2932.758975 569.221653 1303268014
2955.349850 572.110539 1303268019
2975.789213 574.666092 1303268039
2987.291526 594.554961 1303268044
2987.374277 616.999383 1303268048
2986.712273 640.110471 1303268051
2983.816007 667.665999 1303268054
2982.160998 689.443755 1303268056
2981.581745 712.665954 1303268058
2981.250743 736.332597 1303268060
2981.085242 759.665907 1303268062
2980.588739 782.443662 1303268064
2978.768229 810.443634 1303268067
2985.884769 829.443615 1303268071
3011.206409 830.554725 1303268075
3036.031546 831.999168 1303268078
3066.069962 832.221390 1303268081
3089.240090 830.999169 1303268083
3111.499963 829.332504 1303268085
3138.890365 827.776950 1303268088
3159.412479 828.888060 1303268091
3182.665357 831.554724 1303268096
3203.932225 834.665832 1303268108
