2529.019491 576.888312 1301929449
2525.626722 597.999402 1301929453
2523.723462 624.443820 1301929456
2522.813207 646.110465 1301929458
2522.564955 669.665997 1301929460
2522.151203 693.443751 1301929462
2521.571950 716.777061 1301929464
2521.075447 739.554816 1301929466
2520.827196 761.777016 1301929468
2520.496194 782.221440 1301929470
2520.744445 805.221417 1301929473
2520.413443 826.443618 1301929490
2520.496194 848.554707 1301929495
2519.751440 877.332456 1301929498
2518.675684 899.887989 1301929500
2518.013680 923.887965 1301929502
2518.261932 951.110160 1301929504
2518.096431 979.221243 1301929506
2517.599928 1006.887882 1301929508
2517.186176 1034.332299 1301929510
2516.358671 1061.110050 1301929512
2516.027669 1085.887803 1301929514
2517.020675 1106.332227 1301929516
2518.344682 1130.221092 1301929519
2519.420438 1150.998849 1301929525
2520.413443 1172.443272 1301929528
2522.151203 1200.665466 1301929531
2523.061458 1222.109889 1301929533
2524.219965 1245.998754 1301929535
2524.716467 1270.887618 1301929537
2525.047469 1294.554261 1301929539
2524.881968 1315.887573 1301929541
2525.461221 1342.109769 1301929544
2525.543972 1367.109744 1301929548
2547.224592 1370.554185 1301929553
2573.787489 1368.998631 1301929556
2594.557854 1368.776409 1301929558
2616.486725 1368.443076 1301929560
2638.663848 1368.887520 1301929562
2661.337473 1368.887520 1301929564
2684.590352 1368.776409 1301929566
2707.594979 1369.331964 1301929568
2730.682357 1369.665297 1301929570
2753.107731 1370.220852 1301929572
2774.540099 1371.220851 1301929574
2795.227714 1372.443072 1301929576
2815.253325 1373.109738 1301929578
2843.884983 1373.998626 1301929581
2867.717115 1372.554183 1301929584
2891.962999 1371.109740 1301929588
2913.478118 1371.554184 1301929606
2933.834731 1374.554181 1301929609
2961.390633 1376.998623 1301929612
2981.912747 1377.887511 1301929614
3004.751873 1378.554177 1301929616
3028.915007 1377.554178 1301929618
3051.423131 1376.331957 1301929620
3072.938250 1375.776402 1301929622
3093.460364 1376.998623 1301929624
3114.727231 1378.109733 1301929626
3137.980110 1379.220843 1301929628
3163.881003 1379.443065 1301929630
3191.354155 1379.998620 1301929632
3219.241060 1379.109732 1301929634
3246.465960 1376.220846 1301929636
3272.201353 1372.776405 1301929638
3292.888967 1368.887520 1301929640
3308.611554 1354.331979 1301929643
3309.190807 1325.776452 1301929646
3309.108057 1303.665363 1301929648
3309.356308 1278.220944 1301929650
3309.687310 1250.220972 1301929652
3310.183813 1219.998780 1301929654
3310.432064 1189.665477 1301929656
3310.597565 1163.109948 1301929658
3310.183813 1142.665524 1301929660
3309.273558 1121.887767 1301929676
3309.273558 1101.221121 1301929680
3310.514814 1074.776703 1301929683
3310.597565 1052.221170 1301929685
3311.176818 1028.665638 1301929687
3313.411080 1003.776774 1301929689
3314.900589 976.110135 1301929691
3315.645343 947.443497 1301929693
3318.458858 921.776856 1301929695
3319.617365 900.221322 1301929697
3319.782866 871.332462 1301929700
3321.024123 851.221371 1301929704
3340.304979 843.999156 1301929720
3365.709370 846.888042 1301929723
3387.058988 848.999151 1301929725
3407.663852 850.332483 1301929727
3431.495984 849.443595 1301929730
3453.755857 850.776927 1301929753
3480.153253 853.110258 1301929757
3504.647388 856.554699 1301929760
3528.810522 857.110254 1301929763
3559.676443 857.332476 1301929766
3582.267318 857.776920 1301929768
3606.099450 858.221364 1301929770
3630.924587 858.665808 1301929772
3654.839469 858.999141 1301929774
3682.560873 860.332473 1301929777
