1733.291089 551.332782 1302062616
1705.735186 548.999451 1302062620
1683.558064 548.555007 1302062622
1656.912416 547.443897 1302062624
1626.956751 546.999453 1302062626
1595.842579 547.555008 1302062628
1567.376421 548.110563 1302062630
1543.627040 548.443896 1302062632
1519.463906 548.888340 1302062635
1504.486073 566.332767 1302062640
1506.141082 587.554968 1302062643
1506.389334 607.554948 1302062645
1506.223833 631.888257 1302062647
1505.975581 660.110451 1302062649
1505.396328 690.443754 1302062651
1504.651574 719.888169 1302062653
1504.403323 746.554809 1302062655
1504.486073 769.110342 1302062657
1505.479079 791.332542 1302062660
1493.232011 811.999188 1302062670
1469.648130 814.776963 1302062673
1448.960516 814.332519 1302062675
1423.225124 812.665854 1302062677
1395.420970 810.554745 1302062679
1369.271825 809.776968 1302062681
1347.425704 808.332525 1302062683
1324.007325 806.221416 1302062686
1298.520184 803.221419 1302062698
1268.233516 805.110306 1302062701
1246.718397 807.332526 1302062703
1217.259234 811.443633 1302062706
1192.599598 815.776962 1302062709
1172.077484 817.888071 1302062718
1150.479615 819.776958 1302062729
1125.902729 819.221403 1302062732
1096.691817 819.776958 1302062735
1074.514694 819.999180 1302062737
1052.751324 819.221403 1302062739
1031.401706 817.999182 1302062741
1011.376095 816.999183 1302062743
989.281723 814.665852 1302062747
965.615092 810.443634 1302062759
939.217696 809.110302 1302062763
911.827294 807.221415 1302062766
882.119880 805.776972 1302062769
860.273759 805.332528 1302062771
836.938130 805.110306 1302062773
813.105998 804.999195 1302062775
789.439367 804.776973 1302062777
765.027982 804.110307 1302062779
740.285595 803.888085 1302062781
714.632953 803.554752 1302062783
688.152807 802.443642 1302062785
662.665666 800.999199 1302062787
639.412787 799.888089 1302062789
611.939635 798.554757 1302062792
588.107504 797.888091 1302062796
567.668140 794.554761 1302062817
540.029488 793.665873 1302062821
515.204350 791.776986 1302062824
484.338429 789.888099 1302062827
460.671799 788.999211 1302062829
436.591415 788.110323 1302062831
412.842034 786.776991 1302062833
390.251159 785.888103 1302062835
369.149792 785.110326 1302062837
343.248899 784.888104 1302062840
317.844508 784.888104 1302062844
293.929626 785.888103 1302062854
267.532230 784.443660 1302062857
246.513614 783.888105 1302062859
218.792210 780.888108 1302062862
195.787583 781.443663 1302062869
175.679222 781.110330 1302062872
148.785323 782.443662 1302062875
125.284193 782.999217 1302062878
100.128054 785.554770 1302062882
92.928764 804.332529 1302062890
89.453245 824.888064 1302062897
86.143227 851.554704 1302062900
84.901970 875.665791 1302062902
83.908964 902.887986 1302062904
82.584957 929.999070 1302062906
82.171205 954.554601 1302062908
82.584957 975.332358 1302062910
83.826214 998.887890 1302062913
86.391478 1022.221200 1302062926
85.646724 1049.332284 1302062929
84.901970 1072.887816 1302062931
84.239966 1099.887789 1302062933
83.660713 1127.554428 1302062935
83.164210 1155.887733 1302062937
83.246961 1184.665482 1302062939
82.833208 1212.443232 1302062941
81.840203 1239.220983 1302062943
80.847197 1263.998736 1302062945
80.350695 1284.998715 1302062947
79.688691 1307.998692 1302062950
89.701496 1326.776451 1302062956
118.333155 1326.998673 1302062960
138.524266 1326.665340 1302062962
162.604650 1327.776450 1302062964
189.746800 1328.998671 1302062966
217.881955 1329.998670 1302062968
245.603359 1330.887558 1302062970
272.828259 1331.776446 1302062972
299.804909 1332.220890 1302062974
327.360811 1332.776445 1302062976
356.488972 1333.665333 1302062978
386.527388 1334.220888 1302062980
415.407298 1334.554221 1302062982
440.480687 1334.776443 1302062984
460.837299 1334.998665 1302062986
483.428174 1335.776442 1302062989
506.846554 1337.665329 1302062992
528.113422 1338.443106 1302062994
554.841820 1339.331994 1302062996
585.873241 1339.887549 1302062998
619.883679 1340.776437 1302063000
655.383626 1341.220881 1302063002
690.718071 1341.554214 1302063004
741.526852 1342.554213 1302063007
773.634030 1343.776434 1302063009
804.086198 1343.998656 1302063011
831.559350 1343.109768 1302063013
853.570972 1341.887547 1302063015
877.734106 1336.554219 1302063018
885.181647 1317.998682 1302063021
885.926401 1290.109821 1302063024
886.422904 1266.554289 1302063026
886.753906 1244.998755 1302063028
890.974179 1222.998777 1302063057
892.711939 1196.887692 1302063061
892.629188 1175.776602 1302063063
893.208441 1149.998850 1302063065
895.277203 1121.887767 1302063067
896.435709 1095.332238 1302063069
896.766711 1074.554481 1302063071
903.386748 1054.887834 1302063074
925.067368 1052.776725 1302063078
946.085984 1052.665614 1302063081
968.925110 1054.332279 1302063084
987.378462 1065.776712 1302063089
1007.652325 1075.443369 1302063099
1027.512434 1083.554472 1302063104
1051.013564 1079.221143 1302063119
1075.590450 1080.554475 1302063121
1104.635861 1081.221141 1302063123
1132.274514 1080.332253 1302063125
1153.955134 1078.554477 1302063127
1182.917794 1076.887812 1302063129
1212.707959 1075.443369 1302063131
1238.691603 1074.887814 1302063133
1260.289472 1074.776703 1302063135
1280.811586 1075.332258 1302063137
1302.492206 1076.443368 1302063139
1323.593572 1075.554480 1302063140
1345.108691 1074.776703 1302063141
1366.044557 1073.443371 1302063142
1402.372008 1070.998929 1302063144
1429.017656 1068.554487 1302063146
1453.098039 1061.665605 1302063148
1471.054888 1049.221173 1302063150
1482.060699 1022.998977 1302063153
1486.611974 999.887889 1302063155
1490.087493 973.110138 1302063157
1492.818259 942.443502 1302063159
1495.052521 911.221311 1302063161
1498.197038 882.221340 1302063163
1499.603796 855.665811 1302063165
1501.176055 834.665832 1302063167
1503.162066 812.554743 1302063171
1505.561829 789.332544 1302063175
1506.223833 759.221463 1302063178
1506.803086 734.665932 1302063180
1506.968587 705.888183 1302063182
1507.630591 673.888215 1302063184
1508.458095 643.554912 1302063186
1508.789097 616.110495 1302063188
1508.954598 593.554962 1302063190
1510.113104 571.888317 1302063194
