3320.941372 428.777349 1302014415
3323.754888 406.555149 1302014431
3325.161645 383.332950 1302014434
3326.071901 356.777421 1302014437
3326.485653 335.444109 1302014440
3328.637165 311.666355 1302014457
3328.719915 289.666377 1302014460
3329.050917 269.221953 1302014462
3329.464669 245.999754 1302014464
3329.878422 220.444224 1302014466
3330.788677 193.444251 1302014468
3331.202429 165.888723 1302014470
3331.947183 137.666529 1302014472
3332.609187 109.444335 1302014474
3333.684943 84.222138 1302014476
3335.257201 64.222158 1302014478
3333.684943 43.666623 1302014483
3313.659332 41.666625 1302014495
3288.254941 42.222180 1302014500
3259.540532 42.222180 1302014503
3236.204903 41.555514 1302014505
3213.034775 41.222181 1302014507
3192.843663 40.888848 1302014509
3170.418289 42.111069 1302014514
3147.165411 42.666624 1302014518
3119.857760 42.444402 1302014521
3091.060600 40.888848 1302014524
3062.015190 38.333295 1302014527
3036.776300 39.111072 1302014530
3015.426682 38.111073 1302014538
2996.807829 47.111064 1302014547
2996.476827 67.666599 1302014550
2997.718084 95.444349 1302014553
2997.552583 115.555440 1302014555
2997.718084 140.333193 1302014558
2997.883585 162.222060 1302014564
2997.304332 184.999815 1302014570
2996.642328 210.555345 1302014573
2996.228576 231.333102 1302014575
2996.063075 251.444193 1302014577
2995.897574 276.777501 1302014580
2995.814823 297.777480 1302014584
2995.483822 319.777458 1302014590
2994.987319 344.999655 1302014593
2994.573567 366.666300 1302014595
2994.242565 390.999609 1302014597
2993.746062 417.666249 1302014599
2993.166809 445.332888 1302014601
2992.835807 471.332862 1302014603
2991.842802 493.888395 1302014605
2989.525789 520.332813 1302014608
2989.360288 540.443904 1302014614
2987.953530 561.999438 1302014631
2976.699468 580.443864 1302014640
2948.895314 582.332751 1302014644
2918.691397 581.221641 1302014647
2897.010777 580.332753 1302014649
2875.661159 579.332754 1302014651
2849.263763 578.999421 1302014654
2828.824400 579.221643 1302014660
2806.812778 578.666088 1302014679
2778.594872 577.666089 1302014682
2755.424744 577.110534 1302014684
2729.689351 576.554979 1302014686
2701.636946 576.221646 1302014688
2672.839787 575.554980 1302014690
2648.097400 574.777203 1302014692
2627.658037 574.221648 1302014694
2607.135923 573.888315 1302014696
2585.207052 573.332760 1302014698
2562.450676 572.777205 1302014700
2536.384282 572.554983 1302014703
2519.834190 584.666082 1302014708
2519.420438 608.443836 1302014712
2518.344682 637.110474 1302014715
2518.179181 660.443784 1302014717
2517.848179 686.665980 1302014719
2517.599928 715.332618 1302014721
2516.855174 759.110352 1302014724
2516.275921 787.332546 1302014726
2516.193170 814.221408 1302014728
2516.275921 840.665826 1302014730
2515.944919 866.443578 1302014732
2514.455410 893.554662 1302014734
2513.462405 922.887966 1302014736
2513.048653 953.443491 1302014738
2512.386649 984.110127 1302014740
2511.476394 1014.998985 1302014742
2511.310893 1044.887844 1302014744
2510.483389 1070.887818 1302014746
2510.979891 1094.665572 1302014748
2512.138398 1123.221099 1302014751
2513.048653 1144.443300 1302014756
2513.710656 1171.887717 1302014761
2514.703662 1201.554354 1302014764
2515.613917 1224.998775 1302014766
2516.275921 1250.887638 1302014768
2515.862168 1277.776500 1302014770
2515.034664 1302.443142 1302014772
2514.869163 1329.998670 1302014775
2514.041658 1351.109760 1302014779
