3226.936852 45.999954 1302092510
3205.173482 45.888843 1302092512
3184.072115 45.111066 1302092515
3163.219000 44.888844 1302092520
3139.055866 44.333289 1302092523
3117.788998 43.888845 1302092525
3093.460364 43.222179 1302092527
3067.145718 42.444402 1302092529
3041.741328 42.555513 1302092531
3015.757684 42.666624 1302092534
2997.304332 54.666612 1302092541
2997.966335 75.111036 1302092544
2997.718084 104.444340 1302092547
2997.056080 126.999873 1302092549
2996.476827 154.999845 1302092552
2995.070069 177.444267 1302092557
2993.828812 204.110907 1302092561
2993.001308 235.221987 1302092564
2992.256554 258.110853 1302092566
2992.008302 279.555276 1302092568
2992.918557 299.999700 1302092571
2991.760051 321.999678 1302092577
2991.180798 346.888542 1302092580
2990.684295 368.555187 1302092582
2990.022291 393.555162 1302092584
2989.608539 420.221802 1302092586
2988.946535 445.888443 1302092588
2987.870780 481.555074 1302092591
2987.622528 502.666164 1302092593
2987.622528 528.110583 1302092596
2985.884769 549.332784 1302092617
2984.312510 569.999430 1302092630
2969.996681 583.999416 1302092635
2941.365022 584.221638 1302092639
2911.574857 582.999417 1302092642
2891.300995 582.443862 1302092644
2865.400102 581.888307 1302092647
2844.381486 581.110530 1302092650
2822.369864 579.332754 1302092655
2799.861739 577.888311 1302092671
2774.291848 577.332756 1302092674
2753.024980 576.777201 1302092676
2729.275599 575.888313 1302092678
2704.202210 575.332758 1302092680
2677.391062 575.443869 1302092682
2649.338657 575.332758 1302092684
2620.789749 574.554981 1302092686
2592.820094 574.110537 1302092688
2566.505448 573.777204 1302092690
2544.328326 573.443871 1302092692
2523.226959 577.110534 1302092696
2519.834190 599.221623 1302092702
2518.510183 626.443818 1302092705
2517.930930 648.999351 1302092707
2517.848179 673.443771 1302092709
2518.096431 699.221523 1302092711
2517.682678 725.999274 1302092713
2517.268926 754.443690 1302092715
2517.186176 783.110328 1302092717
2517.930930 810.665856 1302092719
2518.179181 835.776942 1302092721
2518.096431 859.554696 1302092723
2516.937924 882.443562 1302092725
2515.117414 905.443539 1302092727
2514.289910 929.665737 1302092729
2514.207159 953.999046 1302092731
2513.214154 977.999022 1302092733
2511.724645 1003.110108 1302092735
2511.476394 1029.887859 1302092737
2511.228143 1057.554498 1302092739
2510.648889 1084.332249 1302092741
2511.393644 1108.221114 1302092743
2512.965902 1128.554427 1302092745
2515.117414 1149.665517 1302092751
2513.876157 1170.554385 1302092755
2514.124409 1199.332134 1302092758
2514.289910 1222.665444 1302092760
2514.703662 1248.554307 1302092762
2514.869163 1274.887614 1302092764
2514.951913 1300.109811 1302092766
2515.282915 1320.887568 1302092768
2515.200165 1342.220880 1302092771
2516.937924 1363.331970 1302092784
2542.590566 1366.998633 1302092789
2567.167452 1366.554189 1302092792
2597.950622 1368.220854 1302092795
2620.541497 1369.443075 1302092797
2643.628875 1370.331963 1302092799
2667.543757 1371.443073 1302092801
2692.286144 1372.220850 1302092803
2718.104287 1372.998627 1302092805
2744.501683 1373.887515 1302092807
2770.816329 1374.554181 1302092809
2796.799972 1374.998625 1302092811
2821.956112 1375.220847 1302092813
2846.119245 1374.220848 1302092815
2869.785876 1374.331959 1302092817
2892.459502 1375.109736 1302092819
2913.974621 1375.998624 1302092821
2935.075987 1376.887512 1302092823
2956.094604 1377.554178 1302092825
2977.692473 1378.109733 1302092827
3000.614350 1378.776399 1302092829
3023.701728 1378.554177 1302092831
3046.127102 1378.665288 1302092833
3066.649215 1378.887510 1302092835
3096.108378 1379.887509 1302092838
3124.822787 1381.554174 1302092841
3152.544191 1382.887506 1302092844
3181.093098 1384.331949 1302092847
3209.559256 1386.776391 1302092850
3237.528911 1385.109726 1302092853
3262.188547 1381.665285 1302092856
3284.779422 1378.443066 1302092860
3303.646526 1368.331965 1302092868
3306.708293 1344.665322 1302092871
3306.460042 1318.554237 1302092874
3306.956545 1287.887601 1302092877
3307.535798 1265.332068 1302092879
3308.032301 1241.776536 1302092881
3308.694304 1217.887671 1302092883
3309.604559 1194.109917 1302092885
3311.011317 1170.332163 1302092887
3312.583576 1148.109963 1302092889
3313.907583 1120.221102 1302092892
3315.645343 1099.665567 1302092895
3317.052101 1075.110036 1302092898
3316.886600 1044.776733 1302092901
3317.134851 1022.665644 1302092903
3317.962356 1000.110111 1302092905
3318.955361 977.554578 1302092907
3319.700115 954.999045 1302092909
3320.196618 932.776845 1302092911
3319.782866 911.110200 1302092913
3318.624359 883.999116 1302092916
3318.789860 859.888029 1302092943
3319.534614 839.110272 1302092946
3319.865616 808.554747 1302092949
3320.527620 784.888104 1302092951
3321.603376 759.332574 1302092953
3323.010134 732.777045 1302092955
3324.168640 705.777072 1302092957
3325.161645 678.777099 1302092959
3326.071901 651.332682 1302092961
3327.064906 627.332706 1302092963
3327.809660 604.554951 1302092967
