3337.574214 70.444374 1302097230
3336.581209 49.999950 1302097234
3318.789860 38.666628 1302097246
3297.605743 37.333296 1302097251
3270.463593 34.444410 1302097255
3246.134958 32.111079 1302097258
3221.475322 30.888858 1302097261
3198.636196 30.111081 1302097264
3177.948581 29.222193 1302097270
3157.095466 28.666638 1302097274
3135.083844 26.777751 1302097277
3111.499963 25.222197 1302097280
3087.171329 23.777754 1302097283
3061.270436 22.333311 1302097286
3034.707539 21.666645 1302097289
3013.440671 19.333314 1302097294
3003.262365 40.111071 1302097300
3002.931363 63.555492 1302097304
3001.607356 84.666582 1302097307
3000.862601 108.777669 1302097310
3000.200598 131.888757 1302097313
2999.869596 153.777624 1302097319
2998.628339 178.999821 1302097324
2997.800834 199.333134 1302097327
2997.718084 220.888668 1302097330
2997.387082 243.221979 1302097333
2997.221581 264.999735 1302097336
2997.387082 286.444158 1302097341
2995.980324 309.555246 1302097347
2995.649323 332.777445 1302097350
2995.152820 358.777419 1302097353
2994.573567 387.332946 1302097356
2994.077064 416.666250 1302097359
2993.497811 444.777333 1302097362
2993.084058 469.221753 1302097365
2993.084058 489.999510 1302097368
2991.180798 514.666152 1302097372
2988.863785 534.666132 1302097401
2986.795024 556.554999 1302097429
2963.293894 567.888321 1302097434
2937.889503 567.777210 1302097437
2908.430340 566.666100 1302097440
2880.046933 565.666101 1302097443
2855.552798 565.554990 1302097446
2832.217168 566.554989 1302097450
2810.205547 568.999431 1302097476
2786.869918 567.221655 1302097480
2761.382777 565.666101 1302097483
2740.860663 564.666102 1302097485
2718.766291 564.221658 1302097487
2696.009915 563.110548 1302097489
2673.667291 560.777217 1302097491
2650.248912 559.332774 1302097493
2625.589275 558.332775 1302097495
2599.771132 557.443887 1302097497
2575.028746 556.554999 1302097499
2554.010129 555.999444 1302097501
2533.901768 557.888331 1302097504
2527.116231 580.888308 1302097510
2525.047469 606.332727 1302097514
2521.654700 631.666035 1302097517
2521.075447 661.110450 1302097520
2520.827196 689.888199 1302097523
2520.413443 712.888176 1302097526
2520.082442 739.554816 1302097530
2519.172187 764.443680 1302097533
2519.420438 794.554761 1302097536
2519.337688 823.443621 1302097539
2518.344682 850.443594 1302097542
2516.524172 878.110233 1302097545
2515.531166 898.221324 1302097547
2515.034664 919.221303 1302097549
2514.951913 940.665726 1302097551
2514.372660 962.887926 1302097553
2513.545155 986.221236 1302097555
2513.214154 1009.998990 1302097557
2512.800401 1033.887855 1302097559
2512.138398 1056.998943 1302097561
2512.055647 1077.221145 1302097563
2512.965902 1099.776678 1302097566
2513.876157 1121.221101 1302097574
2514.124409 1147.221075 1302097581
2514.786412 1172.554383 1302097584
2516.358671 1200.887688 1302097587
2517.682678 1221.109890 1302097589
2519.254937 1242.554313 1302097591
2519.668689 1264.332069 1302097593
2518.923935 1284.332049 1302097595
2518.510183 1307.665359 1302097598
2518.675684 1330.443114 1302097602
2521.158198 1352.220870 1302097609
2546.231586 1357.331976 1302097614
2570.808472 1357.887531 1302097618
2590.999584 1360.109751 1302097640
2610.528692 1364.665302 1302097644
2631.795560 1366.665300 1302097647
2657.282701 1369.109742 1302097650
2677.473812 1370.109741 1302097652
2699.568185 1371.220851 1302097654
2721.000553 1372.665294 1302097656
2741.853669 1373.887515 1302097658
2765.437549 1379.887509 1302097661
2790.262686 1384.998615 1302097664
2817.901339 1386.109725 1302097667
2844.050484 1384.220838 1302097670
2864.655348 1380.887508 1302097675
2887.825476 1384.331949 1302097691
2913.809120 1388.331945 1302097694
2943.433784 1388.554167 1302097697
2964.204149 1386.998613 1302097699
2984.726262 1385.887503 1302097701
3005.082875 1384.998615 1302097703
3025.191236 1384.554171 1302097705
3052.002384 1387.331946 1302097708
3081.544298 1389.220833 1302097711
3105.293679 1388.554167 1302097713
3125.815793 1390.331943 1302097715
3148.241167 1390.443054 1302097717
3169.259783 1391.554164 1302097719
3190.526651 1390.776387 1302097721
3213.283027 1386.887502 1302097723
3235.211898 1382.554173 1302097725
3261.526543 1376.776401 1302097728
