2523.557961 826.443618 1302102321
2522.813207 846.888042 1302102326
2521.902952 873.332460 1302102329
2520.827196 893.554662 1302102331
2519.751440 914.887974 1302102333
2519.585939 936.554619 1302102335
2519.668689 958.776819 1302102337
2519.337688 980.332353 1302102339
2518.261932 1010.110101 1302102342
2517.930930 1039.665627 1302102345
2517.268926 1068.554487 1302102348
2517.268926 1097.554458 1302102351
2517.103425 1122.221100 1302102354
2517.930930 1145.221077 1302102366
2518.758434 1168.554387 1302102371
2519.999691 1189.332144 1302102374
2520.992697 1215.554340 1302102377
2521.489199 1236.332097 1302102379
2521.902952 1259.887629 1302102381
2521.902952 1283.776494 1302102383
2521.323698 1305.998694 1302102385
2520.578944 1326.332007 1302102387
2519.420438 1347.887541 1302102390
2524.302715 1369.887519 1302102418
2545.983335 1371.665295 1302102422
2570.891223 1371.109740 1302102425
2590.999584 1370.998629 1302102427
2613.424958 1370.776407 1302102429
2637.339840 1370.776407 1302102431
2663.157983 1371.109740 1302102433
2690.631135 1371.665295 1302102435
2718.600790 1371.554184 1302102437
2746.073942 1371.998628 1302102439
2772.802340 1372.554183 1302102441
2798.868734 1372.665294 1302102443
2824.024873 1372.998627 1302102445
2847.939755 1373.331960 1302102447
2869.289374 1373.443071 1302102449
2889.811487 1373.331960 1302102452
2913.891870 1374.331959 1302102481
2936.565496 1375.998624 1302102484
2965.279905 1376.887512 1302102487
2994.904568 1377.220845 1302102490
3015.095680 1377.443067 1302102492
3044.141091 1377.776400 1302102495
3067.642221 1377.554178 1302102498
3087.750582 1377.665289 1302102505
3107.445191 1382.554173 1302102511
3129.374062 1387.998612 1302102514
3159.826231 1388.554167 1302102517
3182.417106 1388.443056 1302102519
3203.932225 1388.665278 1302102521
3224.702590 1386.331947 1302102523
3245.472955 1383.109728 1302102525
3274.021863 1378.665288 1302102528
3298.681499 1368.998631 1302102531
3309.935561 1346.554209 1302102535
3309.108057 1322.554233 1302102538
3307.618548 1293.776484 1302102541
3307.701299 1273.332060 1302102543
3307.701299 1252.665414 1302102545
3307.949550 1232.332101 1302102547
3308.197802 1212.332121 1302102549
3308.528803 1184.443260 1302102552
3308.446053 1157.776620 1302102555
3306.460042 1135.221087 1302102559
3307.618548 1111.998888 1302102581
3308.197802 1086.665580 1302102584
3308.859805 1065.665601 1302102586
3309.852811 1042.665624 1302102588
3311.094068 1020.221202 1302102590
3312.500825 996.999003 1302102592
3313.576581 973.776804 1302102594
3314.155835 952.110159 1302102596
3317.134851 926.332407 1302102599
3318.955361 903.110208 1302102602
3319.120862 882.888006 1302102605
3319.700115 861.776916 1302102611
3334.264196 844.554711 1302102617
3361.075344 843.443601 1302102621
3383.914471 844.776933 1302102624
3405.760591 846.776931 1302102627
3428.682468 849.443595 1302102631
3452.514600 851.110260 1302102640
3476.098481 851.443593 1302102643
3503.240631 851.888037 1302102646
3531.293036 853.221369 1302102649
3551.649648 855.221367 1302102651
3573.164768 857.110254 1302102653
3594.514386 858.443586 1302102655
3616.360506 859.332474 1302102657
3637.296372 859.665807 1302102659
3665.845280 859.999140 1302102662
3685.870891 860.665806 1302102665
3708.379016 862.999137 1302102682
3715.661056 882.110229 1302102686
3716.157559 905.554650 1302102689
3716.323059 933.887955 1302102692
3715.743806 954.443490 1302102694
3715.247304 976.221246 1302102696
3714.916302 998.776779 1302102698
3714.502549 1021.998978 1302102700
3714.006047 1044.776733 1302102702
3713.592294 1066.332267 1302102704
3713.923296 1093.443351 1302102707
3718.226320 1115.554440 1302102714
3737.838179 1119.554436 1302102718
3759.436048 1117.221105 1302102721
3785.088690 1116.221106 1302102724
3809.003572 1115.887773 1302102727
3828.118928 1101.776676 1302102732
3827.456924 1081.665585 1302102735
3827.374174 1056.998943 1302102738
3828.118928 1028.443416 1302102741
3828.946433 1006.554549 1302102743
3829.773937 983.110128 1302102745
3830.104939 958.665708 1302102747
3830.353190 934.110177 1302102749
3830.435941 911.443533 1302102751
3830.187689 885.776892 1302102754
3820.423135 867.999132 1302102758
