3304.391281 1129.776648 1302272848
3304.060279 1106.998893 1302272865
3305.053284 1085.221137 1302272868
3306.211791 1060.665606 1302272871
3306.791044 1034.221188 1302272874
3306.791044 1006.221216 1302272877
3306.625543 985.554570 1302272879
3306.791044 963.665703 1302272881
3307.039295 941.443503 1302272883
3307.370297 919.887969 1302272885
3307.453048 899.665767 1302272887
3307.535798 875.665791 1302272890
3298.267747 857.776920 1302272894
3273.856362 856.554699 1302272898
3245.555705 856.554699 1302272901
3216.344793 856.443588 1302272904
3190.195649 854.665812 1302272907
3169.839036 853.665813 1302272910
3147.661914 853.443591 1302272913
3119.278507 852.776925 1302272916
3099.004644 852.110259 1302272918
3077.903278 851.554704 1302272920
3057.132913 849.554706 1302272922
3037.107302 847.665819 1302272924
3012.447665 846.110265 1302272927
2990.270543 845.332488 1302272931
2969.169176 844.110267 1302272934
2944.757791 842.554713 1302272937
2917.615641 841.776936 1302272940
2896.928026 841.888047 1302272942
2875.826660 841.665825 1302272944
2854.394291 841.332492 1302272946
2833.541176 841.332492 1302272948
2804.330264 839.554716 1302272951
2774.953852 838.554717 1302272954
2747.811701 837.888051 1302272957
2725.138076 838.110273 1302272962
2703.291955 837.776940 1302272966
2675.984304 835.999164 1302272969
2655.544941 835.999164 1302272971
2634.609075 835.554720 1302272973
2613.424958 835.221387 1302272975
2592.323591 834.665832 1302272977
2565.346942 834.554721 1302272980
2539.611550 834.554721 1302272984
2514.703662 833.221389 1302272988
2489.878525 832.888056 1302272991
2463.646629 831.999168 1302272994
2440.145499 831.221391 1302272997
2414.741109 830.110281 1302273000
2387.433458 829.888059 1302273003
2357.891544 829.888059 1302273006
2337.369431 829.554726 1302273008
2316.350815 829.221393 1302273010
2295.083947 828.554727 1302273012
2273.651578 827.888061 1302273014
2252.798463 827.332506 1302273016
2232.772852 827.221395 1302273018
2204.885948 826.332507 1302273021
2180.971066 825.443619 1302273024
2159.455947 824.999175 1302273031
2134.299807 824.999175 1302273037
2112.867439 824.888064 1302273040
2089.035307 824.332509 1302273043
2063.879168 822.554733 1302273046
2040.791790 821.221401 1302273049
2019.442172 819.776958 1302273052
1998.423556 818.443626 1302273055
1976.660185 819.443625 1302273058
1955.310567 818.554737 1302273061
1931.974938 817.110294 1302273065
1910.708070 817.110294 1302273072
1885.138179 816.999183 1302273076
1860.809544 816.443628 1302273079
1834.081147 815.888073 1302273082
1807.766501 815.332518 1302273085
1781.203604 814.999185 1302273088
1755.219960 815.332518 1302273091
1730.312072 815.776962 1302273094
1708.548702 816.221406 1302273097
1688.357590 814.110297 1302273101
1664.359958 814.443630 1302273105
1640.445075 813.999186 1302273109
1617.523198 812.999187 1302273113
1597.001085 812.332521 1302273116
1574.906713 811.332522 1302273119
1554.219098 812.999187 1302273122
1532.786730 813.776964 1302273126
1512.512868 813.221409 1302273139
1492.321756 813.221409 1302273143
1468.489624 812.888076 1302273146
1443.416235 811.776966 1302273149
1421.404614 811.221411 1302273152
1399.392992 812.221410 1302273172
1377.546871 811.221411 1302273176
1356.445504 810.999189 1302273179
1334.682134 810.443634 1302273182
1313.746268 809.665857 1302273187
1302.326705 790.332543 1302273196
1300.257943 764.443680 1302273200
1298.933936 743.221479 1302273203
1297.609929 720.554835 1302273206
1296.534173 695.777082 1302273209
1295.954919 670.665996 1302273212
1295.458417 644.554911 1302273215
1295.623918 621.443823 1302273218
1296.451422 600.443844 1302273224
1297.858180 579.999420 1302273233
1299.761441 558.554997 1302273245
1309.277743 539.666127 1302273251
1333.358126 537.443907 1302273255
1355.369748 538.555017 1302273258
1380.029385 538.555017 1302273261
1402.951261 539.443905 1302273264
1425.624887 539.888349 1302273268
1449.622520 539.888349 1302273278
1470.558385 539.999460 1302273282
1492.652758 540.221682 1302273285
1518.305400 539.999460 1302273288
1547.185309 539.221683 1302273291
1568.038425 538.777239 1302273293
1589.222542 538.555017 1302273295
1610.323909 538.888350 1302273297
1630.432270 540.221682 1302273299
1654.926405 542.332791 1302273302
1675.945022 543.110568 1302273307
