1724.850542 803.888085 1302273413
1724.023038 826.443618 1302273421
1723.526535 846.999153 1302273424
1723.195533 869.888019 1302273427
1722.202528 896.332437 1302273430
1721.623274 925.999074 1302273433
1720.878520 946.665720 1302273435
1720.299267 969.221253 1302273437
1719.968265 993.110118 1302273439
1719.471762 1017.554538 1302273441
1719.306262 1041.443403 1302273443
1718.727008 1062.221160 1302273445
1718.065005 1090.887798 1302273448
1717.899504 1116.443328 1302273451
1717.816753 1137.332196 1302273454
1717.237500 1159.554396 1302273457
1716.740997 1181.665485 1302273460
1716.989249 1203.332130 1302273464
1717.154750 1227.665439 1302273476
1716.823748 1253.998746 1302273479
1716.327245 1283.776494 1302273482
1716.244495 1304.665362 1302273484
1715.996243 1324.998675 1302273486
1716.078994 1353.109758 1302273489
1735.442601 1367.887521 1302273496
1761.095243 1365.443079 1302273499
1790.885408 1363.109748 1302273502
1811.490272 1361.776416 1302273504
1832.591638 1360.443084 1302273506
1853.610255 1358.998641 1302273508
1874.877122 1357.109754 1302273510
1896.309491 1355.220867 1302273512
1918.734865 1352.665314 1302273514
1940.911988 1351.109760 1302273516
1962.923609 1350.887538 1302273518
1985.100732 1351.331982 1302273520
2007.857108 1350.554205 1302273522
2029.620478 1351.109760 1302273524
2050.721845 1352.331981 1302273526
2071.823212 1352.776425 1302273528
2092.676327 1352.665314 1302273530
2113.860444 1352.887536 1302273532
2135.706565 1352.998647 1302273534
2157.800937 1353.109758 1302273536
2180.060811 1353.331980 1302273538
2202.237933 1352.998647 1302273540
2224.084054 1353.109758 1302273542
2246.178426 1352.776425 1302273544
2268.024547 1353.109758 1302273546
2290.449921 1352.665314 1302273548
2312.627044 1353.220869 1302273550
2334.969668 1353.443091 1302273552
2357.395042 1353.776424 1302273554
2379.075662 1355.220867 1302273556
2399.597775 1356.220866 1302273558
2427.070927 1355.998644 1302273561
2448.834297 1356.887532 1302273564
2471.342422 1356.776421 1302273579
2495.091803 1357.776420 1302273583
2517.186176 1358.776419 1302273586
2540.935557 1360.887528 1302273589
2567.001951 1363.109748 1302273592
2595.054356 1362.109749 1302273595
2624.017017 1362.443082 1302273598
2653.476180 1362.331971 1302273601
2673.667291 1362.331971 1302273603
2694.272155 1362.443082 1302273605
2715.125271 1362.554193 1302273607
2735.978386 1361.776416 1302273609
2756.334999 1361.665305 1302273611
2784.966657 1362.887526 1302273614
2811.777805 1365.443079 1302273617
2839.995711 1366.998633 1302273620
2869.951377 1367.665299 1302273623
2890.225239 1367.887521 1302273625
2910.416351 1367.665299 1302273627
2939.875514 1367.887521 1302273630
2969.831180 1367.887521 1302273633
2999.621345 1368.331965 1302273636
3019.646955 1368.887520 1302273638
3039.920817 1369.331964 1302273640
3059.946428 1369.665297 1302273642
3088.247085 1370.220852 1302273645
3117.044244 1371.331962 1302273648
3146.586158 1372.220850 1302273651
3166.777269 1372.665294 1302273653
3196.236432 1373.220849 1302273656
3222.882080 1372.665294 1302273659
3248.369221 1370.220852 1302273662
3269.305086 1368.331965 1302273665
3290.075451 1366.331967 1302273672
3309.770060 1354.220868 1302273678
3311.756071 1333.332000 1302273681
3310.018312 1305.998694 1302273684
3309.935561 1284.665382 1302273686
3310.018312 1261.998738 1302273688
3310.266563 1238.220984 1302273690
3310.597565 1213.998786 1302273692
3310.845816 1189.998810 1302273694
3311.425070 1167.776610 1302273696
3311.507820 1146.998853 1302273698
3310.845816 1117.887771 1302273701
3310.266563 1089.887799 1302273704
3310.597565 1059.887829 1302273707
3310.845816 1038.443406 1302273709
3311.094068 1016.332317 1302273711
3311.921572 993.776784 1302273713
3312.583576 970.554585 1302273715
3312.914578 947.554608 1302273717
3312.997328 925.887963 1302273719
3313.162829 898.887990 1302273722
3313.328330 875.665791 1302273726
3308.032301 854.221368 1302273750
3285.772428 852.332481 1302273754
3262.271298 852.332481 1302273757
3233.887891 851.776926 1302273760
3206.166487 850.888038 1302273763
3183.410111 849.776928 1302273766
3162.639746 848.554707 1302273769
3138.559363 848.999151 1302273772
3110.589708 848.776929 1302273775
3081.709799 848.554707 1302273778
3053.822894 846.110265 1302273781
3032.638777 842.888046 1302273784
3010.213403 839.665827 1302273788
2988.615534 839.332494 1302273792
2974.547956 818.554737 1302273797
2973.389449 796.776981 1302273800
2973.554950 770.999229 1302273803
2974.382455 742.777035 1302273806
2974.713457 722.221500 1302273808
2975.375460 701.443743 1302273810
2975.871963 681.110430 1302273812
2976.699468 653.332680 1302273815
2977.361471 629.777148 1302273818
2977.857974 606.221616 1302273822
2978.188976 585.999414 1302273826
2979.595734 565.221657 1302273829
2981.416244 541.777236 1302273832
2983.402255 514.999485 1302273835
2984.229759 485.777292 1302273838
2984.643512 465.777312 1302273840
2985.140014 445.555110 1302273842
2985.802018 425.444019 1302273844
2986.464022 405.221817 1302273846
2987.291526 384.777393 1302273848
2987.705279 364.444080 1302273850
2987.788029 338.666328 1302273853
2988.781035 315.221907 1302273858
2990.436044 293.777484 1302273862
2991.263548 271.555284 1302273865
2991.677301 250.221972 1302273868
2991.677301 228.110883 1302273871
2992.504805 205.110906 1302273874
2992.918557 183.222039 1302273879
3012.944168 174.444270 1302273885
3032.721528 180.555375 1302273891
