1684.551069 1364.331969 1302555825
1710.120961 1363.331970 1302555841
1738.256116 1362.776415 1302555844
1760.598740 1362.887526 1302555846
1784.182620 1362.887526 1302555848
1808.925007 1362.887526 1302555850
1835.074152 1362.331971 1302555852
1862.133552 1361.109750 1302555854
1890.020456 1359.776418 1302555856
1917.990111 1358.665308 1302555858
1946.290767 1357.887531 1302555860
1973.846670 1356.887532 1302555862
2000.988820 1356.665310 1302555864
2027.965469 1356.998643 1302555866
2055.686872 1357.665309 1302555868
2084.070280 1358.220864 1302555870
2112.619187 1358.554197 1302555872
2141.416347 1358.998641 1302555874
2170.710009 1359.554196 1302555876
2200.334673 1359.998640 1302555878
2229.793836 1360.443084 1302555880
2258.673745 1361.109750 1302555882
2287.470905 1361.776416 1302555884
2316.019813 1362.554193 1302555886
2344.568721 1363.220859 1302555888
2373.117629 1363.220859 1302555890
2401.749287 1363.220859 1302555892
2430.380945 1363.887525 1302555894
2458.350600 1364.443080 1302555896
2485.658251 1365.109746 1302555898
2512.717651 1365.665301 1302555900
2540.025302 1366.109745 1302555902
2567.746705 1366.665300 1302555904
2595.716360 1367.887521 1302555906
2623.768765 1368.998631 1302555908
2651.986671 1369.776408 1302555910
2679.956326 1370.220852 1302555912
2707.925981 1370.887518 1302555914
2735.895636 1372.109739 1302555916
2763.368788 1372.665294 1302555918
2789.931684 1372.665294 1302555920
2815.584326 1372.887516 1302555922
2840.409464 1373.776404 1302555924
2864.324346 1374.665292 1302555926
2887.577225 1375.443069 1302555928
2910.912854 1376.331957 1302555930
2934.413984 1376.331957 1302555932
2957.004859 1376.443068 1302555934
2979.264732 1376.776401 1302555936
3000.614350 1377.665289 1302555938
3028.584005 1377.998622 1302555941
3052.002384 1378.554177 1302555944
3072.772749 1379.443065 1302555948
3093.212112 1379.554176 1302555955
3115.223734 1380.109731 1302555961
3138.228361 1379.887509 1302555973
3159.246978 1380.220842 1302555976
3184.982370 1379.887509 1302555979
3210.883263 1378.554177 1302555982
3236.618656 1375.109736 1302555985
3262.933301 1371.776406 1302555988
3287.096435 1365.109746 1302555991
3299.840005 1347.220875 1302555994
3300.998512 1322.887566 1302555997
3301.246763 1294.554261 1302556000
3302.074268 1264.220958 1302556003
3302.322519 1242.998757 1302556005
3302.488020 1222.665444 1302556007
3302.157018 1196.221026 1302556010
3302.074268 1171.665495 1302556014
3303.894778 1150.776627 1302556034
3310.680315 1129.221093 1302556041
3310.680315 1108.887780 1302556045
3310.680315 1085.554470 1302556048
3311.011317 1058.998941 1302556051
3312.169824 1028.887860 1302556054
3312.914578 1007.332326 1302556056
3313.742082 984.665682 1302556058
3314.238585 961.221261 1302556060
3315.066090 938.110173 1302556062
3316.886600 915.554640 1302556064
3318.376108 894.554661 1302556066
3319.203613 871.332462 1302556069
3323.672137 850.999149 1302556088
3348.745526 844.110267 1302556093
3372.246656 846.332487 1302556097
3393.679025 848.888040 1302556122
3417.097404 850.888038 1302556127
3442.750046 852.888036 1302556131
3464.430666 853.888035 1302556134
3486.690539 854.332479 1302556137
3513.170686 854.665812 1302556140
3543.126351 854.999145 1302556143
3564.393219 855.443589 1302556145
3584.832582 855.999144 1302556147
3605.271945 856.110255 1302556149
3626.373312 856.554699 1302556151
3648.467684 857.110254 1302556153
3669.900053 857.776920 1302556155
3692.408177 858.443586 1302556158
