3323.920389 609.999390 1302109135
3328.637165 585.332748 1302109142
3329.464669 564.332769 1302109145
3331.450680 541.888347 1302109148
3334.181445 516.888372 1302109151
3336.746710 493.221729 1302109154
3339.063722 472.888416 1302109157
3340.884232 450.666216 1302109161
3342.621992 430.332903 1302109168
3347.090517 410.221812 1302109190
3348.414524 384.332949 1302109196
3350.400535 361.666305 1302109199
3349.655781 338.221884 1302109203
3350.814287 317.555238 1302109224
3352.386546 291.777486 1302109229
3350.897038 269.221953 1302109232
3345.766509 244.444200 1302109235
3342.456491 215.555340 1302109238
3344.525253 191.444253 1302109240
3346.842265 166.444278 1302109242
3349.407530 140.222082 1302109244
3351.559042 114.777663 1302109246
3352.965799 92.888796 1302109248
3354.207056 71.888817 1302109251
3360.082339 52.666614 1302109267
3344.525253 39.222183 1302109273
3320.444869 38.666628 1302109276
3298.350497 37.444407 1302109278
3274.518365 35.999964 1302109280
3249.941479 34.666632 1302109282
3226.523100 33.555522 1302109284
3204.014975 32.666634 1302109287
3181.093098 30.555525 1302109291
3152.461440 29.333304 1302109294
3127.470802 28.999971 1302109296
3101.238907 28.555527 1302109298
3076.413769 27.888861 1302109300
3054.567649 27.555528 1302109302
3033.135280 28.444416 1302109305
3014.847429 38.999961 1302109315
3014.019924 62.333271 1302109319
3012.116664 90.666576 1302109322
3010.544405 113.222109 1302109324
3008.806645 133.999866 1302109326
3007.234387 157.555398 1302109330
3006.406882 183.555372 1302109334
3004.917374 215.222007 1302109337
3003.924368 239.888649 1302109339
3004.089869 264.333069 1302109341
3004.007119 290.666376 1302109344
3001.938357 311.888577 1302109348
3000.697100 338.221884 1302109351
2999.538594 361.444083 1302109353
2998.462838 389.444055 1302109355
2997.966335 420.221802 1302109357
2996.642328 452.332881 1302109359
2995.235570 484.666182 1302109361
2993.994313 515.555040 1302109363
2992.670306 542.666124 1302109365
2990.684295 563.332770 1302109367
2976.285715 578.777199 1302109370
2950.136571 579.888309 1302109373
2927.049193 579.221643 1302109375
2901.644803 577.888311 1302109377
2877.647170 576.666090 1302109379
2850.174018 574.332759 1302109382
2825.431631 571.888317 1302109410
2802.261503 570.443874 1302109413
2781.573888 570.110541 1302109415
2757.659006 569.443875 1302109417
2730.682357 568.999431 1302109419
2701.885197 567.443877 1302109421
2672.591535 566.110545 1302109423
2643.380624 565.110546 1302109425
2616.072973 564.554991 1302109427
2593.068345 563.999436 1302109429
2566.422698 562.888326 1302109432
2544.411076 566.110545 1302109437
2525.378471 573.110538 1302109445
2523.226959 594.110517 1302109450
2522.068453 619.777158 1302109453
2521.240948 642.666024 1302109455
2521.075447 668.221554 1302109457
2520.661695 694.443750 1302109459
2520.082442 719.999280 1302109461
2519.834190 744.332589 1302109463
2519.834190 766.554789 1302109465
2520.413443 789.999210 1302109468
2519.337688 813.332520 1302109476
2517.930930 834.443610 1302109479
2516.772423 854.999145 1302109482
2513.296904 877.665789 1302109493
2512.883152 903.110208 1302109496
2512.717651 925.110186 1302109498
2512.965902 952.221270 1302109500
2513.545155 979.999020 1302109502
2513.296904 1008.443436 1302109504
2512.386649 1037.554518 1302109506
2510.897141 1063.221159 1302109508
2509.821385 1083.665583 1302109510
2509.738634 1111.998888 1302109513
2510.566139 1136.554419 1302109516
2512.221148 1157.776620 1302109520
2514.786412 1179.443265 1302109523
2515.365666 1201.443243 1302109525
2516.441421 1226.443218 1302109527
2517.848179 1252.665414 1302109529
2518.179181 1279.554276 1302109531
2518.510183 1305.220917 1302109533
2518.013680 1325.220897 1302109535
2517.186176 1348.776429 1302109538
2532.246759 1370.665296 1302109544
2555.499638 1369.220853 1302109547
2581.235030 1367.998632 1302109550
2601.260641 1368.109743 1302109563
2627.492536 1370.443074 1302109567
2655.213939 1372.887516 1302109570
2676.480807 1375.554180 1302109572
2699.899186 1377.776400 1302109574
2725.055326 1379.109732 1302109576
2751.618223 1378.887510 1302109578
2780.580883 1376.887512 1302109580
2807.971284 1375.776402 1302109582
2834.451431 1374.776403 1302109584
2858.697315 1373.554182 1302109586
2880.543436 1372.554183 1302109588
2901.396551 1371.443073 1302109590
2922.166916 1370.998629 1302109592
2943.020031 1371.554184 1302109594
2963.707646 1372.331961 1302109596
2984.478011 1373.554182 1302109598
3006.241381 1374.776403 1302109600
3028.501254 1374.443070 1302109602
3049.602621 1373.887515 1302109604
3077.737777 1373.331960 1302109607
3099.252896 1373.776404 1302109610
3121.926521 1376.554179 1302109624
3147.910165 1377.554178 1302109627
3171.080293 1378.109733 1302109629
3195.243427 1377.998622 1302109631
3219.654812 1377.443067 1302109633
3244.479949 1375.109736 1302109635
3267.981079 1371.887517 1302109637
3288.089440 1368.331965 1302109639
3308.942556 1357.443087 1302109642
3316.141846 1332.554223 1302109645
3315.976345 1310.109801 1302109647
3314.404086 1284.443160 1302109649
3312.749077 1256.554299 1302109651
3311.011317 1226.665440 1302109653
3309.190807 1197.221025 1302109655
3307.618548 1168.887720 1302109657
3313.576581 1142.109969 1302109659
3320.527620 1119.109992 1302109661
3323.672137 1091.998908 1302109664
3324.416891 1065.554490 1302109667
3325.161645 1034.554521 1302109670
3325.823649 1012.110099 1302109672
3326.651154 989.887899 1302109674
3326.320152 968.665698 1302109676
3326.071901 948.221274 1302109678
3327.395908 920.999079 1302109681
3328.719915 900.110211 1302109685
3328.057912 878.221344 1302109699
3329.050917 855.999144 1302109704
3338.153467 836.554719 1302109715
3359.089333 838.776939 1302109718
3386.314234 845.665821 1302109721
3413.373634 847.554708 1302109724
