3322.927383 1922.775855 1302561808
3295.536982 1921.109190 1302561830
3267.815578 1920.109191 1302561833
3247.541716 1920.220302 1302561835
3227.267854 1920.553635 1302561837
3206.580239 1920.331413 1302561839
3185.313372 1919.220303 1302561841
3164.460256 1918.998081 1302561843
3138.145611 1918.886970 1302561846
3117.954499 1919.664747 1302561855
3097.928888 1919.998080 1302561858
3071.365991 1919.109192 1302561861
3047.947612 1917.886971 1302561864
3025.025735 1915.664751 1302561872
3001.276354 1915.109196 1302561876
2976.285715 1914.664752 1302561879
2952.370833 1914.664752 1302561883
2930.276461 1914.775863 1302561898
2907.106333 1914.553641 1302561901
2886.253217 1914.109197 1302561903
2863.496841 1913.442531 1302561905
2840.657715 1912.886976 1302561907
2816.991084 1912.442532 1302561909
2793.241703 1912.220310 1302561911
2770.319826 1911.998088 1302561913
2750.045964 1911.775866 1302561915
2725.551828 1911.553644 1302561918
2702.960953 1910.775867 1302561925
2679.046071 1909.998090 1302561929
2650.331662 1909.442535 1302561932
2629.147545 1908.664758 1302561934
2607.632426 1907.998092 1302561936
2585.869056 1907.442537 1302561938
2564.353937 1907.220315 1302561940
2536.384282 1906.775871 1302561943
2515.117414 1905.775872 1302561948
2488.802769 1904.886984 1302561955
2461.412367 1902.442542 1302561958
2440.228250 1902.109209 1302561960
2418.382129 1902.442542 1302561962
2396.205006 1901.998098 1302561964
2375.103640 1901.553654 1302561966
2354.167774 1900.998099 1302561968
2327.108374 1900.775877 1302561971
2305.179503 1900.220322 1302561976
2281.595622 1900.109211 1302561990
2257.266988 1899.442545 1302561993
2237.241377 1898.998101 1302561995
2215.312506 1898.553657 1302561997
2192.556130 1897.886991 1302561999
2169.468752 1897.442547 1302562001
2146.298624 1896.775881 1302562003
2122.880244 1895.998104 1302562005
2099.048112 1895.220327 1302562007
2075.050480 1894.775883 1302562009
2051.052847 1894.331439 1302562011
2027.137965 1893.775884 1302562013
2003.554084 1892.998107 1302562015
1980.052954 1892.331441 1302562017
1957.627580 1892.109219 1302562019
1931.809437 1891.664775 1302562022
1908.391058 1890.775887 1302562026
1886.710438 1889.442555 1302562033
1863.705810 1888.887000 1302562036
1833.005391 1888.442556 1302562039
1810.911018 1888.109223 1302562041
1789.064897 1887.553668 1302562043
1761.426245 1886.887002 1302562046
1739.249122 1886.442558 1302562050
1717.237500 1886.109225 1302562062
1692.577864 1883.664783 1302562066
1682.234056 1864.887024 1302562070
1683.309812 1837.775940 1302562074
1683.640814 1811.331522 1302562077
1683.558064 1781.664885 1302562080
1682.813310 1752.442692 1302562083
1683.558064 1727.776050 1302562086
1684.551069 1706.664960 1302562090
1684.633820 1680.553875 1302562095
1684.716570 1659.553896 1302562098
1684.799321 1636.109475 1302562101
1685.544075 1610.776167 1302562104
1686.206078 1584.776193 1302562107
1686.868082 1558.109553 1302562110
1687.778337 1531.887357 1302562113
1688.440341 1503.109608 1302562116
1688.192089 1473.442971 1302562119
1687.861088 1451.665215 1302562121
1687.447335 1430.331903 1302562123
1685.957827 1402.109709 1302562126
1683.806315 1377.220845 1302562130
1664.773710 1366.665300 1302562135
1643.258591 1362.443082 1302562138
1615.619938 1359.887529 1302562141
1588.726039 1355.109756 1302562144
1558.935874 1354.109757 1302562147
1532.290227 1354.776423 1302562150
1510.195855 1355.331978 1302562153
1499.190044 1336.331997 1302562165
1499.024543 1316.220906 1302562167
1498.279789 1288.665378 1302562170
1497.121282 1268.109843 1302562173
1503.244816 1244.776533 1302562180
1510.278605 1225.665441 1302562184
1513.836875 1202.665464 1302562188
1510.030354 1176.221046 1302562192
1507.051337 1156.109955 1302562195
1505.561829 1135.554420 1302562199
1503.575818 1114.887774 1302562206
1503.327567 1092.887796 1302562209
1506.554835 1064.332269 1302562212
1508.540846 1035.665631 1302562215
1509.037348 1013.221209 1302562218
1508.292594 991.887897 1302562223
