1410.067801 833.332500 1302562807
1388.800933 829.665837 1302562815
1363.148291 830.110281 1302562819
1342.046924 828.776949 1302562822
1320.531805 825.554730 1302562827
1305.222971 840.665826 1302562841
1299.678690 863.665803 1302562847
1297.858180 884.221338 1302562850
1297.858180 907.110204 1302562853
1299.513189 927.665739 1302562856
1306.629729 951.443493 1302562865
1306.464228 973.332360 1302562868
1307.374483 1000.665666 1302562871
1302.161204 1021.998978 1302562874
1296.120420 1044.110067 1302562888
1294.134409 1069.443375 1302562891
1292.893153 1089.554466 1302562893
1292.644901 1112.332221 1302562895
1293.968909 1138.665528 1302562897
1294.630912 1164.554391 1302562899
1294.465411 1189.554366 1302562901
1295.127415 1215.221007 1302562903
1296.451422 1241.887647 1302562905
1297.609929 1267.220955 1302562907
1298.602934 1290.220932 1302562909
1299.761441 1310.332023 1302562911
1301.664701 1331.220891 1302562914
1320.200804 1343.776434 1302562922
1341.881424 1340.887548 1302562925
1365.382554 1343.109768 1302562928
1389.380186 1335.776442 1302562933
1404.109768 1354.776423 1302562938
1424.383630 1360.887528 1302562941
1454.339296 1360.776417 1302562944
1476.847420 1363.998636 1302562946
1498.528040 1367.220855 1302562948
1520.787913 1367.331966 1302562950
1543.378788 1367.554188 1302562952
1567.376421 1367.443077 1302562954
1591.705056 1367.665299 1302562956
1615.206186 1366.998633 1302562958
1638.128062 1367.331966 1302562960
1660.470686 1369.443075 1302562962
1681.737554 1370.331963 1302562964
1704.245678 1371.998628 1302562966
1727.167555 1373.665293 1302562968
1750.916936 1373.998626 1302562970
1774.583567 1374.331959 1302562972
1799.077703 1374.331959 1302562974
1824.151092 1373.554182 1302562976
1849.472732 1372.665294 1302562978
1876.201130 1370.554185 1302562980
1902.681276 1368.776409 1302562982
1928.830421 1367.331966 1302562984
1954.400312 1365.443079 1302562986
1977.984193 1363.887525 1302562988
1998.175304 1363.331970 1302562990
2021.014431 1363.109748 1302562993
2041.867546 1362.331971 1302563009
2062.141408 1360.665306 1302563017
2086.635544 1360.887528 1302563021
2109.640171 1361.331972 1302563024
2138.271829 1361.554194 1302563027
2159.373196 1361.554194 1302563029
2181.219317 1361.665305 1302563031
2203.313689 1361.887527 1302563033
2225.408061 1362.220860 1302563035
2247.667935 1362.331971 1302563037
2269.927808 1361.998638 1302563039
2292.270431 1361.998638 1302563041
2314.695805 1362.109749 1302563043
2336.955679 1361.776416 1302563045
2358.636298 1361.887527 1302563047
2387.433458 1361.665305 1302563050
2412.424096 1362.220860 1302563053
2434.187466 1362.998637 1302563056
2456.778341 1363.998636 1302563060
2478.293460 1364.998635 1302563077
2501.960091 1366.443078 1302563083
2524.716467 1366.554189 1302563086
2552.189619 1366.776411 1302563089
2572.711733 1367.331966 1302563091
2594.557854 1367.443077 1302563093
2616.817727 1367.665299 1302563095
2638.994849 1368.109743 1302563097
2661.337473 1368.220854 1302563099
2683.431845 1368.443076 1302563101
2705.774469 1368.998631 1302563103
2728.365344 1369.109742 1302563105
2751.121720 1368.998631 1302563107
2773.795345 1368.887520 1302563109
2796.468971 1368.776409 1302563111
2819.059846 1369.443075 1302563113
2841.816222 1369.887519 1302563115
2864.572597 1370.554185 1302563117
2887.163472 1371.443073 1302563119
2910.002599 1372.109739 1302563121
2933.338228 1372.554183 1302563123
2957.004859 1372.443072 1302563125
2980.836991 1371.887517 1302563127
3004.255370 1371.887517 1302563129
3027.342748 1372.998627 1302563131
3049.768122 1373.554182 1302563133
3071.365991 1373.331960 1302563135
3092.136356 1373.887515 1302563137
3112.658470 1374.665292 1302563139
3142.614136 1375.443069 1302563142
3172.321550 1376.443068 1302563145
3201.201460 1377.554178 1302563148
3226.936852 1377.109734 1302563151
3251.513738 1375.220847 1302563155
3271.622099 1373.109738 1302563163
3293.633721 1378.220844 1302563181
3308.363303 1362.776415 1302563194
3310.845816 1335.887553 1302563199
3311.011317 1308.443136 1302563202
3311.011317 1287.220935 1302563204
3311.094068 1265.776512 1302563206
3311.094068 1244.109867 1302563208
3311.094068 1222.776555 1302563210
3311.176818 1202.665464 1302563212
3310.680315 1175.776602 1302563215
3310.183813 1151.109960 1302563219
3309.935561 1130.554425 1302563236
3311.342319 1103.332230 1302563240
3313.659332 1072.443372 1302563243
3314.735088 1047.887841 1302563245
3315.479842 1021.110090 1302563247
3316.224596 994.110117 1302563249
3317.134851 967.221255 1302563251
3318.210607 941.221281 1302563253
3320.113868 916.776861 1302563255
3321.437875 894.665772 1302563257
3321.934378 870.888018 1302563260
3324.416891 849.888039 1302563269
3346.097511 846.110265 1302563276
3373.405162 848.443596 1302563280
3396.078788 851.110260 1302563283
3416.931903 853.554702 1302563287
