3823.153900 2100.442344 1302563980
3834.076961 2076.997923 1302564001
3838.710987 2047.664619 1302564004
3840.200495 2027.442417 1302564006
3842.683009 1999.775778 1302564009
3839.703992 1977.886911 1302564012
3831.594447 1957.331376 1302564017
3808.672570 1951.220271 1302564020
3781.530420 1950.775827 1302564023
3761.504809 1949.775828 1302564025
3732.542149 1948.664718 1302564028
3712.516538 1944.109167 1302564030
3692.573678 1941.886947 1302564032
3671.555062 1939.109172 1302564034
3642.592402 1937.664729 1302564037
3621.904787 1935.664731 1302564039
3601.134422 1934.664732 1302564041
3580.446808 1934.331399 1302564043
3559.428192 1934.331399 1302564045
3537.995823 1933.998066 1302564047
3515.735950 1932.998067 1302564049
3492.234820 1930.886958 1302564051
3468.650939 1930.553625 1302564053
3444.653307 1931.109180 1302564055
3422.889936 1930.442514 1302564057
3401.292067 1928.331405 1302564059
3379.776948 1926.553629 1302564061
3358.592830 1925.442519 1302564063
3338.567220 1924.331409 1302564065
3310.101062 1923.664743 1302564068
3282.876162 1923.442521 1302564071
3256.975268 1923.331410 1302564074
3230.991625 1924.775853 1302564077
3203.601223 1923.775854 1302564080
3175.466067 1923.442521 1302564083
3150.144427 1923.442521 1302564086
3126.477796 1922.886966 1302564090
3102.562914 1920.998079 1302564100
3082.123551 1919.220303 1302564103
3060.608432 1916.886972 1302564106
3036.859051 1914.998085 1302564110
3016.088686 1914.331419 1302564120
2990.022291 1913.553642 1302564124
2963.128393 1912.553643 1302564127
2934.827736 1911.664755 1302564130
2905.451324 1910.664756 1302564133
2885.342962 1910.442534 1302564135
2864.738098 1910.442534 1302564137
2843.967733 1910.442534 1302564139
2823.031868 1910.442534 1302564141
2802.261503 1909.331424 1302564143
2781.077386 1909.331424 1302564145
2760.638022 1909.109202 1302564147
2732.254615 1908.442536 1302564150
2709.167238 1908.553647 1302564154
2683.349095 1908.886980 1302564161
2657.448202 1907.998092 1302564164
2636.760587 1907.553648 1302564166
2615.245468 1907.664759 1302564168
2593.399347 1907.664759 1302564170
2572.049729 1907.553648 1302564172
2544.162825 1907.220315 1302564175
2522.895957 1906.998093 1302564178
2502.622095 1905.220317 1302564182
2474.983442 1903.442541 1302564186
2447.924042 1901.998098 1302564189
2418.299379 1902.775875 1302564192
2396.949760 1902.220320 1302564194
2374.938139 1901.664765 1302564196
2353.340269 1901.331432 1302564198
2325.867117 1901.331432 1302564201
2303.276242 1900.775877 1302564205
2280.354365 1900.998099 1302564212
2255.198226 1899.886989 1302564215
2234.262360 1899.109212 1302564217
2212.829992 1898.109213 1302564219
2190.818370 1897.998102 1302564221
2169.717003 1897.331436 1302564223
2149.691393 1896.664770 1302564225
2125.528259 1895.775882 1302564228
2104.675144 1895.109216 1302564232
2080.512010 1893.442551 1302564256
2058.169386 1891.998108 1302564259
2029.537728 1892.442552 1302564262
2001.816324 1892.775885 1302564265
1975.418928 1892.664774 1302564269
1952.248800 1891.442553 1302564272
1928.664920 1890.775887 1302564275
1904.501786 1890.220332 1302564279
1884.476175 1888.998111 1302564287
1856.258269 1887.331446 1302564291
1828.123114 1886.775891 1302564294
1797.836446 1886.331447 1302564297
1777.728085 1885.998114 1302564299
1749.013676 1885.109226 1302564302
1726.174550 1884.109227 1302564305
1700.273656 1884.553671 1302564309
1680.165295 1876.775901 1302564313
1678.593036 1854.887034 1302564317
1679.834293 1831.887057 1302564320
1681.158301 1804.220418 1302564323
1681.654803 1784.109327 1302564325
1681.985805 1763.331570 1302564327
1682.399557 1741.664925 1302564329
1682.730559 1719.331614 1302564331
1683.061561 1696.442748 1302564333
1683.227062 1672.998327 1302564335
1683.475313 1650.553905 1302564337
1684.054567 1625.887263 1302564340
