3321.106873 602.888286 1302625231
3304.970534 587.443857 1302625250
3281.221152 585.443859 1302625253
3260.781789 584.999415 1302625255
3239.928674 584.666082 1302625257
3212.207271 584.666082 1302625260
3190.609401 583.777194 1302625263
3164.708508 582.999417 1302625267
3137.649108 582.332751 1302625270
3116.878743 581.888307 1302625272
3088.495336 581.443863 1302625275
3065.821711 581.332752 1302625279
3042.237830 581.221641 1302625283
3015.012930 580.777197 1302625286
2993.332310 580.332753 1302625288
2971.651690 579.777198 1302625290
2949.888319 579.332754 1302625292
2929.531707 578.777199 1302625294
2901.313801 577.999422 1302625297
2874.585403 577.110534 1302625300
2846.119245 576.332757 1302625303
2825.100629 575.777202 1302625305
2804.495765 575.221647 1302625307
2775.367604 574.443870 1302625310
2745.825690 573.666093 1302625313
2723.896819 573.221649 1302625315
2701.719696 572.777205 1302625317
2673.088038 572.554983 1302625320
2650.828165 572.332761 1302625323
2625.589275 572.332761 1302625327
2605.067162 571.666095 1302625332
2582.559037 570.999429 1302625357
2557.485649 570.110541 1302625360
2537.046285 569.666097 1302625362
2515.613917 569.221653 1302625364
2493.023042 568.332765 1302625366
2468.777158 567.888321 1302625368
2444.614024 567.443877 1302625370
2423.926410 566.999433 1302625372
2395.791254 566.443878 1302625375
2366.663093 566.110545 1302625378
2340.762200 565.443879 1302625381
2317.095569 565.110546 1302625384
2289.043163 564.443880 1302625387
2267.941797 564.221658 1302625389
2239.392889 563.443881 1302625392
2216.802014 562.888326 1302625395
2195.948898 562.110549 1302625399
2175.923288 561.554994 1302625425
2151.346402 561.110550 1302625429
2125.528259 560.332773 1302625432
2097.393103 558.999441 1302625435
2068.844195 558.443886 1302625438
2046.087819 557.888331 1302625441
2022.586689 556.999443 1302625444
1996.768547 556.443888 1302625447
1973.763919 555.999444 1302625450
1949.849037 555.221667 1302625453
1926.844410 554.443890 1302625456
1901.936522 552.999447 1302625460
1879.180146 552.221670 1302625463
1853.279253 552.110559 1302625466
1825.226848 551.666115 1302625469
1802.387721 551.555004 1302625472
1781.286354 551.332782 1302625485
1759.274733 550.777227 1302625490
1732.877337 550.777227 1302625494
1705.321434 551.332782 1302625497
1684.964822 551.110560 1302625499
1664.939211 550.555005 1302625501
1642.017334 550.221672 1302625504
1621.908973 550.443894 1302625507
1597.414837 550.888338 1302625510
1576.644472 551.332782 1302625512
1554.053597 551.555004 1302625514
1526.663196 551.999448 1302625517
1509.947603 562.999437 1302625521
1510.030354 589.110522 1302625525
1509.782102 616.777161 1302625528
1509.202849 644.888244 1302625531
1508.540846 668.554887 1302625534
1507.630591 693.110418 1302625537
1506.803086 715.888173 1302625540
1506.223833 743.777034 1302625543
1506.306583 772.110339 1302625546
1506.058332 792.554763 1302625550
1492.156255 809.888079 1302625561
1470.641136 808.999191 1302625564
1447.140006 809.221413 1302625567
1425.955889 808.888080 1302625570
1403.530515 808.776969 1302625573
1381.187891 808.776969 1302625576
1355.700750 809.443635 1302625580
1333.937380 809.888079 1302625590
1313.001514 811.776966 1302625600
1287.431622 816.332517 1302625613
1261.778980 814.888074 1302625616
1240.015610 813.221409 1302625618
1214.776720 812.665854 1302625620
1189.951583 812.554743 1302625622
1167.360708 812.776965 1302625624
1140.632310 812.999187 1302625627
1120.358448 813.443631 1302625632
1114.731417 837.332496 1302625636
1114.400415 863.554692 1302625639
1114.152164 891.332442 1302625642
1114.565916 920.221302 1302625645
1115.062419 948.665718 1302625648
1114.648666 975.554580 1302625651
1114.152164 1002.332331 1302625654
1114.565916 1026.887862 1302625657
1112.579905 1049.998950 1302625662
1132.026263 1059.443385 1302625677
