3316.059095 595.777182 1302639042
3295.785233 585.554970 1302639051
3274.766617 584.666082 1302639057
3254.575505 581.443863 1302639086
3231.239876 582.888306 1302639098
3207.904247 581.332752 1302639103
3183.244610 580.110531 1302639107
3162.474245 578.999421 1302639110
3141.703881 578.443866 1302639113
3117.209745 577.443867 1302639117
3096.604881 576.554979 1302639127
3074.924261 576.110535 1302639147
3048.692366 575.777202 1302639150
3026.101491 575.110536 1302639152
3001.524605 574.443870 1302639154
2977.692473 574.110537 1302639156
2955.018848 574.332759 1302639158
2933.089976 574.332759 1302639160
2910.830103 573.888315 1302639162
2888.239228 573.666093 1302639164
2864.407097 573.332760 1302639166
2839.830211 572.888316 1302639168
2814.591321 572.443872 1302639170
2788.773178 571.888317 1302639172
2762.706784 570.888318 1302639174
2736.474889 569.666097 1302639176
2710.077493 569.554986 1302639178
2685.583357 568.999431 1302639180
2664.730242 568.221654 1302639182
2639.905105 567.221655 1302639185
2616.983228 566.999433 1302639213
2593.482098 567.221655 1302639221
2568.408709 565.777212 1302639225
2548.134847 564.999435 1302639228
2527.116231 565.110546 1302639231
2498.153570 565.332768 1302639234
2474.404189 565.110546 1302639236
2447.924042 565.110546 1302639238
2420.037138 564.888324 1302639240
2391.405480 564.332769 1302639242
2362.029067 564.110547 1302639244
2331.990651 563.554992 1302639246
2301.207481 562.666104 1302639248
2270.341560 562.332771 1302639250
2239.475639 561.777216 1302639252
2209.271722 560.554995 1302639254
2180.474563 559.999440 1302639256
2152.753159 559.554996 1302639258
2124.783505 559.110552 1302639260
2096.317347 558.777219 1302639262
2068.099441 558.777219 1302639264
2039.385032 557.999442 1302639266
2010.422372 557.110554 1302639268
1981.294211 556.332777 1302639270
1952.331551 555.555000 1302639272
1925.023900 554.999445 1302639274
1899.702260 554.332779 1302639276
1875.704627 553.777224 1302639278
1855.513515 553.443891 1302639280
1833.750145 552.999447 1302639283
1810.497266 553.332780 1302639301
1790.471655 553.110558 1302639304
1762.336500 552.777225 1302639307
1741.648885 552.555003 1302639309
1720.051016 552.221670 1302639311
1697.294640 551.999448 1302639313
1672.966005 552.443892 1302639315
1647.313363 552.666114 1302639317
1621.164219 552.999447 1302639319
1595.097824 553.443891 1302639321
1570.851940 553.999446 1302639323
1544.371794 555.110556 1302639326
1521.698168 555.888333 1302639353
1511.106110 575.554980 1302639358
1510.857858 598.443846 1302639361
1510.857858 618.443826 1302639363
1510.278605 640.332693 1302639365
1509.616602 662.999337 1302639367
1509.451101 685.888203 1302639369
1508.789097 706.999293 1302639371
1508.127093 728.221494 1302639373
1507.547840 748.332585 1302639375
1507.465090 774.777003 1302639378
1507.134088 795.999204 1302639383
1491.825253 811.999188 1302639394
1465.676108 809.443635 1302639398
1443.085233 807.554748 1302639401
1418.011845 806.110305 1302639404
1393.021206 805.554750 1302639407
1368.444321 805.776972 1302639410
1345.274192 806.888082 1302639413
1322.766068 809.110302 1302639417
1301.995703 808.776969 1302639443
1280.977087 805.443639 1302639447
1258.386212 802.110309 1302639450
1231.906065 802.554753 1302639453
1203.108906 802.443642 1302639456
1174.725499 801.110310 1302639459
1148.824606 798.999201 1302639462
1127.143986 799.888089 1302639467
1114.483166 819.554736 1302639473
1113.655661 844.999155 1302639477
1114.483166 869.776908 1302639480
1114.483166 896.554659 1302639483
1114.896918 923.665743 1302639486
1115.310670 951.221271 1302639489
1115.558922 978.665688 1302639492
1115.807173 1003.110108 1302639495
1116.138175 1024.443420 1302639498
1116.965679 1046.443398 1302639502
1133.846773 1058.998941 1302639522
