1741.648885 829.110282 1302122879
1720.464768 830.665836 1302122888
1694.729376 830.554725 1302122891
1674.455513 828.776949 1302122893
1653.188646 827.776950 1302122895
1631.839028 827.221395 1302122897
1610.820411 826.221396 1302122899
1590.132797 825.443619 1302122901
1560.921885 824.999175 1302122904
1538.413761 824.776953 1302122907
1516.236638 821.554734 1302122915
1493.149260 818.888070 1302122919
1467.662119 818.665848 1302122922
1443.581736 821.221401 1302122925
1414.619076 824.221398 1302122928
1387.228674 828.221394 1302122931
1361.907034 830.554725 1302122934
1337.826651 834.110277 1302122938
1316.973536 838.776939 1302122947
1303.898963 853.999146 1302122956
1299.016686 876.665790 1302122963
1282.714846 889.332444 1302122978
1267.075010 874.443570 1302122989
1254.910692 893.554662 1302123000
1250.855920 915.999084 1302123008
1260.123971 937.554618 1302123012
1265.999254 972.999027 1302123016
1269.805775 996.554559 1302123018
1279.073826 1018.332315 1302123024
1300.340694 1048.443396 1302123029
1321.111059 1060.554495 1302123032
1345.108691 1067.554488 1302123035
1370.678583 1071.998928 1302123038
1396.579476 1074.665592 1302123041
1422.811371 1078.221144 1302123044
1448.050261 1079.554476 1302123047
1469.482629 1083.998916 1302123051
1488.266983 1076.443368 1302123063
1490.501246 1053.554502 1302123066
1492.487257 1025.221197 1302123069
1494.059515 1004.332329 1302123071
1495.052521 982.887906 1302123073
1496.211027 961.221261 1302123075
1496.873031 939.443505 1302123077
1497.700536 918.554637 1302123079
1498.859042 889.332444 1302123082
1500.183049 862.554693 1302123085
1503.162066 841.554714 1302123088
1502.169060 820.332513 1302123094
1503.162066 798.332535 1302123097
1505.644580 769.332564 1302123100
1508.292594 748.665918 1302123102
1511.271611 727.888161 1302123104
1514.995381 707.554848 1302123106
1516.898642 687.332646 1302123108
1516.898642 657.888231 1302123111
1517.726146 632.777145 1302123114
1512.843869 612.443832 1302123122
1508.209844 588.777189 1302123133
1509.533851 568.221654 1302123137
1523.104926 548.555007 1302123142
1546.688807 548.443896 1302123145
1573.334454 548.221674 1302123148
1601.221358 547.332786 1302123151
1626.377497 546.332787 1302123154
1647.065112 546.332787 1302123157
1667.421725 546.110565 1302123161
1690.012600 542.999457 1302123175
1711.693219 543.443901 1302123178
1731.718830 543.999456 1302123180
1754.806208 544.555011 1302123182
1779.300343 545.332788 1302123184
1804.042730 546.332787 1302123186
1829.116119 547.332786 1302123188
1854.603260 548.443896 1302123190
1880.173152 549.110562 1302123192
1905.329291 550.221672 1302123194
1930.154428 550.555005 1302123196
1954.731314 551.443893 1302123198
1978.977198 552.332781 1302123200
2002.230077 552.777225 1302123202
2024.241699 552.999447 1302123204
2045.260315 553.221669 1302123206
2072.898968 553.110558 1302123209
2093.090079 553.110558 1302123212
2111.874433 566.554989 1302123233
2136.285818 566.554989 1302123236
2157.635436 566.443878 1302123238
2181.715820 565.554990 1302123240
2206.623708 565.666101 1302123242
2230.869592 565.443879 1302123244
2254.536223 564.999435 1302123246
2277.458099 564.554991 1302123248
2301.207481 564.554991 1302123250
2325.536115 564.666102 1302123252
2350.113001 564.554991 1302123254
2375.020889 564.888324 1302123256
2400.839032 565.554990 1302123258
2427.401929 565.777212 1302123260
2454.461329 566.221656 1302123262
2481.520728 566.443878 1302123264
2508.580128 566.443878 1302123266
2535.391276 566.666100 1302123268
2561.043918 566.888322 1302123270
2585.455303 566.777211 1302123272
2608.873683 566.777211 1302123274
2631.216306 566.666100 1302123276
2653.393429 566.332767 1302123278
2675.818803 566.332767 1302123280
2698.575179 566.888322 1302123282
2720.669551 567.666099 1302123284
2742.184670 568.443876 1302123286
2763.782540 571.888317 1302123288
2786.373415 572.554983 1302123290
2808.302286 571.999428 1302123292
2829.320902 571.666095 1302123294
2858.697315 571.888317 1302123297
2885.756715 572.443872 1302123300
2906.278828 572.443872 1302123304
