3803.707543 1965.109146 1302648047
3820.919638 1953.998046 1302648059
3803.211040 1938.553617 1302648067
3779.709910 1940.553615 1302648069
3754.305520 1942.775835 1302648072
3731.052641 1941.442503 1302648091
3706.558505 1936.331397 1302648095
3682.726374 1934.442510 1302648098
3656.659979 1932.331401 1302648101
3630.759086 1930.775847 1302648104
3608.664714 1930.331403 1302648109
3581.936316 1930.109181 1302648115
3553.221907 1929.775848 1302648118
3530.300030 1929.998070 1302648120
3505.971396 1930.442514 1302648122
3481.725512 1929.109182 1302648124
3458.307132 1927.998072 1302648126
3434.226749 1926.775851 1302648128
3409.070610 1925.886963 1302648130
3383.997221 1924.998075 1302648132
3359.503085 1924.331409 1302648134
3336.332957 1923.220299 1302648136
3315.479842 1922.886966 1302648138
3295.040479 1922.553633 1302648140
3274.021863 1922.220300 1302648142
3252.175742 1922.553633 1302648144
3229.336615 1921.775856 1302648146
3207.573245 1921.220301 1302648148
3187.133882 1920.664746 1302648150
3162.060493 1919.664747 1302648153
3139.221367 1919.109192 1302648157
3117.457996 1918.442526 1302648166
3093.129362 1918.886970 1302648171
3066.566465 1919.331414 1302648175
3042.734333 1917.553638 1302648179
3022.046719 1914.664752 1302648186
3001.193603 1913.998086 1302648191
2977.775224 1913.331420 1302648194
2955.598101 1912.886976 1302648197
2935.572490 1912.886976 1302648203
2915.215878 1912.331421 1302648219
2889.811487 1911.442533 1302648222
2869.537625 1911.220311 1302648224
2848.188007 1910.775867 1302648226
2826.672888 1910.664756 1302648228
2805.075018 1910.109201 1302648230
2783.477149 1910.331423 1302648232
2762.458533 1909.998090 1302648234
2734.406127 1909.109202 1302648237
2710.408495 1908.775869 1302648241
2687.652119 1906.998093 1302648253
2662.992482 1906.442538 1302648256
2642.387618 1905.775872 1302648258
2621.038000 1905.553650 1302648260
2600.598637 1904.998095 1302648262
2571.801478 1903.886985 1302648265
2546.810839 1903.553652 1302648268
2521.985702 1902.998097 1302648272
2495.588306 1902.220320 1302648276
2472.418178 1902.220320 1302648279
2447.013787 1902.220320 1302648282
2417.802876 1901.998098 1302648285
2397.446263 1901.442543 1302648287
2377.006900 1900.775877 1302648289
2356.981289 1900.109211 1302648291
2330.832145 1899.886989 1302648294
2309.482527 1899.775878 1302648299
2283.995386 1898.664768 1302648316
2261.487261 1898.331435 1302648319
2235.669118 1897.331436 1302648322
2207.699463 1896.775881 1302648325
2178.654053 1896.109215 1302648328
2149.774143 1895.331438 1302648331
2126.190263 1894.998105 1302648334
2103.847639 1894.553661 1302648339
2078.029496 1893.442551 1302648367
2054.280115 1892.886996 1302648371
2034.171753 1892.775885 1302648394
2014.063392 1892.109219 1302648398
1990.231260 1891.331442 1302648401
1965.488873 1890.664776 1302648404
1945.380512 1890.553665 1302648407
1923.865393 1889.998110 1302648411
1901.771021 1889.886999 1302648418
1879.593898 1889.775888 1302648426
1854.520510 1889.109222 1302648429
1824.895846 1888.442556 1302648432
1804.208231 1887.887001 1302648434
1784.017120 1887.664779 1302648436
1758.198977 1886.887002 1302648439
1733.622091 1886.553669 1302648443
1712.768975 1885.887003 1302648461
1688.936844 1881.998118 1302648467
1681.654803 1862.220360 1302648471
1682.234056 1840.664826 1302648474
1683.144312 1820.664846 1302648476
1683.723565 1798.775979 1302648478
1683.971816 1777.664889 1302648480
1684.468319 1749.998250 1302648483
1684.799321 1729.664937 1302648486
1684.799321 1706.887182 1302648493
1685.378574 1683.331650 1302648497
1685.792326 1658.776119 1302648500
1686.619831 1631.887257 1302648503
1687.695587 1602.776175 1302648506
1688.109339 1582.553973 1302648508
1688.605842 1552.998447 1302648511
1689.185095 1532.887356 1302648513
1690.178100 1512.109599 1302648515
1689.764348 1483.220739 1302648518
1689.598847 1453.220769 1302648521
1689.185095 1432.665234 1302648523
1688.854093 1412.220810 1302648525
1689.598847 1385.998614 1302648528
1684.882071 1365.776412 1302648532
1664.359958 1358.331975 1302648536
1641.603582 1350.220872 1302648539
1612.723672 1347.443097 1302648542
1592.698061 1346.776431 1302648544
