1739.580124 553.443891 1302704734
1719.554513 553.888335 1302704745
1691.502108 553.888335 1302704748
1668.166479 553.443891 1302704750
1642.182835 553.332780 1302704752
1614.709683 553.221669 1302704754
1587.319281 553.777224 1302704756
1561.335638 553.999446 1302704758
1539.655018 554.332779 1302704760
1518.388150 554.888334 1302704763
1507.630591 577.332756 1302704768
1506.637585 602.332731 1302704772
1507.547840 629.554926 1302704775
1507.878842 652.666014 1302704777
1507.713341 677.443767 1302704779
1507.216838 701.110410 1302704781
1506.803086 724.221498 1302704783
1505.975581 746.665920 1302704785
1504.403323 773.999226 1302704788
1503.824069 794.110317 1302704792
1498.279789 813.554742 1302704809
1476.847420 816.332517 1302704814
1454.422046 813.332520 1302704817
1426.700643 811.554744 1302704820
1399.723994 812.332521 1302704823
1373.740350 811.554744 1302704826
1349.908218 810.999189 1302704829
1326.407088 812.554743 1302704833
1305.553973 813.999186 1302704860
1288.010876 795.332538 1302704864
1277.915320 775.554780 1302704866
1261.778980 746.221476 1302704868
1242.580874 719.443725 1302704870
1220.321001 715.999284 1302704872
1197.978377 717.777060 1302704874
1176.711510 719.888169 1302704876
1149.321108 722.221500 1302704879
1128.881745 729.999270 1302704883
1111.752400 741.999258 1302704891
1111.421399 766.443678 1302704894
1111.338648 789.888099 1302704896
1111.835151 812.221410 1302704898
1113.241909 848.665818 1302704908
1110.262892 870.221352 1302704913
1108.442382 893.332440 1302704918
1106.787373 916.999083 1302704923
1107.366626 943.554612 1302704925
1108.525133 972.776805 1302704927
1109.104386 994.221228 1302704929
1109.021635 1017.332316 1302704933
1114.896918 1040.443404 1302704943
1133.515771 1051.998948 1302704947
1153.872383 1055.554500 1302704973
1174.477247 1057.221165 1302704976
1203.108906 1059.887829 1302704979
1231.575063 1061.998938 1302704982
1258.055210 1060.554495 1302704985
1280.646085 1064.110047 1302704989
1302.326705 1065.332268 1302705005
1325.993336 1065.887823 1302705008
1354.707745 1066.665600 1302705011
1383.339403 1066.665600 1302705014
1411.143557 1066.443378 1302705017
1435.720443 1067.665599 1302705020
1459.552575 1068.443376 1302705035
1481.729697 1068.998931 1302705040
1493.811264 1049.110062 1302705047
1493.976765 1023.887865 1302705050
1494.556018 1003.554552 1302705052
1495.052521 980.665686 1302705054
1495.549024 956.332377 1302705056
1495.880026 932.443512 1302705058
1495.880026 908.776869 1302705060
1496.542029 885.554670 1302705062
1497.038532 863.554692 1302705064
1497.369534 835.999164 1302705067
1497.700536 814.110297 1302705075
1498.610791 789.665877 1302705079
1499.438295 758.443686 1302705082
1499.355545 733.888155 1302705084
1499.603796 708.443736 1302705086
1500.348550 682.888206 1302705088
1500.183049 657.110454 1302705090
1500.183049 631.999368 1302705092
1500.348550 608.777169 1302705094
1500.845053 581.221641 1302705097
1501.589807 558.666108 1302705125
1506.306583 537.332796 1302705130
1530.717968 532.999467 1302705134
1559.763379 533.666133 1302705137
1580.119992 534.332799 1302705139
1608.751650 535.221687 1302705142
1630.763272 535.777242 1302705145
1650.871633 535.888353 1302705152
1673.876260 536.666130 1302705165
1699.528902 536.888352 1302705168
1719.554513 537.443907 1302705170
1741.731636 537.888351 1302705172
1765.481017 538.666128 1302705174
1790.140653 539.443905 1302705176
1815.710545 539.999460 1302705178
1841.445937 540.332793 1302705180
1867.429581 540.666126 1302705182
1893.247724 540.555015 1302705184
1918.652114 540.777237 1302705186
1943.477252 540.999459 1302705188
1968.385140 541.443903 1302705190
1994.286033 541.666125 1302705192
2021.676434 542.110569 1302705194
2049.563339 542.443902 1302705196
2077.781245 543.777234 1302705198
2105.750899 544.888344 1302705200
2133.472303 545.777232 1302705202
2161.441958 546.888342 1302705204
2189.577113 547.332786 1302705206
2217.298517 547.666119 1302705208
2244.606168 548.332785 1302705210
2271.334566 548.999451 1302705212
2297.814712 550.555005 1302705214
2323.881106 551.999448 1302705216
2349.037245 552.777225 1302705218
