2137.527075 568.999431 1302707064
2110.633176 568.221654 1302707068
2090.442065 567.554988 1302707070
2066.940935 567.110544 1302707072
2040.874541 566.443878 1302707074
2012.904886 566.110545 1302707076
1984.273227 565.888323 1302707078
1956.055321 565.332768 1302707080
1927.837415 564.554991 1302707082
1899.785010 563.777214 1302707084
1872.477359 563.221659 1302707086
1846.079963 562.666104 1302707088
1822.578833 562.110549 1302707090
1794.940180 561.554994 1302707093
1774.749068 560.666106 1302707097
1754.061454 560.554995 1302707112
1729.484568 560.110551 1302707115
1708.465952 559.888329 1302707117
1684.799321 559.777218 1302707119
1659.643181 559.777218 1302707121
1633.990540 559.332774 1302707123
1608.006896 559.443885 1302707125
1582.437004 559.443885 1302707127
1557.942869 560.221662 1302707129
1537.751757 560.777217 1302707131
1517.312394 563.221659 1302707134
1508.458095 584.110527 1302707138
1509.533851 608.443836 1302707141
1509.699352 629.554926 1302707143
1509.202849 653.666013 1302707145
1508.623596 679.888209 1302707147
1508.209844 706.665960 1302707149
1507.713341 732.665934 1302707151
1507.216838 757.443687 1302707153
1506.803086 778.443666 1302707155
1507.051337 800.110311 1302707158
1497.286783 821.221401 1302707170
1473.289151 822.443622 1302707173
1452.684287 822.332511 1302707175
1431.831171 821.776956 1302707177
1404.937272 820.999179 1302707180
1379.781133 820.888068 1302707183
1353.300987 820.888068 1302707186
1329.303354 821.443623 1302707189
1309.029492 820.110291 1302707199
1287.597123 818.776959 1302707203
1259.461968 816.999183 1302707206
1236.126339 816.443628 1302707208
1212.128706 815.776962 1302707210
1188.958578 815.110296 1302707212
1167.360708 814.554741 1302707214
1141.377064 814.554741 1302707217
1120.937701 815.554740 1302707222
1112.497155 837.110274 1302707227
1111.504149 861.776916 1302707230
1110.842145 882.221340 1302707232
1109.766389 903.665763 1302707234
1109.600889 925.999074 1302707236
1110.014641 946.443498 1302707238
1110.180142 966.665700 1302707240
1109.518138 994.554561 1302707243
1109.021635 1021.887867 1302707246
1110.014641 1045.443399 1302707250
1112.414404 1065.887823 1302707258
1132.109013 1070.887818 1302707265
1151.886372 1067.554488 1302707281
1174.642748 1067.443377 1302707284
1194.833860 1067.665599 1302707286
1216.348979 1068.110043 1302707288
1237.615847 1069.110042 1302707290
1258.220711 1069.998930 1302707292
1278.494573 1070.443374 1302707294
1299.595940 1069.998930 1302707296
1322.104064 1069.887819 1302707298
1344.777690 1069.776708 1302707300
1366.292809 1069.665597 1302707302
1392.938456 1069.110042 1302707305
1413.295069 1067.998932 1302707309
1433.568931 1067.998932 1302707328
1456.656309 1068.998931 1302707331
1478.005927 1071.776706 1302707334
1500.596802 1066.887822 1302707344
1502.582813 1041.221181 1302707348
1501.010554 1011.221211 1302707351
1500.927803 988.887900 1302707353
1500.431301 967.332366 1302707355
1498.859042 945.887943 1302707357
1499.603796 922.665744 1302707359
1500.679552 898.776879 1302707361
1501.755308 876.221346 1302707363
1502.334561 849.888039 1302707366
1502.831064 828.554727 1302707372
1505.065326 805.221417 1302707386
1506.058332 781.110330 1302707389
1506.472084 759.777018 1302707391
1506.968587 735.665931 1302707393
1507.713341 711.332622 1302707395
1508.458095 687.221535 1302707397
1509.037348 662.999337 1302707399
1509.202849 639.332694 1302707401
1509.533851 617.888271 1302707403
1509.864853 594.999405 1302707406
