1153.375881 1052.554503 1302709660
1175.304752 1053.887835 1302709663
1205.922421 1055.221167 1302709666
1227.768542 1055.776722 1302709668
1248.456157 1055.998944 1302709670
1272.453789 1054.665612 1302709673
1294.134409 1056.110055 1302709684
1323.262571 1058.665608 1302709688
1343.701934 1059.998940 1302709690
1364.141297 1060.332273 1302709692
1393.434959 1058.776719 1302709695
1423.638876 1059.443385 1302709698
1443.995488 1061.998938 1302709700
1470.475635 1064.665602 1302709703
1491.494251 1065.776712 1302709709
1496.624780 1045.998954 1302709716
1495.880026 1025.332308 1302709719
1496.211027 994.776783 1302709722
1496.955781 971.665695 1302709724
1497.452284 947.999052 1302709726
1497.948787 924.554631 1302709728
1498.114288 900.776877 1302709730
1498.693541 877.888011 1302709732
1499.024543 855.888033 1302709734
1499.603796 831.110280 1302709737
1498.528040 807.776970 1302709746
1499.603796 784.888104 1302709749
1500.265800 763.999236 1302709751
1500.679552 739.999260 1302709753
1501.341556 714.554841 1302709755
1502.003559 688.777089 1302709757
1502.665563 663.221559 1302709759
1503.079315 637.999362 1302709761
1503.244816 613.999386 1302709763
1503.244816 593.666073 1302709765
1503.741319 571.888317 1302709769
1505.561829 547.555008 1302709795
1524.015181 537.777240 1302709799
1549.502322 538.443906 1302709802
1571.100192 538.999461 1302709804
1594.849573 539.110572 1302709806
1618.433454 539.221683 1302709808
1639.948573 539.332794 1302709810
1665.104712 539.332794 1302709813
1685.544075 538.443906 1302709819
1711.610469 538.666128 1302709825
1739.745625 538.888350 1302709828
1762.502001 538.666128 1302709830
1787.823641 539.221683 1302709832
1814.386538 539.888349 1302709834
1841.114935 540.332793 1302709836
1868.919089 540.666126 1302709838
1898.130001 540.999459 1302709840
1927.754665 541.999458 1302709842
1957.213828 542.666124 1302709844
1986.838492 543.221679 1302709846
2016.545906 543.443901 1302709848
2045.839568 543.888345 1302709850
2074.719478 544.443900 1302709852
2103.102885 545.110566 1302709854
2131.403541 545.888343 1302709856
2159.952449 546.443898 1302709858
2189.494363 546.666120 1302709860
2218.870775 547.110564 1302709862
2247.750685 548.110563 1302709864
2276.216843 548.888340 1302709866
2304.931251 549.777228 1302709868
2334.307664 550.443894 1302709870
2364.594331 550.555005 1302709872
2395.543003 550.888338 1302709874
2427.401929 551.332782 1302709876
2459.922859 552.221670 1302709878
2492.692040 553.332780 1302709880
2525.212970 554.332779 1302709882
2557.568399 554.777223 1302709884
2589.427325 555.221667 1302709886
2620.375996 555.777222 1302709888
2649.669659 556.332777 1302709890
2677.225561 556.666110 1302709892
2701.802447 556.888332 1302709894
2722.490061 556.999443 1302709896
2745.411938 557.221665 1302709899
2770.733578 557.777220 1302709903
2797.379226 558.332775 1302709906
2819.225347 558.777219 1302709908
2843.802233 559.332774 1302709910
2869.206623 559.554996 1302709912
2894.031760 559.999440 1302709914
2916.539885 560.221662 1302709916
2943.020031 561.999438 1302709919
2962.631890 565.999434 1302709922
2983.898758 567.221655 1302709949
2996.145825 589.666077 1302709954
2994.904568 616.332717 1302709957
2993.497811 644.999355 1302709960
2992.670306 666.999333 1302709962
2991.925552 689.888199 1302709964
2991.429049 714.443730 1302709966
2991.098047 738.665928 1302709968
2990.684295 761.999238 1302709970
2989.608539 789.332544 1302709973
