1373.492098 812.110299 1303336825
1349.494466 810.443634 1303336839
1326.324338 810.554745 1303336843
1304.560967 808.776969 1303336848
1300.671696 831.888057 1303336871
1303.567962 856.554699 1303336877
1300.588945 880.221342 1303336881
1295.872169 899.665767 1303336884
1288.921131 921.221301 1303336889
1283.956103 943.110168 1303336894
1283.625101 964.665702 1303336897
1285.362861 987.110124 1303336900
1287.928125 1007.887881 1303336903
1286.438617 1029.665637 1303336906
1293.803408 1050.443394 1303336914
1317.470039 1054.221168 1303336920
1344.032935 1053.776724 1303336924
1365.796306 1053.110058 1303336927
1388.056179 1051.887837 1303336930
1412.715815 1058.110053 1303336933
1437.209951 1059.443385 1303336936
1458.145817 1064.332269 1303336940
1479.991938 1070.332263 1303336948
1500.348550 1068.443376 1303336951
1524.842686 1061.998938 1303336954
1549.585073 1056.443388 1303336957
1575.982469 1052.332281 1303336960
1603.455621 1054.110057 1303336963
1629.687516 1056.887832 1303336966
1655.671160 1059.332274 1303336969
1680.082545 1061.110050 1303336972
1701.018410 1071.554484 1303336976
1702.094166 1098.443346 1303336980
1701.514913 1119.998880 1303336982
1700.935660 1143.887745 1303336984
1700.687409 1170.998829 1303336986
1699.942654 1197.109914 1303336988
1698.122144 1220.221002 1303336990
1695.639631 1247.887641 1303336993
1693.074366 1272.220950 1303336997
1690.260851 1298.332035 1303337001
1689.681598 1321.332012 1303337004
1703.087172 1338.554217 1303337009
1725.678047 1337.776440 1303337012
1755.964714 1336.887552 1303337015
1779.548595 1340.665326 1303337017
1806.856246 1344.109767 1303337019
1837.225664 1345.998654 1303337021
1869.415592 1345.776432 1303337023
1901.605520 1345.887543 1303337025
1933.298945 1345.443099 1303337027
1963.999365 1344.998655 1303337029
1993.127526 1345.887543 1303337031
2020.766179 1346.998653 1303337033
2048.322082 1348.331985 1303337035
2075.215981 1349.331984 1303337037
2100.785872 1351.331982 1303337039
2127.597020 1352.220870 1303337041
2155.649426 1352.776425 1303337043
2185.274089 1353.776424 1303337045
2215.560757 1354.665312 1303337047
2245.185421 1355.554200 1303337049
2274.810085 1356.220866 1303337051
2304.600250 1356.887532 1303337053
2334.224913 1357.554198 1303337055
2362.939322 1358.109753 1303337057
2390.329724 1358.776419 1303337059
2416.313368 1359.554196 1303337061
2438.242239 1360.109751 1303337063
2461.164116 1360.998639 1303337066
2481.768980 1361.109750 1303337073
2504.939108 1362.220860 1303337077
2531.419254 1362.887526 1303337080
2561.457671 1364.776413 1303337083
2582.890039 1366.109745 1303337085
2605.729165 1366.554189 1303337087
2630.223301 1367.776410 1303337089
2655.875943 1368.998631 1303337091
2681.942337 1369.665297 1303337093
2709.249988 1370.331963 1303337095
2737.302393 1371.109740 1303337097
2764.692795 1371.443073 1303337099
2791.007440 1371.998628 1303337101
2816.908334 1372.887516 1303337103
2842.974728 1373.443071 1303337105
2868.958372 1374.109737 1303337107
2894.031760 1374.776403 1303337109
2918.939648 1375.220847 1303337111
2944.592290 1375.998624 1303337113
2971.320688 1376.554179 1303337115
2997.304332 1376.665290 1303337117
3022.129469 1376.998623 1303337119
3045.878850 1377.220845 1303337121
3068.800727 1376.998623 1303337123
3091.722604 1377.443067 1303337125
3115.968488 1378.220844 1303337127
3142.034882 1379.887509 1303337129
3168.266778 1380.443064 1303337131
3194.084920 1382.331951 1303337133
3217.420549 1382.109729 1303337135
3245.390204 1376.220846 1303337138
3266.408820 1372.554183 1303337142
