3001.028102 581.443863 1302721380
2975.706462 579.666087 1302721391
2953.115587 578.110533 1302721394
2932.427973 577.999422 1302721397
2912.319612 577.888311 1302721401
2888.073727 577.554978 1302721424
2866.393107 577.221645 1302721427
2839.912961 576.666090 1302721430
2813.101813 576.221646 1302721433
2788.442176 575.999424 1302721436
2766.099553 575.221647 1302721439
2741.274415 574.332759 1302721442
2711.235999 573.888315 1302721445
2690.879387 572.888316 1302721447
2670.853776 571.888317 1302721449
2641.311862 571.110540 1302721452
2614.748965 570.888318 1302721455
2594.557854 570.777207 1302721458
2572.877234 571.110540 1302721471
2547.472843 570.777207 1302721476
2520.496194 570.443874 1302721480
2492.361038 569.443875 1302721483
2470.514917 569.110542 1302721485
2446.434534 568.666098 1302721487
2420.864643 567.777210 1302721489
2394.136245 567.110544 1302721491
2366.745843 566.777211 1302721493
2338.776189 566.554989 1302721495
2311.137536 566.110545 1302721497
2283.995386 565.666101 1302721499
2257.763490 564.888324 1302721501
2231.945348 564.221658 1302721503
2208.195966 563.777214 1302721505
2179.895310 562.999437 1302721508
2159.455947 562.666104 1302721512
2137.278824 563.110548 1302721541
2114.522448 562.443882 1302721544
2084.980535 561.332772 1302721547
2062.058658 560.554995 1302721549
2037.233520 559.888329 1302721551
2011.498128 559.554996 1302721553
1985.679985 559.110552 1302721555
1960.275595 558.777219 1302721557
1934.871204 558.221664 1302721559
1909.715065 557.777220 1302721561
1885.138179 557.221665 1302721563
1860.975045 556.777221 1302721565
1837.473915 556.332777 1302721567
1815.296793 556.221666 1302721569
1788.071892 555.888333 1302721572
1766.639523 555.666111 1302721577
1743.552146 555.332778 1302721603
1717.154750 555.221667 1302721606
1696.632636 554.999445 1302721608
1674.786515 554.555001 1302721610
1652.526642 554.332779 1302721612
1631.259774 554.332779 1302721614
1603.869373 554.666112 1302721617
1580.368243 555.110556 1302721621
1560.011630 555.332778 1302721629
1536.593251 555.221667 1302721633
1512.264616 558.443886 1302721637
1505.479079 579.888309 1302721641
1505.313578 603.554952 1302721644
1505.561829 624.332709 1302721646
1505.561829 648.110463 1302721648
1504.982576 672.777105 1302721650
1504.486073 697.443747 1302721652
1504.072321 721.221501 1302721654
1503.410317 743.888145 1302721656
1503.410317 764.443680 1302721658
1504.237822 786.776991 1302721661
1500.679552 808.554747 1302721679
1478.750681 809.776968 1302721684
1453.263540 808.332525 1302721687
1426.700643 806.888082 1302721690
1398.648238 806.332527 1302721693
1369.271825 806.888082 1302721696
1341.633172 807.554748 1302721699
1318.794046 809.665857 1302721703
1296.368672 806.999193 1302721724
1276.674063 794.554761 1302721728
1249.118160 792.999207 1302721732
1223.713770 793.999206 1302721735
1199.219634 794.776983 1302721738
1176.794260 795.110316 1302721741
1156.106646 795.443649 1302721744
1134.839778 797.110314 1302721749
1114.317665 806.776971 1302721760
1111.586900 828.888060 1302721764
1111.752400 851.443593 1302721767
1111.504149 873.332460 1302721770
1111.255898 894.554661 1302721773
1111.586900 916.554639 1302721776
1113.324659 938.221284 1302721779
1114.814167 963.221259 1302721783
1114.896918 983.443461 1302721786
1114.896918 1008.665658 1302721790
1113.903912 1029.554526 1302721794
1109.352637 1049.998950 1302721807
1126.564732 1060.221162 1302721813
