1140.715061 1058.776719 1302723194
1164.878194 1057.776720 1302723205
1189.206829 1058.776719 1302723209
1211.880454 1058.998941 1302723212
1236.457340 1058.665608 1302723215
1257.310456 1058.443386 1302723218
1280.149582 1058.554497 1302723222
1301.168198 1060.110051 1302723225
1326.076086 1061.665605 1302723228
1352.721734 1062.998937 1302723231
1378.291625 1063.332270 1302723234
1399.061990 1063.110048 1302723237
1419.087601 1063.665603 1302723262
1439.278712 1067.998932 1302723267
1461.621336 1071.665595 1302723271
1482.970954 1071.110040 1302723276
1497.948787 1055.332278 1302723292
1497.286783 1035.110076 1302723296
1498.279789 1010.887878 1302723299
1498.941792 990.332343 1302723301
1499.521046 967.332366 1302723303
1499.852047 943.332390 1302723305
1500.183049 920.554635 1302723307
1500.348550 898.887990 1302723309
1500.679552 878.221344 1302723311
1500.348550 850.665816 1302723314
1499.190044 828.776949 1302723341
1500.348550 803.999196 1302723356
1502.251811 777.332556 1302723360
1502.996565 754.554801 1302723363
1503.989570 728.221494 1302723366
1505.313578 690.665976 1302723370
1505.892831 663.443781 1302723373
1506.223833 637.554918 1302723376
1506.472084 613.777164 1302723379
1506.637585 591.221631 1302723383
1506.885836 568.999431 1302723387
1508.375345 546.332787 1302723391
1529.807713 536.777241 1302723396
1552.646840 537.332796 1302723399
1572.672450 537.777240 1302723401
1593.277314 538.221684 1302723403
1621.660721 538.666128 1302723406
1642.762088 539.110572 1302723409
1666.759721 539.110572 1302723417
1695.556880 539.332794 1302723421
1725.843548 539.332794 1302723424
1747.855170 539.443905 1302723426
1771.439050 539.888349 1302723428
1795.933185 540.555015 1302723430
1819.517066 541.110570 1302723432
1843.018196 541.332792 1302723434
1867.843333 541.888347 1302723436
1893.082223 542.443902 1302723438
1918.403863 543.221679 1302723440
1943.725503 543.888345 1302723442
1969.626396 544.555011 1302723444
1996.106543 545.443899 1302723446
2023.248693 546.332787 1302723448
2050.473594 547.221675 1302723450
2077.698494 547.777230 1302723452
2104.757894 548.443896 1302723454
2132.396547 549.555006 1302723456
2160.945455 550.110561 1302723458
2189.825365 550.443894 1302723460
2217.960520 550.777227 1302723462
2245.516423 551.332782 1302723464
2272.658573 552.221670 1302723466
2300.462727 552.999447 1302723468
2328.349631 553.999446 1302723470
2356.236535 554.332779 1302723472
2384.123439 555.110556 1302723474
2412.010344 555.555000 1302723476
2439.483496 555.999444 1302723478
2466.460145 556.443888 1302723480
2493.271293 557.332776 1302723482
2519.585939 557.999442 1302723484
2545.155830 558.666108 1302723486
2569.649966 559.110552 1302723488
2591.413336 559.554996 1302723490
2617.396980 559.888329 1302723493
2641.725615 560.221662 1302723497
2663.406235 560.443884 1302723505
2684.176599 561.332772 1302723510
2709.415489 561.888327 1302723514
2733.578623 562.666104 1302723517
2759.148514 563.221659 1302723520
2784.470154 563.443881 1302723523
2807.805783 563.777214 1302723526
2830.313908 564.443880 1302723530
2852.739282 566.221656 1302723558
2874.585403 567.110544 1302723564
2896.514274 567.666099 1302723574
2923.739175 567.888321 1302723578
2948.067809 569.443875 1302723581
2968.672673 570.777207 1302723584
2988.450033 577.888311 1302723589
2993.332310 605.110506 1302723593
2992.339304 632.666034 1302723596
2991.842802 659.443785 1302723599
2991.511800 680.888208 1302723614
2989.608539 706.665960 1302723619
2988.863785 735.999264 1302723622
2988.698284 758.777019 1302723624
2988.284532 780.888108 1302723626
2987.457027 801.110310 1302723628
2984.726262 823.999176 1302723631
2995.814823 841.554714 1302723635
3023.453476 839.554716 1302723639
3052.829889 838.443606 1302723642
3076.165518 838.665828 1302723644
3100.576903 838.888050 1302723646
3124.160784 838.665828 1302723648
3146.586158 838.665828 1302723650
3166.777269 838.332495 1302723652
3189.368144 838.554717 1302723655
3209.973008 837.776940 1302723679
3236.701406 838.665828 1302723685
3258.382026 838.888050 1302723688
3278.904140 838.776939 1302723691
3299.095251 839.776938 1302723698
3317.300352 826.665840 1302723718
3315.893594 806.443638 1302723722
3316.307347 785.665881 1302723738
3316.638348 765.443679 1302723741
3317.217602 736.777041 1302723744
3317.631354 714.888174 1302723746
3317.465853 692.665974 1302723748
3317.052101 671.777106 1302723750
3315.893594 642.777135 1302723753
3315.728093 622.666044 1302723756
3315.893594 602.554953 1302723781
