3317.962356 594.777183 1302788637
3302.074268 579.443865 1302788651
3280.890151 579.554976 1302788654
3251.761989 579.888309 1302788657
3231.405377 579.777198 1302788659
3202.028964 580.110531 1302788662
3178.776086 580.443864 1302788665
3158.336723 580.999419 1302788671
3132.518580 581.221641 1302788677
3105.790182 580.888308 1302788680
3084.688815 580.110531 1302788682
3061.766938 579.443865 1302788684
3038.017557 579.221643 1302788686
3014.681928 578.888310 1302788688
2991.263548 578.999421 1302788690
2968.093420 578.666088 1302788692
2944.344039 578.443866 1302788694
2919.767153 578.110533 1302788696
2894.693764 577.777200 1302788698
2869.206623 577.332756 1302788700
2843.471231 576.999423 1302788702
2817.818589 576.443868 1302788704
2792.248697 575.999424 1302788706
2766.347804 575.443869 1302788708
2739.950408 575.110536 1302788710
2713.139260 574.666092 1302788712
2686.245361 574.666092 1302788714
2659.930715 573.888315 1302788716
2636.015833 573.110538 1302788718
2614.914466 572.999427 1302788720
2590.254830 572.888316 1302788723
2569.070713 572.332761 1302788728
2544.493827 570.221652 1302788750
2521.737451 569.888319 1302788753
2494.016047 569.443875 1302788756
2473.411183 569.221653 1302788758
2451.565063 568.554987 1302788760
2428.974188 568.110543 1302788762
2405.804059 567.999432 1302788764
2382.468430 567.554988 1302788766
2358.553548 566.999433 1302788768
2334.473165 566.332767 1302788770
2310.723783 565.777212 1302788772
2287.222653 565.666101 1302788774
2263.721523 565.332768 1302788776
2239.889392 564.666102 1302788778
2215.974509 563.888325 1302788780
2192.473379 563.666103 1302788782
2169.468752 563.110548 1302788784
2146.629626 562.777215 1302788786
2123.956000 562.110549 1302788788
2101.365125 561.554994 1302788790
2078.608749 561.221661 1302788792
2054.114614 560.888328 1302788794
2028.461972 560.110551 1302788796
2002.478328 559.777218 1302788798
1976.660185 559.332774 1302788800
1951.338545 558.888330 1302788802
1926.099656 558.554997 1302788804
1901.357269 558.221664 1302788806
1877.938889 557.888331 1302788808
1856.010018 557.554998 1302788810
1827.543860 557.443887 1302788813
1804.621984 557.221665 1302788816
1784.596373 556.666110 1302788821
1760.598740 556.110555 1302788850
1738.504368 555.999444 1302788853
1713.099977 555.888333 1302788856
1684.716570 555.555000 1302788859
1654.429903 555.110556 1302788862
1633.494037 554.777223 1302788864
1611.234164 554.999445 1302788867
1588.643289 555.110556 1302788872
1565.804162 555.110556 1302788876
1540.648023 556.443888 1302788880
1517.643396 557.999442 1302788898
1509.864853 576.999423 1302788903
1509.782102 599.666067 1302788906
1509.037348 619.666047 1302788908
1508.375345 642.666024 1302788910
1507.878842 667.777110 1302788912
1507.216838 693.777084 1302788914
1506.141082 718.888170 1302788916
1505.644580 742.332591 1302788918
1505.892831 770.777007 1302788921
1505.644580 792.999207 1302788925
1492.735508 812.665854 1302788937
1468.406874 812.888076 1302788941
1448.629514 818.332515 1302788945
1423.059623 821.776956 1302788948
1402.537509 820.221402 1302788950
1373.574849 818.776959 1302788953
1350.487471 818.888070 1302788956
1330.213609 819.443625 1302788961
1310.850002 810.665856 1302788979
1289.914136 813.443631 1302788984
1270.302278 822.443622 1302788987
1248.042404 821.554734 1302788989
1223.713770 819.888069 1302788991
1199.136884 818.110293 1302788993
1177.208013 816.999183 1302788995
1153.624132 816.776961 1302788998
1132.357264 813.443631 1302789006
1122.840962 834.221388 1302789014
1123.502965 855.999144 1302789017
1122.840962 880.554675 1302789020
1122.592710 906.443538 1302789023
1122.592710 933.221289 1302789026
1122.261709 958.110153 1302789029
1122.096208 981.887907 1302789032
1122.840962 1005.665661 1302789035
1123.916718 1028.776749 1302789038
1126.233731 1052.221170 1302789042
