3316.307347 623.554932 1302796810
3316.307347 602.221620 1302796824
3298.019495 587.666079 1302796853
3271.953101 585.888303 1302796856
3250.437982 585.110526 1302796858
3226.026597 584.666082 1302796860
3200.456706 584.888304 1302796862
3176.128071 584.443860 1302796864
3155.854209 583.999416 1302796866
3135.249345 583.221639 1302796869
3113.651475 581.554974 1302796888
3089.240090 581.110530 1302796891
3068.800727 580.888308 1302796893
3048.278614 580.888308 1302796895
3019.481454 581.221641 1302796898
2998.876590 582.666084 1302796912
2971.651690 579.554976 1302796917
2942.027026 578.443866 1302796920
2921.008410 578.110533 1302796922
2899.658792 577.777200 1302796924
2877.398918 577.221645 1302796926
2854.063289 576.888312 1302796928
2829.320902 576.221646 1302796930
2802.592505 575.888313 1302796932
2775.119353 575.554980 1302796934
2746.073942 574.888314 1302796936
2715.042520 574.221648 1302796938
2681.859587 573.777204 1302796940
2648.428402 573.443871 1302796942
2614.335213 573.110538 1302796944
2579.993773 572.554983 1302796946
2545.652333 571.666095 1302796948
2511.724645 570.777207 1302796950
2477.962459 569.999430 1302796952
2444.365773 569.332764 1302796954
2411.100089 568.221654 1302796956
2377.751654 567.332766 1302796958
2344.734222 566.888322 1302796960
2311.799539 566.110545 1302796962
2279.113109 565.332768 1302796964
2246.426678 564.888324 1302796966
2213.905748 563.777214 1302796968
2182.212322 563.110548 1302796970
2152.422158 562.888326 1302796972
2125.114507 562.221660 1302796974
2104.013140 561.666105 1302796976
2079.353503 561.110550 1302796979
2053.369860 560.999439 1302796982
2033.178748 560.777217 1302796984
2010.587873 559.999440 1302796986
1985.928237 559.332774 1302796988
1959.448090 558.443886 1302796990
1931.726687 557.666109 1302796992
1904.336285 557.332776 1302796994
1877.856139 556.888332 1302796996
1853.031001 556.221666 1302796998
1831.184881 555.999444 1302797000
1805.201237 555.777222 1302797003
1784.761874 555.555000 1302797009
1761.674496 554.555001 1302797025
1733.373839 554.443890 1302797028
1709.872709 554.888334 1302797030
1684.385568 555.110556 1302797032
1657.491670 555.332778 1302797034
1629.935767 555.443889 1302797036
1603.041868 555.777222 1302797038
1577.471977 556.221666 1302797040
1554.881102 556.777221 1302797042
1531.959225 558.110553 1302797045
1511.850864 561.888327 1302797061
1507.713341 584.332749 1302797065
1507.713341 610.888278 1302797068
1507.713341 632.888256 1302797070
1507.796091 657.110454 1302797072
1507.630591 682.332651 1302797074
1506.968587 707.554848 1302797076
1506.637585 732.110379 1302797078
1506.720335 753.999246 1302797080
1507.216838 779.554776 1302797083
1507.051337 800.443644 1302797094
1489.425490 811.332522 1302797098
1462.531591 809.443635 1302797101
1441.843977 807.776970 1302797103
1417.267091 807.110304 1302797106
1396.000223 808.221414 1302797109
1371.340587 808.332525 1302797112
1349.080713 809.110302 1302797115
1326.489838 811.888077 1302797119
1305.636723 816.221406 1302797140
1283.707852 825.221397 1302797147
1262.606485 823.665843 1302797149
1238.857104 821.999178 1302797151
1215.273223 820.776957 1302797153
1195.247612 819.332514 1302797155
1169.263969 818.554737 1302797158
1145.431837 817.776960 1302797162
1124.661472 821.221401 1302797168
1119.282692 842.554713 1302797172
1117.875934 867.221355 1302797175
1117.296681 887.554668 1302797177
1116.303676 908.332425 1302797179
1115.558922 928.887960 1302797181
1114.979668 958.443486 1302797184
1114.317665 987.443457 1302797187
1113.821162 1013.443431 1302797190
1113.407410 1036.998963 1302797194
1119.861945 1056.998943 1302797202
1140.301308 1055.998944 1302797208
