2241.792652 561.110550 1302798185
2220.939537 560.666106 1302798187
2198.017660 560.110551 1302798191
2176.502541 558.221664 1302798220
2152.091156 557.554998 1302798224
2130.410536 557.777220 1302798228
2108.398914 557.554998 1302798232
2083.656527 557.110554 1302798238
2062.389660 556.554999 1302798241
2040.626289 556.221666 1302798244
2016.959658 555.777222 1302798247
1996.851297 555.221667 1302798249
1973.846670 554.777223 1302798251
1949.187033 553.777224 1302798253
1924.692898 553.221669 1302798255
1900.943516 552.443892 1302798257
1877.194135 551.666115 1302798259
1852.948251 550.555005 1302798261
1829.612622 549.666117 1302798263
1809.090508 548.999451 1302798265
1786.251382 548.777229 1302798269
1760.681490 548.332785 1302798284
1733.456590 548.666118 1302798287
1712.355223 549.443895 1302798289
1689.516097 549.443895 1302798291
1663.946205 549.332784 1302798293
1638.707316 549.221673 1302798295
1616.033690 549.555006 1302798297
1593.608316 550.221672 1302798299
1571.017441 550.999449 1302798301
1550.578078 551.999448 1302798303
1528.980209 552.888336 1302798306
1508.789097 560.777217 1302798311
1506.720335 585.999414 1302798315
1506.472084 615.554940 1302798318
1506.389334 639.443805 1302798320
1506.223833 665.221557 1302798322
1506.058332 691.888197 1302798324
1505.975581 718.221504 1302798326
1505.975581 742.665924 1302798328
1506.058332 763.665903 1302798330
1506.058332 787.554768 1302798333
1500.100299 808.221414 1302798341
1472.296145 812.332521 1302798345
1451.939532 810.888078 1302798347
1431.003667 809.665857 1302798349
1410.729804 808.888080 1302798351
1383.753155 807.665859 1302798354
1360.748528 807.221415 1302798357
1335.757890 807.776970 1302798361
1315.318527 809.110302 1302798382
1293.058653 805.776972 1302798393
1267.488762 803.443641 1302798397
1243.822131 803.443641 1302798399
1218.996994 804.110307 1302798401
1195.330363 804.221418 1302798403
1174.559998 803.888085 1302798405
1149.072857 803.776974 1302798408
1126.978485 803.776974 1302798412
1112.000652 818.554737 1302798417
1111.090397 841.443603 1302798420
1110.759395 871.554684 1302798423
1111.090397 892.887996 1302798425
1111.007646 914.221308 1302798427
1111.338648 935.665731 1302798429
1112.083402 955.665711 1302798431
1112.993657 982.887906 1302798434
1112.910907 1009.887879 1302798437
1113.407410 1030.665636 1302798440
1110.428393 1051.554504 1302798445
1131.281508 1059.221163 1302798452
1155.030890 1057.554498 1302798472
1178.780271 1058.776719 1302798475
1198.805882 1059.554496 1302798477
1221.231256 1060.443384 1302798479
1244.815137 1061.554494 1302798481
1269.392023 1062.443382 1302798483
1293.968909 1063.554492 1302798485
1318.132042 1064.110047 1302798487
1342.046924 1064.776713 1302798489
1364.968801 1066.332267 1302798491
1385.490915 1066.665600 1302798493
1412.384814 1067.887821 1302798496
1436.216945 1069.887819 1302798499
1458.642320 1070.665596 1302798502
1479.991938 1071.110040 1302798506
1500.017548 1062.221160 1302798512
1501.589807 1035.332298 1302798516
1503.741319 1005.332328 1302798519
1505.065326 981.887907 1302798521
1506.141082 956.554599 1302798523
1506.637585 931.554624 1302798525
1507.216838 906.554649 1302798527
1507.961592 881.221341 1302798529
1508.458095 856.888032 1302798531
1508.954598 829.776948 1302798534
1510.113104 806.888082 1302798542
1510.940609 784.888104 1302798545
1512.016365 754.888134 1302798548
1513.009370 732.110379 1302798550
1514.167877 707.443737 1302798552
1514.416128 681.221541 1302798554
1514.333378 654.666012 1302798556
1514.912631 629.888259 1302798558
1515.657385 606.332727 1302798560
1515.905636 583.332750 1302798563
