3318.955361 599.443845 1302799229
3296.529987 586.110525 1302799241
3268.725833 585.554970 1302799244
3246.052208 584.777193 1302799246
3220.647817 584.443860 1302799248
3192.512662 584.443860 1302799250
3162.722497 584.332749 1302799252
3133.097833 583.443861 1302799254
3104.052422 582.666084 1302799256
3076.248268 581.777196 1302799258
3048.195863 581.332752 1302799260
3020.143458 581.221641 1302799262
2993.249559 580.666086 1302799264
2967.679668 580.221642 1302799266
2943.433784 580.221642 1302799268
2919.187900 580.110531 1302799270
2894.528263 579.777198 1302799272
2869.372124 579.888309 1302799274
2844.133234 580.110531 1302799276
2818.232341 579.221643 1302799278
2791.752195 578.554977 1302799280
2765.106547 577.554978 1302799282
2737.798896 577.221645 1302799284
2711.070498 576.777201 1302799286
2686.990115 576.221646 1302799288
2666.219750 575.666091 1302799290
2640.815360 575.443869 1302799293
2617.065978 575.443869 1302799297
2592.985595 574.332759 1302799323
2571.635977 574.110537 1302799326
2541.349309 573.666093 1302799329
2517.930930 573.110538 1302799331
2494.181548 572.888316 1302799333
2470.266666 572.666094 1302799335
2445.441529 571.777206 1302799337
2420.119889 570.999429 1302799339
2395.129250 570.666096 1302799341
2370.552364 570.443874 1302799343
2345.561726 570.110541 1302799345
2320.240086 569.554986 1302799347
2294.835696 569.221653 1302799349
2270.093309 568.999431 1302799351
2248.081687 568.666098 1302799353
2223.091049 567.888321 1302799356
2197.934909 567.554988 1302799360
2177.909299 567.332766 1302799386
2152.835910 567.110544 1302799391
2131.817294 566.443878 1302799394
2108.067912 565.554990 1302799397
2085.725289 564.777213 1302799400
2063.879168 563.888325 1302799403
2039.136781 563.221659 1302799406
2010.918875 562.888326 1302799409
1989.983009 562.554993 1302799411
1968.467890 561.777216 1302799413
1945.215011 560.999439 1302799415
1921.713881 560.332773 1302799417
1898.874755 559.443885 1302799419
1877.194135 558.999441 1302799421
1856.423770 558.888330 1302799423
1829.695372 558.666108 1302799426
1806.442494 558.666108 1302799429
1786.416883 558.332775 1302799432
1765.894769 558.554997 1302799438
1744.379650 557.332776 1302799451
1717.982254 557.332776 1302799454
1697.211889 557.332776 1302799456
1673.876260 556.999443 1302799458
1649.382125 557.221665 1302799460
1625.715494 557.110554 1302799462
1603.869373 557.443887 1302799464
1575.154964 557.888331 1302799467
1553.308843 557.777220 1302799477
1531.710974 557.554998 1302799481
1508.127093 563.221659 1302799485
1504.817075 588.110523 1302799489
1504.403323 615.332718 1302799492
1503.989570 637.888251 1302799494
1503.658569 663.332670 1302799496
1503.658569 690.443754 1302799498
1502.996565 716.332617 1302799500
1502.169060 739.554816 1302799502
1501.920809 768.110343 1302799505
1502.169060 788.999211 1302799508
1503.327567 809.332524 1302799521
1479.743686 816.443628 1302799528
1453.429041 813.221409 1302799531
1432.410424 810.999189 1302799533
1409.157546 809.110302 1302799535
1386.152918 808.221414 1302799537
1365.299803 808.332525 1302799539
1340.888418 808.665858 1302799542
1317.387288 809.110302 1302799562
1290.989892 806.776971 1302799569
1264.178744 805.221417 1302799572
1242.249872 805.110306 1302799574
1218.583241 804.776973 1302799576
1194.502858 804.554751 1302799578
1171.911983 804.443640 1302799580
1150.976117 804.888084 1302799582
1128.054241 806.110305 1302799585
1110.924896 818.999181 1302799591
1109.352637 841.888047 1302799594
1109.187136 862.332471 1302799596
1108.773384 884.443560 1302799598
1107.945879 906.554649 1302799600
1108.111380 928.554627 1302799602
1107.449377 948.999051 1302799604
1107.697628 978.110133 1302799607
1106.704623 1006.776771 1302799610
1104.718612 1028.887860 1302799613
1101.077591 1048.665618 1302799618
1117.875934 1062.887826 1302799631
1138.480798 1060.221162 1302799653
1158.920161 1060.554495 1302799657
1184.655554 1061.665605 1302799660
1206.005172 1061.998938 1302799662
1229.671803 1062.776715 1302799664
1254.414190 1063.887825 1302799666
1292.644901 1066.332267 1302799669
1319.704301 1067.443377 1302799671
1347.260203 1067.443377 1302799673
1371.588838 1067.776710 1302799675
1398.234485 1068.221154 1302799678
1420.825360 1068.776709 1302799694
1443.747237 1072.332261 1302799698
1464.269351 1073.443371 1302799702
1486.529224 1066.332267 1302799708
1489.425490 1039.110072 1302799712
1490.252994 1010.221212 1302799715
1490.997749 987.110124 1302799717
1492.239005 962.110149 1302799719
1493.645763 936.443508 1302799721
1494.473268 911.776866 1302799723
1495.300772 889.332444 1302799725
1495.549024 861.554694 1302799728
1494.804270 840.776937 1302799733
1498.445290 819.888069 1302799752
1500.679552 799.221423 1302799761
1500.845053 777.110334 1302799764
1501.010554 756.888132 1302799766
1501.589807 732.888156 1302799768
1502.003559 706.221516 1302799770
1502.334561 677.443767 1302799772
1502.417312 648.777129 1302799774
1502.996565 623.888265 1302799776
1503.493068 603.554952 1302799778
1503.906820 583.110528 1302799781
