1134.591527 1060.998939 1302800961
1154.286136 1065.665601 1302800976
1175.884005 1069.221153 1302800979
1198.723132 1071.998928 1302800982
1222.638014 1072.443372 1302800985
1246.139144 1072.443372 1302800988
1266.495757 1071.332262 1302800993
1288.176376 1075.443369 1302801016
1311.677506 1075.887813 1302801019
1341.053919 1077.110034 1302801022
1370.264831 1076.776701 1302801025
1394.014212 1073.887815 1302801028
1414.370825 1070.110041 1302801054
1434.727437 1071.776706 1302801059
1457.152811 1072.887816 1302801064
1477.757675 1071.887817 1302801073
1488.846237 1053.221169 1302801079
1488.184233 1032.776745 1302801084
1488.597985 1008.554547 1302801088
1489.508240 982.887906 1302801091
1490.418495 953.332380 1302801094
1490.997749 932.999067 1302801096
1491.328750 912.221310 1302801098
1491.659752 890.776887 1302801100
1492.404506 869.332464 1302801102
1493.149260 842.332491 1302801105
1494.307767 822.110289 1302801109
1496.045526 800.999199 1302801124
1496.624780 778.665888 1302801127
1497.369534 750.665916 1302801130
1498.031537 729.888159 1302801132
1498.197038 707.221515 1302801134
1498.693541 683.777094 1302801136
1499.107293 660.443784 1302801138
1499.438295 638.999361 1302801140
1500.017548 613.666053 1302801143
1499.107293 592.554963 1302801147
1500.348550 571.110540 1302801151
1503.079315 547.110564 1302801155
1525.256438 536.110575 1302801159
1551.240082 536.999463 1302801162
1572.010447 537.221685 1302801164
1595.346076 537.332796 1302801166
1618.185202 536.888352 1302801168
1642.182835 536.999463 1302801171
1666.676970 536.110575 1302801175
1689.681598 535.888353 1302801178
1719.140761 535.221687 1302801181
1740.904131 536.221686 1302801183
1764.901764 536.777241 1302801185
1790.388905 537.332796 1302801187
1816.207048 537.999462 1302801189
1842.356192 538.443906 1302801191
1869.167341 538.777239 1302801193
1896.392241 539.221683 1302801195
1923.699892 540.110571 1302801197
1951.173044 540.777237 1302801199
1978.480695 540.999459 1302801201
2006.119348 541.555014 1302801203
2033.758001 541.999458 1302801205
2061.396654 542.443902 1302801207
2089.118057 542.555013 1302801209
2116.756710 542.777235 1302801211
2144.726365 543.110568 1302801213
2172.944271 543.666123 1302801215
2201.327678 544.221678 1302801217
2229.959337 544.888344 1302801219
2258.673745 545.555010 1302801221
2287.139903 546.332787 1302801223
2315.440560 546.777231 1302801225
2343.327464 547.110564 1302801227
2371.379869 547.666119 1302801229
2399.680526 548.666118 1302801231
2427.815681 549.221673 1302801233
2455.868086 549.666117 1302801235
2484.003242 550.443894 1302801237
2512.303899 551.332782 1302801239
2541.018307 551.888337 1302801241
2570.891223 552.110559 1302801243
2601.260641 552.443892 1302801245
2629.975050 552.666114 1302801247
2655.875943 552.555003 1302801249
2677.225561 552.777225 1302801251
2701.140443 553.666113 1302801254
2724.062320 553.110558 1302801257
2750.211465 552.999447 1302801260
2778.263870 553.332780 1302801263
2798.454982 554.110557 1302801265
2819.639099 554.555001 1302801267
2841.154218 554.888334 1302801269
2862.007333 555.332778 1302801271
2887.328973 556.110555 1302801274
2908.761342 557.554998 1302801280
2933.586479 559.221663 1302801306
2954.356844 562.221660 1302801309
2977.361471 564.110547 1302801313
2991.511800 580.777197 1302801333
2992.422055 606.110505 1302801337
2992.587556 627.332706 1302801341
2990.932546 649.443795 1302801356
2990.518794 674.221548 1302801359
2990.187792 695.443749 1302801361
2990.187792 717.443727 1302801363
2990.187792 740.221482 1302801365
2989.608539 763.110348 1302801367
2987.953530 784.776993 1302801369
2986.381271 807.443637 1302801372
2985.884769 829.332504 1302801397
3007.565388 838.443606 1302801403
3032.307775 835.665831 1302801406
3052.912639 835.110276 1302801408
3075.338013 835.221387 1302801410
3098.094389 835.776942 1302801412
3120.933516 836.110275 1302801414
3143.689892 835.888053 1302801416
3165.370511 835.888053 1302801418
3190.361150 835.443609 1302801421
