1398.068984 1061.332272 1302809472
1419.335852 1061.332272 1302809475
1439.444213 1063.332270 1302809478
1460.214578 1069.665597 1302809481
1482.143450 1070.221152 1302809485
1496.707530 1054.998945 1302809500
1497.452284 1034.776743 1302809504
1498.610791 1010.443434 1302809507
1499.769297 982.776795 1302809510
1500.845053 953.776824 1302809513
1501.424306 925.221297 1302809516
1501.920809 897.554658 1302809519
1501.920809 870.221352 1302809522
1502.086310 848.888040 1302809525
1501.672558 828.888060 1302809531
1499.769297 806.332527 1302809551
1500.100299 784.888104 1302809554
1501.672558 760.443684 1302809557
1502.169060 734.332599 1302809560
1503.079315 705.554850 1302809563
1503.493068 684.554871 1302809565
1503.824069 662.888226 1302809567
1503.989570 641.888247 1302809569
1504.486073 613.332720 1302809572
1504.734325 592.332741 1302809575
1504.320572 572.221650 1302809601
1505.396328 548.777229 1302809606
1524.759935 536.443908 1302809610
1549.005819 537.443907 1302809613
1569.776184 537.666129 1302809615
1591.125802 537.777240 1302809617
1618.267953 538.221684 1302809620
1640.610576 538.666128 1302809624
1663.697954 538.332795 1302809638
1689.681598 538.666128 1302809641
1710.369212 538.777239 1302809643
1731.636080 538.777239 1302809645
1752.654696 538.888350 1302809647
1773.673312 539.221683 1302809649
1795.105681 540.110571 1302809651
1816.620800 540.777237 1302809653
1839.625427 541.332792 1302809655
1864.285064 541.888347 1302809657
1890.103206 542.332791 1302809659
1916.914355 543.332790 1302809661
1944.387507 543.888345 1302809663
1972.191661 544.332789 1302809665
1999.664813 544.888344 1302809667
2027.055214 545.332788 1302809669
2054.528366 545.888343 1302809671
2082.084269 546.666120 1302809673
2109.805672 547.666119 1302809675
2137.940828 548.555007 1302809677
2166.737987 548.999451 1302809679
2196.031649 549.888339 1302809681
2225.656313 550.443894 1302809683
2255.446478 550.999449 1302809685
2285.071141 552.221670 1302809687
2314.447554 553.110558 1302809689
2343.658466 553.666113 1302809691
2372.621126 554.110557 1302809693
2401.252784 555.110556 1302809695
2429.801692 555.666111 1302809697
2458.019598 556.554999 1302809699
2486.072003 557.443887 1302809701
2513.958908 558.332775 1302809703
2541.597561 558.777219 1302809705
2569.318964 559.221663 1302809707
2597.040367 559.888329 1302809709
2624.513519 559.999440 1302809711
2651.821170 560.221662 1302809713
2677.970315 560.666106 1302809715
2702.547201 561.332772 1302809717
2725.469078 561.999438 1302809719
2746.404944 562.332771 1302809721
2766.844307 562.888326 1302809723
2787.780173 564.443880 1302809725
2810.205547 565.110546 1302809727
2833.541176 565.554990 1302809729
2856.628553 565.666101 1302809731
2878.391924 566.221656 1302809733
2901.975804 566.110545 1302809736
2922.166916 566.110545 1302809741
2942.275277 568.999431 1302809766
2967.431416 571.332762 1302809770
2987.374277 576.332757 1302809795
2989.939541 599.443845 1302809799
2989.277537 625.999374 1302809802
2988.863785 647.999352 1302809804
2988.284532 671.110440 1302809806
2987.870780 694.221528 1302809808
2987.870780 717.110394 1302809810
2988.036280 739.999260 1302809812
2987.788029 762.665904 1302809814
2987.126025 784.999215 1302809816
2985.719268 805.888083 1302809818
2984.064258 828.221394 1302809821
3000.117847 841.221381 1302809825
3022.046719 839.999160 1302809828
3052.333386 837.888051 1302809831
3075.255263 837.332496 1302809833
3098.756393 837.332496 1302809835
3121.926521 836.999163 1302809837
3143.772642 837.443607 1302809839
3169.590785 838.332495 1302809842
3193.505667 838.332495 1302809846
3217.172298 837.554718 1302809855
3243.900696 838.888050 1302809859
3266.657072 838.999161 1302809862
3288.089440 838.999161 1302809865
3311.176818 836.888052 1302809869
3317.217602 815.110296 1302809873
3314.983339 791.665875 1302809876
3315.645343 761.777016 1302809879
3316.721099 739.554816 1302809881
3317.217602 717.332616 1302809883
3316.224596 695.554860 1302809885
3314.404086 674.999325 1302809887
3313.576581 648.999351 1302809890
3312.997328 627.888261 1302809894
