3318.127857 599.554956 1302811439
3302.157018 584.221638 1302811461
3277.249130 582.888306 1302811464
3257.223520 582.888306 1302811466
3235.211898 582.666084 1302811468
3212.703773 582.443862 1302811470
3191.436906 581.666085 1302811472
3162.639746 580.777197 1302811475
3134.173589 580.443864 1302811478
3113.982477 580.110531 1302811480
3092.136356 579.666087 1302811482
3068.800727 578.666088 1302811484
3045.051346 578.443866 1302811486
3020.722711 577.554978 1302811488
2995.401071 576.777201 1302811490
2968.920925 575.554980 1302811492
2941.696024 574.999425 1302811494
2913.974621 574.666092 1302811496
2885.756715 574.554981 1302811498
2857.621559 573.777204 1302811500
2830.396658 573.221649 1302811502
2803.171758 571.554984 1302811504
2777.270864 570.666096 1302811506
2751.287221 569.443875 1302811508
2725.551828 568.888320 1302811510
2699.319933 568.666098 1302811512
2673.336289 567.888321 1302811514
2650.000660 566.666100 1302811516
2628.154540 565.221657 1302811518
2606.391169 564.888324 1302811520
2584.545048 564.221658 1302811522
2557.733900 563.110548 1302811525
2537.791040 561.110550 1302811548
2514.703662 561.666105 1302811558
2487.809763 561.999438 1302811561
2464.970637 562.888326 1302811563
2439.317995 562.999437 1302811565
2411.844843 562.666104 1302811567
2383.295935 561.999438 1302811569
2354.581526 561.443883 1302811571
2326.115369 561.221661 1302811573
2298.145714 560.332773 1302811575
2271.086314 560.221662 1302811577
2244.440667 559.999440 1302811579
2218.457023 559.554996 1302811581
2194.128388 558.999441 1302811583
2166.737987 559.110552 1302811586
2146.712376 558.999441 1302811590
2121.721738 557.332776 1302811600
2095.324342 556.999443 1302811603
2074.057474 556.443888 1302811605
2053.866362 555.999444 1302811607
2030.199731 554.777223 1302811610
2010.008620 554.888334 1302811631
1987.831497 554.777223 1302811637
1964.744119 554.443890 1302811641
1939.256978 554.332779 1302811645
1917.741859 553.443891 1302811648
1896.557742 553.221669 1302811651
1875.042623 553.332780 1302811655
1853.527504 552.666114 1302811659
1832.095136 552.443892 1302811663
1811.490272 551.999448 1302811691
1791.216409 551.888337 1302811698
1768.873786 551.777226 1302811701
1740.821381 551.777226 1302811704
1719.223511 551.777226 1302811706
1695.722381 551.332782 1302811708
1670.235240 551.221671 1302811710
1643.506842 551.221671 1302811712
1615.785439 551.332782 1302811714
1588.643289 551.777226 1302811716
1564.397405 552.221670 1302811718
1537.172504 552.666114 1302811721
1514.747130 558.332775 1302811732
1509.285600 581.332752 1302811736
1510.361356 607.999392 1302811739
1510.278605 628.777149 1302811741
1510.113104 650.888238 1302811743
1509.782102 673.221549 1302811745
1509.285600 695.110416 1302811747
1508.540846 716.777061 1302811749
1507.713341 738.777039 1302811751
1507.134088 759.665907 1302811753
1507.134088 783.554772 1302811756
1504.320572 805.110306 1302811772
1484.046710 812.999187 1302811777
1462.614341 811.999188 1302811780
1436.878949 811.332522 1302811783
1409.654049 809.888079 1302811786
1383.753155 809.665857 1302811789
1359.010768 808.554747 1302811792
1338.074903 808.110303 1302811795
1317.470039 812.332521 1302811815
1296.037670 813.332520 1302811833
1272.040037 815.554740 1302811837
1251.600674 816.110295 1302811839
1229.258051 817.110294 1302811841
1201.122895 818.221404 1302811844
1175.304752 818.776959 1302811847
1154.286136 818.665848 1302811851
1139.142802 835.665831 1302811859
1138.646299 856.221366 1302811862
1137.322292 880.776897 1302811865
1136.908540 906.554649 1302811868
1135.005279 933.999066 1302811871
1133.598521 961.554594 1302811874
1132.936518 987.887901 1302811877
1133.019268 1008.887880 1302811880
1132.853767 1032.665634 1302811884
1129.212747 1055.554500 1302811889
