3801.887033 1918.886970 1302818575
3782.937178 1925.331408 1302818578
3755.795028 1926.442518 1302818581
3733.121402 1926.553629 1302818584
3713.095792 1927.998072 1302818591
3692.242676 1928.553627 1302818606
3668.658796 1927.109184 1302818609
3641.185644 1926.442518 1302818612
3615.698503 1925.664741 1302818615
3593.190378 1924.886964 1302818618
3566.627481 1924.886964 1302818622
3541.802344 1925.220297 1302818625
3512.922434 1925.109186 1302818628
3491.986568 1924.886964 1302818630
3470.471449 1924.442520 1302818632
3448.708079 1923.664743 1302818634
3426.861958 1923.220299 1302818636
3404.850336 1923.664743 1302818638
3382.590463 1922.775855 1302818640
3359.834087 1921.331412 1302818642
3337.491464 1920.664746 1302818644
3315.562592 1920.664746 1302818646
3293.881972 1920.442524 1302818648
3272.201353 1919.220303 1302818650
3250.106980 1918.331415 1302818652
3227.847107 1917.998082 1302818654
3205.504484 1917.553638 1302818656
3184.154865 1917.331416 1302818658
3164.046504 1916.109195 1302818660
3139.469618 1914.998085 1302818663
3119.361257 1915.442529 1302818667
3094.287868 1915.109196 1302818677
3068.800727 1913.109198 1302818680
3042.982584 1912.442532 1302818683
3022.791473 1913.775864 1302818687
2997.966335 1913.553642 1302818696
2975.954714 1912.109199 1302818699
2955.680851 1911.553644 1302818702
2935.406989 1911.553644 1302818710
2914.719375 1911.553644 1302818714
2893.452507 1911.331422 1302818717
2868.627370 1910.998089 1302818720
2840.657715 1909.886979 1302818723
2812.522559 1908.220314 1302818726
2786.787167 1907.220315 1302818729
2763.286037 1906.331427 1302818732
2738.212648 1906.109205 1302818736
2716.035526 1904.775873 1302818740
2695.678913 1906.442538 1302818751
2670.936526 1905.998094 1302818755
2641.477363 1905.331428 1302818758
2619.879494 1904.775873 1302818760
2597.950622 1903.775874 1302818762
2576.683755 1902.775875 1302818764
2548.962351 1902.664764 1302818767
2526.950730 1901.998098 1302818770
2506.594117 1902.442542 1302818776
2481.272477 1901.331432 1302818801
2454.957831 1900.553655 1302818804
2434.601219 1899.998100 1302818806
2413.168850 1899.998100 1302818808
2391.322729 1899.553656 1302818810
2369.807610 1899.220323 1302818812
2341.341453 1899.220323 1302818815
2319.743583 1898.442546 1302818818
2299.635222 1898.998101 1302818824
2272.906824 1898.553657 1302818829
2244.026914 1898.220324 1302818832
2223.091049 1897.664769 1302818834
2202.734436 1897.664769 1302818836
2173.027022 1896.220326 1302818839
2145.553870 1895.664771 1302818842
2125.197257 1896.220326 1302818846
2104.178641 1895.886993 1302818861
2080.594760 1894.998105 1302818864
2050.556344 1894.109217 1302818867
2029.041225 1893.553662 1302818869
2007.360605 1892.331441 1302818871
1985.266233 1891.331442 1302818873
1963.254611 1890.553665 1302818875
1942.566997 1889.886999 1302818877
1919.562369 1889.331444 1302818880
1896.888744 1888.109223 1302818889
1872.311858 1886.998113 1302818893
1843.183697 1885.998114 1302818896
1822.247831 1885.442559 1302818898
1802.222220 1884.887004 1302818900
1775.907575 1884.331449 1302818903
1754.226955 1882.887006 1302818906
1733.953093 1882.664784 1302818911
1708.962454 1882.331451 1302818919
1687.281834 1875.887013 1302818923
1685.709576 1853.775924 1302818927
1686.454330 1829.775948 1302818930
1686.868082 1809.442635 1302818932
1687.199084 1787.998212 1302818934
1687.116333 1766.553789 1302818936
1687.364585 1744.887144 1302818938
1687.447335 1723.553832 1302818940
1688.026589 1696.442748 1302818943
1688.605842 1674.998325 1302818948
