1798.498450 554.221668 1302870349
1777.397083 554.221668 1302870354
1751.247938 554.332779 1302870357
1730.560324 554.443890 1302870359
1708.962454 554.443890 1302870361
1686.950833 554.443890 1302870363
1664.277207 553.999446 1302870365
1641.024328 553.777224 1302870367
1617.357698 553.888335 1302870369
1593.773817 554.443890 1302870371
1570.272687 555.221667 1302870373
1548.095564 555.443889 1302870375
1521.863669 556.332777 1302870378
1504.568824 567.888321 1302870383
1504.403323 589.332744 1302870387
1503.741319 616.332717 1302870390
1503.658569 638.999361 1302870392
1503.244816 663.999336 1302870394
1502.913814 688.888200 1302870396
1502.500062 711.888177 1302870398
1502.500062 732.443712 1302870400
1501.920809 759.888129 1302870403
1501.672558 781.110330 1302870406
1499.769297 803.110308 1302870414
1476.599169 812.110299 1302870419
1450.863776 809.888079 1302870422
1430.341663 808.776969 1302870424
1408.578293 808.665858 1302870426
1387.063174 808.999191 1302870428
1366.872062 809.665857 1302870430
1339.233409 810.999189 1302870433
1318.214793 811.110300 1302870436
1297.609929 810.888078 1302870445
1276.674063 808.110303 1302870449
1250.028415 818.221404 1302870454
1227.189289 816.888072 1302870456
1204.432913 814.776963 1302870458
1184.407302 813.443631 1302870460
1161.733677 809.999190 1302870463
1139.970307 809.999190 1302870468
1118.951690 810.888078 1302870476
1093.795551 812.110299 1302870480
1065.081142 811.332522 1302870483
1043.566023 810.665856 1302870485
1020.809647 809.888079 1302870487
998.301523 809.110302 1302870489
977.944910 808.554747 1302870491
953.699026 808.110303 1302870494
933.342413 808.665858 1302870501
913.234052 807.554748 1302870528
902.724744 827.888061 1302870539
904.131502 850.665816 1302870542
903.883250 878.443566 1302870545
903.552249 906.776871 1302870548
902.890245 936.332397 1302870551
902.476493 956.887932 1302870553
901.897239 977.999022 1302870555
901.483487 998.443446 1302870557
902.807495 1026.998973 1302870560
903.634999 1048.554507 1302870563
926.639626 1059.110052 1302870569
952.292268 1059.221163 1302870572
981.006677 1058.776719 1302870575
1009.886587 1058.998941 1302870578
1037.773491 1059.887829 1302870581
1064.005386 1061.443383 1302870584
1085.355004 1062.776715 1302870587
1107.035624 1063.110048 1302870592
1129.212747 1063.221159 1302870596
1158.837411 1063.332270 1302870624
1180.352530 1064.110047 1302870627
1202.695154 1065.110046 1302870630
1223.465518 1065.332268 1302870633
1244.318634 1065.776712 1302870636
1268.068015 1064.554491 1302870639
1288.921131 1064.776713 1302870642
1315.070275 1065.776712 1302870646
1338.157653 1065.998934 1302870650
1359.921023 1066.665600 1302870656
1381.932645 1067.332266 1302870660
1405.268274 1068.776709 1302870664
1428.355652 1071.554484 1302870669
1450.450024 1074.887814 1302870673
1470.475635 1076.887812 1302870682
1489.425490 1069.554486 1302870694
1494.059515 1045.554510 1302870699
1493.314761 1019.554536 1302870702
1494.225016 997.443447 1302870704
1495.052521 973.443471 1302870706
1495.880026 949.221273 1302870708
1496.873031 926.443518 1302870710
1497.783286 905.110206 1302870712
1498.859042 877.665789 1302870715
1499.934798 855.443589 1302870718
1500.265800 835.443609 1302870723
1499.272794 813.110298 1302870736
1500.265800 787.554768 1302870740
1501.258805 758.777019 1302870743
1502.086310 736.999263 1302870745
1502.417312 714.554841 1302870747
1503.493068 691.777086 1302870749
1504.237822 669.110442 1302870751
1504.734325 648.110463 1302870753
1505.313578 621.888267 1302870756
1506.637585 597.999402 1302870760
