2843.140229 572.110539 1302872663
2821.956112 572.443872 1302872669
2795.641466 571.443873 1302872672
2766.927057 570.110541 1302872675
2746.570445 568.888320 1302872677
2725.055326 567.777210 1302872679
2704.036709 566.777211 1302872681
2684.011099 564.999435 1302872683
2662.744231 563.554992 1302872685
2638.498347 562.443882 1302872687
2612.928455 561.110550 1302872689
2586.944812 559.554996 1302872691
2560.464665 558.554997 1302872693
2534.067269 557.999442 1302872695
2507.421622 557.554998 1302872697
2480.279471 556.777221 1302872699
2452.392567 555.888333 1302872701
2423.181656 554.888334 1302872703
2392.067483 553.777224 1302872705
2359.215552 552.666114 1302872707
2325.205114 551.777226 1302872709
2291.856679 550.999449 1302872711
2259.418500 550.221672 1302872713
2227.559573 549.777228 1302872715
2196.279900 548.888340 1302872717
2165.579480 547.888341 1302872719
2136.037567 547.555008 1302872721
2107.985162 546.555009 1302872723
2081.008513 545.443899 1302872725
2054.528366 544.555011 1302872727
2028.213721 543.888345 1302872729
2001.568073 543.110568 1302872731
1974.756925 542.666124 1302872733
1948.276778 541.888347 1302872735
1922.789637 541.221681 1302872737
1899.867760 540.666126 1302872739
1871.732605 540.332793 1302872742
1850.465737 540.332793 1302872745
1829.529871 540.443904 1302872750
1804.456483 542.443902 1302872768
1780.541600 541.666125 1302872771
1750.668685 540.666126 1302872774
1720.630269 539.999460 1302872777
1699.859904 539.888349 1302872779
1679.255040 540.332793 1302872781
1650.540631 540.999459 1302872784
1623.646732 541.555014 1302872787
1598.159591 542.443902 1302872790
1573.665456 543.221679 1302872793
1549.998825 543.777234 1302872796
1529.724963 544.555011 1302872799
1511.023359 552.221670 1302872808
1509.120099 574.554981 1302872813
1507.961592 598.888290 1302872816
1508.127093 620.554935 1302872818
1508.458095 644.554911 1302872820
1508.623596 669.110442 1302872822
1508.540846 693.332640 1302872824
1507.878842 715.443729 1302872826
1507.051337 735.554820 1302872828
1506.472084 761.332572 1302872831
1506.885836 784.332549 1302872835
1500.762303 805.332528 1302872850
1473.537402 807.332526 1302872855
1444.988494 805.665861 1302872858
1424.300880 804.554751 1302872860
1395.751972 803.332530 1302872863
1370.926834 802.999197 1302872866
1349.908218 803.776974 1302872869
1329.468855 805.221417 1302872874
1308.946741 808.110303 1302872888
1285.859364 806.554749 1302872893
1264.426995 805.999194 1302872896
1239.270856 804.888084 1302872899
1214.776720 804.221418 1302872902
1192.765099 803.221419 1302872905
1167.195207 804.443640 1302872909
1145.018084 797.221425 1302872914
1124.413220 795.999204 1302872921
1103.229103 793.221429 1302872927
1079.314221 791.888097 1302872932
1051.427317 793.221429 1302872935
1028.836442 792.776985 1302872937
1006.742070 792.332541 1302872939
978.027661 791.999208 1302872942
956.843543 792.888096 1302872945
936.486931 796.888092 1302872949
916.213069 797.332536 1302872964
906.696766 817.776960 1302872972
908.103524 840.999159 1302872975
908.269025 861.221361 1302872977
908.020773 884.443560 1302872979
907.855272 909.443535 1302872981
907.358770 934.776843 1302872983
907.027768 959.443485 1302872985
906.862267 981.999018 1302872987
906.614016 1007.887881 1302872990
906.283014 1029.554526 1302872994
911.496293 1049.443395 1302873006
934.335419 1052.998947 1302873011
956.181540 1052.776725 1302873014
979.599919 1052.665614 1302873018
1002.356295 1058.332275 1302873033
1020.478646 1068.443376 1302873037
1041.331761 1080.665586 1302873042
1062.929630 1076.665590 1302873046
1083.534494 1076.665590 1302873055
1108.028630 1076.110035 1302873059
