1016.672124 1055.887833 1302874339
1037.028737 1059.110052 1302874343
1060.778118 1059.554496 1302874346
1084.941252 1060.443384 1302874349
1105.049613 1060.554495 1302874354
1125.819978 1060.887828 1302874358
1148.079851 1062.998937 1302874387
1174.146246 1063.998936 1302874392
1195.661365 1064.776713 1302874395
1219.327996 1063.776714 1302874398
1245.559891 1063.221159 1302874401
1274.357050 1064.110047 1302874404
1302.905958 1064.887824 1302874407
1331.123864 1067.554488 1302874410
1357.355759 1068.221154 1302874413
1380.774139 1065.443379 1302874417
1403.199513 1068.221154 1302874436
1423.307874 1070.665596 1302874442
1445.981499 1075.776702 1302874449
1467.248367 1075.998924 1302874453
1486.694725 1070.443374 1302874460
1492.901009 1047.332286 1302874466
1494.556018 1019.998980 1302874471
1495.714525 990.554565 1302874474
1496.790281 966.443478 1302874476
1497.783286 940.443504 1302874478
1498.445290 915.665751 1302874480
1499.190044 890.332443 1302874482
1500.183049 864.554691 1302874484
1501.424306 842.776935 1302874486
1502.665563 820.999179 1302874489
1504.320572 795.776982 1302874497
1504.486073 772.332561 1302874500
1504.982576 751.221471 1302874502
1505.561829 727.110384 1302874504
1505.810080 703.888185 1302874506
1505.810080 682.110429 1302874508
1506.637585 652.554903 1302874511
1506.885836 623.777154 1302874514
1507.465090 597.554958 1302874517
1507.547840 575.666091 1302874521
1508.044343 554.666112 1302874527
1511.271611 533.777244 1302874531
1531.545473 528.777249 1302874535
1558.770373 530.555025 1302874538
1578.878735 531.999468 1302874540
1606.186386 533.666133 1302874543
1630.928773 534.888354 1302874546
1654.678154 536.221686 1302874549
1679.089539 537.110574 1302874552
1705.900687 537.443907 1302874555
1734.201344 537.999462 1302874558
1754.475206 538.443906 1302874560
1776.404077 539.110572 1302874562
1799.656956 540.110571 1302874564
1823.489088 541.221681 1302874566
1848.314225 541.777236 1302874568
1873.884117 542.332791 1302874570
1900.447014 542.999457 1302874572
1927.092661 543.888345 1302874574
1954.152061 544.666122 1302874576
1981.707963 545.555010 1302874578
2009.429367 546.221676 1302874580
2036.985269 546.777231 1302874582
2063.961918 547.221675 1302874584
2090.111063 547.555008 1302874586
2115.846455 547.666119 1302874588
2141.250846 548.110563 1302874590
2165.744981 548.666118 1302874592
2189.577113 548.999451 1302874594
2213.822997 549.555006 1302874596
2239.310138 550.332783 1302874598
2266.204037 550.888338 1302874600
2293.346187 551.777226 1302874602
2320.157336 552.888336 1302874604
2347.051234 553.110558 1302874606
2373.614131 553.555002 1302874608
2399.763276 554.332779 1302874610
2426.905426 555.221667 1302874612
2455.288833 556.221666 1302874614
2496.746813 557.110554 1302874617
2523.144209 557.554998 1302874619
2548.548599 558.221664 1302874621
2573.621988 558.443886 1302874623
2598.612626 558.888330 1302874625
2623.272262 559.443885 1302874627
2647.269895 559.999440 1302874629
2670.274523 560.554995 1302874631
2692.617146 560.888328 1302874633
2714.463267 561.332772 1302874635
2735.895636 561.999438 1302874637
2756.997002 562.554993 1302874639
2777.270864 562.999437 1302874641
2806.812778 563.443881 1302874644
2828.079646 564.110547 1302874646
2850.836021 565.332768 1302874648
2886.170467 566.332767 1302874651
2908.926843 566.554989 1302874653
2929.448956 567.221655 1302874655
2954.191343 570.666096 1302874658
2974.630706 571.554984 1302874664
2992.008302 584.999415 1302874693
2994.490816 611.666055 1302874697
2993.828812 635.999364 1302874700
2992.753057 663.999336 1302874703
2991.842802 691.888197 1302874706
2991.346299 720.888168 1302874709
2990.684295 741.221481 1302874711
2990.105042 762.110349 1302874713
2989.525789 782.888106 1302874715
2987.043275 808.110303 1302874718
2986.464022 828.110283 1302874724
3011.289159 837.443607 1302874730
3040.003568 835.665831 1302874733
3063.421947 835.888053 1302874735
3087.667832 835.999164 1302874737
3111.499963 835.554720 1302874739
3133.842587 835.443609 1302874741
3154.861203 835.332498 1302874743
3183.161860 835.665831 1302874746
3204.014975 835.776942 1302874749
3226.936852 837.554718 1302874773
3253.168747 838.888050 1302874777
3274.270114 840.221382 1302874780
3296.447237 841.221381 1302874784
3317.879605 838.665828 1302874794
3321.024123 811.443633 1302874799
3319.203613 781.665885 1302874802
3319.369113 760.443684 1302874804
3319.451864 728.221494 1302874807
3319.038112 707.221515 1302874809
3318.127857 686.777091 1302874811
3316.224596 660.554895 1302874814
3315.148840 639.443805 1302874817
