3669.238049 1727.109384 1303339943
3672.548067 1749.887139 1303339947
3678.257849 1769.664897 1303339952
3675.278832 1789.998210 1303339961
3670.810308 1810.553745 1303339967
3660.383750 1834.775943 1303339971
3653.680963 1859.109252 1303339975
3649.129688 1880.887008 1303339978
3640.109888 1902.775875 1303339982
3640.689141 1922.886966 1303339984
3642.675152 1944.220278 1303339986
3645.985170 1965.553590 1303339988
3648.715935 1986.442458 1303339990
3649.957192 2017.664649 1303339992
3656.494478 2045.553510 1303339993
3658.149488 2072.442372 1303339995
3656.494478 2094.664572 1303339999
3659.390745 2122.331211 1303340003
3661.376756 2151.442293 1303340006
3660.218249 2171.553384 1303340007
3660.632001 2204.442240 1303340009
3663.528267 2230.886658 1303340012
3666.093532 2252.219970 1303340016
3666.507284 2272.664394 1303340022
3671.886064 2292.886596 1303340029
3676.271838 2314.997685 1303340038
3677.761346 2337.775440 1303340043
3696.214698 2348.775429 1303340047
3717.233315 2350.775427 1303340050
3739.575938 2352.219870 1303340053
3759.601549 2352.775425 1303340061
3779.709910 2349.997650 1303340081
3797.501259 2360.775417 1303340098
3797.087506 2337.553218 1303340112
3786.329947 2316.331017 1303340116
3774.827633 2333.108778 1303340126
3757.615538 2343.330990 1303340140
3772.676121 2321.553234 1303340142
3779.296158 2301.664365 1303340147
3794.191240 2285.442159 1303340155
3774.082879 2291.664375 1303340165
3757.615538 2305.219917 1303340169
3757.367287 2326.664340 1303340177
3737.672678 2312.997687 1303340180
3713.426793 2304.331029 1303340182
3691.084170 2298.664368 1303340184
3665.845280 2292.442152 1303340187
3646.978176 2281.997718 1303340190
3631.090088 2264.553291 1303340193
3628.028321 2238.219984 1303340196
3627.035316 2210.442234 1303340199
3615.781253 2179.331154 1303340201
3606.844204 2146.220076 1303340203
3599.148411 2122.775655 1303340205
3591.452619 2100.442344 1303340209
3582.598320 2078.664588 1303340214
3582.184567 2053.442391 1303340218
3584.749832 2025.886863 1303340221
3587.811599 2004.997995 1303340223
3590.625114 1984.664682 1303340225
3594.679887 1955.331378 1303340228
3600.141417 1925.331408 1303340231
3602.127428 1888.664778 1303340234
3601.879176 1861.220361 1303340236
3601.630925 1833.887055 1303340238
3601.961927 1809.442635 1303340240
3601.299923 1784.887104 1303340242
3600.637919 1759.331574 1303340244
3600.389668 1732.553823 1303340246
3600.058666 1705.998294 1303340248
3598.320907 1679.664987 1303340250
3596.169395 1652.331681 1303340252
3594.100633 1624.442820 1303340254
3591.535369 1595.220627 1303340256
3590.376863 1566.553989 1303340258
3590.128611 1538.220684 1303340260
3590.625114 1508.887380 1303340262
3591.287118 1478.665188 1303340264
3591.121617 1449.220773 1303340266
3590.128611 1423.776354 1303340268
3589.052855 1402.887486 1303340270
3587.149595 1381.554174 1303340273
3563.979467 1376.554179 1303340278
3540.478337 1380.776397 1303340281
3519.873473 1380.554175 1303340283
3493.724328 1379.998620 1303340285
3464.347916 1378.665288 1303340287
3434.888753 1377.998622 1303340289
3406.339845 1377.443067 1303340291
3378.701192 1376.776401 1303340293
3352.386546 1376.443068 1303340295
3328.554414 1376.554179 1303340297
3307.453048 1376.998623 1303340299
3275.180369 1380.776397 1303340302
3251.596489 1384.665282 1303340304
3225.943847 1388.220834 1303340306
3200.373955 1390.665276 1303340308
3176.541823 1391.554164 1303340310
3154.364701 1391.776386 1303340312
3133.925338 1390.776387 1303340314
3107.941694 1389.443055 1303340317
3086.095573 1389.554166 1303340322
3057.712166 1388.887500 1303340326
3027.508249 1390.776387 1303340329
3006.158631 1390.998609 1303340331
2984.726262 1389.998610 1303340333
2957.253110 1388.665278 1303340336
