1139.804806 1058.443386 1302876562
1164.960945 1061.665605 1302876569
1186.641565 1063.332270 1302876572
1209.149689 1065.443379 1302876575
1231.244062 1066.554489 1302876578
1256.482951 1066.665600 1302876582
1278.163571 1059.554496 1302876604
1302.078453 1058.554497 1302876608
1327.069092 1060.221162 1302876611
1353.797489 1061.221161 1302876614
1378.953629 1061.221161 1302876617
1399.475742 1061.776716 1302876620
1421.983867 1064.887824 1302876641
1440.354468 1074.443370 1302876648
1460.959332 1073.332260 1302876656
1481.977949 1071.998928 1302876664
1485.701719 1051.998948 1302876669
1486.115472 1028.998971 1302876672
1486.860226 1008.776769 1302876674
1487.604980 985.887903 1302876676
1488.515235 961.776816 1302876678
1489.921993 938.665728 1302876680
1490.997749 917.221305 1302876682
1492.652758 889.110222 1302876685
1494.142266 863.665803 1302876688
1493.811264 841.110270 1302876691
1494.638769 820.110291 1302876696
1496.707530 797.443647 1302876702
1497.369534 770.221452 1302876705
1497.783286 747.554808 1302876707
1498.114288 722.888166 1302876709
1498.528040 697.554858 1302876711
1498.859042 672.888216 1302876713
1498.776292 649.777128 1302876715
1499.024543 629.221593 1302876717
1499.769297 604.332729 1302876720
1499.934798 581.999418 1302876724
1500.762303 561.443883 1302876728
1506.223833 541.888347 1302876732
1528.152704 537.777240 1302876736
1551.488333 537.221685 1302876739
1577.389226 537.221685 1302876742
1602.214364 537.221685 1302876745
1624.805239 536.999463 1302876749
1646.403108 536.888352 1302876763
1669.242235 537.666129 1302876767
1696.549886 537.666129 1302876770
1716.740997 537.555018 1302876772
1737.180360 537.332796 1302876774
1757.867975 537.443907 1302876776
1778.803841 537.777240 1302876778
1801.394716 537.999462 1302876780
1824.895846 538.443906 1302876782
1848.976229 538.666128 1302876784
1873.139363 538.999461 1302876786
1897.550748 539.666127 1302876788
1922.127634 540.332793 1302876790
1946.621769 540.888348 1302876792
1972.026160 541.555014 1302876794
1999.830313 542.110569 1302876796
2028.544722 542.777235 1302876798
2056.762628 543.666123 1302876800
2084.815034 544.332789 1302876802
2112.536437 545.332788 1302876804
2139.926839 546.110565 1302876806
2166.820737 546.332787 1302876808
2193.549135 546.777231 1302876810
2219.698280 547.221675 1302876812
2244.688918 547.777230 1302876814
2268.852052 548.666118 1302876816
2292.270431 549.221673 1302876818
2314.199303 549.888339 1302876820
2335.052418 550.332783 1302876822
2363.766827 550.777227 1302876825
2390.329724 551.110560 1302876828
2415.816865 551.888337 1302876831
2442.214261 552.777225 1302876834
2466.046393 553.332780 1302876837
2490.788780 553.888335 1302876841
2517.268926 554.443890 1302876845
2541.183808 555.221667 1302876848
2570.973973 555.999444 1302876851
2591.992589 556.554999 1302876853
2612.349202 556.777221 1302876855
2638.994849 556.888332 1302876858
2663.323484 557.110554 1302876861
2683.431845 557.777220 1302876864
2704.698713 558.777219 1302876869
2725.138076 560.221662 1302876895
2746.735946 561.221661 1302876900
2769.161320 561.999438 1302876904
2789.435182 562.443882 1302876907
2810.536548 561.777216 1302876910
2834.865183 561.110550 1302876913
2860.931577 560.777217 1302876916
2888.735731 561.110550 1302876919
2909.009593 561.554994 1302876921
2929.035204 561.888327 1302876923
2957.087609 563.888325 1302876926
2978.023475 565.443879 1302876929
2995.152820 575.999424 1302876942
2996.973330 598.999401 1302876946
2995.814823 623.888265 1302876949
2994.077064 651.554904 1302876952
2993.249559 672.110439 1302876954
2992.587556 694.554861 1302876956
2991.925552 718.221504 1302876958
2991.346299 741.554814 1302876960
2990.767046 765.110346 1302876962
2990.187792 789.221433 1302876964
2988.532783 810.110301 1302876966
2986.464022 831.554724 1302876969
3007.151636 843.110268 1302876975
3028.335753 840.554715 1302876978
3055.808905 838.999161 1302876981
3082.620054 838.332495 1302876984
3107.610692 837.776940 1302876987
3131.277323 837.332496 1302876990
3153.868198 836.776941 1302876993
3176.541823 836.665830 1302876996
3200.704957 835.999164 1302877000
3224.371588 836.110275 1302877018
3248.286470 835.665831 1302877022
3273.856362 836.443608 1302877025
3297.026490 837.776940 1302877028
3319.038112 833.110278 1302877032
3322.927383 810.110301 1302877036
3321.934378 783.443661 1302877039
3322.099879 760.999239 1302877041
3322.099879 735.221487 1302877043
3322.430880 708.554847 1302877045
3322.182629 683.554872 1302877047
3321.686126 661.221561 1302877049
3321.437875 635.999364 1302877052
