3317.879605 616.221606 1302880829
3316.555598 594.221628 1302880837
3297.026490 586.666080 1302880841
3270.463593 586.554969 1302880844
3244.314448 586.666080 1302880847
3221.640823 584.443860 1302880850
3198.387944 583.554972 1302880854
3175.548818 582.999417 1302880862
3154.199200 582.999417 1302880866
3133.842587 583.110528 1302880869
3111.499963 582.666084 1302880872
3086.674826 582.110529 1302880876
3065.159707 581.554974 1302880879
3038.596810 580.999419 1302880882
3008.475644 580.777197 1302880885
2988.201781 580.332753 1302880887
2959.983875 579.999420 1302880890
2934.331233 579.332754 1302880893
2910.912854 578.888310 1302880897
2888.321979 578.666088 1302880901
2862.503836 579.221643 1302880904
2841.816222 578.777199 1302880906
2820.218352 578.888310 1302880908
2798.703233 578.777199 1302880910
2777.105364 578.554977 1302880912
2755.424744 578.443866 1302880914
2732.999370 577.443867 1302880916
2710.325744 576.777201 1302880918
2688.479623 576.332757 1302880920
2668.371262 575.777202 1302880922
2643.546125 574.666092 1302880925
2622.693009 573.666093 1302880930
2598.447125 572.777205 1302880955
2577.511259 571.888317 1302880958
2551.941368 570.777207 1302880961
2524.054464 570.999429 1302880964
2498.401822 570.999429 1302880967
2472.252677 570.666096 1302880970
2441.221255 569.999430 1302880973
2416.975371 569.221653 1302880975
2390.991727 568.666098 1302880977
2364.428831 567.332766 1302880979
2338.362436 566.221656 1302880981
2313.206297 565.666101 1302880983
2288.629411 564.777213 1302880985
2265.624784 563.666103 1302880987
2244.357916 562.999437 1302880989
2217.133016 562.443882 1302880992
2193.880137 561.666105 1302880996
2173.937277 564.554991 1302881020
2153.663415 563.999436 1302881024
2129.748532 563.666103 1302881027
2104.344142 563.332770 1302881030
2077.450243 562.443882 1302881033
2048.818584 561.888327 1302881036
2028.544722 561.443883 1302881038
2007.608857 561.443883 1302881040
1986.424739 560.777217 1302881042
1965.075121 560.221662 1302881044
1943.229000 559.666107 1302881046
1921.382879 559.110552 1302881048
1899.454008 558.221664 1302881050
1877.773388 557.554998 1302881052
1857.251275 557.110554 1302881054
1830.357376 556.888332 1302881057
1807.683750 556.777221 1302881060
1786.747885 555.888333 1302881065
1761.343494 555.888333 1302881087
1737.925115 555.443889 1302881090
1709.707208 556.221666 1302881093
1688.440341 556.332777 1302881095
1665.766715 556.110555 1302881097
1642.762088 556.110555 1302881099
1620.584965 556.221666 1302881101
1599.318098 556.777221 1302881103
1579.209737 557.554998 1302881105
1553.805346 558.554997 1302881108
1531.710974 558.888330 1302881112
1510.692357 560.888328 1302881137
1506.803086 583.777194 1302881144
1506.058332 605.888283 1302881148
1505.644580 633.888255 1302881151
1505.396328 655.554900 1302881153
1505.148077 677.554878 1302881155
1504.982576 699.665967 1302881157
1504.486073 720.888168 1302881159
1503.906820 741.777036 1302881161
1503.906820 769.888119 1302881164
1504.651574 793.776984 1302881168
1489.425490 810.776967 1302881176
1462.697092 809.332524 1302881180
1439.030461 809.443635 1302881183
1411.143557 809.221413 1302881186
1381.187891 808.999191 1302881189
1353.549238 809.665857 1302881192
1333.358126 810.888078 1302881195
1313.249765 812.665854 1302881201
1293.720657 805.332528 1302881209
1275.598307 785.332548 1302881212
1252.593680 764.665902 1302881215
1230.913060 759.777018 1302881217
1207.163678 763.332570 1302881219
1187.220818 765.777012 1302881221
1163.305936 773.999226 1302881224
1144.935334 782.776995 1302881227
1126.978485 793.332540 1302881231
1109.435388 808.554747 1302881238
1106.787373 834.443610 1302881242
1106.621872 861.554694 1302881245
1104.470360 889.554666 1302881248
1103.725606 916.332417 1302881251
1102.898101 941.221281 1302881254
1102.732601 963.110148 1302881257
1102.153347 983.110128 1302881260
1101.077591 1008.332325 1302881264
1102.484349 1028.332305 1302881268
1112.993657 1046.221176 1302881279
1133.764022 1045.776732 1302881286
