3314.983339 608.332725 1302882037
3309.190807 588.221634 1302882049
3282.048657 583.666083 1302882054
3252.010241 583.221639 1302882057
3227.764357 582.888306 1302882059
3201.366961 582.999417 1302882061
3174.555812 583.332750 1302882063
3147.661914 582.888306 1302882065
3120.023261 581.999418 1302882067
3091.226101 581.221641 1302882069
3062.759944 580.666086 1302882071
3034.624788 579.999420 1302882073
3006.986135 579.443865 1302882075
2979.430233 578.666088 1302882077
2952.039831 577.888311 1302882079
2924.649430 577.443867 1302882081
2897.672781 577.110534 1302882083
2870.778882 576.777201 1302882085
2844.133234 576.332757 1302882087
2817.239336 575.999424 1302882089
2790.510938 575.221647 1302882091
2764.196292 574.221648 1302882093
2738.212648 573.554982 1302882095
2712.311755 572.999427 1302882097
2687.817620 572.777205 1302882099
2666.302501 572.443872 1302882101
2641.642864 571.777206 1302882104
2619.134740 571.221651 1302882109
2597.040367 570.221652 1302882129
2575.773500 569.888319 1302882132
2547.307342 569.221653 1302882135
2525.130220 568.999431 1302882137
2500.553334 568.332765 1302882139
2474.155938 566.999433 1302882141
2446.020782 565.666101 1302882143
2416.478868 564.888324 1302882145
2387.019705 564.443880 1302882147
2358.719049 563.888325 1302882149
2331.411398 563.443881 1302882151
2305.179503 562.999437 1302882153
2280.685367 562.999437 1302882155
2258.011742 562.554993 1302882157
2236.496623 562.332771 1302882159
2208.857970 561.999438 1302882162
2186.432596 561.666105 1302882165
2165.331229 561.332772 1302882170
2144.147112 560.888328 1302882189
2118.990973 560.777217 1302882192
2098.717111 560.554995 1302882194
2076.870990 559.777218 1302882196
2042.529550 558.999441 1302882199
2019.111170 558.443886 1302882201
1995.692791 557.332776 1302882203
1972.439912 556.999443 1302882205
1948.359529 556.554999 1302882207
1924.279146 556.443888 1302882209
1901.605520 556.221666 1302882211
1880.090401 556.221666 1302882213
1859.733788 555.777222 1302882215
1833.419143 556.221666 1302882218
1811.490272 555.555000 1302882221
1791.381910 555.332778 1302882225
1770.859797 554.110557 1302882249
1747.524168 553.777224 1302882254
1719.058010 552.555003 1302882257
1696.880888 552.443892 1302882259
1672.800504 552.221670 1302882261
1648.306369 551.888337 1302882263
1625.467242 552.221670 1302882265
1605.276131 552.888336 1302882267
1580.616494 553.888335 1302882270
1557.777368 554.555001 1302882274
1533.862486 555.555000 1302882279
1513.671374 558.221664 1302882300
1508.458095 579.999420 1302882305
1509.368350 602.221620 1302882308
1509.202849 626.999373 1302882311
1509.782102 650.888238 1302882314
1509.368350 673.888215 1302882317
1509.037348 700.332633 1302882320
1509.202849 727.221495 1302882323
1509.037348 752.332581 1302882326
1509.285600 773.332560 1302882329
1508.789097 793.776984 1302882335
1491.990754 809.110302 1302882345
1471.716892 809.776968 1302882349
1450.946527 812.888076 1302882352
1426.948894 811.776966 1302882355
1402.372008 810.665856 1302882358
1378.788128 809.554746 1302882361
1357.852262 809.332524 1302882364
1336.006141 810.110301 1302882369
1314.573772 811.776966 1302882387
1296.865175 823.665843 1302882405
1265.668252 833.776944 1302882408
1239.436357 830.221392 1302882410
1217.590236 828.221394 1302882412
1196.737121 825.443619 1302882414
1176.794260 822.443622 1302882417
1148.410853 822.443622 1302882420
1134.095024 841.554714 1302882424
1129.295498 865.332468 1302882427
1126.647483 894.887994 1302882430
1123.916718 923.554632 1302882433
1123.171964 943.665723 1302882435
1122.178958 973.554582 1302882438
1123.833967 1001.887887 1302882441
1127.971490 1028.332305 1302882444
1132.936518 1051.998948 1302882448
