1156.272147 1028.887860 1302892293
1175.884005 1034.887854 1302892314
1196.819871 1039.554516 1302892318
1222.224262 1034.665632 1302892322
1235.960838 1051.443393 1302892328
1258.386212 1055.332278 1302892337
1283.459600 1056.554499 1302892341
1310.022497 1057.554498 1302892345
1333.937380 1058.887830 1302892349
1356.942007 1060.443384 1302892354
1380.029385 1059.221163 1302892361
1400.220496 1059.332274 1302892377
1420.163357 1063.665603 1302892387
1436.878949 1075.221147 1302892392
1458.890571 1073.332260 1302892401
1478.254178 1064.887824 1302892411
1483.881209 1044.998955 1302892416
1489.590991 1024.665642 1302892421
1490.170244 1002.110109 1302892425
1492.570007 974.110137 1302892428
1493.232011 951.221271 1302892430
1493.397512 926.665740 1302892432
1495.052521 902.999097 1302892434
1496.873031 881.221341 1302892436
1498.859042 855.554700 1302892439
1502.831064 834.888054 1302892456
1499.769297 812.110299 1302892466
1500.265800 786.999213 1302892470
1501.093304 758.777019 1302892473
1501.424306 736.554819 1302892475
1501.755308 712.665954 1302892477
1501.507057 689.110422 1302892479
1501.507057 666.777111 1302892481
1501.589807 645.999354 1302892483
1502.003559 618.110493 1302892486
1501.838058 592.666074 1302892490
1501.258805 566.999433 1302892494
1507.216838 544.555011 1302892498
1528.897458 537.999462 1302892502
1550.991830 537.888351 1302892505
1577.140975 538.443906 1302892508
1598.407843 538.888350 1302892510
1621.991723 539.221683 1302892512
1646.651360 539.777238 1302892514
1669.655987 540.110571 1302892516
1699.611653 539.999460 1302892519
1720.547518 540.110571 1302892521
1743.469395 539.999460 1302892523
1768.460033 540.110571 1302892525
1795.188431 540.777237 1302892527
1823.158086 541.999458 1302892529
1851.624244 542.666124 1302892531
1880.090401 542.999457 1302892533
1908.225557 543.221679 1302892535
1936.360712 543.555012 1302892537
1964.413118 543.666123 1302892539
1992.382772 544.221678 1302892541
2020.435177 544.777233 1302892543
2048.322082 545.221677 1302892545
2075.795234 545.555010 1302892547
2102.523632 545.777232 1302892549
2128.921028 546.332787 1302892551
2155.980427 546.777231 1302892553
2184.115583 547.555008 1302892555
2212.167988 548.443896 1302892557
2239.806641 548.999451 1302892559
2267.197043 549.666117 1302892561
2293.925440 550.332783 1302892563
2320.405587 551.110560 1302892565
2346.885733 551.332782 1302892567
2373.117629 552.110559 1302892569
2399.432274 553.110558 1302892571
2425.746920 553.888335 1302892573
2452.227066 554.666112 1302892575
2479.038215 555.221667 1302892577
2505.601112 556.110555 1302892579
2532.081258 556.666110 1302892581
2558.726905 556.888332 1302892583
2585.289802 556.888332 1302892585
2611.356197 557.554998 1302892587
2635.353829 558.332775 1302892589
2657.034449 559.332774 1302892591
2686.493612 559.777218 1302892594
2710.077493 560.221662 1302892597
2732.999370 560.888328 1302892601
2753.438733 561.110550 1302892605
2773.878096 561.110550 1302892608
2798.785983 561.777216 1302892611
2827.996895 562.777215 1302892614
2850.339519 563.332770 1302892616
2872.930394 563.666103 1302892618
2899.824292 564.332769 1302892621
2922.001415 565.221657 1302892625
2942.771780 568.888320 1302892637
2966.024659 571.777206 1302892645
2989.691290 577.110534 1302892649
2997.552583 597.888291 1302892653
2996.311326 624.110487 1302892656
2994.656317 652.999347 1302892659
2993.580561 680.999319 1302892662
2992.173803 708.332625 1302892665
2991.429049 734.777043 1302892668
2989.856791 757.665909 1302892671
2989.277537 779.999220 1302892674
2987.870780 802.999197 1302892677
2985.967519 825.776952 1302892681
3007.151636 838.776939 1302892687
3041.575827 836.443608 1302892691
3067.476720 835.999164 1302892694
3087.833333 836.554719 1302892699
3109.017450 838.221384 1302892708
3130.780820 839.221383 1302892711
3157.757469 839.110272 1302892714
3180.679346 838.999161 1302892717
3201.201460 837.999162 1302892722
