1138.811800 1049.332284 1302895980
1159.664916 1053.776724 1302896001
1186.145062 1053.776724 1302896005
1211.301201 1053.776724 1302896008
1237.615847 1053.665613 1302896011
1260.454973 1053.665613 1302896014
1281.225338 1054.665612 1302896020
1307.043481 1057.776720 1302896043
1327.896596 1059.887829 1302896046
1351.314976 1060.998939 1302896049
1374.567854 1061.887827 1302896052
1398.979239 1060.221162 1302896056
1421.652865 1062.110049 1302896081
1446.064250 1067.887821 1302896085
1466.089861 1071.554484 1302896088
1486.777475 1068.221154 1302896095
1496.293778 1047.665619 1302896103
1496.459279 1022.110089 1302896107
1496.955781 995.776782 1302896110
1497.369534 975.221247 1302896112
1497.866037 953.999046 1302896114
1498.279789 932.554623 1302896116
1498.279789 911.221311 1302896118
1498.362539 890.554665 1302896120
1498.362539 861.443583 1302896123
1497.948787 837.776940 1302896126
1497.783286 817.776960 1302896130
1498.528040 795.554760 1302896139
1500.100299 767.999232 1302896143
1501.341556 739.888149 1302896146
1502.003559 719.777058 1302896148
1502.417312 699.443745 1302896150
1502.996565 678.888210 1302896152
1503.410317 658.332675 1302896154
1503.824069 631.777146 1302896157
1504.072321 610.666056 1302896160
1504.155071 587.666079 1302896165
1504.651574 567.666099 1302896186
1504.982576 546.555009 1302896191
1524.925436 534.888354 1302896198
1549.998825 534.888354 1302896202
1570.107186 535.221687 1302896205
1594.187569 535.999464 1302896209
1614.709683 536.666130 1302896215
1637.631560 537.332796 1302896221
1660.884438 537.777240 1302896224
1686.123328 538.332795 1302896227
1710.948465 538.555017 1302896230
1733.622091 538.777239 1302896233
1756.047465 539.332794 1302896236
1779.052092 539.777238 1302896239
1803.877229 540.443904 1302896242
1829.943624 541.221681 1302896245
1859.485537 541.888347 1302896248
1880.173152 542.555013 1302896250
1901.771021 542.666124 1302896252
1923.037889 543.332790 1302896254
1944.635758 544.221678 1302896256
1965.571624 544.777233 1302896258
1987.169493 545.666121 1302896260
2009.015614 546.666120 1302896262
2031.027236 547.666119 1302896264
2052.542355 548.443896 1302896266
2073.809223 548.777229 1302896268
2094.910589 548.777229 1302896270
2115.598204 549.999450 1302896272
2136.534070 550.443894 1302896274
2157.800937 550.777227 1302896276
2179.150556 551.332782 1302896278
2200.417423 552.110559 1302896280
2221.684291 552.777225 1302896282
2243.199410 553.221669 1302896284
2264.797279 553.888335 1302896286
2286.726151 554.443890 1302896288
2308.820523 554.777223 1302896290
2331.163146 555.332778 1302896292
2353.671271 555.777222 1302896294
2376.427647 556.332777 1302896296
2398.522019 556.999443 1302896298
2419.540635 557.554998 1302896300
2447.427540 558.221664 1302896303
2468.942659 558.999441 1302896306
2491.947286 559.777218 1302896311
2512.469400 559.443885 1302896335
2533.984519 559.999440 1302896338
2564.022935 560.888328 1302896341
2585.951806 561.554994 1302896343
2608.211679 562.221660 1302896345
2629.975050 562.777215 1302896347
2650.662664 563.221659 1302896349
2678.963321 563.666103 1302896352
2704.615963 564.443880 1302896355
2729.027348 564.777213 1302896359
2749.052958 565.554990 1302896378
2770.071575 565.777212 1302896383
2791.669444 565.999434 1302896386
2817.156585 566.332767 1302896389
2845.953744 566.888322 1302896392
2874.088900 567.888321 1302896395
2899.989793 568.777209 1302896398
2922.084166 569.554986 1302896401
2946.578301 572.332761 1302896405
2968.093420 573.332760 1302896411
2986.960524 584.888304 1302896430
2989.443038 610.666056 1302896434
2989.194787 634.999365 1302896437
2988.036280 663.999336 1302896440
2987.788029 683.999316 1302896442
2987.457027 704.332629 1302896444
2987.208776 725.332608 1302896446
2986.960524 746.554809 1302896448
2986.629523 766.888122 1302896450
2986.050269 792.888096 1302896453
2983.981508 816.110295 1302896457
2987.622528 835.888053 1302896486
3009.303148 840.221382 1302896491
3032.638777 839.110272 1302896494
3061.435937 837.443607 1302896497
3081.627048 837.665829 1302896499
3102.231912 837.776940 1302896501
3122.671275 837.554718 1302896503
3150.723680 837.999162 1302896506
3173.562807 838.443606 1302896509
3195.077926 839.110272 1302896513
