3201.863463 839.554716 1302896543
3222.882080 840.776937 1302896551
3244.810951 841.221381 1302896555
3266.326070 841.110270 1302896559
3288.172191 841.999158 1302896565
3309.687310 840.999159 1302896570
3315.810844 821.110290 1302896574
3315.231591 800.665866 1302896579
3316.059095 778.332555 1302896591
3316.803849 750.554805 1302896594
3317.300352 728.443716 1302896596
3317.631354 706.221516 1302896598
3317.052101 685.665981 1302896600
3315.728093 659.443785 1302896603
3315.148840 639.332694 1302896606
3316.307347 617.554938 1302896634
3317.052101 596.777181 1302896644
3298.681499 584.999415 1302896657
3275.759622 584.888304 1302896660
3247.293465 585.221637 1302896663
3226.274848 584.888304 1302896665
3205.338983 584.666082 1302896667
3184.982370 584.554971 1302896669
3158.667724 584.888304 1302896672
3135.580347 584.666082 1302896676
3110.506958 583.666083 1302896700
3084.937067 583.443861 1302896703
3055.726155 583.666083 1302896706
3026.763495 582.888306 1302896709
2998.628339 581.888307 1302896712
2970.906936 580.888308 1302896715
2941.613274 579.666087 1302896718
2921.422162 579.110532 1302896720
2895.107516 578.221644 1302896723
2872.847643 577.443867 1302896727
2850.587770 577.888311 1302896732
2828.989901 577.221645 1302896735
2804.992268 576.332757 1302896738
2783.973652 575.888313 1302896741
2763.617039 575.666091 1302896745
2743.343177 573.666093 1302896749
2719.262794 572.777205 1302896753
2694.520407 571.110540 1302896756
2668.454012 570.221652 1302896759
2641.642864 569.110542 1302896762
2617.810732 569.110542 1302896765
2594.309602 568.888320 1302896769
2574.201241 569.110542 1302896788
2549.293353 566.999433 1302896793
2525.874974 566.110545 1302896796
2500.387833 566.221656 1302896799
2472.087176 565.666101 1302896802
2451.647813 565.221657 1302896804
2430.546446 564.777213 1302896806
2409.610580 564.221658 1302896808
2388.343713 564.443880 1302896810
2366.911344 564.332769 1302896812
2345.396225 563.777214 1302896814
2323.632855 563.443881 1302896816
2302.034985 562.554993 1302896818
2281.512872 561.110550 1302896820
2252.798463 560.443884 1302896823
2228.635329 559.888329 1302896826
2205.630702 559.443885 1302896830
2185.522341 557.999442 1302896836
2161.690209 558.666108 1302896860
2135.292813 557.888331 1302896864
2107.654160 557.221665 1302896867
2086.718294 556.554999 1302896869
2064.127419 555.777222 1302896871
2041.371043 555.221667 1302896873
2018.614667 554.443890 1302896875
1995.527290 553.777224 1302896877
1972.770914 553.666113 1302896879
1950.759292 553.110558 1302896881
1929.326923 552.777225 1302896883
1908.473808 552.443892 1302896885
1888.034445 552.110559 1302896887
1859.071785 551.777226 1302896890
1834.825901 551.332782 1302896893
1813.724534 550.666116 1302896896
1792.209415 550.443894 1302896900
1771.770052 550.666116 1302896909
1746.282911 550.110561 1302896938
1724.933293 550.221672 1302896941
1697.791143 550.555005 1302896944
1676.855277 550.666116 1302896946
1653.767899 550.555005 1302896948
1629.853017 550.555005 1302896950
1608.006896 550.777227 1302896952
1587.733034 550.999449 1302896954
1558.935874 551.555004 1302896957
1534.441739 551.888337 1302896960
1513.092121 556.221666 1302896965
1509.533851 576.554979 1302896973
1509.864853 597.666069 1302896978
1509.037348 622.888266 1302896981
1508.375345 652.777125 1302896984
1508.044343 673.888215 1302896986
1507.713341 694.777083 1302896988
1507.134088 715.221507 1302896990
1506.472084 743.777034 1302896993
1506.472084 766.554789 1302896996
1506.637585 787.221435 1302897000
1498.941792 808.999191 1302897009
1475.026910 810.665856 1302897013
1453.594542 808.443636 1302897016
1432.741426 806.221416 1302897019
1411.805560 804.221418 1302897022
1388.056179 805.888083 1302897026
1367.947818 804.776973 1302897030
1347.094702 806.554749 1302897040
1326.407088 808.999191 1302897053
1303.981714 810.665856 1302897073
1284.204354 819.443625 1302897079
1253.752186 817.888071 1302897083
1230.333806 817.110294 1302897085
1208.239434 816.999183 1302897087
1180.104279 819.665847 1302897090
1156.023895 817.888071 1302897093
1134.757028 812.888076 1302897098
1120.192947 826.776951 1302897109
1116.386426 848.665818 1302897117
1113.821162 871.110240 1302897121
1112.083402 891.110220 1302897124
1110.180142 914.776863 1302897127
1107.697628 938.221284 1302897130
1104.718612 958.221264 1302897133
1101.822346 978.332355 1302897136
1099.422582 998.776779 1302897139
1096.691817 1023.332310 1302897143
1098.595078 1043.887845 1302897151
1115.807173 1056.887832 1302897157
1136.163785 1053.443391 1302897162
