1151.141618 1064.887824 1302140731
1172.491236 1067.776710 1302140737
1202.612403 1069.110042 1302140740
1228.182295 1070.221152 1302140742
1255.572696 1070.998929 1302140744
1283.790602 1072.110039 1302140746
1311.677506 1073.776704 1302140748
1339.398910 1074.110037 1302140750
1365.961807 1074.332259 1302140752
1391.448948 1074.998925 1302140754
1415.612081 1075.443369 1302140756
1439.609714 1075.221147 1302140758
1463.193595 1074.554481 1302140760
1490.087493 1070.887818 1302140763
1507.051337 1059.332274 1302140770
1506.058332 1038.221184 1302140773
1505.230827 1007.221215 1302140776
1505.396328 980.665686 1302140778
1506.472084 950.110161 1302140780
1507.216838 918.332415 1302140782
1507.796091 887.332446 1302140784
1508.209844 859.443585 1302140786
1508.789097 836.443608 1302140788
1509.616602 815.888073 1302140791
1512.181866 795.332538 1302140798
1510.609607 771.332562 1302140801
1508.954598 749.554806 1302140803
1507.465090 722.554833 1302140805
1507.051337 692.221530 1302140807
1507.465090 662.221560 1302140809
1508.292594 635.443809 1302140811
1509.368350 613.110498 1302140813
1510.857858 588.443856 1302140816
1512.678368 563.443881 1302140820
1517.395145 539.221683 1302140824
1537.669007 533.555022 1302140828
1564.645656 536.221686 1302140831
1587.484782 537.221685 1302140833
1615.619938 537.555018 1302140835
1646.154857 537.555018 1302140837
1677.269029 537.555018 1302140839
1707.969449 537.666129 1302140841
1737.676863 537.888351 1302140843
1767.549778 538.332795 1302140845
1798.001947 539.332794 1302140847
1828.619616 540.110571 1302140849
1859.402787 540.888348 1302140851
1889.358452 541.555014 1302140853
1918.321113 541.999458 1302140855
1946.125266 542.443902 1302140857
1973.432917 543.110568 1302140859
2001.319822 543.666123 1302140861
2029.537728 544.332789 1302140863
2057.590133 544.999455 1302140865
2085.808039 545.443899 1302140867
2114.770699 545.666121 1302140869
2144.560864 546.110565 1302140871
2175.178534 546.888342 1302140873
2206.209955 547.443897 1302140875
2236.827625 548.221674 1302140877
2266.948791 549.332784 1302140879
2297.235459 550.221672 1302140881
2327.522126 550.777227 1302140883
2358.139796 551.443893 1302140885
2388.840216 552.332781 1302140887
2419.623386 552.888336 1302140889
2450.241055 553.555002 1302140891
2480.941475 554.555001 1302140893
2511.476394 555.332778 1302140895
2542.176814 555.999444 1302140897
2573.208236 556.999443 1302140899
2604.570659 557.554998 1302140901
2636.181334 558.554997 1302140903
2666.799003 559.332774 1302140905
2693.941153 559.666107 1302140907
2717.690535 559.888329 1302140909
2745.411938 558.443886 1302140912
2765.437549 561.554994 1302140922
2785.628661 569.999430 1302140940
2807.640282 574.332759 1302140943
2838.837205 576.110535 1302140946
2863.331341 576.110535 1302140948
2889.232234 575.554980 1302140950
2912.733364 574.554981 1302140952
2933.172727 574.777203 1302140954
2956.011853 575.332758 1302140957
2978.271726 583.443861 1302140971
2984.395260 604.666062 1302140974
2985.305515 633.443811 1302140977
2985.471016 655.332678 1302140979
2985.471016 678.554877 1302140981
2985.140014 702.554853 1302140983
2984.726262 727.443717 1302140985
2984.312510 752.332581 1302140987
2983.981508 777.332556 1302140989
2982.905752 799.999200 1302140991
2981.250743 822.776955 1302140994
2987.788029 842.776935 1302141021
3014.433676 844.221378 1302141025
3035.121291 843.776934 1302141027
3059.449926 844.332489 1302141029
3087.419580 844.776933 1302141031
3118.120000 844.776933 1302141033
3147.413662 844.443600 1302141035
3172.321550 844.332489 1302141037
3198.636196 843.443601 1302141040
