3316.059095 621.443823 1302921029
3315.645343 599.777178 1302921043
3298.350497 582.554973 1302921051
3275.511371 581.666085 1302921054
3245.803956 580.777197 1302921057
3225.695595 580.666086 1302921059
3203.932225 580.554975 1302921061
3179.769091 580.110531 1302921063
3157.426468 579.666087 1302921065
3134.918343 579.554976 1302921068
3110.010455 579.221643 1302921091
3085.433569 578.999421 1302921094
3056.967412 578.332755 1302921097
3028.087502 578.221644 1302921100
3001.110853 577.443867 1302921103
2975.044459 577.110534 1302921106
2944.840541 576.777201 1302921109
2922.663419 576.332757 1302921111
2900.238045 575.554980 1302921113
2879.053928 574.554981 1302921115
2858.531814 573.999426 1302921117
2837.761449 573.554982 1302921119
2817.653088 572.888316 1302921121
2789.352431 572.221650 1302921124
2760.720773 571.999428 1302921127
2739.950408 571.443873 1302921129
2718.021537 570.888318 1302921131
2694.685908 570.443874 1302921133
2670.026271 569.666097 1302921135
2645.945888 568.999431 1302921137
2621.948255 568.554987 1302921139
2597.950622 567.999432 1302921141
2574.945995 567.443877 1302921143
2552.520621 566.666100 1302921145
2530.426249 565.999434 1302921147
2508.580128 565.666101 1302921149
2486.320255 565.221657 1302921151
2463.232877 564.332769 1302921153
2440.145499 563.888325 1302921155
2418.216628 563.666103 1302921157
2396.949760 563.443881 1302921159
2375.517392 563.332770 1302921161
2353.340269 562.999437 1302921163
2330.418392 562.554993 1302921165
2306.917262 561.666105 1302921167
2282.919630 560.666106 1302921169
2259.501250 560.443884 1302921171
2236.662124 560.221662 1302921173
2214.402251 559.777218 1302921175
2192.225128 558.777219 1302921177
2170.296257 558.332775 1302921179
2147.622631 557.666109 1302921181
2124.452503 556.999443 1302921183
2100.951373 556.110555 1302921185
2076.953740 554.777223 1302921187
2052.542355 553.666113 1302921189
2027.717218 553.221669 1302921191
2002.230077 552.666114 1302921193
1976.991187 552.221670 1302921195
1951.752298 551.555004 1302921197
1914.349091 550.666116 1302921200
1889.937706 549.999450 1302921202
1865.857322 549.666117 1302921204
1842.438943 549.332784 1302921206
1820.261820 548.999451 1302921208
1794.195426 548.666118 1302921211
1772.432055 549.332784 1302921215
1749.923931 549.777228 1302921221
1724.519540 549.777228 1302921225
1694.977627 550.221672 1302921228
1671.807499 550.110561 1302921230
1646.899611 549.888339 1302921232
1621.908973 550.110561 1302921234
1597.166586 550.555005 1302921236
1573.830957 551.110560 1302921238
1553.143342 551.555004 1302921240
1528.152704 551.666115 1302921243
1508.789097 560.443884 1302921247
1507.382339 587.666079 1302921251
1507.547840 617.110494 1302921254
1507.216838 640.443804 1302921256
1506.554835 666.110445 1302921258
1505.810080 692.999307 1302921260
1504.817075 718.554837 1302921262
1503.824069 742.221480 1302921264
1502.996565 762.777015 1302921266
1502.086310 785.554770 1302921269
1497.204033 808.332525 1302921276
1473.951154 811.443633 1302921280
1447.305507 811.110300 1302921283
1425.459386 810.999189 1302921285
1401.130751 810.888078 1302921287
1376.884867 811.110300 1302921289
1353.880240 810.665856 1302921291
1325.993336 810.332523 1302921294
1305.636723 807.888081 1302921301
1284.949109 796.665870 1302921306
1264.013243 786.443658 1302921309
1239.353606 787.999212 1302921311
1213.287212 790.332543 1302921313
1189.124078 790.665876 1302921315
1159.995917 790.332543 1302921318
1139.804806 790.888098 1302921321
1113.407410 791.443653 1302921325
1083.865496 791.999208 1302921328
1059.785113 792.221430 1302921330
1033.884220 792.221430 1302921332
1009.803836 792.665874 1302921334
988.040466 793.332540 1302921336
963.546331 794.888094 1302921339
942.196712 797.332536 1302921353
915.799316 794.888094 1302921357
886.422904 792.776985 1302921360
862.756273 791.776986 1302921362
836.110626 791.332542 1302921364
807.230716 790.888098 1302921366
776.364795 790.554765 1302921368
744.588619 790.776987 1302921370
712.564192 790.888098 1302921372
682.112024 790.554765 1302921374
653.894117 790.443654 1302921376
627.082969 790.554765 1302921378
603.085336 791.221431 1302921380
582.397722 791.332542 1302921382
558.317339 791.665875 1302921385
534.154205 791.332542 1302921398
513.052838 789.888099 1302921401
481.938666 789.221433 1302921404
456.948028 788.554767 1302921406
429.309375 787.999212 1302921408
401.587972 787.332546 1302921410
375.687078 786.999213 1302921412
352.599701 786.665880 1302921414
325.374800 786.110325 1302921417
304.687186 787.665879 1302921421
281.517057 785.554770 1302921435
256.195417 784.665882 1302921438
235.590553 784.888104 1302921440
208.696655 784.999215 1302921443
188.422792 783.999216 1302921453
164.507910 782.776995 1302921457
138.855268 782.221440 1302921460
115.767890 781.999218 1302921463
91.935759 784.888104 1302921467
87.053482 807.443637 1302921472
88.046487 834.888054 1302921476
87.136232 865.776912 1302921479
86.639729 890.554665 1302921481
85.812225 916.221306 1302921483
85.481223 941.443503 1302921485
85.067471 965.332368 1302921487
85.315722 987.110124 1302921489
85.481223 1009.110102 1302921492
85.150221 1034.332299 1302921510
84.157216 1060.443384 1302921513
83.081460 1082.554473 1302921515
82.171205 1106.998893 1302921517
81.509201 1133.665533 1302921519
81.095449 1161.998838 1302921521
80.764447 1189.221033 1302921523
80.516195 1214.109897 1302921525
79.854192 1236.887652 1302921527
79.605940 1257.776520 1302921529
79.357689 1281.998718 1302921532
