2898.500285 1375.554180 1302881216
2921.753164 1376.331957 1302881224
2944.261288 1378.554177 1302881227
2971.237938 1383.665283 1302881230
2992.256554 1384.109727 1302881232
3014.516427 1384.554171 1302881234
3034.873040 1385.109726 1302881236
3055.808905 1385.554170 1302881239
3076.496520 1385.331948 1302881246
3096.273879 1381.887507 1302881251
3119.526758 1382.443062 1302881275
3142.117633 1383.331950 1302881278
3172.404300 1384.109727 1302881281
3192.843663 1384.554171 1302881283
3220.482316 1384.109727 1302881286
3242.659439 1380.665286 1302881290
3264.009057 1375.998624 1302881317
3287.841189 1371.776406 1302881321
3306.294541 1358.665308 1302881327
3307.370297 1330.332003 1302881331
3306.956545 1310.332023 1302881333
3306.873794 1287.332046 1302881335
3307.287547 1262.332071 1302881337
3308.032301 1236.443208 1302881339
3309.439059 1210.443234 1302881341
3311.094068 1185.332148 1302881343
3312.004323 1163.221059 1302881345
3312.087073 1141.109970 1302881348
3315.397091 1117.443327 1302881367
3317.548603 1095.110016 1302881370
3318.955361 1066.887822 1302881373
3319.369113 1046.776731 1302881375
3320.527620 1026.665640 1302881377
3322.348130 1004.887884 1302881379
3323.672137 980.999019 1302881381
3324.416891 957.443487 1302881383
3326.320152 935.776842 1302881385
3328.637165 915.887973 1302881387
3330.126673 890.110221 1302881390
3330.788677 869.443575 1302881394
3340.222229 849.999150 1302881411
3361.654597 849.999150 1302881414
3391.279261 853.443591 1302881417
3415.111393 855.665811 1302881419
3440.929536 857.776920 1302881421
3467.657934 859.110252 1302881423
3494.386332 859.665807 1302881425
3521.611232 860.332473 1302881427
3548.670632 860.999139 1302881429
3574.737026 861.554694 1302881431
3600.058666 861.999138 1302881433
3625.132055 862.443582 1302881435
3647.309178 863.221359 1302881437
3669.486300 863.888025 1302881440
3691.084170 863.665803 1302881450
3713.923296 870.554685 1302881455
3716.405810 897.443547 1302881459
3715.164553 927.332406 1302881462
3714.254298 950.443494 1302881464
3713.757795 975.554580 1302881466
3713.675045 1002.110109 1302881468
3713.757795 1029.110082 1302881470
3713.592294 1054.776723 1302881472
3712.847540 1077.776700 1302881474
3712.268287 1101.332232 1302881477
3727.659872 1118.221104 1302881484
3751.161002 1117.332216 1302881487
3781.530420 1116.887772 1302881490
3801.556031 1117.109994 1302881492
3825.139911 1113.221109 1302881496
3826.298418 1088.665578 1302881501
3825.719165 1061.776716 1302881505
3826.877671 1037.665629 1302881508
3828.118928 1007.776770 1302881511
3829.029183 984.776793 1302881513
3830.187689 960.443484 1302881515
3830.766943 936.221286 1302881517
3831.346196 913.999086 1302881519
3831.015194 886.665780 1302881522
3817.030367 872.221350 1302881526
3796.673754 870.888018 1302881529
3767.711094 869.554686 1302881532
3744.789217 868.999131 1302881534
3719.798579 867.999132 1302881536
3692.987430 867.443577 1302881538
3664.521273 866.110245 1302881540
3635.724114 864.332469 1302881542
3608.168211 863.110248 1302881544
3581.936316 862.110249 1302881546
3556.531925 861.554694 1302881548
3532.120540 860.888028 1302881550
3507.957407 860.221362 1302881552
3483.049519 859.554696 1302881554
3458.141631 859.110252 1302881556
3433.895747 858.443586 1302881558
3410.560118 856.554699 1302881560
3388.548496 853.999146 1302881562
3363.144106 852.554703 1302881565
3342.704743 851.554704 1302881577
3322.596381 836.888052 1302881583
3318.707110 813.888075 1302881586
3318.872611 784.554771 1302881589
3320.279368 750.332583 1302881592
3320.941372 727.665939 1302881594
3321.189624 706.443738 1302881596
3321.934378 677.110434 1302881599
3321.934378 652.999347 1302881602
3322.348130 632.888256 1302881605
3323.258385 611.888277 1302881609
