2534.398271 568.888320 1302923074
2511.062642 569.554986 1302923077
2482.265482 568.554987 1302923080
2459.674607 567.888321 1302923082
2437.000982 567.221655 1302923084
2414.492857 566.554989 1302923086
2391.488230 566.110545 1302923088
2367.242346 565.888323 1302923090
2343.079212 565.443879 1302923092
2318.088574 564.888324 1302923094
2293.180686 564.110547 1302923096
2268.686551 562.888326 1302923098
2245.516423 562.443882 1302923100
2224.580557 561.999438 1302923102
2200.913926 561.332772 1302923105
2180.805565 561.888327 1302923109
2160.200701 560.443884 1302923137
2135.458314 560.332773 1302923143
2108.150663 560.221662 1302923146
2085.973540 559.777218 1302923148
2062.555160 558.999441 1302923150
2039.550533 558.554997 1302923152
2016.545906 557.888331 1302923154
1993.624029 557.443887 1302923156
1970.702152 556.999443 1302923158
1948.028527 556.221666 1302923160
1926.347907 555.777222 1302923162
1905.494792 555.332778 1302923164
1875.621876 554.666112 1302923167
1854.272258 554.110557 1302923169
1832.508888 553.443891 1302923171
1811.490272 553.110558 1302923173
1782.775863 552.555003 1302923176
1761.591745 551.999448 1302923179
1739.166371 551.666115 1302923201
1714.754986 551.888337 1302923205
1685.709576 552.443892 1302923208
1662.456697 552.332781 1302923210
1636.721305 552.332781 1302923212
1609.165402 552.332781 1302923214
1581.940502 552.666114 1302923216
1557.363616 552.999447 1302923218
1536.758752 552.999447 1302923220
1513.919625 553.555002 1302923223
1499.686547 570.110541 1302923227
1500.017548 591.221631 1302923230
1501.010554 621.999378 1302923233
1501.010554 646.554909 1302923235
1500.762303 673.332660 1302923237
1501.093304 699.777078 1302923239
1500.927803 725.332608 1302923241
1500.348550 749.221473 1302923243
1500.265800 769.665897 1302923245
1501.010554 792.110319 1302923248
1495.052521 812.888076 1302923260
1474.861409 815.443629 1302923264
1448.877765 814.110297 1302923267
1427.279896 812.332521 1302923269
1403.778766 815.554740 1302923271
1378.953629 815.888073 1302923273
1354.955996 816.221406 1302923275
1333.440877 816.776961 1302923277
1311.263754 816.110295 1302923280
1289.169382 814.554741 1302923285
1266.495757 819.443625 1302923291
1240.843115 818.665848 1302923293
1215.852476 818.221404 1302923295
1193.344352 816.999183 1302923297
1168.932967 816.665850 1302923318
1147.831600 816.776961 1302923322
1125.819978 816.332517 1302923325
1094.209303 815.221407 1302923328
1066.901652 813.999186 1302923330
1036.780486 812.332521 1302923332
1008.231578 811.110300 1302923334
981.585930 810.665856 1302923336
956.926294 809.776968 1302923338
933.507914 808.332525 1302923340
911.910045 806.665860 1302923342
889.401920 805.110306 1302923344
863.997530 803.776974 1302923346
835.448622 802.443642 1302923348
804.499951 801.554754 1302923350
771.399768 801.110310 1302923352
737.223828 800.332533 1302923354
702.303135 799.110312 1302923356
667.796194 797.999202 1302923358
634.861512 796.888092 1302923360
605.733351 796.888092 1302923362
580.990964 796.999203 1302923364
554.179816 796.888092 1302923367
533.161200 795.776982 1302923391
509.577319 795.999204 1302923395
480.118156 795.443649 1302923398
456.286024 794.999205 1302923400
430.385131 794.110317 1302923402
403.408482 793.332540 1302923404
376.100831 792.554763 1302923406
351.192943 791.554764 1302923408
328.850319 790.443654 1302923410
303.528679 789.888099 1302923413
281.930810 788.665878 1302923420
259.588186 788.110323 1302923424
233.190790 788.999211 1302923427
206.958895 788.332545 1302923430
186.602282 787.888101 1302923434
165.583666 789.443655 1302923438
138.772518 788.554767 1302923441
111.464867 788.665878 1302923444
89.039493 792.221430 1302923449
82.502206 813.332520 1302923453
84.653718 840.999159 1302923456
84.322716 863.443581 1302923458
83.826214 889.332444 1302923460
83.991715 917.110194 1302923462
85.481223 944.999055 1302923464
86.556979 972.221250 1302923466
86.556979 997.776780 1302923468
85.646724 1022.110089 1302923470
84.322716 1046.554509 1302923472
82.750458 1071.443373 1302923474
81.509201 1098.221124 1302923476
80.929948 1126.332207 1302923478
80.847197 1153.554402 1302923480
80.764447 1178.998821 1302923482
81.178199 1202.332131 1302923484
81.343700 1223.776554 1302923486
80.433445 1251.220971 1302923489
79.771441 1275.554280 1302923492
79.274939 1296.776481 1302923495
79.274939 1317.887571 1302923501
100.707307 1329.332004 1302923510
126.939202 1327.332006 1302923513
149.116325 1326.887562 1302923515
174.272464 1326.665340 1302923517
201.166363 1326.887562 1302923519
225.246746 1326.998673 1302923521
249.989133 1325.776452 1302923524
