3316.141846 603.999396 1302924660
3303.894778 586.888302 1302924675
3278.076635 585.888303 1302924679
3257.223520 586.888302 1302924682
3230.826124 586.554969 1302924686
3209.311005 586.999413 1302924689
3187.299383 586.554969 1302924692
3164.543007 586.110525 1302924695
3139.717870 585.443859 1302924698
3111.251712 585.554970 1302924701
3090.398597 585.888303 1302924703
3069.131729 586.221636 1302924705
3048.361364 585.999414 1302924707
3028.087502 585.777192 1302924709
3008.061891 585.332748 1302924711
2978.106226 584.221638 1302924714
2956.756607 583.332750 1302924716
2933.255477 582.666084 1302924718
2909.009593 581.999418 1302924720
2885.094711 581.332752 1302924722
2861.345330 580.443864 1302924724
2837.347697 580.332753 1302924726
2802.923506 579.999420 1302924729
2779.918879 579.332754 1302924731
2755.672995 578.443866 1302924733
2729.523850 577.777200 1302924735
2702.547201 577.110534 1302924737
2675.653302 576.777201 1302924739
2649.173156 576.443868 1302924741
2624.099767 576.110535 1302924743
2601.095140 575.777202 1302924745
2580.655777 575.332758 1302924747
2555.830639 574.999425 1302924750
2534.812023 574.332759 1302924754
2509.490383 574.777203 1302924781
2488.802769 573.888315 1302924784
2466.542895 573.332760 1302924787
2441.138505 572.666094 1302924790
2412.258595 571.999428 1302924793
2390.577975 571.554984 1302924795
2367.325097 571.110540 1302924797
2343.575715 570.888318 1302924799
2318.998829 570.221652 1302924801
2294.421943 569.666097 1302924803
2269.265804 569.110542 1302924805
2243.613162 569.332764 1302924807
2219.201777 568.666098 1302924809
2197.190155 568.221654 1302924811
2168.392996 566.666100 1302924814
2147.291629 565.999434 1302924817
2126.355763 566.110545 1302924844
2105.750899 565.443879 1302924849
2082.001518 565.110546 1302924852
2054.445616 564.777213 1302924855
2034.254504 564.443880 1302924857
2013.732390 563.777214 1302924859
1993.624029 563.110548 1302924861
1973.598418 562.443882 1302924863
1953.241806 561.888327 1302924865
1931.478435 561.443883 1302924867
1909.135812 561.110550 1302924869
1887.455192 560.554995 1302924871
1865.774572 560.332773 1302924873
1844.011201 559.443885 1302924875
1823.406337 558.554997 1302924877
1796.015936 557.777220 1302924880
1775.411072 557.554998 1302924883
1752.985698 557.554998 1302924888
1728.822564 557.110554 1302924911
1705.569686 557.221665 1302924914
1675.365768 557.110554 1302924917
1652.030139 556.666110 1302924919
1628.446259 556.777221 1302924921
1604.696878 556.777221 1302924923
1581.443999 557.332776 1302924925
1558.935874 557.777220 1302924927
1538.248260 558.110553 1302924929
1515.740135 558.888330 1302924932
1502.251811 578.110533 1302924937
1503.079315 600.110511 1302924940
1503.658569 630.332703 1302924943
1503.493068 654.332679 1302924945
1503.410317 680.332653 1302924947
1503.327567 706.332627 1302924949
1503.162066 730.443714 1302924951
1502.996565 751.777026 1302924953
1503.162066 775.443669 1302924956
1503.989570 795.665871 1302924961
1489.342739 810.665856 1302924967
1468.075872 809.999190 1302924971
1446.560753 814.443630 1302924978
1416.853338 813.110298 1302924981
1393.848711 812.554743 1302924983
1370.761333 812.665854 1302924985
1349.825468 813.332520 1302924987
1328.724101 814.776963 1302924990
1308.367488 816.110295 1302924995
1281.059837 817.332516 1302924999
1259.544718 817.110294 1302925001
1234.305828 816.665850 1302925003
1208.570436 816.443628 1302925005
1184.572803 816.110295 1302925007
1164.629943 817.999182 1302925009
1139.887556 818.221404 1302925012
1113.738411 817.443627 1302925015
1092.885296 816.443628 1302925017
1069.549667 815.443629 1302925019
1043.483273 814.999185 1302925021
1017.251378 814.110297 1302925023
993.584747 813.110298 1302925025
973.476385 812.776965 1302925027
952.126767 813.665853 1302925030
