3295.950734 847.443597 1303131583
3310.845816 831.221391 1303131601
3311.921572 803.776974 1303131605
3312.500825 775.332558 1303131608
3313.162829 754.777023 1303131610
3313.990334 733.888155 1303131612
3314.486836 712.999287 1303131614
3314.486836 692.888196 1303131616
3313.411080 665.554890 1303131619
3314.238585 644.443800 1303131622
3313.990334 624.332709 1303131640
3311.259569 603.666063 1303131649
3287.096435 592.554963 1303131654
3263.512554 590.110521 1303131657
3237.528911 588.666078 1303131660
3211.048764 587.666079 1303131663
3186.306377 586.221636 1303131666
3163.550001 584.554971 1303131670
3139.800620 583.110528 1303131677
3111.996466 582.443862 1303131681
3084.109562 581.554974 1303131684
3063.008195 581.110530 1303131686
3041.244825 580.777197 1303131688
3018.984952 580.554975 1303131690
2996.311326 580.110531 1303131692
2973.223949 579.443865 1303131694
2949.060815 578.777199 1303131696
2923.987426 577.999422 1303131698
2898.665786 577.777200 1303131700
2873.095895 577.443867 1303131702
2847.195001 577.443867 1303131704
2821.707860 577.443867 1303131706
2796.717222 576.777201 1303131708
2771.974835 575.999424 1303131710
2746.653195 575.221647 1303131712
2720.835052 574.888314 1303131714
2697.085671 575.221647 1303131716
2669.033266 574.999425 1303131719
2633.864321 574.110537 1303131723
2613.755960 573.443871 1303131725
2592.654593 572.666094 1303131727
2570.891223 571.888317 1303131729
2550.038107 571.554984 1303131731
2530.012497 571.443873 1303131733
2509.242132 571.110540 1303131735
2486.816758 570.554985 1303131737
2463.563879 569.888319 1303131739
2439.897248 569.332764 1303131741
2415.816865 568.777209 1303131743
2390.826227 568.666098 1303131745
2366.001089 568.221654 1303131747
2342.086207 567.888321 1303131749
2320.571088 567.443877 1303131751
2293.263437 566.888322 1303131754
2271.334566 566.666100 1303131757
2248.826441 566.443878 1303131762
2227.228571 564.999435 1303131785
2203.810192 564.888324 1303131790
2181.798570 564.221658 1303131793
2157.718187 563.221659 1303131796
2130.327785 562.443882 1303131799
2100.372120 561.666105 1303131802
2079.188003 561.221661 1303131804
2057.093630 560.443884 1303131806
2034.833757 559.777218 1303131808
2013.732390 559.332774 1303131810
1993.044776 558.999441 1303131812
1972.191661 558.443886 1303131814
1950.676542 557.888331 1303131816
1929.161423 557.666109 1303131818
1908.639309 557.110554 1303131820
1881.497159 556.554999 1303131823
1858.575282 556.110555 1303131826
1836.729161 556.554999 1303131832
1812.317776 556.888332 1303131861
1790.223404 556.666110 1303131864
1765.646518 556.332777 1303131867
1740.159377 556.221666 1303131870
1713.761981 555.888333 1303131873
1687.364585 555.666111 1303131876
1665.849466 556.110555 1303131879
1644.830850 556.221666 1303131884
1620.502215 556.888332 1303131889
1594.932324 557.777220 1303131893
1572.920702 558.554997 1303131897
1552.646840 559.221663 1303131901
1529.559462 559.777218 1303131905
1511.768113 572.443872 1303131910
1511.437112 593.221629 1303131914
1510.940609 617.888271 1303131917
1511.106110 646.110465 1303131920
1510.857858 675.665991 1303131923
1510.361356 705.443739 1303131926
1509.616602 725.443719 1303131928
1508.623596 754.443690 1303131931
1508.871847 776.777001 1303131934
1508.954598 798.888090 1303131946
1490.583996 808.999191 1303131951
1465.593358 807.221415 1303131955
1441.430224 806.999193 1303131958
1416.274085 806.554749 1303131961
1391.366197 806.776971 1303131964
1367.285814 808.665858 1303131967
1347.011952 809.888079 1303131970
1325.414082 810.776967 1303131975
1304.726468 812.776965 1303132004
1285.693863 827.665839 1303132010
1257.889709 827.999172 1303132013
1228.596047 824.999175 1303132016
1199.385135 822.776955 1303132019
1174.063495 820.665846 1303132022
1152.465626 819.443625 1303132026
1130.785006 817.776960 1303132035
1126.068230 840.443604 1303132041
1125.240725 861.888027 1303132046
1121.930707 882.110229 1303132050
1119.117191 906.221316 1303132054
1116.717428 932.110179 1303132058
1111.917901 957.332376 1303132062
1110.262892 978.443466 1303132065
1108.856134 999.221223 1303132068
1106.125369 1019.998980 1303132072
1105.959868 1041.554514 1303132080
1124.164969 1053.554502 1303132086
