1140.632310 1053.665613 1303150232
1165.788449 1054.998945 1303150240
1186.558814 1054.332279 1303150243
1210.308196 1055.110056 1303150246
1233.726575 1054.887834 1303150249
1254.414190 1056.221166 1303150252
1275.681057 1054.443390 1303150258
1300.092442 1054.776723 1303150264
1322.766068 1054.443390 1303150267
1348.501460 1053.332280 1303150270
1374.236853 1053.887835 1303150273
1394.676216 1054.776723 1303150276
1415.694832 1055.332278 1303150282
1439.030461 1059.443385 1303150299
1461.786837 1061.443383 1303150304
1483.219205 1061.776716 1303150312
1499.769297 1049.665617 1303150336
1499.107293 1026.887862 1303150341
1499.107293 1005.665661 1303150344
1499.355545 981.110130 1303150347
1498.859042 955.999044 1303150350
1498.445290 928.665738 1303150353
1498.279789 900.221322 1303150356
1498.776292 872.888016 1303150359
1499.355545 848.665818 1303150362
1497.948787 827.999172 1303150366
1492.239005 805.554750 1303150389
1493.149260 785.110326 1303150392
1494.804270 757.777020 1303150395
1494.225016 735.443709 1303150397
1493.811264 711.110400 1303150399
1493.728514 685.777092 1303150401
1492.983760 659.554896 1303150403
1492.570007 633.999366 1303150405
1492.239005 610.888278 1303150407
1491.246000 585.666081 1303150410
1490.666747 563.554992 1303150438
1494.473268 542.777235 1303150443
1515.078132 534.555021 1303150447
1543.709790 537.221685 1303150450
1564.728406 538.221684 1303150452
1586.740028 538.221684 1303150454
1607.758644 538.443906 1303150456
1636.473053 539.221683 1303150459
1664.442708 539.110572 1303150462
1692.743365 538.888350 1303150465
1722.864531 538.666128 1303150468
1744.793403 538.666128 1303150470
1768.046281 539.221683 1303150472
1791.878413 539.999460 1303150474
1816.124297 540.666126 1303150476
1841.114935 541.221681 1303150478
1866.933078 542.110569 1303150480
1893.661476 542.443902 1303150482
1921.051878 542.999457 1303150484
1949.104283 543.777234 1303150486
1977.487690 544.443900 1303150488
2005.953847 545.110566 1303150490
2034.171753 545.443899 1303150492
2061.562155 545.332788 1303150494
2088.290553 545.555010 1303150496
2114.936200 545.888343 1303150498
2141.995600 546.443898 1303150500
2169.799754 546.888342 1303150502
2198.431412 547.443897 1303150504
2227.063071 547.888341 1303150506
2255.529228 548.110563 1303150508
2283.581633 548.221674 1303150510
2311.634038 548.443896 1303150512
2339.851945 548.777229 1303150514
2367.407847 549.443895 1303150516
2392.398485 550.110561 1303150518
2415.651364 550.666116 1303150520
2438.986993 551.110560 1303150522
2462.736374 551.443893 1303150524
2487.809763 551.999448 1303150526
2514.124409 552.443892 1303150528
2541.266559 552.777225 1303150530
2569.898217 553.332780 1303150532
2599.191879 554.221668 1303150534
2628.237290 554.443890 1303150536
2655.958693 554.888334 1303150538
2680.535579 555.666111 1303150540
2701.554196 556.554999 1303150542
2725.386327 557.554998 1303150545
2750.873468 556.888332 1303150550
2773.547094 556.777221 1303150553
2802.261503 557.110554 1303150556
2823.197369 557.554998 1303150558
2844.795238 558.110553 1303150560
2865.896605 558.332775 1303150562
2886.004966 558.888330 1303150564
2910.664602 559.999440 1303150567
2933.834731 561.221661 1303150571
2958.163365 564.888324 1303150576
2978.437227 564.999435 1303150588
2994.490816 577.443867 1303150593
2996.890579 604.443840 1303150597
2995.152820 631.777146 1303150600
2993.580561 652.666014 1303150602
2992.504805 674.777103 1303150604
2991.677301 697.888191 1303150606
2990.849796 720.999279 1303150608
2989.774040 743.999256 1303150610
2988.450033 766.777011 1303150612
2986.960524 787.999212 1303150614
2984.560761 811.221411 1303150617
