3006.489633 580.666086 1303219337
2986.464022 581.554974 1303219357
2963.459394 579.110532 1303219377
2940.289266 577.999422 1303219380
2911.740358 576.777201 1303219383
2891.383746 576.221646 1303219385
2870.861632 575.666091 1303219387
2850.174018 575.221647 1303219389
2829.403653 574.888314 1303219391
2808.302286 574.332759 1303219393
2786.787167 573.888315 1303219395
2764.610044 573.443871 1303219397
2741.108914 573.221649 1303219399
2717.442283 572.999427 1303219401
2696.589168 572.554983 1303219403
2674.081044 572.110539 1303219406
2653.558930 571.999428 1303219420
2633.036817 571.777206 1303219436
2611.273446 571.554984 1303219439
2586.282808 570.666096 1303219442
2559.968162 569.666097 1303219445
2532.329509 569.221653 1303219448
2493.933297 568.332765 1303219452
2463.894881 567.888321 1303219455
2443.455518 567.221655 1303219457
2422.767903 566.777211 1303219459
2401.997538 566.110545 1303219461
2381.227173 565.443879 1303219463
2360.953311 565.110546 1303219465
2333.811161 564.332769 1303219468
2309.979029 563.777214 1303219471
2288.132908 563.554992 1303219476
2263.473272 562.888326 1303219493
2242.289155 562.443882 1303219496
2215.726258 562.110549 1303219499
2186.018844 561.221661 1303219502
2165.165728 560.777217 1303219504
2143.650609 560.554995 1303219506
2121.142485 559.999440 1303219508
2098.137857 559.554996 1303219510
2075.133230 559.110552 1303219512
2052.459605 558.554997 1303219514
2030.282482 558.221664 1303219516
2009.512117 557.888331 1303219518
1982.783719 557.221665 1303219521
1958.372334 556.666110 1303219524
1934.540202 556.110555 1303219527
1911.618325 555.999444 1303219530
1891.592715 556.110555 1303219537
1870.408597 556.221666 1303219565
1847.900473 555.888333 1303219571
1826.468104 555.777222 1303219574
1798.994952 555.443889 1303219577
1778.721090 555.110556 1303219579
1757.702474 554.777223 1303219581
1736.352856 554.555001 1303219583
1714.589485 554.555001 1303219585
1692.743365 554.777223 1303219587
1669.821488 554.555001 1303219589
1645.658354 554.443890 1303219591
1620.998718 554.332779 1303219593
1596.504582 554.332779 1303219595
1572.920702 554.443890 1303219597
1552.398588 554.555001 1303219599
1529.228460 555.110556 1303219602
1509.947603 567.999432 1303219607
1509.616602 590.221632 1303219611
1508.789097 611.332722 1303219614
1508.458095 637.554918 1303219617
1507.961592 666.110445 1303219620
1507.382339 695.554860 1303219623
1506.472084 723.665943 1303219626
1505.561829 748.221474 1303219629
1504.982576 771.777006 1303219633
1504.072321 792.776985 1303219640
1493.480262 810.110301 1303219650
1473.123650 810.888078 1303219654
1447.719259 814.776963 1303219659
1421.818366 818.443626 1303219662
1394.096962 818.999181 1303219665
1366.954812 818.999181 1303219668
1344.943191 819.332514 1303219671
1324.752079 817.888071 1303219678
1311.925758 800.443644 1303219698
1288.259127 800.443644 1303219701
1258.468962 800.665866 1303219704
1237.946849 800.999199 1303219706
1217.507486 800.776977 1303219708
1197.399124 800.332533 1303219710
1170.505225 800.776977 1303219713
1148.162602 801.332532 1303219717
1130.288503 811.888077 1303219723
1128.964496 835.443609 1303219727
1130.040252 861.554694 1303219730
1129.378248 887.999112 1303219733
1128.716244 913.665753 1303219736
1127.640488 937.665729 1303219739
1126.150980 959.332374 1303219742
1125.240725 979.665687 1303219745
1123.999468 1004.665662 1303219749
1124.247720 1027.110084 1303219757
1124.247720 1048.443396 1303219763
