1145.183585 1052.887836 1303220878
1169.181218 1051.110060 1303220888
1189.537831 1050.221172 1303220896
1212.294207 1050.776727 1303220908
1233.312823 1050.665616 1303220911
1254.745192 1051.998948 1303220914
1276.094810 1053.776724 1303220917
1299.182187 1057.443387 1303220920
1325.414082 1059.110052 1303220923
1353.300987 1060.998939 1303220926
1379.781133 1061.776716 1303220929
1403.613265 1063.332270 1303220932
1425.624887 1064.887824 1303220935
1449.291518 1069.443375 1303220939
1470.227384 1072.332261 1303220948
1489.342739 1065.221157 1303220956
1489.921993 1040.998959 1303220960
1490.170244 1013.554542 1303220963
1491.328750 992.776785 1303220965
1491.990754 970.665696 1303220967
1492.652758 948.332385 1303220969
1493.480262 925.665741 1303220971
1494.721519 903.221319 1303220973
1495.714525 881.221341 1303220975
1496.624780 861.221361 1303220977
1497.286783 837.999162 1303220980
1499.272794 816.888072 1303220988
1499.934798 791.776986 1303220993
1500.183049 766.888122 1303220996
1500.348550 738.110373 1303220999
1500.514051 708.888180 1303221002
1500.183049 679.665987 1303221005
1500.927803 649.888239 1303221008
1501.589807 620.666046 1303221011
1502.169060 596.666070 1303221014
1503.079315 576.666090 1303221019
1504.320572 556.110555 1303221034
1512.595618 537.666129 1303221039
1533.862486 535.666131 1303221043
1559.928880 534.666132 1303221046
1590.215547 534.332799 1303221049
1611.730666 534.555021 1303221051
1632.997534 534.777243 1303221053
1654.843655 535.221687 1303221055
1677.434530 535.443909 1303221057
1700.935660 535.666131 1303221059
1724.933293 535.777242 1303221061
1749.923931 535.888353 1303221063
1776.486828 536.332797 1303221065
1804.042730 536.999463 1303221067
1832.012385 537.666129 1303221069
1860.230291 537.999462 1303221071
1888.199946 538.443906 1303221073
1916.417852 539.221683 1303221075
1944.801259 539.666127 1303221077
1973.432917 540.666126 1303221079
2001.981825 541.443903 1303221081
2030.613484 542.332791 1303221083
2058.665889 542.888346 1303221085
2086.552793 544.110567 1303221087
2114.108696 545.221677 1303221089
2142.243851 545.888343 1303221091
2170.958260 546.443898 1303221093
2199.838170 547.110564 1303221095
2228.635329 547.555008 1303221097
2257.018736 547.999452 1303221099
2285.484894 548.555007 1303221101
2313.620049 548.999451 1303221103
2341.424203 549.110562 1303221105
2369.062856 549.332784 1303221107
2394.963749 550.110561 1303221109
2419.126883 550.777227 1303221111
2442.297011 551.555004 1303221113
2465.053387 552.110559 1303221115
2487.809763 552.221670 1303221117
2510.979891 552.555003 1303221119
2534.398271 553.110558 1303221121
2558.313153 553.666113 1303221123
2582.972790 554.221668 1303221125
2607.963428 554.777223 1303221127
2633.036817 555.443889 1303221129
2657.530952 555.888333 1303221131
2680.618330 556.999443 1303221133
2702.298950 557.554998 1303221135
2727.124087 557.666109 1303221138
2749.880463 557.888331 1303221162
2776.857112 558.443886 1303221166
2806.150774 558.666108 1303221169
2828.741649 558.777219 1303221171
2853.401286 559.110552 1303221173
2879.550430 559.554996 1303221175
2905.782325 559.666107 1303221177
2931.021215 560.443884 1303221179
2953.363839 562.332771 1303221181
2976.285715 564.332769 1303221184
2993.497811 579.888309 1303221196
2992.587556 604.110507 1303221200
2992.256554 627.888261 1303221203
2991.677301 655.999344 1303221206
2990.767046 686.221536 1303221209
2990.187792 707.332626 1303221211
2989.525789 728.888160 1303221213
2989.443038 751.221471 1303221215
2988.863785 773.554782 1303221217
2988.284532 795.332538 1303221219
2985.222765 821.110290 1303221222
2993.497811 840.776937 1303221227
3019.729706 838.999161 1303221231
3049.768122 836.443608 1303221234
3072.607248 835.999164 1303221236
3096.191129 835.776942 1303221238
3119.775009 835.888053 1303221240
3141.952132 835.221387 1303221242
3167.604774 834.888054 1303221245
3188.209638 834.332499 1303221255
3209.890258 834.554721 1303221284
3233.556889 836.221386 1303221290
3256.147764 836.665830 1303221294
3276.504376 836.332497 1303221314
3297.026490 838.332495 1303221319
3317.134851 832.776945 1303221323
3320.610370 810.554745 1303221327
3318.872611 784.999215 1303221330
3318.541609 754.777023 1303221333
3319.038112 734.221488 1303221335
3319.451864 713.221509 1303221337
3319.369113 692.332641 1303221339
3318.541609 672.332661 1303221341
3317.796855 647.332686 1303221344
3317.217602 626.332707 1303221351
