954.526531 811.999188 1302145706
930.528898 815.332518 1302145718
900.490482 814.888074 1302145721
876.244598 813.332520 1302145723
831.724851 812.888076 1302145726
798.872920 813.110298 1302145728
763.952226 813.443631 1302145730
727.624775 813.665853 1302145732
690.552570 814.110297 1302145734
654.638872 813.665853 1302145736
620.876685 813.443631 1302145738
591.748524 813.554742 1302145740
569.405900 813.221409 1302145742
547.725280 813.554742 1302145746
526.623913 809.443635 1302145772
496.254495 807.665859 1302145775
472.422364 806.888082 1302145777
448.590232 805.999194 1302145779
425.668355 804.443640 1302145781
402.829229 802.554753 1302145783
379.162598 800.110311 1302145785
358.226732 798.665868 1302145787
331.332833 797.443647 1302145790
311.307222 796.443648 1302145793
291.198861 792.776985 1302145814
262.815454 791.443653 1302145818
235.590553 794.110317 1302145821
212.916928 795.443649 1302145824
191.153558 795.776982 1302145831
169.390187 798.554757 1302145834
144.565050 803.110308 1302145838
130.166470 818.221404 1302145842
124.870441 841.999158 1302145846
118.498656 869.443575 1302145850
113.450878 890.332443 1302145852
110.968364 915.221307 1302145854
110.389111 941.999058 1302145856
110.140859 965.999034 1302145858
110.885613 993.554562 1302145861
105.175832 1013.998986 1302145865
92.928764 1031.776746 1302145890
93.590768 1056.998943 1302145893
93.673518 1077.776700 1302145895
93.590768 1102.110009 1302145897
91.522006 1127.332206 1302145899
89.784247 1153.221069 1302145901
88.625740 1181.554374 1302145903
87.136232 1209.887679 1302145905
85.067471 1235.998764 1302145907
83.577962 1257.998742 1302145909
81.674702 1283.776494 1302145912
76.047671 1303.443141 1302145921
85.398472 1322.665344 1302145935
107.327344 1323.443121 1302145938
138.110514 1323.665343 1302145941
163.266653 1324.887564 1302145943
189.829550 1326.220896 1302145945
215.316691 1327.887561 1302145947
242.210590 1328.220894 1302145950
266.952977 1331.887557 1302145965
292.771120 1333.887555 1302145968
315.858497 1335.109776 1302145970
343.331649 1336.331997 1302145972
372.873563 1337.331996 1302145974
401.587972 1337.887551 1302145976
427.240614 1338.443106 1302145978
453.886261 1341.220881 1302145981
474.904877 1341.665325 1302145988
500.143767 1342.887546 1302145991
522.900143 1343.331990 1302145993
548.966537 1343.887545 1302145995
579.087704 1344.665322 1302145997
612.270637 1345.331988 1302145999
645.950074 1345.887543 1302146001
679.215758 1346.331987 1302146003
711.405686 1346.554209 1302146005
742.271606 1346.443098 1302146007
771.979021 1347.220875 1302146009
800.196927 1347.887541 1302146011
824.194560 1347.776430 1302146013
849.433449 1346.331987 1302146016
870.948568 1341.776436 1302146021
879.140864 1319.109792 1302146025
881.623377 1288.665378 1302146028
883.609388 1262.776515 1302146030
884.519643 1233.332100 1302146032
885.098897 1202.109909 1302146034
885.926401 1170.665496 1302146036
887.664161 1139.998860 1302146038
890.394926 1111.998888 1302146040
891.553432 1088.998911 1302146042
892.711939 1067.332266 1302146045
912.820300 1060.665606 1302146049
940.045201 1061.221161 1302146052
961.477569 1062.221160 1302146054
985.309701 1065.110046 1302146057
1009.721086 1065.665601 1302146073
1035.704730 1067.332266 1302146076
1057.219849 1068.665598 1302146078
1078.155715 1069.554486 1302146080
1101.243092 1070.332263 1302146083
1128.385242 1073.665593 1302146087
1157.844405 1075.998924 1302146090
1184.159051 1077.998922 1302146092
1213.700964 1078.554477 1302146094
1242.415373 1077.332256 1302146096
1265.502751 1073.998926 1302146098
1285.693863 1067.887821 1302146101
