2977.526972 580.554975 1303225367
2955.018848 577.332756 1303225372
2928.869703 576.999423 1303225375
2902.720558 576.666090 1303225378
2878.474674 576.221646 1303225382
2857.290557 577.332756 1303225398
2836.354691 576.332757 1303225414
2810.619299 575.888313 1303225418
2781.822140 575.332758 1303225421
2759.810518 574.777203 1303225423
2736.143887 574.110537 1303225425
2711.484251 573.999426 1303225427
2686.576363 572.888316 1303225429
2661.502974 571.999428 1303225431
2636.429585 570.666096 1303225433
2613.590459 570.443874 1303225435
2592.985595 569.888319 1303225437
2564.602188 568.666098 1303225440
2534.977524 567.888321 1303225443
2512.717651 567.666099 1303225445
2487.809763 567.443877 1303225447
2461.743369 566.888322 1303225449
2435.345973 566.332767 1303225451
2408.534825 565.666101 1303225453
2381.806427 565.332768 1303225455
2355.160779 564.554991 1303225457
2328.928884 563.443881 1303225459
2305.179503 561.777216 1303225461
2283.664384 561.443883 1303225463
2256.604984 560.554995 1303225466
2233.352105 560.443884 1303225470
2212.664491 563.110548 1303225482
2187.177350 562.554993 1303225486
2160.200701 561.777216 1303225489
2140.175090 560.999439 1303225491
2119.735727 561.221661 1303225493
2098.634360 561.666105 1303225495
2076.374487 561.332772 1303225497
2053.866362 560.999439 1303225499
2031.109987 560.110551 1303225501
2007.939858 559.332774 1303225503
1984.438728 558.554997 1303225505
1960.772097 557.332776 1303225507
1937.932971 556.221666 1303225509
1916.666103 555.555000 1303225511
1896.640493 555.110556 1303225513
1869.250091 554.666112 1303225516
1848.065974 553.888335 1303225519
1824.564844 553.443891 1303225524
1803.628978 553.110558 1303225536
1779.714096 552.888336 1303225540
1752.820197 553.332780 1303225543
1732.049832 553.666113 1303225545
1710.120961 553.888335 1303225547
1687.530086 553.555002 1303225549
1664.111706 553.443891 1303225551
1640.858828 553.666113 1303225553
1618.350703 552.999447 1303225555
1596.339081 553.332780 1303225557
1574.989463 553.888335 1303225559
1554.963852 554.888334 1303225561
1533.117732 555.443889 1303225564
1512.678368 557.332776 1303225582
1505.148077 577.888311 1303225588
1505.313578 601.554954 1303225591
1505.727330 630.554925 1303225594
1505.727330 651.332682 1303225596
1505.561829 672.554883 1303225598
1505.148077 693.665973 1303225600
1504.568824 714.221508 1303225602
1504.320572 734.443710 1303225604
1504.486073 754.665912 1303225606
1504.734325 779.888109 1303225609
1504.403323 800.443644 1303225619
1485.949971 811.110300 1303225625
1460.545580 808.888080 1303225629
1438.699459 812.999187 1303225632
1410.316052 812.776965 1303225635
1382.263647 812.443632 1303225638
1358.017763 812.110299 1303225641
1337.743901 812.554743 1303225644
1316.642534 813.665853 1303225660
1292.727652 810.443634 1303225678
1272.784791 812.332521 1303225681
1251.352423 812.221410 1303225684
1223.382768 811.554744 1303225687
1195.992366 811.110300 1303225690
1169.263969 811.221411 1303225693
1145.762839 810.888078 1303225696
1125.737228 809.221413 1303225700
1108.276881 823.999176 1303225709
1107.532127 846.776931 1303225713
1105.380615 868.332465 1303225716
1102.815351 889.999110 1303225719
1100.912090 912.332421 1303225722
1099.008830 933.110178 1303225725
1098.677828 955.443489 1303225728
1100.167336 979.443465 1303225731
1100.167336 1002.665664 1303225734
1102.318848 1022.887866 1303225737
1105.959868 1043.554512 1303225742
1125.406226 1052.221170 1303225750
