3317.217602 629.888259 1303228829
3317.631354 609.221613 1303228850
3306.873794 589.221633 1303228860
3282.379659 587.554968 1303228864
3255.072008 585.888303 1303228867
3225.943847 584.777193 1303228870
3197.394939 583.999416 1303228873
3173.562807 583.221639 1303228876
3152.461440 581.554974 1303228892
3126.477796 580.443864 1303228898
3102.893916 579.999420 1303228901
3079.061784 579.221643 1303228904
3053.740144 578.666088 1303228907
3026.018741 577.666089 1303228910
2996.476827 576.888312 1303228913
2976.451216 576.554979 1303228915
2946.495551 576.221646 1303228918
2917.450140 575.443869 1303228921
2889.314984 574.110537 1303228924
2859.607570 573.332760 1303228927
2839.581959 572.999427 1303228929
2809.957295 572.110539 1303228932
2780.994635 571.110540 1303228935
2752.776729 569.888319 1303228938
2724.227821 568.666098 1303228941
2694.603157 567.999432 1303228944
2665.061244 567.110544 1303228947
2637.422591 566.221656 1303228950
2610.776943 565.443879 1303228953
2587.937817 564.554991 1303228956
2565.677944 564.666102 1303228961
2540.108052 563.777214 1303228983
2518.758434 563.221659 1303228986
2492.278288 562.554993 1303228989
2472.252677 562.110549 1303228991
2450.985809 561.777216 1303228993
2429.056938 561.110550 1303228995
2406.466063 560.666106 1303228997
2383.295935 560.110551 1303228999
2360.043056 559.554996 1303229001
2336.955679 558.666108 1303229003
2313.454549 558.110553 1303229005
2289.539666 557.777220 1303229007
2266.204037 557.332776 1303229009
2243.530412 556.777221 1303229011
2221.684291 556.332777 1303229013
2192.804381 555.888333 1303229016
2169.799754 555.666111 1303229019
2148.532886 554.999445 1303229024
2125.280007 554.110557 1303229051
2100.868622 552.999447 1303229054
2071.492210 552.110559 1303229057
2048.735834 551.555004 1303229059
2024.903702 551.221671 1303229061
2001.237071 550.777227 1303229063
1977.818692 550.221672 1303229065
1954.483063 549.555006 1303229067
1931.147434 549.110562 1303229069
1908.225557 548.999451 1303229071
1886.131184 548.332785 1303229073
1864.781566 547.888341 1303229075
1844.176702 547.443897 1303229077
1815.131292 546.888342 1303229080
1791.133659 546.666120 1303229083
1768.956536 545.999454 1303229087
1746.862164 545.777232 1303229115
1722.616280 546.443898 1303229119
1697.873893 546.777231 1303229122
1668.662981 546.332787 1303229125
1647.313363 546.555009 1303229127
1626.294747 546.777231 1303229129
1597.911340 547.332786 1303229132
1575.154964 547.888341 1303229135
1549.750574 548.443896 1303229139
1525.587440 548.888340 1303229143
1508.540846 564.999435 1303229148
1507.961592 592.443852 1303229152
1507.465090 620.332713 1303229155
1507.134088 649.221573 1303229158
1506.637585 677.777100 1303229161
1506.306583 705.888183 1303229164
1505.561829 733.443711 1303229167
1505.065326 759.999240 1303229170
1504.486073 780.554775 1303229173
1504.072321 801.332532 1303229182
1482.888204 809.110302 1303229188
1456.325307 805.443639 1303229192
1429.845160 805.110306 1303229195
1402.206507 804.776973 1303229198
1376.057363 803.999196 1303229201
1351.314976 803.665863 1303229204
1326.158837 803.665863 1303229208
1348.749712 809.776968 1303229222
1321.938563 806.888082 1303229225
1295.954919 806.443638 1303229227
1271.295283 805.776972 1303229229
1248.456157 805.110306 1303229231
1225.617030 804.443640 1303229233
1204.598414 804.888084 1303229235
1179.276774 809.221413 1303229238
1155.775644 813.443631 1303229243
1147.252347 836.221386 1303229248
1144.356081 857.999142 1303229251
1142.783822 883.221339 1303229254
1141.377064 908.221314 1303229257
1141.708066 933.887955 1303229260
1141.956318 957.665709 1303229263
1140.632310 980.554575 1303229266
1139.639305 1002.110109 1303229269
1138.398048 1022.110089 1303229272
1136.494787 1044.332289 1303229276
1120.937701 1057.443387 1303229282
1141.708066 1055.887833 1303229292
