1282.466595 1062.998937 1303230596
1302.740457 1062.221160 1303230601
1329.965358 1062.554493 1303230605
1353.300987 1062.554493 1303230608
1376.553865 1062.443382 1303230611
1398.234485 1062.110049 1303230614
1418.425597 1061.332272 1303230620
1441.099222 1064.332269 1303230634
1461.869587 1068.554487 1303230639
1482.308950 1068.887820 1303230649
1492.239005 1049.998950 1303230657
1492.735508 1022.887866 1303230661
1493.314761 994.221228 1303230664
1493.976765 973.999026 1303230666
1495.549024 952.665714 1303230668
1496.045526 930.999069 1303230670
1496.211027 909.554646 1303230672
1495.880026 888.332445 1303230674
1495.797275 867.888021 1303230676
1496.128277 841.221381 1303230679
1496.790281 820.888068 1303230683
1499.272794 799.332534 1303230689
1500.514051 774.888114 1303230692
1501.424306 744.665922 1303230695
1501.589807 723.221499 1303230697
1502.003559 701.665965 1303230699
1502.500062 679.999320 1303230701
1502.913814 658.666008 1303230703
1503.410317 630.110481 1303230706
1503.741319 608.443836 1303230709
1503.162066 587.888301 1303230717
1502.831064 567.554988 1303230721
1507.465090 544.666122 1303230725
1530.552467 538.332795 1303230729
1556.122359 538.666128 1303230732
1585.416021 539.110572 1303230735
1605.689883 539.332794 1303230737
1626.377497 539.777238 1303230739
1655.091906 540.110571 1303230742
1679.337790 540.443904 1303230745
1703.666425 540.443904 1303230748
1731.139577 540.443904 1303230751
1751.413439 540.443904 1303230753
1773.011309 540.777237 1303230755
1795.767685 541.221681 1303230757
1819.351565 541.666125 1303230759
1843.597449 542.110569 1303230761
1868.091585 542.332791 1303230763
1893.164973 542.443902 1303230765
1918.817615 542.888346 1303230767
1944.635758 543.443901 1303230769
1970.784903 543.888345 1303230771
1996.520295 544.332789 1303230773
2021.676434 544.777233 1303230775
2046.170570 545.443899 1303230777
2070.250953 546.221676 1303230779
2094.083085 546.777231 1303230781
2129.500281 547.221675 1303230784
2152.587659 547.777230 1303230786
2175.261284 548.110563 1303230788
2198.100410 548.555007 1303230790
2221.270539 549.221673 1303230792
2255.363727 550.221672 1303230795
2277.954602 550.666116 1303230797
2301.621233 550.332783 1303230799
2325.039613 550.332783 1303230801
2348.540743 550.443894 1303230803
2372.124623 550.777227 1303230805
2396.122256 551.110560 1303230807
2420.119889 551.555004 1303230809
2443.869270 551.777226 1303230811
2467.204899 552.443892 1303230813
2490.457778 553.110558 1303230815
2513.710656 553.777224 1303230817
2536.715284 554.666112 1303230819
2559.802661 555.443889 1303230821
2582.559037 555.999444 1303230823
2604.736160 556.554999 1303230825
2626.168529 557.221665 1303230827
2646.856143 557.443887 1303230829
2674.412045 558.221664 1303230832
2696.589168 558.332775 1303230835
2721.828058 559.221663 1303230839
2744.998186 558.666108 1303230842
2769.244070 559.221663 1303230845
2793.324453 559.999440 1303230848
2819.059846 560.110551 1303230851
2843.884983 560.777217 1303230854
2865.813854 561.221661 1303230857
2887.328973 561.110550 1303230861
2907.602835 561.554994 1303230884
2934.910487 562.999437 1303230888
2957.004859 565.666101 1303230891
2979.512983 567.332766 1303230895
2990.436044 584.110527 1303230900
2991.015297 608.443836 1303230904
2990.022291 631.332702 1303230907
2989.029286 656.777121 1303230910
2987.953530 684.110427 1303230913
2987.457027 711.777066 1303230916
2986.546772 739.332594 1303230919
2985.967519 767.332566 1303230922
2984.809013 793.776984 1303230925
2982.492000 814.554741 1303230928
