3315.562592 602.888286 1303237257
3300.998512 585.332748 1303237263
3278.490387 583.777194 1303237266
3251.927490 584.221638 1303237269
3223.709584 583.999416 1303237272
3196.070931 583.777194 1303237275
3168.763280 583.332750 1303237278
3141.869381 582.999417 1303237281
3116.630492 582.554973 1303237284
3092.715610 581.777196 1303237288
3070.372986 581.110530 1303237294
3044.058340 580.332753 1303237298
3017.909196 579.777198 1303237301
2987.622528 579.110532 1303237304
2966.686662 578.666088 1303237306
2945.585296 578.554977 1303237308
2914.967626 577.554978 1303237311
2886.335968 576.999423 1303237314
2857.290557 576.110535 1303237317
2828.410647 575.332758 1303237320
2799.447987 574.777203 1303237323
2769.906074 574.110537 1303237326
2740.198659 573.332760 1303237329
2711.898003 573.110538 1303237332
2686.410862 572.888316 1303237335
2663.240734 571.999428 1303237338
2641.891115 571.332762 1303237344
2620.872499 569.999430 1303237361
2597.702371 569.332764 1303237366
2570.642971 568.443876 1303237370
2545.404082 567.888321 1303237373
2515.365666 567.554988 1303237376
2492.526539 566.999433 1303237378
2468.859908 566.777211 1303237380
2445.441529 566.443878 1303237382
2422.271401 566.110545 1303237384
2399.432274 565.666101 1303237386
2376.262146 565.221657 1303237388
2352.595515 564.443880 1303237390
2328.349631 563.666103 1303237392
2304.020996 562.888326 1303237394
2280.519866 562.777215 1303237396
2259.666751 562.332771 1303237398
2234.096859 561.777216 1303237401
2209.685474 561.777216 1303237405
2189.577113 561.110550 1303237422
2165.993233 560.666106 1303237428
2145.636620 559.999440 1303237431
2121.804488 559.666107 1303237434
2096.151846 559.221663 1303237437
2066.858184 558.666108 1303237440
2046.584322 558.110553 1303237442
2025.648456 557.554998 1303237444
2003.967836 557.110554 1303237446
1981.873464 556.888332 1303237448
1960.110094 556.666110 1303237450
1938.594975 556.110555 1303237452
1916.831604 555.666111 1303237454
1894.737232 554.888334 1303237456
1872.891111 554.110557 1303237458
1852.120746 553.555002 1303237460
1822.992585 552.777225 1303237463
1797.753696 552.555003 1303237466
1774.583567 552.332781 1303237470
1751.909942 551.999448 1303237499
1729.650069 551.888337 1303237503
1705.817937 552.221670 1303237506
1678.262034 552.332781 1303237509
1657.657171 552.221670 1303237511
1636.059301 552.110559 1303237513
1613.716677 552.221670 1303237515
1590.712050 552.777225 1303237517
1568.203926 553.110558 1303237519
1547.185309 553.666113 1303237521
1523.518678 554.332779 1303237524
1507.299589 566.554989 1303237528
1506.968587 594.554961 1303237532
1507.216838 623.110488 1303237535
1506.885836 644.332689 1303237537
1506.637585 667.110444 1303237539
1506.058332 690.221532 1303237541
1505.727330 712.665954 1303237543
1505.230827 734.665932 1303237545
1505.148077 754.999245 1303237547
1504.403323 777.999222 1303237550
1504.734325 798.665868 1303237560
1486.694725 812.221410 1303237570
1459.800826 807.554748 1303237574
1435.968694 805.888083 1303237577
1412.053812 804.888084 1303237580
1389.297436 804.776973 1303237583
1368.692572 806.332527 1303237586
1345.770695 806.221416 1303237591
1324.834829 809.221413 1303237596
1301.168198 801.888087 1303237624
1275.267305 799.332534 1303237627
1248.042404 798.888090 1303237630
1222.555263 798.776979 1303237633
1194.916611 802.332531 1303237636
1171.498231 803.332530 1303237641
1155.279141 819.888069 1303237646
1153.210380 840.888048 1303237649
1151.472620 866.999133 1303237652
1149.321108 894.332439 1303237655
1147.252347 922.332411 1303237658
1145.514587 948.999051 1303237661
1145.018084 971.776806 1303237664
1145.100835 998.221224 1303237668
1145.018084 1018.332315 1303237671
1145.597338 1039.665627 1303237675
1135.832784 1058.665608 1303237683
