1420.411608 1070.887818 1303239028
1440.354468 1077.332256 1303239047
1461.621336 1078.887810 1303239061
1481.812448 1076.221146 1303239080
1492.652758 1056.443388 1303239086
1493.728514 1029.110082 1303239090
1495.631774 1002.554553 1303239093
1497.866037 973.776804 1303239096
1499.024543 944.554611 1303239099
1499.355545 924.110187 1303239101
1500.017548 903.999096 1303239103
1501.010554 875.665791 1303239106
1501.920809 851.999148 1303239109
1502.748314 831.221391 1303239114
1500.845053 811.110300 1303239133
1501.755308 786.888102 1303239137
1502.665563 759.999240 1303239140
1502.831064 739.999260 1303239142
1502.913814 719.665947 1303239144
1503.658569 698.443746 1303239146
1504.320572 676.554879 1303239148
1504.817075 654.666012 1303239150
1505.727330 633.777144 1303239152
1506.223833 606.554949 1303239155
1506.306583 585.110526 1303239159
1505.892831 564.221658 1303239180
1513.671374 541.332792 1303239185
1537.751757 540.221682 1303239189
1565.638661 541.443903 1303239192
1585.747023 541.666125 1303239194
1606.351887 541.888347 1303239196
1635.397297 542.443902 1303239199
1658.401925 543.110568 1303239202
1680.579047 543.888345 1303239206
1708.631453 544.221678 1303239210
1736.683858 544.555011 1303239213
1757.702474 544.555011 1303239215
1780.127848 544.999455 1303239217
1804.290982 545.777232 1303239219
1829.364370 546.555009 1303239221
1854.603260 547.221675 1303239223
1879.924900 547.443897 1303239225
1905.081039 547.888341 1303239227
1930.402679 548.443896 1303239229
1955.641569 549.110562 1303239231
1980.632207 549.332784 1303239233
2005.540095 549.888339 1303239235
2030.282482 550.555005 1303239237
2054.611117 551.110560 1303239239
2078.939751 551.221671 1303239241
2103.516637 551.999448 1303239243
2128.010773 552.666114 1303239245
2152.587659 553.110558 1303239247
2177.081794 553.555002 1303239249
2201.906931 553.999446 1303239251
2226.732069 554.777223 1303239253
2251.474456 555.332778 1303239255
2276.630595 555.666111 1303239257
2302.034985 556.332777 1303239259
2327.935879 556.777221 1303239261
2354.167774 557.332776 1303239263
2380.813421 557.888331 1303239265
2407.707320 558.554997 1303239267
2434.766720 559.110552 1303239269
2461.991620 559.666107 1303239271
2489.382022 560.332773 1303239273
2516.772423 560.888328 1303239275
2544.328326 561.221661 1303239277
2571.801478 561.554994 1303239279
2599.357380 562.332771 1303239281
2626.499530 562.666104 1303239283
2652.069422 563.110548 1303239285
2675.074049 563.554992 1303239287
2695.761664 564.554991 1303239289
2715.870025 565.332768 1303239291
2736.392138 565.777212 1303239293
2757.659006 566.443878 1303239295
2779.753378 567.221655 1303239297
2802.427004 567.666099 1303239299
2825.597132 568.221654 1303239301
2849.015511 568.554987 1303239303
2872.102889 568.999431 1303239305
2892.790504 569.332764 1303239307
2914.636624 569.888319 1303239310
2937.227499 570.666096 1303239336
2958.825369 573.221649 1303239340
2979.347482 574.443870 1303239344
2993.828812 588.443856 1303239373
2994.159814 614.221608 1303239377
2993.332310 639.443805 1303239380
2992.256554 667.888221 1303239383
2991.842802 688.110423 1303239385
2991.429049 708.554847 1303239387
2991.263548 729.110382 1303239389
2990.932546 749.554806 1303239391
2990.353293 769.777008 1303239393
2990.105042 789.888099 1303239395
2987.788029 816.443628 1303239398
2993.249559 837.888051 1303239402
3016.336937 840.665826 1303239406
3043.313586 839.110272 1303239409
3064.663204 839.110272 1303239411
3087.005828 839.665827 1303239413
3109.431202 840.332493 1303239415
3130.946321 840.665826 1303239417
3158.584974 840.999159 1303239420
3182.830858 841.332492 1303239424
3202.111715 835.776942 1303239446
3224.288837 837.888051 1303239464
3247.210714 839.554716 1303239468
3273.359859 840.999159 1303239472
3294.626727 842.110269 1303239475
3316.721099 840.888048 1303239479
3324.003139 816.110295 1303239484
3321.851627 791.554764 1303239487
3321.355124 765.110346 1303239490
3321.851627 736.999263 1303239493
3321.686126 708.332625 1303239496
3320.196618 679.554876 1303239499
3318.955361 656.332677 1303239502
3317.134851 632.777145 1303239506
