1279.901331 1059.332274 1303313399
1300.175193 1058.887830 1303313414
1325.083081 1059.665607 1303313418
1347.839457 1060.998939 1303313421
1370.430332 1061.443383 1303313424
1391.945451 1059.554496 1303313427
1415.115579 1058.998941 1303313431
1435.389441 1062.998937 1303313455
1455.166800 1066.887822 1303313463
1476.847420 1061.665605 1303313472
1488.515235 1044.221178 1303313480
1490.914998 1021.665645 1303313484
1493.811264 995.887893 1303313487
1496.293778 967.332366 1303313490
1498.279789 937.776840 1303313493
1500.596802 908.776869 1303313496
1502.996565 880.221342 1303313499
1504.568824 856.888032 1303313502
1506.306583 833.999166 1303313507
1507.299589 813.888075 1303313520
1508.127093 793.776984 1303313523
1509.120099 765.332568 1303313526
1509.202849 743.665923 1303313528
1509.947603 720.554835 1303313530
1510.609607 696.443748 1303313532
1511.437112 672.332661 1303313534
1512.347367 648.443796 1303313536
1512.347367 624.666042 1303313538
1512.595618 602.332731 1303313540
1513.092121 581.221641 1303313542
1515.160882 556.888332 1303313545
1530.635218 543.332790 1303313549
1557.942869 541.888347 1303313553
1579.292487 541.221681 1303313555
1603.455621 540.443904 1303313557
1629.191013 539.999460 1303313559
1655.422908 539.555016 1303313561
1681.654803 538.777239 1303313563
1708.134950 538.221684 1303313565
1734.697847 537.555018 1303313567
1761.591745 537.332796 1303313569
1788.485644 537.888351 1303313571
1815.710545 538.332795 1303313573
1843.183697 538.666128 1303313575
1870.822350 539.110572 1303313577
1898.709254 540.332793 1303313579
1926.678909 540.888348 1303313581
1954.565813 541.221681 1303313583
1982.618218 541.888347 1303313585
2010.836124 542.332791 1303313587
2039.467783 542.666124 1303313589
2068.016691 542.888346 1303313591
2096.317347 543.221679 1303313593
2124.535253 543.666123 1303313595
2152.753159 543.999456 1303313597
2181.136567 544.221678 1303313599
2209.519974 544.555011 1303313601
2237.737880 544.999455 1303313603
2265.955786 545.332788 1303313605
2294.173692 545.555010 1303313607
2322.308848 545.666121 1303313609
2350.278502 545.666121 1303313611
2378.165407 546.110565 1303313613
2406.300562 546.666120 1303313615
2434.352967 546.999453 1303313617
2462.405373 547.555008 1303313619
2490.209526 547.999452 1303313621
2518.013680 548.332785 1303313623
2545.735084 548.555007 1303313625
2573.621988 548.999451 1303313627
2601.591643 549.555006 1303313629
2629.478547 550.110561 1303313631
2657.365451 550.666116 1303313633
2685.169605 551.332782 1303313635
2712.725507 551.999448 1303313637
2739.950408 552.666114 1303313639
2767.009808 552.888336 1303313641
2793.738206 553.443891 1303313643
2820.301102 553.888335 1303313645
2846.946750 554.332779 1303313647
2873.344146 554.999445 1303313649
2896.514274 555.666111 1303313651
2922.497918 556.332777 1303313654
2945.254294 558.221664 1303313658
2966.024659 562.888326 1303313662
2987.291526 562.999437 1303313668
2998.462838 584.332749 1303313674
2996.973330 605.554950 1303313677
2995.649323 632.777145 1303313680
2994.904568 652.777125 1303313682
2994.159814 673.332660 1303313684
2993.497811 693.665973 1303313686
2993.249559 714.443730 1303313688
2992.835807 735.554820 1303313690
2992.339304 756.221466 1303313692
2991.594550 776.554779 1303313694
2989.443038 803.221419 1303313697
2988.863785 823.221399 1303313703
3008.061891 831.110280 1303313717
3029.080508 830.443614 1303313720
3057.381164 830.554725 1303313723
3078.151529 830.332503 1303313725
3099.583898 830.443614 1303313727
3121.264517 831.221391 1303313729
3143.027888 831.443613 1303313731
3170.501040 831.554724 1303313734
3191.105904 832.665834 1303313761
3212.290021 832.999167 1303313790
3234.963647 834.221388 1303313796
3256.809767 834.776943 1303313799
3281.138402 835.332498 1303313802
3303.646526 835.999164 1303313806
