1001.611541 1076.554479 1303346547
1019.733891 1090.887798 1303346551
1043.648774 1094.332239 1303346555
1066.322399 1092.665574 1303346558
1087.754768 1090.998909 1303346561
1108.525133 1082.887806 1303346566
1132.191764 1079.998920 1303346578
1153.706883 1082.443362 1303346581
1183.414297 1084.887804 1303346584
1206.667176 1085.665581 1303346586
1229.009799 1085.221137 1303346588
1256.482951 1082.443362 1303346591
1275.846558 1077.221145 1303346607
1294.796413 1068.110043 1303346619
1317.056286 1075.110036 1303346624
1343.288181 1078.998921 1303346627
1363.396543 1078.998921 1303346629
1392.193702 1077.221145 1303346632
1418.591098 1071.554484 1303346635
1436.051445 1085.776692 1303346653
1454.587547 1094.554461 1303346666
1464.683103 1076.221146 1303346670
1469.730881 1048.887840 1303346673
1472.958149 1024.665642 1303346675
1477.509424 996.999003 1303346677
1481.481446 966.999033 1303346679
1484.874215 936.221286 1303346681
1487.191227 905.332428 1303346683
1488.928987 878.443566 1303346685
1490.252994 856.332477 1303346687
1491.742503 832.776945 1303346690
1493.066510 810.443634 1303346699
1495.631774 785.776992 1303346702
1497.121282 762.777015 1303346704
1498.528040 737.888151 1303346706
1500.017548 713.110398 1303346708
1501.093304 688.443756 1303346710
1502.003559 663.110448 1303346712
1503.327567 639.777138 1303346714
1504.568824 611.443833 1303346717
1505.396328 587.888301 1303346721
1507.134088 565.554990 1303346729
1510.692357 541.110570 1303346733
1532.290227 531.443913 1303346738
1573.665456 534.221688 1303346742
1597.580338 535.666131 1303346744
1621.329720 536.777241 1303346746
1643.258591 537.110574 1303346748
1671.724748 537.777240 1303346751
1696.880888 537.999462 1303346754
1721.954276 539.110572 1303346757
1751.082437 540.443904 1303346760
1774.087065 541.443903 1303346762
1800.401710 542.443902 1303346764
1829.281620 543.221679 1303346766
1859.651038 544.221678 1303346768
1891.509964 544.888344 1303346770
1923.865393 545.332788 1303346772
1956.634575 545.999454 1303346774
1989.155504 546.666120 1303346776
2020.766179 547.332786 1303346778
2051.714851 547.888341 1303346780
2081.918768 548.221674 1303346782
2112.205435 549.110562 1303346784
2142.823105 549.888339 1303346786
2173.606275 550.666116 1303346788
2204.389445 551.332782 1303346790
2234.841614 552.110559 1303346792
2264.962780 552.666114 1303346794
2295.083947 553.332780 1303346796
2325.205114 553.888335 1303346798
2354.829777 554.555001 1303346800
2383.875188 555.332778 1303346802
2412.424096 555.888333 1303346804
2439.648997 556.332777 1303346806
2465.880892 556.888332 1303346808
2490.623279 557.332776 1303346810
2514.786412 557.666109 1303346812
2538.866796 558.332775 1303346814
2563.691933 558.999441 1303346816
2589.510076 559.443885 1303346818
2615.576470 560.110551 1303346820
2641.725615 560.666106 1303346822
2667.461007 560.888328 1303346824
2692.120643 560.888328 1303346826
2712.808258 561.110550 1303346828
2739.536656 561.110550 1303346831
2760.803523 561.110550 1303346834
2781.325637 562.443882 1303346838
2804.330264 563.554992 1303346841
2825.100629 563.888325 1303346843
2847.857005 564.110547 1303346845
2870.778882 564.110547 1303346847
2892.542252 564.666102 1303346849
2920.760158 564.888324 1303346852
2940.785769 564.999435 1303346855
2962.383639 568.443876 1303346859
2985.388266 571.999428 1303346878
2994.987319 596.332737 1303346883
2993.001308 621.221601 1303346886
2991.677301 641.332692 1303346888
2990.270543 663.666003 1303346890
2989.608539 686.554869 1303346892
2989.112036 710.777067 1303346894
2988.863785 735.443709 1303346896
2988.615534 759.999240 1303346898
2987.705279 783.554772 1303346900
2986.464022 803.554752 1303346902
2983.898758 826.999173 1303346906
3003.758867 839.332494 1303346913
3027.756500 838.999161 1303346916
3049.271619 839.665827 1303346918
3073.848505 840.443604 1303346920
3099.252896 840.554715 1303346922
3124.822787 840.888048 1303346924
3149.647925 840.999159 1303346926
3172.652552 840.665826 1303346928
3197.974192 839.888049 1303346931
