531.423440 795.999204 1302147447
504.612292 794.221428 1302147450
480.862910 793.221429 1302147452
453.803511 792.221430 1302147454
423.516843 790.554765 1302147456
392.568172 787.888101 1302147458
362.364255 784.665882 1302147460
335.056604 781.554774 1302147462
311.969226 778.888110 1302147464
290.371356 779.443665 1302147467
266.952977 783.554772 1302147490
244.941355 791.221431 1302147493
219.867966 792.999207 1302147496
198.104596 792.110319 1302147501
177.416982 793.221429 1302147507
150.854085 793.888095 1302147511
130.662973 794.999205 1302147514
109.975358 793.443651 1302147519
99.714302 817.554738 1302147525
96.404283 844.999155 1302147528
91.770258 866.443578 1302147530
89.039493 892.221330 1302147532
86.391478 920.110191 1302147534
85.398472 946.776831 1302147536
84.322716 971.221251 1302147538
84.239966 994.110117 1302147540
84.819219 1016.776761 1302147542
83.908964 1040.221182 1302147544
82.171205 1064.332269 1302147546
80.847197 1089.998910 1302147548
79.523190 1116.443328 1302147550
78.612935 1143.776634 1302147552
78.033682 1172.554383 1302147554
78.033682 1201.665465 1302147556
77.785430 1229.998770 1302147558
77.454428 1255.220967 1302147560
76.544173 1277.665389 1302147562
76.047671 1304.109807 1302147565
94.335522 1319.776458 1302147570
117.091898 1321.443123 1302147573
148.868074 1322.776455 1302147576
176.175725 1323.887565 1302147578
205.138385 1324.443120 1302147580
231.784032 1324.443120 1302147582
257.850426 1323.665343 1302147585
284.330573 1324.109787 1302147590
310.396967 1326.554229 1302147593
332.574090 1329.554226 1302147595
356.240721 1332.220890 1302147597
380.238354 1333.776444 1302147599
404.732489 1334.109777 1302147601
429.061124 1334.554221 1302147603
450.327991 1333.776444 1302147606
475.732382 1337.443107 1302147612
498.323257 1341.109770 1302147615
524.141400 1345.443099 1302147618
551.780053 1348.887540 1302147621
574.784680 1351.109760 1302147623
601.099325 1352.554203 1302147625
628.737978 1352.998647 1302147627
657.783389 1353.331980 1302147629
685.339291 1353.443091 1302147631
711.653937 1353.331980 1302147633
736.148073 1352.554203 1302147635
757.414940 1351.220871 1302147637
780.750569 1347.109764 1302147640
799.948675 1324.332009 1302147644
816.995270 1309.554246 1302147646
826.594323 1290.776487 1302147648
833.959114 1271.998728 1302147650
839.917147 1247.332086 1302147653
851.171209 1229.998770 1302147657
872.107075 1230.665436 1302147669
882.202631 1210.998789 1302147693
884.933396 1185.776592 1302147696
886.257403 1161.998838 1302147698
888.739917 1134.332199 1302147700
891.553432 1106.332227 1302147702
892.049935 1083.998916 1302147704
903.055746 1063.887825 1302147713
923.826111 1062.443382 1302147716
952.871521 1065.554490 1302147719
974.883143 1068.110043 1302147721
1000.370284 1068.665598 1302147723
1026.767680 1069.110042 1302147725
1052.751324 1070.443374 1302147727
1075.921452 1070.887818 1302147729
1102.567100 1067.110044 1302147732
1123.668466 1067.887821 1302147735
1150.065862 1070.665596 1302147738
1171.084479 1072.776705 1302147740
1193.013350 1074.998925 1302147742
1213.535464 1077.554478 1302147744
1244.153133 1076.554479 1302147747
1266.247505 1073.221149 1302147751
1287.266121 1065.443379 1302147762
1307.953736 1064.776713 1302147765
1339.150658 1064.998935 1302147768
1363.562044 1065.221157 1302147770
1389.711188 1064.776713 1302147772
1415.943083 1064.554491 1302147774
1442.671481 1063.887825 1302147776
1467.000116 1063.554492 1302147778
1492.652758 1063.887825 1302147781
1502.582813 1045.665621 1302147787
1502.996565 1023.443421 1302147791
1504.982576 995.110116 1302147794
1506.720335 970.332363 1302147796
1509.037348 941.887947 1302147798
1510.692357 912.887976 1302147800
1511.271611 885.332448 1302147802
1511.437112 860.999139 1302147804
1510.609607 840.554715 1302147806
1506.554835 820.554735 1302147810
1510.113104 794.665872 1302147816
1510.609607 751.554804 1302147820
1510.940609 722.221500 1302147822
1511.685363 690.888198 1302147824
1512.347367 660.443784 1302147826
1512.926620 632.221590 1302147828
1512.347367 608.332725 1302147830
1511.685363 587.666079 1302147833
