3317.548603 625.443819 1303318842
3319.451864 601.999398 1303318853
3306.873794 585.554970 1303318858
3287.096435 582.110529 1303318861
3259.788784 581.777196 1303318864
3239.018419 581.777196 1303318866
3217.255049 581.666085 1303318868
3195.408928 581.443863 1303318870
3174.721313 581.221641 1303318872
3149.647925 580.888308 1303318875
3126.560547 580.110531 1303318888
3100.825154 579.110532 1303318892
3072.855500 579.221643 1303318895
3045.796100 578.888310 1303318898
3024.115480 580.221642 1303318901
3003.676117 579.666087 1303318922
2977.361471 577.332756 1303318926
2947.571307 576.110535 1303318929
2924.649430 575.554980 1303318931
2900.486296 574.888314 1303318933
2875.412907 574.443870 1303318935
2850.008517 573.777204 1303318937
2824.852378 573.554982 1303318939
2800.440993 572.888316 1303318941
2776.526110 572.110539 1303318943
2752.859479 570.999429 1303318945
2728.861847 570.777207 1303318947
2704.533212 570.443874 1303318949
2680.618330 570.332763 1303318951
2659.020460 569.888319 1303318953
2633.119567 569.221653 1303318956
2609.039184 568.332765 1303318960
2588.765322 568.888320 1303318982
2561.705922 569.221653 1303318987
2538.122041 569.443875 1303318990
2510.152387 569.666097 1303318993
2488.802769 568.777209 1303318995
2465.715391 567.888321 1303318997
2440.642002 566.999433 1303318999
2414.658358 565.999434 1303319001
2388.674715 565.110546 1303319003
2362.856572 564.332769 1303319005
2336.872928 563.666103 1303319007
2310.723783 562.666104 1303319009
2284.574639 561.221661 1303319011
2258.259993 560.332773 1303319013
2232.607351 559.777218 1303319015
2209.437223 558.888330 1303319017
2181.633069 557.888331 1303319020
2158.380191 557.332776 1303319024
2134.465308 557.443887 1303319049
2110.715927 556.999443 1303319052
2080.760261 556.443888 1303319055
2058.334887 555.999444 1303319057
2034.254504 555.443889 1303319059
2008.767363 554.888334 1303319061
1982.700969 554.999445 1303319063
1956.717325 554.443890 1303319065
1930.154428 553.888335 1303319067
1903.922533 553.332780 1303319069
1877.938889 552.332781 1303319071
1852.617249 551.999448 1303319073
1829.447121 551.555004 1303319075
1808.345754 551.110560 1303319077
1783.603367 550.555005 1303319080
1762.667501 549.777228 1303319085
1742.228138 549.666117 1303319114
1718.230506 549.888339 1303319117
1687.943838 549.999450 1303319120
1664.690959 550.221672 1303319122
1640.279574 550.221672 1303319124
1616.199191 550.555005 1303319126
1593.029063 551.110560 1303319128
1571.844946 551.555004 1303319130
1547.516311 552.555003 1303319133
1525.752941 552.999447 1303319150
1507.465090 565.221657 1303319157
1506.885836 590.999409 1303319161
1507.713341 620.221602 1303319164
1507.299589 641.554914 1303319166
1507.630591 663.443781 1303319168
1507.382339 685.554870 1303319170
1507.547840 707.221515 1303319172
1507.051337 727.888161 1303319174
1505.892831 756.888132 1303319177
1505.479079 779.888109 1303319180
1506.389334 800.888088 1303319190
1489.259989 813.776964 1303319196
1465.924360 814.554741 1303319199
1437.209951 812.221410 1303319202
1411.722810 811.888077 1303319205
1390.124940 812.110299 1303319208
1364.224047 812.221410 1303319212
1340.888418 810.443634 1303319216
1318.297543 810.110301 1303319226
1305.222971 829.776948 1303319236
1282.135593 841.776936 1303319241
1254.745192 842.999157 1303319244
1226.858287 848.665818 1303319247
1203.191656 857.110254 1303319250
1180.269780 852.999147 1303319253
1161.981928 841.776936 1303319270
1152.300125 859.665807 1303319276
1150.645116 883.554672 1303319280
1151.307119 909.332424 1303319283
1152.382875 937.221285 1303319286
1150.148613 959.887929 1303319295
1150.810617 980.332353 1303319311
1150.396864 1015.776762 1303319318
