1147.335097 1026.776751 1303319348
1162.974934 1039.443405 1303319357
1185.069306 1043.221179 1303319363
1205.674170 1046.887842 1303319372
1227.851293 1049.332284 1303319378
1250.607669 1051.887837 1303319382
1274.522551 1054.776723 1303319388
1300.919947 1056.221166 1303319392
1326.324338 1057.776720 1303319395
1351.728728 1058.332275 1303319398
1375.064357 1058.665608 1303319401
1399.227491 1058.776719 1303319405
1419.832355 1059.887829 1303319427
1446.229751 1061.776716 1303319431
1466.751864 1061.443383 1303319434
1486.860226 1061.110050 1303319443
1493.480262 1041.554514 1303319449
1494.556018 1015.998984 1303319453
1495.300772 987.999012 1303319456
1495.714525 965.887923 1303319458
1496.707530 944.221278 1303319460
1497.204033 923.110188 1303319462
1497.700536 901.776876 1303319464
1497.700536 880.443564 1303319466
1497.452284 860.221362 1303319468
1497.617785 835.776942 1303319471
1499.769297 814.776963 1303319490
1501.672558 790.888098 1303319499
1502.251811 769.888119 1303319502
1502.169060 747.999252 1303319505
1501.258805 721.999278 1303319508
1501.176055 700.888188 1303319510
1501.424306 678.332655 1303319512
1501.341556 656.666010 1303319514
1501.258805 636.221586 1303319516
1501.507057 608.332725 1303319519
1502.086310 584.777193 1303319523
1503.741319 559.332774 1303319547
1515.491884 540.888348 1303319551
1535.434744 539.332794 1303319554
1563.900902 538.332795 1303319557
1585.829773 538.110573 1303319559
1607.510393 538.777239 1303319561
1628.032507 539.443905 1303319563
1652.774893 539.666127 1303319566
1673.710759 539.888349 1303319573
1699.032399 540.443904 1303319578
1727.250306 540.777237 1303319581
1748.599924 541.110570 1303319583
1771.356300 541.443903 1303319585
1795.105681 542.110569 1303319587
1819.434315 542.888346 1303319589
1845.169708 543.443901 1303319591
1871.898106 543.999456 1303319593
1898.626504 544.443900 1303319595
1925.603153 545.110566 1303319597
1953.407307 545.777232 1303319599
1981.542462 546.555009 1303319601
2009.263866 547.110564 1303319603
2036.323265 547.666119 1303319605
2063.382665 548.221674 1303319607
2090.111063 548.999451 1303319609
2116.839461 549.777228 1303319611
2144.147112 550.555005 1303319613
2172.116767 551.221671 1303319615
2199.755420 551.999448 1303319617
2226.732069 552.555003 1303319619
2253.294966 553.110558 1303319621
2279.195859 553.777224 1303319623
2305.676005 554.221668 1303319625
2333.314658 554.999445 1303319627
2362.194568 555.777222 1303319629
2391.488230 556.666110 1303319631
2420.864643 557.443887 1303319633
2449.992804 558.332775 1303319635
2478.707213 559.443885 1303319637
2506.676867 560.443884 1303319639
2533.653517 561.110550 1303319641
2560.547415 561.443883 1303319643
2586.944812 561.888327 1303319645
2612.845705 562.554993 1303319647
2638.084594 563.332770 1303319649
2662.082227 563.888325 1303319651
2683.597346 563.999436 1303319653
2712.642757 564.999435 1303319656
2740.033158 565.332768 1303319659
2769.409571 565.777212 1303319662
2799.034235 566.666100 1303319665
2820.218352 567.221655 1303319667
2842.147223 567.777210 1303319669
2863.165840 568.332765 1303319671
2890.969993 569.221653 1303319674
2914.471123 569.443875 1303319678
2936.896498 569.888319 1303319707
2958.246116 571.999428 1303319710
2980.009486 573.554982 1303319714
2994.821818 590.554965 1303319743
2994.242565 618.777159 1303319747
2991.925552 646.888242 1303319750
2988.946535 666.777111 1303319752
2988.698284 688.999311 1303319754
2990.767046 712.777065 1303319756
2991.677301 736.777041 1303319758
2991.594550 759.665907 1303319760
2990.849796 781.110330 1303319762
2989.525789 807.554748 1303319765
2985.802018 829.110282 1303319794
3005.496627 840.332493 1303319799
3029.246008 839.332494 1303319802
3049.602621 838.221384 1303319804
3072.938250 838.332495 1303319806
3097.680637 838.776939 1303319808
3122.092022 839.221383 1303319810
3144.931148 839.554716 1303319812
3172.156049 840.110271 1303319815
3194.084920 840.999159 1303319831
