1508.044343 569.999430 1303326909
1510.278605 547.221675 1303326928
1530.221466 535.999464 1303326933
1552.233087 535.332798 1303326936
1579.126986 535.443909 1303326939
1608.255147 535.443909 1303326942
1632.832033 535.666131 1303326945
1653.519648 536.110575 1303326949
1679.172290 537.332796 1303326958
1703.997427 537.777240 1303326961
1724.436790 537.888351 1303326963
1747.110415 538.332795 1303326965
1771.604551 539.110572 1303326967
1797.339943 539.888349 1303326969
1823.985591 540.666126 1303326971
1851.210491 541.221681 1303326973
1879.097396 541.777236 1303326975
1907.480803 542.332791 1303326977
1936.029711 543.555012 1303326979
1965.075121 544.999455 1303326981
1994.286033 545.888343 1303326983
2023.496944 546.443898 1303326985
2052.459605 547.110564 1303326987
2081.339514 547.666119 1303326989
2109.888422 548.666118 1303326991
2138.851083 549.443895 1303326993
2167.648242 549.888339 1303326995
2196.362651 550.555005 1303326997
2224.580557 551.332782 1303326999
2252.715712 552.110559 1303327001
2280.106114 552.888336 1303327003
2307.827517 553.555002 1303327005
2335.714422 554.110557 1303327007
2364.015078 554.666112 1303327009
2393.143239 555.443889 1303327011
2422.271401 555.777222 1303327013
2451.316811 556.110555 1303327015
2480.031220 556.999443 1303327017
2508.745629 557.554998 1303327019
2537.377287 558.221664 1303327021
2566.422698 559.221663 1303327023
2595.881861 559.443885 1303327025
2624.099767 559.888329 1303327027
2649.421407 560.110551 1303327029
2670.274523 560.888328 1303327031
2693.775653 561.332772 1303327034
2713.801263 562.332771 1303327037
2736.888641 563.666103 1303327040
2763.617039 564.666102 1303327043
2804.744016 565.999434 1303327047
2826.921139 566.443878 1303327049
2848.270757 566.332767 1303327051
2883.025950 567.110544 1303327055
2905.616824 567.554988 1303327059
2925.725186 566.666100 1303327082
2950.219321 568.666098 1303327087
2973.058448 569.777208 1303327091
2991.677301 582.110529 1303327105
2990.601545 605.666061 1303327109
2989.608539 632.332701 1303327112
2988.863785 661.999338 1303327115
2988.615534 682.888206 1303327117
2988.615534 704.554851 1303327119
2988.367282 726.110385 1303327121
2988.284532 747.777030 1303327123
2988.119031 768.888120 1303327125
2987.457027 796.999203 1303327128
2985.140014 817.776960 1303327131
2995.483822 837.443607 1303327136
3015.674933 837.999162 1303327139
3042.734333 835.443609 1303327142
3064.001201 834.888054 1303327144
3086.592076 835.110276 1303327146
3109.596703 835.332498 1303327148
3132.104827 835.443609 1303327150
3152.709691 835.554720 1303327152
3177.534829 835.776942 1303327155
3198.139693 835.554720 1303327159
3218.992808 837.554718 1303327187
3241.169931 838.332495 1303327191
3263.512554 838.332495 1303327194
3287.592938 838.888050 1303327198
3307.618548 839.776938 1303327217
3316.141846 815.888073 1303327223
3314.900589 792.110319 1303327226
3315.314341 762.554793 1303327229
3315.810844 741.665925 1303327231
3315.893594 720.665946 1303327233
3316.141846 699.777078 1303327235
3315.562592 679.665987 1303327237
3314.735088 652.999347 1303327240
3314.404086 629.443815 1303327244
3315.728093 608.110503 1303327265
3306.460042 586.554969 1303327271
3286.103429 584.554971 1303327274
3261.940296 586.888302 1303327277
3234.798146 588.666078 1303327280
3205.587234 588.554967 1303327283
3176.128071 588.332745 1303327286
3148.158416 588.332745 1303327289
3120.602514 587.777190 1303327292
3092.798360 587.554968 1303327295
3063.421947 587.888301 1303327298
3042.817084 587.554968 1303327300
3021.798467 586.666080 1303327302
3000.283348 585.666081 1303327304
2979.099231 584.443860 1303327306
2957.997864 583.777194 1303327308
2936.565496 583.221639 1303327310
2915.215878 582.554973 1303327312
2894.031760 582.110529 1303327314
2872.599392 581.888307 1303327316
2850.587770 581.666085 1303327318
2828.493398 581.443863 1303327320
2806.150774 580.777197 1303327322
2785.463160 579.999420 1303327324
2758.155509 577.999422 1303327327
2729.689351 577.110534 1303327330
2708.587984 577.110534 1303327332
2685.831609 577.443867 1303327334
2662.826981 576.888312 1303327336
2640.153356 575.554980 1303327338
2618.224485 574.999425 1303327340
2590.006578 573.777204 1303327343
2568.656960 572.777205 1303327346
2547.555594 571.443873 1303327351
2526.371476 571.888317 1303327370
2502.870346 571.554984 1303327373
2472.418178 570.332763 1303327376
2449.413551 569.666097 1303327378
2425.250417 568.999431 1303327380
2401.004533 568.110543 1303327382
2376.262146 567.110544 1303327384
2350.609504 566.332767 1303327386
2324.625860 565.777212 1303327388
2298.393965 564.999435 1303327390
2271.996569 564.666102 1303327392
2245.350922 563.888325 1303327394
2219.119027 563.554992 1303327396
2194.707642 563.554992 1303327398
2172.613269 563.221659 1303327400
2148.863888 561.888327 1303327403
2127.431519 559.999440 1303327416
2100.537621 559.443885 1303327420
2070.085452 558.999441 1303327423
2046.998074 558.332775 1303327425
2022.586689 557.999442 1303327427
1997.678802 557.554998 1303327429
1971.860659 557.221665 1303327431
1945.049510 556.554999 1303327433
1917.907360 555.777222 1303327435
1890.682460 555.221667 1303327437
1864.450565 555.110556 1303327439
1840.866684 554.555001 1303327441
1819.599816 553.443891 1303327443
1791.712912 553.110558 1303327446
1770.446044 552.221670 1303327449
1748.848175 551.999448 1303327454
1728.160561 552.332781 1303327480
1703.997427 551.999448 1303327483
1683.889066 552.221670 1303327485
1661.794693 552.221670 1303327487
1639.203818 551.999448 1303327489
1617.936951 551.999448 1303327491
1590.298298 552.443892 1303327494
1567.872924 552.777225 1303327497
1542.137531 553.555002 1303327501
1521.449917 553.443891 1303327507
1507.878842 572.443872 1303327515
1508.127093 599.332734 1303327519
1507.878842 627.443817 1303327522
1507.465090 647.999352 1303327524
1507.299589 668.999331 1303327526
1506.885836 690.332643 1303327528
1506.223833 711.443733 1303327530
1505.810080 732.221490 1303327532
1505.727330 759.110352 1303327535
1505.396328 782.554773 1303327539
1503.741319 803.332530 1303327550
1479.991938 809.776968 1303327555
1456.159806 807.776970 1303327558
1428.521153 805.332528 1303327561
1400.054995 804.554751 1303327564
1371.919840 804.332529 1303327567
1348.253209 804.332529 1303327570
1327.400093 805.443639 1303327575
1306.546978 806.888082 1303327596
1288.259127 816.554739 1303327602
