1141.459815 1063.221159 1303402606
1163.636937 1064.776713 1303402611
1186.724315 1066.443378 1303402614
1210.059944 1067.110044 1303402617
1232.733570 1066.665600 1303402620
1254.000437 1066.110045 1303402623
1274.108799 1063.776714 1303402630
1296.451422 1064.332269 1303402649
1321.028308 1064.776713 1303402653
1345.025941 1065.332268 1303402657
1369.602827 1065.776712 1303402661
1390.869695 1065.221157 1303402666
1412.219313 1064.443380 1303402671
1435.554942 1067.665599 1303402694
1456.159806 1072.887816 1303402698
1477.178422 1072.443372 1303402703
1492.239005 1057.776720 1303402714
1493.397512 1030.887858 1303402719
1494.307767 1001.998998 1303402722
1495.300772 979.110132 1303402724
1496.873031 955.776822 1303402726
1497.700536 933.443511 1303402728
1498.528040 910.776867 1303402730
1498.776292 888.332445 1303402732
1498.776292 867.999132 1303402734
1499.355545 841.888047 1303402737
1501.010554 821.221401 1303402742
1502.582813 795.888093 1303402747
1503.741319 767.888121 1303402750
1504.155071 745.221477 1303402752
1504.403323 721.665945 1303402754
1504.734325 698.443746 1303402756
1505.396328 675.443769 1303402758
1505.561829 653.221569 1303402760
1505.561829 632.888256 1303402762
1505.644580 608.443836 1303402765
1505.230827 587.888301 1303402770
1505.313578 563.666103 1303402792
1516.650390 544.999455 1303402798
1538.165509 541.777236 1303402802
1566.052414 541.888347 1303402805
1586.326276 541.888347 1303402807
1614.626932 541.999458 1303402810
1637.879811 541.888347 1303402813
1659.560431 541.888347 1303402817
1682.647809 542.221680 1303402822
1707.390196 542.332791 1303402825
1727.912309 542.110569 1303402827
1749.344678 541.888347 1303402829
1773.011309 542.332791 1303402831
1798.912202 542.443902 1303402833
1825.888851 542.777235 1303402835
1852.534499 543.221679 1303402837
1879.511148 543.555012 1303402839
1906.818799 544.221678 1303402841
1934.291951 544.666122 1303402843
1961.765103 545.110566 1303402845
1989.900259 545.999454 1303402847
2019.690423 546.332787 1303402849
2049.894340 546.332787 1303402851
2079.684505 546.777231 1303402853
2109.888422 547.555008 1303402855
2140.257840 548.443896 1303402857
2169.882504 549.221673 1303402859
2199.258917 549.888339 1303402861
2228.304327 550.332783 1303402863
2257.266988 550.888338 1303402865
2286.560650 551.555004 1303402867
2316.350815 552.110559 1303402869
2346.389231 552.555003 1303402871
2376.427647 552.999447 1303402873
2405.804059 553.555002 1303402875
2435.676975 553.777224 1303402877
2466.377395 554.555001 1303402879
2496.581312 554.999445 1303402881
2525.626722 555.332778 1303402883
2553.761878 555.555000 1303402885
2580.738527 555.888333 1303402887
2605.315413 556.332777 1303402889
2627.409785 556.777221 1303402891
2656.124194 557.221665 1303402894
2679.377073 557.777220 1303402897
2700.726691 557.999442 1303402902
2726.379333 560.110551 1303402913
2749.218459 560.554995 1303402916
2776.029608 561.443883 1303402919
2803.006257 562.332771 1303402922
2829.817405 562.666104 1303402925
2856.297552 562.554993 1303402928
2877.812671 562.332771 1303402931
2898.665786 562.443882 1303402936
2920.015404 562.443882 1303402954
2940.454767 563.777214 1303402957
2960.894130 565.777212 1303402960
2980.836991 567.332766 1303402982
2990.684295 588.888300 1303402990
2990.849796 610.110501 1303402993
2990.518794 632.999367 1303402997
2988.615534 653.221569 1303403011
2987.953530 678.888210 1303403014
2987.457027 700.110411 1303403016
2987.043275 723.665943 1303403018
2986.629523 747.332586 1303403020
2985.967519 770.554785 1303403022
2985.471016 791.999208 1303403024
2981.498994 817.554738 1303403027
2987.705279 837.888051 1303403031
3011.206409 840.110271 1303403035
3038.017557 838.554717 1303403038
3067.145718 838.332495 1303403041
3094.205118 838.221384 1303403044
3120.354262 838.665828 1303403047
3145.675903 838.110273 1303403050
3167.356522 838.443606 1303403053
3191.850658 838.332495 1303403058
