3311.673321 610.888278 1302569992
3314.983339 588.110523 1302570015
3289.661699 580.221642 1302570020
3261.443793 580.888308 1302570023
3241.252681 580.554975 1302570025
3211.628017 576.999423 1302570028
3189.285394 575.221647 1302570030
3163.963754 573.888315 1302570032
3137.069855 572.554983 1302570034
3109.431202 571.777206 1302570036
3080.965045 571.110540 1302570038
3051.919634 570.221652 1302570040
3023.205225 568.554987 1302570042
2994.490816 567.332766 1302570044
2967.017664 566.221656 1302570046
2940.620268 565.443879 1302570048
2916.457134 564.110547 1302570050
2893.949010 563.110548 1302570052
2872.599392 562.554993 1302570054
2850.918772 561.666105 1302570056
2828.824400 561.332772 1302570058
2806.978279 561.666105 1302570060
2785.132158 562.221660 1302570062
2763.120536 562.332771 1302570064
2739.453905 561.777216 1302570066
2713.635762 560.888328 1302570068
2686.493612 559.777218 1302570070
2660.923721 559.999440 1302570072
2638.084594 560.110551 1302570074
2610.280441 559.999440 1302570077
2589.013573 558.110553 1302570093
2562.202425 561.666105 1302570098
2537.129036 562.666104 1302570101
2511.145392 561.110550 1302570104
2480.858725 560.443884 1302570107
2456.530090 560.554995 1302570109
2429.553441 560.221662 1302570111
2401.832037 559.777218 1302570113
2373.365880 559.110552 1302570115
2344.651471 558.332775 1302570117
2315.854312 557.777220 1302570119
2287.884657 556.888332 1302570121
2261.652762 556.110555 1302570123
2236.910375 554.777223 1302570125
2216.222761 553.443891 1302570127
2196.031649 552.666114 1302570132
2174.020027 551.777226 1302570143
2147.953633 554.221668 1302570164
2124.535253 557.777220 1302570167
2096.151846 559.666107 1302570170
2072.733467 558.888330 1302570172
2047.494577 557.443887 1302570174
2020.766179 555.332778 1302570176
1993.541279 553.555002 1302570178
1966.812881 551.888337 1302570180
1940.580986 549.332784 1302570182
1916.169601 547.666119 1302570184
1893.578726 545.888343 1302570186
1871.980856 544.777233 1302570188
1851.210491 544.221678 1302570190
1822.744334 542.999457 1302570193
1799.987958 542.110569 1302570196
1779.796846 541.888347 1302570201
1753.233949 543.332790 1302570226
1726.174550 544.332789 1302570229
1704.659431 544.888344 1302570231
1680.910049 544.999455 1302570233
1655.009156 544.666122 1302570235
1628.611760 544.110567 1302570237
1602.876367 543.888345 1302570239
1578.630483 543.999456 1302570241
1557.032614 543.666123 1302570243
1530.883469 542.110569 1302570246
1506.306583 543.777234 1302570250
1502.831064 567.554988 1302570254
1503.989570 595.777182 1302570257
1504.734325 620.332713 1302570259
1504.237822 648.888240 1302570261
1503.244816 678.221544 1302570263
1501.589807 707.888181 1302570265
1500.100299 736.554819 1302570267
1499.190044 761.443683 1302570269
1498.776292 783.443661 1302570271
1498.941792 805.776972 1302570274
1489.177238 823.776954 1302570281
1466.420863 825.776952 1302570285
1440.106217 822.443622 1302570288
1418.508347 819.888069 1302570290
1393.765961 814.888074 1302570292
1369.520076 812.776965 1302570294
1347.177453 812.332521 1302570296
1324.172826 811.110300 1302570299
1301.581951 806.999193 1302570321
1291.320894 824.999175 1302570330
1304.560967 840.221382 1302570336
1284.783608 836.443608 1302570342
1264.840747 848.665818 1302570347
1245.311639 856.554699 1302570350
1221.893260 855.221367 1302570352
1200.047139 846.888042 1302570355
1175.884005 831.999168 1302570359
1145.183585 811.665855 1302570360
1123.585716 805.443639 1302570375
1099.174331 811.888077 1302570379
1074.928447 821.443623 1302570382
1054.571834 826.221396 1302570384
1032.477462 830.221392 1302570386
1007.486824 836.110275 1302570389
986.468207 839.221383 1302570394
967.435602 826.888062 1302570400
