923.164107 799.665867 1303348060
896.435709 798.888090 1303348064
875.913596 797.776980 1303348066
852.081464 797.110314 1303348068
826.263321 796.332537 1303348070
799.783175 795.665871 1303348072
772.641024 795.443649 1303348074
744.588619 795.332538 1303348076
715.956961 794.776983 1303348078
688.401058 794.332539 1303348080
662.251914 793.776984 1303348082
637.840529 793.221429 1303348084
615.415155 792.776985 1303348086
589.348760 792.443652 1303348089
564.854625 792.665874 1303348107
543.008504 794.999205 1303348122
515.452602 794.888094 1303348126
494.764987 794.110317 1303348128
470.519103 792.999207 1303348130
444.038957 792.221430 1303348132
417.972562 791.554764 1303348134
392.319920 790.665876 1303348136
368.239537 790.110321 1303348138
346.889919 789.110322 1303348140
320.658024 788.888100 1303348143
300.053160 787.443657 1303348148
274.897021 786.554769 1303348168
246.099861 785.665881 1303348171
224.915744 784.888104 1303348173
200.587110 783.554772 1303348176
174.437965 782.888106 1303348180
148.206070 783.221439 1303348183
118.829657 781.665885 1303348186
98.142043 779.443665 1303348189
80.267944 792.110319 1303348215
81.095449 813.999186 1303348218
81.674702 843.665823 1303348221
81.591951 867.110244 1303348223
81.674702 892.554663 1303348225
81.343700 919.110192 1303348227
81.095449 946.554609 1303348229
80.516195 973.999026 1303348231
80.267944 1001.887887 1303348233
80.764447 1030.443414 1303348235
79.771441 1058.776719 1303348237
78.695685 1087.221135 1303348239
77.702680 1115.665551 1303348241
76.544173 1144.109967 1303348243
76.130421 1173.554382 1303348245
76.709674 1203.998796 1303348247
76.957926 1233.776544 1303348249
76.792425 1261.332072 1303348251
76.957926 1285.109826 1303348253
76.626924 1309.220913 1303348256
85.232972 1329.554226 1303348276
107.244593 1332.554223 1303348280
131.821479 1333.554222 1303348283
151.929841 1334.443110 1303348285
174.851717 1335.220887 1303348287
198.601099 1335.331998 1303348289
222.184979 1335.554220 1303348291
245.603359 1336.554219 1303348293
269.683742 1337.443107 1303348295
294.839881 1337.443107 1303348297
321.899281 1337.554218 1303348299
351.110192 1337.887551 1303348301
381.810612 1337.776440 1303348303
411.600777 1337.331996 1303348305
437.253419 1336.554219 1303348307
464.643821 1334.776443 1303348310
485.662437 1335.776442 1303348315
508.005060 1337.554218 1303348318
529.768431 1338.109773 1303348320
555.255572 1338.887550 1303348322
582.811474 1339.554216 1303348324
611.360382 1339.776438 1303348326
639.661039 1339.998660 1303348328
667.630693 1340.665326 1303348330
695.683099 1341.443103 1303348332
723.901005 1341.776436 1303348334
752.284412 1342.220880 1303348336
780.005815 1342.554213 1303348338
806.568712 1343.109768 1303348340
830.235343 1343.220879 1303348342
857.129242 1341.220881 1303348345
879.058113 1335.887553 1303348352
884.271392 1312.887576 1303348356
886.836656 1282.776495 1303348359
887.995163 1261.332072 1303348361
889.650172 1236.998763 1303348364
892.794689 1210.443234 1303348368
895.194452 1182.665484 1303348371
898.587221 1159.221063 1303348373
900.159480 1133.332200 1303348375
903.634999 1107.221115 1303348377
904.793506 1084.221138 1303348379
906.448515 1059.554496 1303348382
929.453142 1051.332282 1303348387
955.105784 1052.887836 1303348390
975.379646 1053.443391 1303348392
999.542780 1053.443391 1303348395
1019.320139 1058.665608 1303348410
1041.828264 1068.110043 1303348414
1067.563656 1072.110039 1303348417
1091.478538 1072.332261 1303348420
1112.910907 1072.332261 1303348423
1133.019268 1066.332267 1303348438
1156.272147 1072.554483 1303348443
1178.449269 1077.554478 1303348446
1208.239434 1080.554475 1303348449
1230.664808 1081.554474 1303348451
1254.083188 1081.554474 1303348453
1277.418817 1081.665585 1303348455
1300.837197 1081.887807 1303348457
1323.428071 1081.998918 1303348459
1345.605194 1082.443362 1303348461
1367.782317 1082.110029 1303348463
1389.793939 1080.776697 1303348465
1409.819549 1079.998920 1303348467
1437.540953 1078.776699 1303348470
1461.042083 1078.554477 1303348473
1482.888204 1078.887810 1303348479
1501.838058 1064.443380 1303348497
1503.658569 1043.332290 1303348500
1504.817075 1014.110097 1303348503
1506.803086 988.999011 1303348505
1509.120099 960.887928 1303348507
1509.864853 932.443512 1303348509
1510.692357 903.665763 1303348511
1510.195855 875.332458 1303348513
1509.864853 850.888038 1303348515
1508.789097 825.443619 1303348518
1506.885836 802.999197 1303348531
1508.458095 782.221440 1303348534
1509.285600 752.554803 1303348537
1507.547840 728.443716 1303348539
1506.720335 701.554854 1303348541
1508.292594 673.554882 1303348543
1509.533851 646.554909 1303348545
1511.106110 620.777157 1303348547
1512.347367 596.666070 1303348549
1513.505873 573.888315 1303348551
1514.581629 547.999452 1303348554
1536.924253 536.777241 1303348559
1563.321649 538.888350 1303348562
1587.071030 539.777238 1303348564
1614.295931 539.777238 1303348566
1643.837844 539.999460 1303348568
1673.710759 540.110571 1303348570
1703.169922 540.221682 1303348572
1732.546335 540.332793 1303348574
1762.584751 540.555015 1303348576
1793.285171 540.999459 1303348578
1824.978596 542.110569 1303348580
1857.085774 543.332790 1303348582
1889.606704 544.332789 1303348584
1922.375885 545.443899 1303348586
1954.731314 546.555009 1303348588
1985.762736 547.332786 1303348590
2015.221899 547.555008 1303348592
2043.274304 547.666119 1303348594
2070.333704 547.888341 1303348596
2097.227602 548.332785 1303348598
2124.700754 548.666118 1303348600
2152.587659 549.777228 1303348602
2181.384818 550.666116 1303348604
2210.512979 550.888338 1303348606
2239.227388 551.888337 1303348608
2267.528044 552.555003 1303348610
2295.249448 553.221669 1303348612
2322.391598 554.221668 1303348614
2349.450998 555.110556 1303348616
2377.255151 555.777222 1303348618
2404.976555 555.888333 1303348620
2431.870454 555.999444 1303348622
2456.943842 556.666110 1303348624
2478.789963 557.777220 1303348626
2500.056831 558.443886 1303348628
2521.489199 559.110552 1303348630
2543.666322 559.666107 1303348632
2566.505448 559.888329 1303348634
2588.682571 559.666107 1303348636
2610.694193 559.888329 1303348638
2632.209312 560.554995 1303348640
2653.476180 561.110550 1303348642
2674.412045 561.777216 1303348644
2694.685908 562.332771 1303348646
2715.042520 563.221659 1303348648
2735.481883 564.110547 1303348650
2756.086747 565.110546 1303348652
2776.691611 566.221656 1303348654
2796.882723 567.221655 1303348656
2817.073835 567.777210 1303348658
2837.926950 567.777210 1303348660
2859.193818 567.666099 1303348662
2888.321979 568.443876 1303348665
2912.402362 568.443876 1303348669
2934.496734 569.777208 1303348684
2959.570123 576.110535 1303348690
2983.402255 576.999423 1303348694
2994.408066 599.110512 1303348700
2993.166809 625.999374 1303348703
2992.008302 648.332685 1303348705
2990.684295 673.888215 1303348707
2990.022291 700.332633 1303348709
2989.112036 727.554828 1303348711
2988.532783 754.999245 1303348713
2987.870780 780.999219 1303348715
2987.043275 805.776972 1303348717
2984.891763 825.999174 1303348719
2992.091053 845.221377 1303348723
3015.923185 843.554712 1303348727
3044.058340 842.110269 1303348730
3066.400964 842.332491 1303348732
3089.902094 842.110269 1303348734
3113.485974 841.665825 1303348736
3136.159600 841.332492 1303348738
3157.922970 840.999159 1303348740
3186.471878 839.443605 1303348743
3206.414739 837.110274 1303348746
