1722.864531 555.110556 1303473956
1695.970632 555.110556 1303473959
1675.448519 555.110556 1303473961
1653.271396 554.999445 1303473963
1630.680521 555.110556 1303473965
1607.675894 555.110556 1303473967
1584.588516 555.332778 1303473969
1562.411394 555.555000 1303473971
1534.441739 556.221666 1303473974
1510.940609 558.666108 1303473978
1503.162066 577.554978 1303473982
1504.403323 599.777178 1303473985
1504.817075 628.332705 1303473988
1504.817075 649.221573 1303473990
1504.651574 670.777107 1303473992
1504.403323 692.665974 1303473994
1504.072321 714.665952 1303473996
1503.989570 736.221486 1303473998
1503.989570 756.665910 1303474000
1504.734325 781.665885 1303474003
1504.734325 801.776976 1303474012
1488.680736 814.110297 1303474018
1468.655125 813.554742 1303474021
1444.409241 813.554742 1303474024
1418.177346 811.443633 1303474027
1391.531698 810.776967 1303474030
1366.789311 809.776968 1303474033
1344.694939 810.999189 1303474036
1322.269565 812.443632 1303474041
1302.492206 799.554756 1303474064
1280.811586 805.443639 1303474068
1253.752186 807.110304 1303474071
1231.244062 804.665862 1303474073
1210.721948 802.776975 1303474075
1183.083295 802.221420 1303474078
1159.499415 801.221421 1303474081
1135.998285 803.332530 1303474086
1120.772200 821.110290 1303474092
1120.523949 847.888041 1303474096
1119.944696 870.665796 1303474099
1119.199942 893.887995 1303474102
1120.358448 918.999081 1303474105
1123.006463 944.999055 1303474108
1125.323476 968.999031 1303474111
1125.488976 991.221231 1303474114
1124.495971 1011.665655 1303474117
1123.916718 1034.665632 1303474121
1122.178958 1054.887834 1303474138
1143.197574 1053.110058 1303474147
1165.209196 1053.665613 1303474172
1185.648559 1054.665612 1303474175
1209.480691 1055.998944 1303474178
1233.892076 1055.998944 1303474181
1255.820947 1057.665609 1303474184
1276.508562 1059.110052 1303474189
1299.513189 1060.554495 1303474211
1320.366305 1060.998939 1303474214
1345.770695 1061.221161 1303474217
1370.761333 1061.221161 1303474220
1391.862700 1060.554495 1303474223
1412.219313 1058.665608 1303474229
1434.892938 1062.998937 1303474244
1458.807820 1066.776711 1303474248
1480.157439 1066.443378 1303474253
1493.976765 1050.332283 1303474262
1493.563013 1027.665639 1303474266
1494.969770 1002.998997 1303474269
1497.121282 975.554580 1303474272
1498.776292 947.776830 1303474275
1499.603796 919.887969 1303474278
1501.755308 892.221330 1303474281
1502.582813 865.110246 1303474284
1503.906820 842.443602 1303474287
1504.899825 820.999179 1303474294
1504.155071 796.888092 1303474300
1503.658569 770.332563 1303474303
1503.244816 749.110362 1303474305
1503.493068 726.332607 1303474307
1504.155071 702.888186 1303474309
1504.817075 680.110431 1303474311
1506.058332 658.666008 1303474313
1507.796091 631.777146 1303474316
1508.706346 610.999389 1303474319
1509.120099 585.332748 1303474323
1508.375345 562.443882 1303474326
1514.416128 540.443904 1303474330
1535.434744 535.999464 1303474334
1559.680628 536.555019 1303474337
1588.312287 536.332797 1303474340
1609.082652 536.777241 1303474342
1631.011523 537.110574 1303474344
1653.023145 537.555018 1303474346
1675.034767 537.888351 1303474348
1697.046388 538.110573 1303474350
1719.306262 538.666128 1303474352
1741.979887 538.999461 1303474354
1765.150015 539.332794 1303474356
1789.064897 539.999460 1303474358
1813.724534 540.888348 1303474360
1838.384170 541.443903 1303474362
1863.374809 542.110569 1303474364
1888.530948 542.555013 1303474366
1913.852588 543.332790 1303474368
1939.339729 543.777234 1303474370
1964.992371 543.999456 1303474372
1990.727763 544.555011 1303474374
2016.463155 544.666122 1303474376
2042.364049 545.443899 1303474378
2068.182192 545.888343 1303474380
2093.669333 545.999454 1303474382
2119.321975 546.888342 1303474384
2145.222868 547.555008 1303474386
2171.537513 547.888341 1303474388
2198.183161 548.332785 1303474390
2224.828808 548.555007 1303474392
2251.391705 549.110562 1303474394
2277.954602 548.999451 1303474396
2303.855495 548.888340 1303474398
2329.508137 549.555006 1303474400
2355.160779 549.888339 1303474402
2380.896172 550.332783 1303474404
2406.797065 550.888338 1303474406
2432.449707 551.221671 1303474408
2457.605846 551.777226 1303474410
2482.430983 552.332781 1303474412
2507.421622 552.999447 1303474414
2532.991513 553.555002 1303474416
2558.975157 553.777224 1303474418
2585.620804 554.221668 1303474420
2612.349202 554.777223 1303474422
2639.160350 555.332778 1303474424
2666.054249 555.999444 1303474426
2693.030898 556.888332 1303474428
2719.345544 557.110554 1303474430
2742.681173 557.443887 1303474432
2767.175309 558.221664 1303474435
