3323.175635 1375.331958 1302179243
3306.211791 1362.554193 1302179269
3301.991517 1339.331994 1302179272
3302.570771 1309.332024 1302179275
3302.074268 1285.220937 1302179277
3302.570771 1258.776519 1302179279
3304.556782 1232.554323 1302179281
3306.377292 1206.109905 1302179283
3308.363303 1181.443263 1302179285
3310.680315 1154.221068 1302179288
3313.576581 1132.887756 1302179309
3315.148840 1110.665556 1302179313
3314.900589 1086.221136 1302179316
3313.990334 1056.887832 1302179319
3314.155835 1033.665633 1302179321
3314.569587 1009.332324 1302179323
3315.148840 983.999016 1302179325
3315.728093 958.332375 1302179327
3316.307347 933.110178 1302179329
3316.969350 910.776867 1302179331
3318.127857 889.221333 1302179334
3318.458858 868.443576 1302179345
3307.039295 849.221373 1302179352
3285.441426 850.554705 1302179355
3257.554521 848.332485 1302179358
3236.370404 846.999153 1302179360
3215.020786 846.888042 1302179362
3194.415922 846.665820 1302179364
3173.314555 845.999154 1302179366
3151.302934 845.221377 1302179368
3127.801804 843.888045 1302179370
3104.052422 842.888046 1302179372
3080.799544 841.665825 1302179374
3058.870672 840.554715 1302179376
3037.521054 838.999161 1302179378
3016.171436 837.554718 1302179380
2994.408066 836.332497 1302179382
2971.899941 835.443609 1302179384
2949.640068 834.110277 1302179386
2928.124949 832.999167 1302179388
2906.692580 832.554723 1302179390
2885.011960 832.332501 1302179392
2862.586586 831.443613 1302179394
2839.830211 830.443614 1302179396
2816.825583 828.888060 1302179398
2794.482960 827.110284 1302179400
2772.223087 825.888063 1302179402
2752.197476 826.332507 1302179404
2731.675362 824.776953 1302179408
2706.684724 827.888061 1302179422
2678.797820 827.888061 1302179425
2657.117200 827.332506 1302179427
2636.264084 826.332507 1302179429
2607.715176 825.888063 1302179432
2585.786305 826.665840 1302179435
2565.512443 826.776951 1302179451
2542.011313 827.443617 1302179456
2515.613917 825.554730 1302179460
2492.609290 829.110282 1302179463
2469.356411 831.554724 1302179466
2444.696775 832.999167 1302179469
2420.533641 832.999167 1302179472
2392.812238 832.888056 1302179475
2371.131618 832.110279 1302179477
2347.133985 830.554725 1302179479
2322.391598 829.332504 1302179481
2297.069958 828.443616 1302179483
2272.244821 827.999172 1302179485
2247.336933 827.221395 1302179487
2222.180794 826.665840 1302179489
2196.445401 826.221396 1302179491
2171.454763 825.999174 1302179493
2147.622631 826.110285 1302179495
2125.197257 826.221396 1302179497
2104.509643 826.443618 1302179499
2084.318531 826.999173 1302179501
2063.465416 826.665840 1302179503
2042.612300 825.888063 1302179505
2013.318638 825.554730 1302179508
1984.769730 824.332509 1302179511
1961.847853 823.665843 1302179514
1940.001732 823.332510 1302179519
1917.576358 825.110286 1302179527
1896.226740 832.776945 1302179531
1872.891111 843.665823 1302179535
1851.541493 849.888039 1302179538
1828.288614 850.110261 1302179541
1807.601000 845.221377 1302179548
1787.658140 840.554715 1302179560
1772.845808 826.554729 1302179583
1749.675680 831.443613 1302179590
1724.519540 833.888055 1302179595
1703.087172 835.332498 1302179598
1675.945022 835.443609 1302179601
1646.320358 834.999165 1302179604
1626.211997 834.776943 1302179606
1596.752834 834.554721 1302179609
1575.568716 833.221389 1302179611
1550.660829 830.999169 1302179614
1529.807713 830.332503 1302179620
1505.313578 829.332504 1302179629
1483.053705 829.221393 1302179632
1453.925543 829.332504 1302179635
1431.086417 831.554724 1302179638
