1752.075443 551.443893 1303475135
1729.815570 550.555005 1303475157
1703.997427 550.666116 1303475160
1683.640814 550.888338 1303475162
1661.463692 550.999449 1303475164
1637.962562 550.888338 1303475166
1614.047679 550.666116 1303475168
1590.298298 550.888338 1303475170
1566.962669 551.443893 1303475172
1546.275054 552.221670 1303475174
1523.849680 552.888336 1303475177
1504.982576 562.888326 1303475182
1504.899825 588.554967 1303475186
1505.065326 617.443827 1303475189
1505.065326 639.554916 1303475191
1504.899825 662.443782 1303475193
1504.982576 685.777092 1303475195
1504.817075 708.665958 1303475197
1504.486073 730.665936 1303475199
1504.320572 751.332582 1303475201
1504.651574 774.999225 1303475204
1505.975581 795.665871 1303475213
1492.073504 810.110301 1303475219
1466.586363 810.110301 1303475223
1443.498986 808.999191 1303475226
1416.191335 807.221415 1303475229
1387.311425 805.999194 1303475232
1358.348765 805.221417 1303475235
1333.027125 806.221416 1303475238
1312.505011 807.110304 1303475244
1307.208982 784.888104 1303475250
1286.107615 780.554775 1303475257
1255.241694 781.554774 1303475260
1234.388579 779.110332 1303475262
1213.700964 775.777002 1303475265
1192.351346 766.443678 1303475269
1165.871200 765.110346 1303475273
1145.100835 770.332563 1303475278
1131.860762 786.332547 1303475281
1124.330470 807.554748 1303475285
1121.599705 828.776949 1303475288
1119.779195 853.999146 1303475291
1118.620688 883.221339 1303475294
1118.786189 912.332421 1303475297
1117.544932 938.332395 1303475300
1114.979668 961.887927 1303475303
1114.400415 984.665682 1303475306
1113.903912 1004.998995 1303475310
1110.676644 1024.776753 1303475318
1124.826973 1041.332292 1303475333
1145.183585 1036.332297 1303475339
1165.374697 1037.443407 1303475365
1185.400308 1041.554514 1303475369
1211.135700 1044.110067 1303475373
1234.140328 1044.998955 1303475376
1261.447979 1051.110060 1303475380
1282.218344 1053.443391 1303475382
1303.236960 1054.776723 1303475384
1325.331332 1056.443388 1303475386
1354.790495 1057.443387 1303475389
1378.374375 1059.443385 1303475392
1399.392992 1063.110048 1303475398
1422.645870 1065.998934 1303475413
1445.567747 1066.554489 1303475416
1466.503613 1066.332267 1303475419
1487.853231 1064.332269 1303475426
1500.431301 1048.443396 1303475431
1501.093304 1021.110090 1303475435
1502.996565 994.887894 1303475438
1504.486073 967.221255 1303475441
1505.065326 942.554613 1303475444
1505.479079 921.332412 1303475447
1505.479079 901.332432 1303475452
1508.292594 875.332458 1303475458
1510.361356 854.110257 1303475461
1509.947603 829.888059 1303475465
1507.630591 809.999190 1303475481
1508.871847 785.332548 1303475486
1510.195855 761.221461 1303475489
1510.195855 733.221489 1303475492
1509.947603 713.110398 1303475494
1510.278605 691.888197 1303475496
1510.444106 670.110441 1303475498
1510.444106 648.999351 1303475500
1511.023359 622.221600 1303475503
1510.609607 598.777179 1303475507
1509.037348 575.777202 1303475522
1508.292594 552.555003 1303475527
1523.932431 535.999464 1303475532
1556.784362 536.110575 1303475537
1583.099008 536.443908 1303475540
1609.496404 536.777241 1303475543
1634.735294 537.221685 1303475547
1655.588409 537.221685 1303475555
1677.103528 537.221685 1303475560
1698.784148 537.555018 1303475563
1725.181544 537.888351 1303475566
1754.888958 537.888351 1303475569
1776.486828 537.999462 1303475571
1799.408705 538.110573 1303475573
1823.158086 538.666128 1303475575
1847.817723 539.555016 1303475577
1872.394608 539.999460 1303475579
1897.550748 540.443904 1303475581
1923.865393 541.443903 1303475583
1950.428290 542.443902 1303475585
1977.239439 543.221679 1303475587
2003.885086 544.110567 1303475589
2030.116981 544.999455 1303475591
2056.514377 545.221677 1303475593
2082.746272 545.443899 1303475595
2108.564415 545.777232 1303475597
2134.879061 546.555009 1303475599
2161.110956 546.999453 1303475601
2187.591102 546.999453 1303475603
2213.409245 547.443897 1303475605
2237.572379 548.110563 1303475607
2260.080503 548.555007 1303475609
2282.009375 548.777229 1303475611
2304.434749 548.777229 1303475613
2327.770378 549.110562 1303475615
2351.933511 549.443895 1303475617
2376.758649 549.888339 1303475619
2402.411291 550.110561 1303475621
2428.477685 550.555005 1303475623
2454.875081 551.110560 1303475625
2480.858725 551.666115 1303475627
2506.263115 551.888337 1303475629
2531.336504 552.110559 1303475631
2556.161641 552.443892 1303475633
2581.566032 553.110558 1303475635
2607.301424 553.888335 1303475637
2632.623064 554.443890 1303475639
2655.875943 554.555001 1303475641
2684.342100 555.332778 1303475644
2705.195216 555.999444 1303475647
