1509.947603 571.777206 1303478119
1510.113104 548.888340 1303478124
1519.794908 530.999469 1303478128
1547.764563 529.443915 1303478132
1576.727223 529.777248 1303478135
1606.351887 530.777247 1303478138
1635.231796 531.888357 1303478141
1658.732926 532.888356 1303478144
1682.068556 533.221689 1303478149
1708.465952 533.888355 1303478153
1737.263111 533.999466 1303478156
1758.364478 534.443910 1303478158
1781.038103 535.221687 1303478160
1804.787484 536.110575 1303478162
1829.116119 536.999463 1303478164
1853.775755 538.110573 1303478166
1878.931895 538.999461 1303478168
1904.336285 539.555016 1303478170
1929.740676 539.999460 1303478172
1955.227817 540.555015 1303478174
1980.549457 541.443903 1303478176
2005.705596 542.332791 1303478178
2030.282482 542.888346 1303478180
2053.783612 543.666123 1303478182
2076.457237 543.999456 1303478184
2098.551610 544.777233 1303478186
2120.728732 545.777232 1303478188
2143.816110 546.666120 1303478190
2168.392996 547.777230 1303478192
2194.045638 548.443896 1303478194
2220.112032 548.888340 1303478196
2246.178426 549.110562 1303478198
2271.831068 549.221673 1303478200
2297.152708 549.221673 1303478202
2322.143347 549.555006 1303478204
2347.133985 550.221672 1303478206
2372.124623 550.888338 1303478208
2397.032511 551.221671 1303478210
2420.533641 554.443890 1303478212
2443.124516 557.332776 1303478214
2463.563879 558.332775 1303478216
2487.561512 558.554997 1303478219
2507.918124 558.666108 1303478228
2532.246759 560.888328 1303478233
2561.457671 561.554994 1303478236
2584.214046 562.666104 1303478238
2609.039184 562.443882 1303478240
2634.857327 562.777215 1303478242
2661.337473 563.443881 1303478244
2688.396873 563.666103 1303478246
2716.035526 563.888325 1303478248
2743.508678 564.888324 1303478250
2770.154325 566.777211 1303478252
2796.468971 567.443877 1303478254
2822.783616 567.999432 1303478256
2848.601759 568.666098 1303478258
2874.088900 569.332764 1303478260
2899.410540 569.554986 1303478262
2923.573674 569.666097 1303478264
2944.509540 570.666096 1303478266
2966.603912 573.332760 1303478269
2986.795024 578.777199 1303478281
2992.753057 603.443841 1303478285
2992.339304 628.999371 1303478288
2991.511800 659.332674 1303478291
2990.767046 680.443764 1303478293
2989.939541 701.888187 1303478295
2989.525789 723.443721 1303478297
2988.863785 745.221477 1303478299
2988.450033 767.443677 1303478301
2988.036280 788.554767 1303478303
2986.795024 814.443630 1303478306
2988.284532 835.665831 1303478315
3014.681928 839.665827 1303478320
3042.817084 837.443607 1303478323
3064.332203 837.554718 1303478325
3086.840327 837.776940 1303478327
3110.175956 837.665829 1303478329
3132.932332 837.443607 1303478331
3154.447451 838.221384 1303478333
3181.258599 837.888051 1303478336
3202.194465 837.332496 1303478341
3222.633828 840.776937 1303478362
3249.775978 840.888048 1303478366
3275.594121 840.665826 1303478369
3298.598749 840.888048 1303478372
3319.782866 837.443607 1303478381
3322.513631 809.999190 1303478386
3321.686126 780.999219 1303478389
3321.603376 758.999241 1303478391
3321.768877 736.332597 1303478393
3321.851627 713.888175 1303478395
3321.603376 691.999308 1303478397
3320.527620 671.554884 1303478399
3320.279368 644.888244 1303478402
3319.948367 624.221598 1303478406
3319.286363 603.999396 1303478412
3312.583576 584.332749 1303478419
3287.510187 581.777196 1303478423
3261.526543 582.443862 1303478426
3231.901880 582.332751 1303478429
3211.297016 582.110529 1303478431
3190.030148 581.666085 1303478433
3169.342533 581.332752 1303478435
3144.682897 581.221641 1303478438
3120.354262 581.110530 1303478465
3098.839143 580.777197 1303478468
3068.469725 580.332753 1303478471
3046.871856 580.110531 1303478473
3024.942985 579.554976 1303478475
3002.765862 579.221643 1303478477
2980.423238 578.999421 1303478479
2957.666862 578.888310 1303478481
2933.917481 578.554977 1303478483
2909.340595 578.110533 1303478485
2884.432707 577.666089 1303478487
2858.697315 577.332756 1303478489
2833.127423 576.888312 1303478491
2807.309281 576.332757 1303478493
2781.242886 575.554980 1303478495
2755.672995 574.999425 1303478497
2729.689351 574.554981 1303478499
2703.788458 573.666093 1303478501
2678.135816 572.554983 1303478503
2652.483174 571.332762 1303478505
2626.747782 570.554985 1303478507
2601.343391 569.999430 1303478509
2575.856250 569.332764 1303478511
2550.534610 568.666098 1303478513
2525.461221 567.888321 1303478515
2500.470583 567.110544 1303478517
2463.481128 566.110545 1303478520
2439.069743 565.777212 1303478522
2414.989360 565.332768 1303478524
2390.743476 564.999435 1303478526
2366.497592 564.332769 1303478528
2342.251708 563.777214 1303478530
2317.923073 563.110548 1303478532
2293.759940 562.221660 1303478534
2269.596806 561.443883 1303478536
2245.185421 560.888328 1303478538
2219.946531 560.554995 1303478540
2196.445401 559.888329 1303478542
2175.757787 559.777218 1303478544
2153.249662 558.888330 1303478547
2132.975800 559.110552 1303478564
2108.729916 558.554997 1303478568
2080.594760 557.666109 1303478571
2058.665889 556.888332 1303478573
2035.413010 556.332777 1303478575
2011.663629 555.666111 1303478577
1987.500495 555.555000 1303478579
1963.585613 554.888334 1303478581
1939.836232 554.221668 1303478583
1916.169601 553.666113 1303478585
1893.164973 553.110558 1303478587
1870.987851 552.666114 1303478589
1849.886484 552.221670 1303478591
1821.337576 551.666115 1303478594
1796.181437 551.888337 1303478597
1772.349305 551.777226 1303478601
1752.323694 552.666114 1303478610
