1137.322292 1061.998938 1303488547
1158.589160 1060.998939 1303488554
1181.262785 1060.998939 1303488557
1208.239434 1062.110049 1303488560
1236.126339 1062.554493 1303488563
1260.868725 1062.887826 1303488566
1282.301094 1062.665604 1303488570
1305.222971 1062.332271 1303488577
1328.475849 1062.221160 1303488580
1355.535249 1062.554493 1303488583
1381.436142 1061.887827 1303488586
1402.123757 1060.776717 1303488589
1423.142373 1061.554494 1303488611
1445.898749 1063.110048 1303488640
1470.227384 1065.221157 1303488644
1490.666747 1063.332270 1303488649
1494.969770 1043.221179 1303488654
1495.135271 1020.665646 1303488657
1495.549024 995.332338 1303488660
1496.624780 968.110143 1303488663
1498.693541 939.554616 1303488666
1499.024543 911.999088 1303488669
1498.445290 882.332451 1303488672
1498.445290 855.332478 1303488675
1498.859042 834.443610 1303488680
1502.169060 814.221408 1303488699
1504.486073 792.554763 1303488703
1505.644580 765.221457 1303488706
1505.561829 744.777033 1303488708
1505.892831 723.221499 1303488710
1506.720335 699.999300 1303488712
1507.216838 675.888213 1303488714
1507.216838 652.999347 1303488716
1507.630591 632.332701 1303488718
1507.713341 607.110504 1303488721
1507.878842 584.888304 1303488726
1508.292594 563.554992 1303488742
1515.409134 543.666123 1303488746
1540.896275 539.888349 1303488750
1569.776184 539.443905 1303488753
1592.036057 539.777238 1303488755
1615.123435 539.777238 1303488757
1638.210813 539.999460 1303488759
1662.456697 540.221682 1303488761
1686.785332 540.332793 1303488763
1710.948465 540.221682 1303488765
1735.194349 539.888349 1303488767
1760.515990 539.888349 1303488769
1786.830635 539.777238 1303488771
1813.972785 538.888350 1303488773
1841.197686 538.555017 1303488775
1868.008834 538.332795 1303488777
1894.571731 538.221684 1303488779
1920.803626 538.555017 1303488781
1946.456268 538.888350 1303488783
1972.522662 538.999461 1303488785
1999.416561 539.666127 1303488787
2027.386216 540.443904 1303488789
2055.852373 541.332792 1303488791
2084.070280 542.555013 1303488793
2112.039934 543.999456 1303488795
2140.009589 545.888343 1303488797
2168.144745 546.777231 1303488799
2196.279900 547.221675 1303488801
2223.670302 547.888341 1303488803
2250.315949 548.332785 1303488805
2275.968591 548.666118 1303488807
2300.628228 548.888340 1303488809
2324.377609 549.332784 1303488811
2348.209741 549.666117 1303488813
2373.117629 549.888339 1303488815
2398.522019 549.999450 1303488817
2436.256228 550.443894 1303488820
2462.488123 550.666116 1303488822
2488.968269 551.110560 1303488824
2515.200165 551.555004 1303488826
2540.687306 552.110559 1303488828
2565.760694 552.221670 1303488830
2590.420331 552.443892 1303488832
2614.252463 552.888336 1303488834
2636.595086 553.332780 1303488836
2656.703447 553.666113 1303488838
2682.356089 554.110557 1303488841
2702.381700 554.888334 1303488844
2723.565817 555.443889 1303488849
2748.225454 556.221666 1303488854
2772.057586 557.332776 1303488857
2799.034235 558.110553 1303488860
2827.748644 558.554997 1303488863
2855.883799 559.110552 1303488866
2880.791687 559.554996 1303488869
2904.623819 560.554995 1303488873
2925.725186 560.221662 1303488881
2945.833547 561.666105 1303488899
2967.183165 563.999436 1303488902
2989.691290 574.888314 1303488906
2994.987319 599.777178 1303488910
2993.828812 619.999380 1303488913
2992.422055 640.221582 1303488916
2991.346299 661.888227 1303488919
2990.353293 690.332643 1303488922
2990.022291 712.332621 1303488924
2989.525789 735.110376 1303488926
2988.863785 756.777021 1303488928
2988.367282 785.332548 1303488931
2985.553767 806.332527 1303488934
2983.567756 828.554727 1303488941
3003.676117 837.776940 1303488946
3027.756500 836.888052 1303488949
3056.470909 836.665830 1303488952
3086.343824 837.110274 1303488955
3115.554736 836.999163 1303488958
3143.276139 837.443607 1303488961
3168.680530 837.999162 1303488964
3188.871642 837.776940 1303488967
3209.062753 836.443608 1303488994
3234.549894 838.888050 1303488999
3257.802773 838.999161 1303489002
3279.897145 838.776939 1303489005
3304.722282 837.221385 1303489010
3318.376108 820.999179 1303489022
3317.300352 796.999203 1303489026
3317.383102 772.221450 1303489029
3317.879605 744.221478 1303489032
3318.624359 714.999285 1303489035
3318.376108 687.110424 1303489038
3316.969350 663.221559 1303489041
3317.300352 641.666025 1303489045
