3313.411080 613.110498 1303492827
3309.439059 592.666074 1303492850
3292.392464 581.221641 1303492855
3270.877345 579.777198 1303492858
3244.810951 579.332754 1303492861
3216.758546 578.666088 1303492864
3186.968381 577.666089 1303492867
3166.446267 577.221645 1303492869
3145.675903 576.666090 1303492871
3124.491785 576.666090 1303492873
3102.397413 575.999424 1303492875
3079.558287 575.221647 1303492877
3057.132913 574.888314 1303492879
3035.783295 574.554981 1303492881
3014.681928 574.110537 1303492883
2993.415060 573.888315 1303492885
2972.148193 574.221648 1303492887
2949.557318 573.666093 1303492889
2926.221688 572.777205 1303492891
2903.134311 571.443873 1303492893
2880.791687 570.666096 1303492895
2860.104073 569.999430 1303492897
2830.562159 569.777208 1303492900
2800.854745 568.554987 1303492903
2770.899079 566.999433 1303492906
2750.211465 566.443878 1303492908
2729.110098 566.332767 1303492910
2707.760480 565.888323 1303492912
2687.321117 564.999435 1303492914
2661.171972 562.888326 1303492917
2638.250095 562.888326 1303492920
2613.673209 562.777215 1303492924
2590.420331 561.888327 1303492928
2570.311970 561.221661 1303492933
2546.066085 559.110552 1303492945
2523.226959 559.443885 1303492948
2494.347049 559.777218 1303492951
2473.328433 559.666107 1303492953
2451.730563 559.554996 1303492955
2429.305189 559.332774 1303492957
2406.217812 558.999441 1303492959
2382.882183 558.443886 1303492961
2359.298302 558.332775 1303492963
2335.548921 558.443886 1303492965
2311.634038 558.221664 1303492967
2287.719156 557.554998 1303492969
2263.721523 556.777221 1303492971
2239.889392 556.110555 1303492973
2217.546768 555.666111 1303492975
2196.693653 555.443889 1303492977
2172.530519 554.666112 1303492980
2152.504908 557.221665 1303493009
2126.521264 557.888331 1303493015
2103.516637 557.221665 1303493018
2076.457237 555.999444 1303493021
2046.832574 555.221667 1303493024
2025.648456 554.777223 1303493026
2003.388583 554.332779 1303493028
1980.218455 553.999446 1303493030
1957.213828 553.332780 1303493032
1934.871204 552.332781 1303493034
1912.694081 551.666115 1303493036
1890.434208 550.777227 1303493038
1867.843333 550.221672 1303493040
1845.252458 549.777228 1303493042
1823.571838 549.555006 1303493044
1796.264187 549.666117 1303493047
1774.087065 550.777227 1303493051
1750.172182 552.555003 1303493076
1725.429795 552.666114 1303493080
1699.197900 553.443891 1303493083
1669.407736 553.221669 1303493086
1647.809866 553.110558 1303493088
1626.129246 553.110558 1303493090
1604.862378 553.443891 1303493092
1577.389226 553.666113 1303493095
1553.639845 554.110557 1303493098
1532.621229 554.888334 1303493103
1511.106110 560.666106 1303493123
1507.630591 584.554971 1303493128
1507.547840 606.999393 1303493131
1506.803086 634.888254 1303493134
1506.223833 660.888228 1303493137
1505.313578 684.110427 1303493140
1505.230827 708.665958 1303493143
1504.982576 735.888153 1303493146
1505.396328 762.110349 1303493149
1504.982576 784.665882 1303493153
1501.672558 804.776973 1303493171
1476.847420 808.888080 1303493176
1452.105033 807.776970 1303493179
1431.913922 807.888081 1303493181
1407.668038 809.999190 1303493184
1386.401170 811.443633 1303493188
1363.644794 811.554744 1303493192
1341.715923 812.443632 1303493195
1318.214793 814.888074 1303493199
1296.616923 827.554728 1303493215
1318.380294 827.332506 1303493224
1339.233409 807.776970 1303493227
1341.550422 785.888103 1303493230
1316.890785 778.665888 1303493233
1296.865175 777.110334 1303493235
1276.508562 779.999220 1303493237
1254.248689 782.443662 1303493239
1225.368779 785.554770 1303493242
1204.350163 793.554762 1303493244
1182.421291 802.332531 1303493247
1163.967939 810.443634 1303493250
1145.680088 826.221396 1303493255
1127.971490 839.110272 1303493259
1120.110197 864.665802 1303493263
1116.469177 884.665782 1303493266
1116.138175 907.554648 1303493269
1121.599705 936.554619 1303493272
1125.075224 957.887931 1303493275
1121.765206 981.887907 1303493280
1118.372437 1002.221220 1303493284
1114.317665 1024.332309 1303493289
1113.159158 1045.998954 1303493296
1132.771017 1055.443389 1303493302
