3022.460471 578.443866 1303494111
3000.862601 578.332755 1303494128
2976.699468 577.666089 1303494131
2948.067809 576.888312 1303494134
2927.380195 576.443868 1303494136
2906.609830 576.443868 1303494138
2878.391924 576.332757 1303494141
2853.566787 575.888313 1303494145
2833.458425 575.554980 1303494149
2813.432815 574.554981 1303494152
2787.614672 573.888315 1303494155
2757.576255 572.554983 1303494158
2735.895636 571.888317 1303494160
2714.711518 571.777206 1303494162
2694.272155 571.777206 1303494164
2664.564741 570.110541 1303494167
2643.959877 569.666097 1303494169
2623.272262 569.554986 1303494171
2595.302608 568.554987 1303494174
2570.311970 567.443877 1303494178
2547.224592 566.777211 1303494182
2523.061458 566.332767 1303494185
2493.602295 565.888323 1303494188
2472.004426 565.554990 1303494190
2449.744553 565.221657 1303494192
2426.574424 564.999435 1303494194
2402.576792 564.999435 1303494196
2377.999906 564.554991 1303494198
2353.423020 563.999436 1303494200
2328.846134 563.443881 1303494202
2303.689994 562.888326 1303494204
2278.037353 562.332771 1303494206
2252.136459 561.777216 1303494208
2226.483817 561.221661 1303494210
2201.162177 560.666106 1303494212
2176.254289 560.221662 1303494214
2152.173906 559.554996 1303494216
2128.093523 559.221663 1303494218
2103.764888 558.888330 1303494220
2079.022502 558.332775 1303494222
2054.031863 557.443887 1303494224
2028.461972 556.888332 1303494226
2002.064576 555.999444 1303494228
1975.170677 555.332778 1303494230
1948.773281 554.332779 1303494232
1921.879382 553.666113 1303494234
1895.399236 552.999447 1303494236
1870.739599 552.666114 1303494238
1848.231475 552.110559 1303494240
1828.205864 551.666115 1303494242
1803.628978 551.443893 1303494245
1783.106865 551.443893 1303494249
1757.619724 551.221671 1303494264
1734.035843 550.777227 1303494267
1704.493930 550.555005 1303494270
1682.896060 550.666116 1303494272
1659.643181 550.999449 1303494274
1635.231796 551.221671 1303494276
1611.482415 551.555004 1303494278
1588.891540 551.777226 1303494280
1567.541922 552.110559 1303494282
1541.227276 552.332781 1303494285
1520.953414 552.666114 1303494289
1507.216838 569.221653 1303494295
1507.299589 591.110520 1303494299
1506.637585 616.221606 1303494302
1506.141082 645.443799 1303494305
1505.561829 665.999334 1303494307
1505.230827 686.888202 1303494309
1504.568824 707.110404 1303494311
1502.582813 736.221486 1303494314
1501.589807 762.888126 1303494317
1499.934798 786.332547 1303494321
1497.204033 806.776971 1303494331
1477.261173 810.999189 1303494336
1455.497802 808.888080 1303494340
1430.755415 808.776969 1303494344
1410.233302 810.443634 1303494348
1388.138929 808.332525 1303494353
1365.630805 807.332526 1303494360
1343.039930 807.443637 1303494364
1319.290549 805.665861 1303494371
1298.685685 802.110309 1303494387
1307.539984 822.221400 1303494407
1316.146031 840.776937 1303494413
1285.528362 842.332491 1303494417
1257.144955 837.665829 1303494418
1220.569252 829.443615 1303494420
1193.178851 828.110283 1303494422
1170.836227 831.110280 1303494425
1149.983112 840.888048 1303494429
1127.392237 845.888043 1303494432
1104.718612 857.110254 1303494436
1095.698812 881.332452 1303494440
1091.147536 907.665759 1303494444
1086.348010 936.332397 1303494448
1086.017008 962.110149 1303494451
1083.120742 986.110125 1303494454
1083.948247 1010.887878 1303494458
1096.774568 1027.998972 1303494472
1117.793184 1039.998960 1303494478
1140.384059 1042.554513 1303494483
