958.912305 809.999190 1303349829
936.652432 804.332529 1303349844
910.834289 800.221422 1303349850
882.616383 799.888089 1303349853
859.446255 799.776978 1303349855
832.469605 800.221422 1303349857
804.086198 800.776977 1303349859
773.303028 800.665866 1303349861
740.451096 799.776978 1303349863
707.516414 798.888090 1303349865
675.657488 797.888091 1303349867
645.205319 796.888092 1303349869
616.821912 795.888093 1303349871
592.410527 795.776982 1303349873
564.027120 795.110316 1303349876
543.339506 794.110317 1303349880
518.100616 793.999206 1303349908
488.227701 793.332540 1303349911
463.071562 792.888096 1303349913
435.019157 791.443653 1303349915
406.056496 790.443654 1303349917
377.921341 789.221433 1303349919
352.020447 788.554767 1303349921
329.843325 787.999212 1303349923
305.680191 786.443658 1303349926
284.992577 787.554768 1303349946
261.656948 789.110322 1303349949
233.770043 789.443655 1303349952
206.793394 787.888101 1303349956
182.216508 785.999214 1303349961
159.377382 786.999213 1303349964
137.365760 789.999210 1303349967
118.415905 796.443648 1303349971
106.334338 814.554741 1303349976
103.024320 842.999157 1303349980
101.948564 864.221358 1303349982
99.217799 886.888002 1303349984
97.149037 911.887977 1303349986
94.914775 938.443506 1303349988
93.756269 964.554591 1303349990
93.590768 987.776790 1303349992
87.384483 1013.887875 1303349995
81.840203 1042.332291 1303349998
79.688691 1065.998934 1303350000
77.785430 1092.665574 1303350002
75.964920 1120.221102 1303350004
74.640913 1149.109962 1303350006
73.482407 1179.776598 1303350008
72.985904 1210.443234 1303350010
71.910148 1239.332094 1303350012
71.248144 1266.332067 1303350014
70.006887 1290.109821 1303350016
68.931131 1310.220912 1303350018
68.848381 1332.443112 1303350021
86.143227 1344.665322 1303350025
111.133865 1344.998655 1303350028
133.890241 1344.776433 1303350030
160.039385 1343.109768 1303350032
187.429787 1340.554215 1303350034
214.654688 1338.776439 1303350036
240.307329 1337.665329 1303350038
263.891210 1336.220886 1303350040
286.647586 1336.331997 1303350042
311.307222 1337.443107 1303350044
337.621868 1338.554217 1303350046
364.350266 1338.887550 1303350048
390.913163 1338.443106 1303350050
415.076296 1338.109773 1303350052
442.466698 1337.443107 1303350055
464.643821 1337.443107 1303350060
486.655442 1338.998661 1303350064
516.031855 1339.998660 1303350067
541.767247 1341.331992 1303350069
569.654151 1342.443102 1303350071
598.285810 1343.331990 1303350073
627.496721 1343.887545 1303350075
656.459382 1344.109767 1303350077
683.932534 1344.109767 1303350079
710.495431 1344.220878 1303350081
735.817071 1345.331988 1303350083
760.228456 1345.887543 1303350085
783.233083 1346.220876 1303350087
803.920697 1347.331986 1303350089
829.407838 1348.887540 1303350092
850.922957 1345.554210 1303350096
874.341337 1340.220882 1303350121
878.892612 1320.109791 1303350124
880.878623 1290.443154 1303350127
881.871629 1268.998731 1303350129
882.864634 1244.443200 1303350132
887.002157 1224.443220 1303350151
887.333159 1200.109911 1303350155
888.657166 1178.665488 1303350157
890.394926 1154.221068 1303350159
892.298186 1127.665539 1303350161
894.284197 1102.887786 1303350163
895.690955 1082.554473 1303350165
903.883250 1060.332273 1303350169
924.819116 1058.221164 1303350172
953.368024 1060.443384 1303350175
975.710648 1061.887827 1303350177
1000.866787 1062.665604 1303350179
1026.850431 1063.776714 1303350181
1051.841069 1065.776712 1303350183
1074.266443 1068.221154 1303350185
1099.670834 1070.665596 1303350188
1120.110197 1069.887819 1303350192
1139.473804 1076.443368 1303350198
1159.830416 1085.221137 1303350220
1185.400308 1087.665579 1303350223
1207.577431 1088.554467 1303350225
1230.830309 1087.998912 1303350227
1253.172933 1085.443359 1303350229
1278.494573 1080.110031 1303350232
