1139.804806 1057.998942 1303503047
1161.319925 1058.665608 1303503065
1183.083295 1058.554497 1303503068
1207.577431 1058.887830 1303503071
1231.326812 1058.998941 1303503074
1251.931676 1058.998941 1303503077
1277.170566 1059.110052 1303503081
1297.940930 1060.110051 1303503084
1321.193809 1061.332272 1303503087
1346.184447 1061.776716 1303503090
1371.588838 1063.332270 1303503093
1394.593465 1063.443381 1303503096
1415.943083 1063.554492 1303503122
1442.836982 1066.887822 1303503127
1463.607347 1067.110044 1303503130
1485.287967 1066.443378 1303503136
1497.948787 1050.110061 1303503142
1499.438295 1022.665644 1303503146
1500.183049 993.887895 1303503149
1501.341556 972.443472 1303503151
1501.672558 950.999049 1303503153
1501.672558 929.999070 1303503155
1502.086310 909.332424 1303503157
1502.582813 889.110222 1303503159
1503.493068 860.554695 1303503162
1504.403323 837.776940 1303503165
1502.665563 815.888073 1303503176
1502.334561 791.554764 1303503180
1502.748314 765.777012 1303503183
1502.996565 737.777040 1303503186
1503.162066 708.999291 1303503189
1503.327567 683.221539 1303503192
1504.237822 660.666006 1303503195
1504.568824 639.999360 1303503198
1504.486073 617.554938 1303503202
1503.658569 595.443849 1303503228
1504.155071 574.221648 1303503233
1505.479079 551.110560 1303503237
1522.691174 536.110575 1303503241
1548.178315 536.555019 1303503245
1570.769190 537.666129 1303503248
1594.187569 538.110573 1303503251
1616.695694 538.443906 1303503254
1638.376314 538.666128 1303503257
1662.539448 538.777239 1303503261
1684.385568 538.555017 1303503283
1711.693219 539.888349 1303503288
1741.814386 539.888349 1303503291
1764.819013 540.110571 1303503293
1788.485644 540.666126 1303503295
1812.483277 541.221681 1303503297
1837.142913 541.777236 1303503299
1862.133552 541.999458 1303503301
1886.875939 542.332791 1303503303
1910.708070 542.666124 1303503305
1933.298945 543.110568 1303503307
1954.979565 543.666123 1303503309
1976.411934 543.888345 1303503311
1997.513301 544.110567 1303503313
2018.366416 544.555011 1303503315
2038.557528 544.777233 1303503317
2062.472410 544.999455 1303503320
2083.491026 544.555011 1303503325
2108.895417 545.555010 1303503333
2135.292813 547.221675 1303503336
2157.469936 547.888341 1303503338
2182.460574 548.888340 1303503340
2210.099227 550.221672 1303503342
2239.806641 551.555004 1303503344
2269.514055 551.999448 1303503346
2298.642217 552.555003 1303503348
2327.935879 553.332780 1303503350
2357.560543 554.221668 1303503352
2388.012711 554.777223 1303503354
2419.375134 555.443889 1303503356
2450.903059 556.221666 1303503358
2482.182732 557.332776 1303503360
2513.214154 558.110553 1303503362
2543.914573 558.443886 1303503364
2574.283991 558.666108 1303503366
2604.653409 558.999441 1303503368
2634.609075 559.443885 1303503370
2664.068238 560.332773 1303503372
2692.120643 561.332772 1303503374
2717.773285 561.999438 1303503376
2742.019169 561.110550 1303503378
2766.016802 561.332772 1303503380
2790.014435 562.110549 1303503382
2814.012068 562.777215 1303503384
2838.588954 563.332770 1303503386
2863.827843 563.777214 1303503388
2889.480485 564.443880 1303503390
2915.133127 564.999435 1303503392
2940.206516 566.443878 1303503394
2961.556134 568.666098 1303503396
2983.898758 570.221652 1303503400
2995.566572 586.777191 1303503427
2995.483822 607.554948 1303503430
2994.739068 633.443811 1303503433
2993.580561 661.332672 1303503436
2992.835807 690.443754 1303503439
2991.925552 719.999280 1303503442
2991.677301 739.999260 1303503444
2991.015297 759.999240 1303503446
2990.518794 788.776989 1303503449
2988.450033 810.554745 1303503452
2989.194787 832.554723 1303503480
3010.875407 837.888051 1303503485
3035.866045 836.332497 1303503488
3056.057157 836.776941 1303503490
3077.406775 837.443607 1303503492
3099.749398 837.665829 1303503494
3122.174773 838.110273 1303503496
3144.269145 838.665828 1303503498
3165.287761 839.888049 1303503500
3189.285394 839.776938 1303503503
