3314.238585 837.332496 1303503610
3319.286363 814.999185 1303503614
3316.224596 793.332540 1303503618
3317.631354 769.554786 1303503637
3318.045106 741.888147 1303503640
3317.962356 718.554837 1303503642
3317.714104 693.332640 1303503644
3317.631354 668.110443 1303503646
3317.548603 643.554912 1303503648
3317.548603 621.221601 1303503650
3316.803849 596.888292 1303503653
3300.336508 584.888304 1303503657
3279.483393 584.999415 1303503673
3251.430988 580.888308 1303503677
3230.329621 579.999420 1303503679
3205.918236 579.554976 1303503681
3180.348344 579.888309 1303503683
3154.778453 580.110531 1303503685
3129.125811 580.110531 1303503687
3103.059417 580.110531 1303503689
3076.910272 580.332753 1303503691
3051.423131 580.554975 1303503693
3026.349742 580.666086 1303503695
3001.028102 580.332753 1303503697
2975.623712 579.554976 1303503699
2949.805569 579.110532 1303503701
2923.325422 579.221643 1303503703
2897.259028 578.443866 1303503705
2874.668153 578.332755 1303503707
2851.911777 577.777200 1303503710
2831.389664 578.332755 1303503723
2805.406020 577.666089 1303503727
2774.291848 576.888312 1303503730
2750.211465 576.332757 1303503732
2726.131082 576.332757 1303503734
2702.133449 575.554980 1303503736
2678.135816 574.443870 1303503738
2654.551936 574.332759 1303503740
2631.878310 573.777204 1303503742
2610.363191 573.777204 1303503744
2585.124301 572.777205 1303503747
2564.684938 572.777205 1303503765
2543.749073 572.999427 1303503770
2516.772423 572.554983 1303503773
2495.091803 572.110539 1303503775
2471.756174 571.666095 1303503777
2446.931037 571.443873 1303503779
2421.443896 570.777207 1303503781
2395.791254 570.221652 1303503783
2369.724860 569.888319 1303503785
2343.492965 569.443875 1303503787
2316.930068 568.888320 1303503789
2290.118919 568.332765 1303503791
2263.721523 567.666099 1303503793
2237.158626 567.554988 1303503795
2212.167988 566.999433 1303503797
2191.232122 566.443878 1303503799
2169.137750 565.554990 1303503802
2148.615637 563.888325 1303503808
2123.211246 564.888324 1303503834
2096.482848 564.554991 1303503837
2074.884979 564.332769 1303503839
2052.625106 563.888325 1303503841
2030.282482 563.443881 1303503843
2007.691607 562.888326 1303503845
1984.190477 562.554993 1303503847
1960.275595 561.888327 1303503849
1936.774465 560.999439 1303503851
1914.431841 560.332773 1303503853
1893.744227 559.666107 1303503855
1868.670838 559.332774 1303503858
1847.403970 559.777218 1303503861
1826.385354 560.221662 1303503864
1804.373732 559.666107 1303503867
1783.851619 558.110553 1303503870
1756.709468 557.554998 1303503874
1730.394823 557.332776 1303503877
1709.872709 556.888332 1303503879
1688.523091 556.666110 1303503881
1666.842471 556.443888 1303503883
1644.913600 555.555000 1303503885
1622.157224 555.110556 1303503887
1599.483599 555.332778 1303503889
1577.720228 555.777222 1303503891
1557.280865 555.888333 1303503893
1531.462722 556.443888 1303503896
1509.451101 562.110549 1303503900
1505.644580 581.888307 1303503904
1505.479079 608.443836 1303503908
1504.899825 636.999363 1303503911
1504.320572 656.999343 1303503913
1503.741319 685.665981 1303503916
1504.320572 712.665954 1303503919
1503.493068 738.777039 1303503922
1502.665563 762.332571 1303503925
1502.582813 784.110327 1303503929
1500.679552 805.110306 1303503950
1479.578185 811.443633 1303503956
1455.828804 808.999191 1303503960
1432.162173 807.443637 1303503963
1408.330041 807.776970 1303503966
1386.732172 808.110303 1303503969
1364.306798 808.332525 1303503972
1341.633172 808.443636 1303503975
1319.787051 809.332524 1303503979
1308.119237 789.776988 1303503988
1289.169382 781.110330 1303503993
1261.447979 777.999222 1303503996
1240.346612 779.110332 1303503998
1218.996994 781.554774 1303504000
1198.557631 783.776994 1303504002
1171.084479 786.443658 1303504005
1150.396864 794.888094 1303504009
1133.681272 808.443636 1303504014
1131.447009 829.665837 1303504017
1131.116008 856.999143 1303504020
1129.792000 877.221345 1303504022
1128.964496 897.999102 1303504024
1128.550743 918.332415 1303504026
1128.385242 946.332387 1303504029
1127.392237 971.665695 1303504032
1126.233731 996.665670 1303504035
1126.316481 1020.443424 1303504038
1126.730233 1042.332291 1303504042
1113.738411 1057.998942 1303504053
1135.419031 1061.443383 1303504059
