2981.416244 832.888056 1302181712
2958.825369 838.776939 1302181724
2937.558501 845.888043 1302181728
2910.168100 850.221372 1302181731
2886.501469 851.554704 1302181733
2860.848827 851.554704 1302181735
2833.789427 850.443594 1302181737
2806.150774 847.332486 1302181739
2779.422376 844.443600 1302181741
2756.666000 840.665826 1302181743
2732.751118 833.554722 1302181746
2709.498240 836.221386 1302181751
2687.569368 844.221378 1302181754
2664.895743 845.110266 1302181756
2641.311862 843.776934 1302181758
2617.314230 841.776936 1302181760
2593.316597 840.443604 1302181762
2573.290986 841.554714 1302181764
2550.451860 841.665825 1302181767
2525.957724 839.221383 1302181788
2500.139581 837.110274 1302181792
2475.397194 833.554722 1302181795
2449.165299 831.332502 1302181798
2422.767903 830.443614 1302181801
2395.129250 830.221392 1302181804
2374.027884 830.554725 1302181806
2350.940506 830.332503 1302181808
2326.280869 829.776948 1302181810
2300.462727 828.776949 1302181812
2272.658573 827.776950 1302181814
2243.530412 826.110285 1302181816
2215.229755 823.554732 1302181818
2188.418607 819.776958 1302181820
2164.172723 814.999185 1302181822
2143.402358 810.110301 1302181824
2119.404725 802.443642 1302181827
2098.799861 805.776972 1302181832
2080.015507 814.888074 1302181837
2051.135597 816.888072 1302181841
2023.248693 816.888072 1302181844
2002.809330 816.554739 1302181846
1973.515668 816.888072 1302181849
1947.449274 813.332520 1302181852
1927.258162 808.443636 1302181855
1904.750037 805.554750 1302181861
1876.780383 809.554746 1302181865
1856.754772 810.110301 1302181867
1835.901657 809.999190 1302181869
1808.263004 809.332524 1302181872
1787.906391 814.110297 1302181876
1766.391272 816.776961 1302181885
1742.807392 825.554730 1302181890
1717.237500 833.665833 1302181894
1691.005605 834.110277 1302181897
1667.090723 833.221389 1302181900
1644.499848 828.776949 1302181906
1616.861195 828.110283 1302181910
1587.815784 827.776950 1302181913
1561.004636 824.221398 1302181916
1539.324016 818.888070 1302181919
1518.057148 813.776964 1302181925
1499.438295 830.332503 1302181931
1492.570007 855.221367 1302181935
1485.122466 878.443566 1302181939
1464.269351 874.665792 1302181945
1443.581736 861.665805 1302181973
1419.170351 860.999139 1302181978
1397.655232 860.776917 1302181981
1377.298620 855.554700 1302181986
1355.369748 843.221379 1302181989
1330.379110 829.332504 1302181990
1312.670512 819.443625 1302181992
1303.485211 794.554761 1302182000
1299.016686 771.110340 1302182003
1298.437433 742.221480 1302182006
1298.271932 720.554835 1302182008
1298.354683 687.332646 1302182011
1298.106431 665.332668 1302182013
1298.271932 642.777135 1302182015
1298.851186 620.777157 1302182017
1296.616923 597.110514 1302182020
1290.327888 575.666091 1302182029
1299.016686 557.554998 1302182038
1321.607561 544.888344 1302182053
1348.170458 545.555010 1302182056
1371.588838 545.888343 1302182058
1398.399986 546.777231 1302182060
1428.438402 546.999453 1302182062
1459.469824 546.555009 1302182064
1490.666747 545.999454 1302182066
1523.270427 544.443900 1302182068
1556.453361 542.777235 1302182070
1589.719045 541.777236 1302182072
1622.570976 542.221680 1302182074
1655.009156 542.666124 1302182076
1686.868082 542.443902 1302182078
1717.651252 541.999458 1302182080
1747.689669 541.999458 1302182082
1777.397083 542.443902 1302182084
1807.518250 543.666123 1302182086
1838.135919 544.443900 1302182088
1868.919089 545.888343 1302182090
1899.950511 546.777231 1302182092
1931.147434 547.443897 1302182094
1963.006360 548.221674 1302182096
1995.444539 547.999452 1302182098
2027.799968 548.221674 1302182100
2059.741645 548.443896 1302182102
2090.442065 548.777229 1302182104
2120.894233 549.443895 1302182106
2151.842904 549.888339 1302182108
2184.446585 549.443895 1302182110
2217.050265 549.443895 1302182112
2248.247188 549.999450 1302182114
2278.120103 550.221672 1302182116
2306.669011 550.555005 1302182118
2334.473165 550.999449 1302182120
2361.863566 551.555004 1302182122
2387.516208 552.777225 1302182124
2411.927593 553.221669 1302182126
2434.270217 552.666114 1302182128
2459.178105 552.110559 1302182131
2482.844736 551.888337 1302182155
2510.897141 553.221669 1302182159
2538.618544 554.888334 1302182162
2559.471660 554.888334 1302182164
2580.159274 554.777223 1302182166
2601.922644 555.110556 1302182168
2625.175523 555.666111 1302182170
2648.759403 555.555000 1302182172
2671.764031 555.443889 1302182174
2694.106654 555.888333 1302182176
2720.917803 556.443888 1302182179
2743.012175 556.110555 1302182200
2762.706784 560.332773 1302182204
2785.545910 562.999437 1302182207
2811.695055 565.888323 1302182210
2833.458425 566.554989 1302182212
2858.118062 567.332766 1302182214
2885.342962 568.110543 1302182216
2913.147116 568.777209 1302182218
2937.641252 570.110541 1302182220
2964.617901 571.888317 1302182223
2984.395260 580.999419 1302182247
2987.953530 606.999393 1302182251
2988.036280 627.666039 1302182253
2987.788029 652.332681 1302182255
2987.539778 679.443765 1302182257
2986.712273 707.777070 1302182259
2985.802018 736.554819 1302182261
2985.553767 764.554791 1302182263
2985.057264 790.110321 1302182265
2984.229759 810.776967 1302182267
2985.140014 832.110279 1302182272
3007.648139 839.776938 1302182277
3036.197047 839.776938 1302182280
3058.953423 840.443604 1302182282
3083.861311 841.665825 1302182284
3110.424208 842.888046 1302182286
3138.145611 843.110268 1302182288
3166.280767 843.999156 1302182290
3193.422917 845.110266 1302182292
3219.489311 846.443598 1302182294
3244.314448 847.554708 1302182296
3266.822573 848.999151 1302182298
3288.585943 850.110261 1302182301
