2988.863785 551.888337 1303505784
2977.195970 570.554985 1303505794
2948.398811 572.666094 1303505798
2927.711197 572.443872 1303505800
2905.203072 572.443872 1303505802
2881.453691 572.221650 1303505804
2856.711304 571.888317 1303505806
2832.382669 571.666095 1303505808
2808.798789 571.666095 1303505810
2785.794162 571.332762 1303505812
2763.368788 571.221651 1303505814
2740.612412 570.777207 1303505816
2716.945781 570.554985 1303505818
2692.699897 570.221652 1303505820
2668.288512 569.888319 1303505822
2644.456380 569.110542 1303505824
2621.948255 569.110542 1303505826
2601.757143 568.888320 1303505828
2579.083518 568.332765 1303505831
2557.320148 567.777210 1303505840
2534.315520 567.221655 1303505844
2517.599928 582.888306 1303505849
2517.599928 606.666060 1303505853
2518.013680 630.110481 1303505856
2518.013680 652.777125 1303505859
2517.848179 673.443771 1303505862
2518.013680 694.110417 1303505865
2517.930930 720.221502 1303505869
2518.096431 743.665923 1303505874
2518.923935 765.665901 1303505880
2518.013680 785.776992 1303505885
2517.268926 808.332525 1303505889
2517.848179 830.999169 1303505892
2516.855174 857.999142 1303505895
2515.862168 887.776890 1303505898
2515.365666 907.887981 1303505900
2515.034664 928.443516 1303505902
2514.786412 948.999051 1303505904
2514.538161 969.332364 1303505906
2514.289910 989.665677 1303505908
2513.958908 1010.110101 1303505910
2513.876157 1030.665636 1303505912
2513.296904 1051.110060 1303505914
2512.717651 1080.665586 1303505917
2513.545155 1105.776672 1303505920
2514.703662 1127.554428 1303505925
2515.779418 1148.332185 1303505931
2516.441421 1170.776607 1303505934
2517.434427 1195.665471 1303505937
2518.758434 1220.998779 1303505940
2520.247943 1246.998753 1303505943
2520.744445 1275.443169 1303505946
2519.916941 1304.109807 1303505949
2518.923935 1328.665338 1303505952
2519.254937 1352.443092 1303505956
2538.701295 1362.109749 1303505962
2564.933190 1361.776416 1303505966
2592.323591 1362.443082 1303505969
2622.113756 1362.776415 1303505972
2642.387618 1363.220859 1303505974
2663.157983 1363.665303 1303505976
2684.259350 1364.665302 1303505978
2706.105471 1365.443079 1303505980
2727.951592 1365.665301 1303505982
2749.880463 1366.220856 1303505984
2771.809334 1366.776411 1303505986
2792.910701 1367.665299 1303505988
2822.535365 1368.443076 1303505991
2849.843016 1369.109742 1303505994
2874.006150 1369.220853 1303505997
2895.935021 1368.998631 1303506002
2917.036388 1370.776407 1303506021
2937.475751 1371.554184 1303506024
2963.707646 1372.443072 1303506027
2991.925552 1372.998627 1303506030
3020.722711 1373.998626 1303506033
3048.857867 1374.331959 1303506036
3074.179507 1374.776403 1303506039
3099.583898 1376.331957 1303506042
3128.629308 1377.109734 1303506045
3149.482424 1377.665289 1303506047
3170.914792 1378.443066 1303506049
3192.926414 1378.998621 1303506051
3213.779529 1378.776399 1303506053
3243.238692 1375.331958 1303506056
3269.139586 1371.109740 1303506059
3291.399459 1367.109744 1303506063
3310.763066 1357.109754 1303506077
3309.770060 1331.776446 1303506082
3310.349314 1306.998693 1303506085
3311.094068 1277.665389 1303506088
3311.673321 1257.554298 1303506090
3312.169824 1230.443214 1303506093
3312.749077 1201.776576 1303506096
3314.238585 1176.332157 1303506099
3315.397091 1156.221066 1303506103
3318.293357 1133.443311 1303506128
3318.458858 1105.332228 1303506132
3318.624359 1075.332258 1303506135
3319.120862 1053.554502 1303506137
3319.369113 1031.221191 1303506139
3319.534614 1008.443436 1303506141
3320.196618 985.776792 1303506143
3320.610370 963.554592 1303506145
3320.693121 942.443502 1303506147
3321.272374 913.332420 1303506150
3320.196618 886.888002 1303506153
3320.196618 859.888029 1303506156
3320.527620 839.776938 1303506158
3321.106873 818.110293 1303506160
3321.768877 795.221427 1303506162
3322.182629 771.665895 1303506164
3322.513631 748.110363 1303506166
3322.761882 724.999275 1303506168
3323.423886 702.221520 1303506170
3323.589387 680.554875 1303506172
3323.754888 651.554904 1303506175
3324.003139 628.554927 1303506178
