3324.416891 609.777168 1303506208
3324.251390 587.443857 1303506231
3325.327146 566.554989 1303506234
3326.899405 542.777235 1303506237
3329.299168 517.221705 1303506240
3331.285179 489.999510 1303506243
3332.195434 464.777313 1303506246
3329.464669 440.110671 1303506250
3328.306163 418.666248 1303506271
3329.795671 394.999605 1303506276
3331.533431 369.444075 1303506280
3332.029933 344.777433 1303506284
3330.126673 322.888566 1303506288
3333.022939 298.777479 1303506292
3334.595198 273.999726 1303506295
3335.091700 247.777530 1303506298
3335.753704 227.555328 1303506306
3336.250207 202.999797 1303506313
3337.656965 177.777600 1303506317
3340.470480 152.444292 1303506321
3342.704743 127.666539 1303506325
3344.359752 106.666560 1303506329
3344.442502 85.333248 1303506336
3343.780498 61.111050 1303506340
3339.229223 41.333292 1303506346
3318.293357 35.666631 1303506352
3294.130224 36.555519 1303506355
3265.002063 36.777741 1303506358
3235.294648 36.111075 1303506361
3207.821496 35.555520 1303506364
3187.713135 34.444410 1303506367
3167.853025 31.333302 1303506373
3146.006904 27.999972 1303506377
3125.898543 22.999977 1303506383
3104.383424 14.333319 1303506397
3081.958050 12.999987 1303506400
3058.787922 11.444433 1303506403
3033.962785 9.888879 1303506407
3012.282165 10.666656 1303506418
3010.130653 32.333301 1303506423
3013.688922 60.777717 1303506427
3014.930179 89.222133 1303506430
3015.923185 116.555439 1303506433
3017.991946 138.777639 1303506438
3018.984952 160.222062 1303506443
3019.233203 185.555370 1303506446
3019.564205 214.888674 1303506449
3020.060708 243.221979 1303506452
3020.308959 265.888623 1303506455
3022.956974 286.777491 1303506461
3023.453476 307.444137 1303506465
3022.791473 333.999666 1303506468
3022.460471 355.666311 1303506470
3022.625972 378.555177 1303506472
3022.543221 401.888487 1303506474
3022.708722 424.888464 1303506476
3022.874223 447.332886 1303506478
3023.122475 469.110642 1303506480
3023.453476 489.555066 1303506482
3023.453476 515.666151 1303506485
3022.708722 538.110573 1303506489
3023.784478 558.110553 1303506510
3010.792656 573.888315 1303506524
2983.236754 572.443872 1303506528
2963.128393 571.443873 1303506530
2940.123765 570.110541 1303506532
2915.215878 569.110542 1303506534
2890.307990 567.999432 1303506536
2866.062106 566.999433 1303506538
2842.312724 566.443878 1303506540
2818.563343 566.110545 1303506542
2795.227714 565.777212 1303506544
2771.974835 564.888324 1303506546
2748.142703 563.666103 1303506548
2723.565817 563.110548 1303506550
2698.740680 562.777215 1303506552
2673.915543 562.221660 1303506554
2650.248912 561.554994 1303506556
2628.982044 561.110550 1303506558
2602.501898 560.999439 1303506561
2579.828272 560.777217 1303506564
2556.658144 560.554995 1303506567
2533.570766 561.221661 1303506571
2524.550966 582.666084 1303506576
2524.633717 603.332730 1303506579
2524.468216 632.666034 1303506582
2524.468216 654.221568 1303506584
2524.302715 675.332658 1303506586
2524.302715 696.554859 1303506588
2524.550966 717.332616 1303506590
2524.799218 746.999253 1303506593
2525.626722 776.999223 1303506596
2526.040475 806.665860 1303506599
2525.461221 835.665831 1303506602
2524.385465 855.776922 1303506604
2522.647706 877.221345 1303506606
2520.661695 899.443545 1303506608
2519.751440 922.887966 1303506610
2519.668689 946.554609 1303506612
2518.841185 969.332364 1303506614
2518.179181 992.554563 1303506616
2518.261932 1016.110095 1303506618
2518.758434 1038.776739 1303506620
2518.261932 1060.998939 1303506622
2518.013680 1081.221141 1303506624
2518.344682 1105.554450 1303506627
2518.096431 1125.776652 1303506632
2516.855174 1149.554406 1303506638
2516.606922 1175.776602 1303506641
2516.855174 1196.998803 1303506643
2517.765429 1218.776559 1303506645
2519.089436 1240.665426 1303506647
2520.082442 1262.554293 1303506649
2520.082442 1283.776494 1303506651
2519.751440 1311.220911 1303506654
2519.172187 1332.332001 1303506657
2519.916941 1352.887536 1303506661
2544.328326 1357.887531 1303506667
2564.767689 1357.776420 1303506670
2587.606815 1358.554197 1303506673
2613.011206 1359.109752 1303506676
2641.394613 1359.665307 1303506679
2671.929532 1360.554195 1303506682
2692.865397 1361.331972 1303506684
2713.718513 1361.776416 1303506686
2734.323377 1361.998638 1303506688
2754.514489 1362.443082 1303506690
2783.063396 1363.554192 1303506693
2810.371048 1364.109747 1303506696
2838.506203 1364.887524 1303506699
2866.393107 1365.887523 1303506702
2891.797498 1366.998633 1303506705
2915.298628 1367.998632 1303506708
2937.641252 1368.998631 1303506711
2959.652873 1371.331962 1303506714
2983.236754 1373.998626 1303506717
3009.137647 1372.776405 1303506720
3036.197047 1372.109739 1303506723
3062.428942 1372.220850 1303506726
3087.336830 1373.331960 1303506729
3110.589708 1374.220848 1303506732
3135.580347 1374.443070 1303506736
3156.102460 1375.554180 1303506739
3180.431095 1376.331957 1303506742
3202.856469 1376.443068 1303506745
3227.019603 1373.998626 1303506749
3247.624467 1371.443073 1303506777
3268.477582 1371.443073 1303506784
3292.144213 1366.220856 1303506788
3305.798038 1351.554204 1303506792
3306.046290 1326.554229 1303506796
3305.715288 1300.443144 1303506799
3306.211791 1278.665388 1303506801
3306.708293 1255.887633 1303506803
3306.956545 1233.443211 1303506805
3306.873794 1211.332122 1303506807
3307.370297 1189.998810 1303506809
3307.204796 1164.109947 1303506812
3306.956545 1142.109969 1303506817
3307.204796 1121.443323 1303506839
3308.115051 1097.332236 1303506842
3308.694304 1076.665590 1303506844
3309.604559 1052.776725 1303506846
3310.349314 1027.110084 1303506848
3311.094068 1001.221221 1303506850
3311.921572 975.443469 1303506852
3312.666326 949.665717 1303506854
3313.328330 924.443520 1303506856
3314.238585 888.332445 1303506859
3314.900589 865.110246 1303506861
3315.397091 842.332491 1303506863
3316.059095 819.110292 1303506865
3316.803849 795.554760 1303506867
3317.383102 771.999228 1303506869
3317.962356 748.888140 1303506871
3318.458858 726.332607 1303506873
3318.707110 704.443740 1303506875
3318.955361 683.554872 1303506877
3319.617365 656.666010 1303506880
3320.113868 636.221586 1303506883
