2987.126025 557.554998 1303515956
2971.072437 569.999430 1303515960
2946.495551 571.332762 1303515963
2923.490923 570.110541 1303515966
2901.313801 569.110542 1303515971
2881.039939 568.666098 1303515975
2857.538809 567.999432 1303515978
2832.548170 567.999432 1303515981
2806.316275 567.554988 1303515984
2779.339626 566.888322 1303515987
2750.956219 565.888323 1303515990
2721.000553 565.221657 1303515993
2692.534396 563.888325 1303515996
2666.716253 562.888326 1303515999
2643.628875 562.777215 1303516002
2622.279257 562.221660 1303516005
2598.116123 561.554994 1303516008
2571.222225 560.999439 1303516011
2545.321331 560.777217 1303516014
2523.475210 561.110550 1303516018
2517.186176 581.110530 1303516024
2516.855174 607.999392 1303516028
2516.275921 635.221587 1303516031
2516.524172 664.777113 1303516034
2517.351677 685.221537 1303516036
2516.855174 705.443739 1303516038
2515.613917 735.110376 1303516041
2515.034664 762.110349 1303516044
2515.282915 782.443662 1303516047
2518.096431 804.332529 1303516074
2517.268926 829.776948 1303516079
2515.779418 853.554702 1303516082
2515.117414 881.554674 1303516085
2515.282915 911.443533 1303516088
2515.448416 931.776846 1303516090
2515.365666 951.887937 1303516092
2515.200165 972.443472 1303516094
2514.538161 992.776785 1303516096
2514.124409 1012.998987 1303516098
2513.876157 1032.998967 1303516100
2512.634900 1061.665605 1303516103
2512.138398 1088.887800 1303516106
2513.462405 1112.665554 1303516109
2514.620911 1135.109976 1303516116
2515.613917 1161.887727 1303516121
2516.772423 1188.554367 1303516124
2517.848179 1216.998783 1303516127
2518.510183 1245.998754 1303516130
2518.344682 1275.665391 1303516133
2518.592933 1302.554253 1303516136
2518.923935 1323.554232 1303516140
2518.096431 1345.331988 1303516150
2531.502005 1361.331972 1303516156
2552.686122 1359.887529 1303516166
2577.097507 1360.443084 1303516180
2602.915650 1360.887528 1303516184
2627.161534 1361.331972 1303516187
2654.055433 1361.887527 1303516190
2684.176599 1363.109748 1303516193
2704.533212 1364.109747 1303516195
2725.138076 1364.554191 1303516197
2745.411938 1364.776413 1303516199
2775.036602 1365.665301 1303516202
2804.744016 1366.443078 1303516205
2825.017879 1366.776411 1303516207
2845.126240 1367.109744 1303516209
2870.778882 1367.443077 1303516212
2895.190267 1367.443077 1303516216
2921.753164 1368.220854 1303516220
2949.226316 1369.331964 1303516223
2969.417427 1369.776408 1303516225
2990.105042 1370.331963 1303516227
3011.123658 1370.776407 1303516229
3032.307775 1370.887518 1303516231
3052.829889 1371.109740 1303516233
3072.938250 1371.220851 1303516235
3093.046611 1372.220850 1303516237
3113.320474 1373.109738 1303516239
3133.759837 1373.554182 1303516241
3154.364701 1373.998626 1303516243
3175.052315 1374.554181 1303516245
3195.491678 1375.109736 1303516247
3224.785340 1373.665293 1303516250
3251.513738 1369.665297 1303516253
3274.683866 1365.776412 1303516257
3296.447237 1358.109753 1303516274
3305.301536 1337.665329 1303516278
3304.556782 1315.665351 1303516281
3304.639532 1287.776490 1303516284
3305.053284 1264.998735 1303516286
3305.715288 1241.109870 1303516288
3306.129040 1217.443227 1303516290
3306.625543 1194.332139 1303516292
3307.370297 1172.554383 1303516294
3307.784049 1145.998854 1303516297
3309.356308 1125.443319 1303516301
3311.342319 1104.110007 1303516326
3312.087073 1082.776695 1303516329
3312.583576 1055.554500 1303516332
3312.831827 1026.776751 1303516335
3313.162829 998.110113 1303516338
3314.073084 968.665698 1303516341
3314.735088 948.332385 1303516343
3315.066090 927.776850 1303516345
3315.231591 907.443537 1303516347
3315.810844 887.332446 1303516349
3316.307347 867.332466 1303516351
3316.803849 847.110264 1303516353
3317.300352 826.888062 1303516355
3317.714104 805.999194 1303516357
3318.210607 784.888104 1303516359
3318.789860 763.221459 1303516361
3319.451864 741.554814 1303516363
3319.782866 719.888169 1303516365
3320.031117 698.443746 1303516367
3320.444869 677.888211 1303516369
3321.106873 649.443795 1303516372
3321.603376 625.999374 1303516375
3322.513631 605.777172 1303516379
