3330.209423 418.332915 1303520435
3333.105689 396.777381 1303520442
3333.933194 372.555183 1303520446
3334.346946 351.888537 1303520449
3334.926200 331.888557 1303520452
3335.339952 311.888577 1303520455
3336.167456 290.555265 1303520458
3337.243212 268.444176 1303520461
3338.318968 246.110865 1303520464
3338.732721 223.555332 1303520467
3339.394724 199.777578 1303520470
3340.139478 175.777602 1303520473
3340.801482 153.444291 1303520476
3341.463486 131.666535 1303520479
3341.959988 109.666557 1303520482
3342.290990 88.999911 1303520485
3342.456491 65.666601 1303520489
3339.642976 45.111066 1303520500
3319.451864 42.222180 1303520506
3295.454231 44.666622 1303520512
3273.773611 45.111066 1303520516
3248.451971 44.888844 1303520520
3228.426360 44.444400 1303520523
3202.359966 44.111067 1303520527
3181.506851 43.888845 1303520531
3161.315739 43.666623 1303520537
3136.904354 42.666624 1303520541
3116.464991 42.222180 1303520544
3096.439380 42.222180 1303520547
3075.338013 41.777736 1303520550
3054.153896 41.444403 1303520553
3028.253003 41.111070 1303520557
3006.324132 41.222181 1303520562
2992.173803 55.444389 1303520571
2995.814823 77.888811 1303520577
2995.152820 98.777679 1303520581
2995.070069 120.444324 1303520584
2994.408066 142.110969 1303520587
2993.746062 163.777614 1303520592
2992.587556 189.444255 1303520599
2992.091053 210.333123 1303520602
2991.842802 232.999767 1303520605
2991.677301 255.333078 1303520608
2990.932546 280.666386 1303520612
2991.511800 301.666365 1303520619
2991.180798 325.110786 1303520624
2991.098047 346.444098 1303520627
2990.932546 369.332964 1303520630
2990.353293 392.777385 1303520633
2990.022291 416.110695 1303520636
2989.525789 439.332894 1303520639
2989.360288 462.888426 1303520642
2989.112036 486.888402 1303520645
2988.450033 509.221713 1303520648
2987.457027 530.332803 1303520651
2986.629523 551.777226 1303520654
2981.416244 573.777204 1303520658
2959.983875 579.221643 1303520662
2939.213510 578.888310 1303520665
2915.464129 578.666088 1303520668
2889.811487 578.666088 1303520671
2864.986350 579.332754 1303520674
2843.471231 579.332754 1303520677
2821.873361 578.999421 1303520681
2801.433998 578.666088 1303520696
2776.608861 577.999422 1303520700
2753.769734 577.554978 1303520703
2727.620590 576.888312 1303520706
2700.809441 576.221646 1303520709
2673.419040 575.554980 1303520712
2646.028638 574.110537 1303520715
2619.382991 573.666093 1303520718
2593.730349 573.221649 1303520721
2570.725722 573.110538 1303520724
2547.803845 573.221649 1303520728
2525.957724 574.443870 1303520738
2517.517177 594.554961 1303520744
2517.434427 620.554935 1303520748
2517.268926 643.888245 1303520751
2516.937924 668.221554 1303520754
2516.606922 693.332640 1303520757
2516.606922 719.110392 1303520760
2515.696667 744.554811 1303520763
2515.034664 768.665898 1303520766
2515.613917 790.888098 1303520769
2515.779418 811.443633 1303520772
2515.531166 831.665835 1303520775
2514.372660 858.665808 1303520779
2513.876157 880.665786 1303520782
2513.793407 902.887986 1303520785
2513.958908 925.221297 1303520788
2513.793407 947.443497 1303520791
2514.207159 969.554586 1303520794
2513.793407 990.999009 1303520797
2512.965902 1012.110099 1303520800
2512.469400 1033.665633 1303520803
2511.724645 1055.221167 1303520806
2510.235137 1075.554480 1303520809
2509.076631 1100.887788 1303520813
2509.904135 1123.776654 1303520817
2511.393644 1145.443299 1303520826
2511.559144 1170.332163 1303520831
2512.634900 1193.443251 1303520835
2513.545155 1215.443229 1303520839
2515.200165 1239.443205 1303520843
2516.772423 1260.332073 1303520846
2517.434427 1281.887607 1303520849
2517.599928 1302.220920 1303520852
2518.510183 1327.443117 1303520856
2518.096431 1349.665317 1303520860
2531.253753 1367.665299 1303520866
2556.823645 1369.109742 1303520871
2578.256013 1369.665297 1303520874
2600.184885 1369.331964 1303520877
2621.948255 1369.443075 1303520880
2645.449385 1368.887520 1303520883
2670.109022 1368.887520 1303520886
2693.858403 1368.998631 1303520889
2719.180043 1368.554187 1303520892
2745.577439 1368.887520 1303520895
2773.712595 1369.554186 1303520898
2802.261503 1370.220852 1303520901
2829.817405 1370.443074 1303520904
2857.621559 1370.998629 1303520907
2884.515458 1371.109740 1303520910
2910.085349 1371.220851 1303520913
2935.737991 1371.665295 1303520916
2962.797391 1372.220850 1303520919
2989.856791 1372.443072 1303520922
3016.750689 1372.776405 1303520925
3042.734333 1373.554182 1303520928
3067.476720 1373.443071 1303520931
3092.219107 1374.109737 1303520934
3118.451002 1374.887514 1303520937
3145.096649 1375.443069 1303520940
3171.742297 1376.109735 1303520943
3197.643190 1376.665290 1303520946
3221.475322 1375.331958 1303520949
3243.735195 1372.887516 1303520952
3264.505560 1370.554185 1303520956
