2814.260319 575.110536 1303524379
2793.407204 574.666092 1303524390
2773.298842 573.999426 1303524393
2750.459716 573.110538 1303524396
2725.055326 572.332761 1303524399
2697.747675 571.332762 1303524402
2669.695269 569.999430 1303524405
2640.980860 569.110542 1303524408
2613.424958 567.999432 1303524411
2587.689566 567.110544 1303524414
2567.581204 566.999433 1303524417
2546.314337 566.999433 1303524423
2525.543972 571.110540 1303524448
2522.068453 595.777182 1303524453
2521.820201 618.888270 1303524456
2521.323698 645.666021 1303524459
2520.661695 672.332661 1303524462
2519.751440 700.332633 1303524465
2518.841185 730.554825 1303524468
2518.510183 750.888138 1303524470
2517.848179 780.332553 1303524473
2517.268926 808.888080 1303524476
2516.524172 835.776942 1303524479
2515.531166 863.443581 1303524482
2513.876157 892.332441 1303524485
2513.214154 921.887967 1303524488
2513.131403 942.332391 1303524490
2512.800401 962.332371 1303524492
2511.807396 990.110121 1303524495
2511.145392 1015.776762 1303524498
2510.897141 1040.665626 1303524501
2510.566139 1066.110045 1303524504
2510.648889 1091.887797 1303524507
2512.883152 1115.221107 1303524510
2513.793407 1137.665529 1303524516
2512.965902 1160.776617 1303524525
2513.876157 1187.998812 1303524529
2514.951913 1213.109898 1303524532
2516.441421 1235.998764 1303524535
2517.765429 1256.220966 1303524538
2517.848179 1282.665384 1303524542
2517.020675 1305.665361 1303524545
2516.937924 1327.776450 1303524548
2516.689673 1350.554205 1303524552
2530.260748 1365.665301 1303524558
2551.113863 1365.109746 1303524562
2573.539237 1364.887524 1303524565
2598.364375 1363.109748 1303524568
2624.513519 1363.109748 1303524571
2652.896926 1362.776415 1303524574
2682.769842 1362.998637 1303524577
2711.732502 1363.109748 1303524580
2739.619406 1363.665303 1303524583
2765.189298 1363.665303 1303524586
2789.269681 1363.665303 1303524589
2812.026057 1363.665303 1303524592
2832.382669 1362.887526 1303524595
2852.904783 1363.220859 1303524598
2881.619192 1363.665303 1303524602
2902.058555 1363.887525 1303524605
2923.821925 1364.220858 1303524608
2947.985059 1364.887524 1303524611
2974.134204 1366.109745 1303524614
3002.517611 1367.776410 1303524617
3031.811273 1367.665299 1303524620
3058.705171 1368.443076 1303524623
3084.854316 1369.887519 1303524626
3110.341457 1370.554185 1303524629
3136.242350 1370.665296 1303524632
3162.805247 1370.998629 1303524635
3189.533645 1370.998629 1303524638
3215.351788 1370.776407 1303524641
3239.514922 1368.554187 1303524644
3262.354048 1365.665301 1303524647
3285.772428 1366.109745 1303524651
3304.308530 1356.554199 1303524659
3306.791044 1334.220888 1303524663
3305.467037 1312.332021 1303524666
3304.887783 1287.220935 1303524669
3305.218785 1258.776519 1303524672
3305.467037 1230.554325 1303524675
3305.632537 1203.221019 1303524678
3305.549787 1176.776601 1303524681
3305.963539 1153.665513 1303524684
3305.549787 1133.554422 1303524711
3305.880789 1112.998887 1303524717
3306.460042 1088.554467 1303524720
3306.956545 1068.221154 1303524722
3307.287547 1045.665621 1303524724
3307.701299 1022.221200 1303524726
3308.197802 998.999001 1303524728
3308.777055 975.776802 1303524730
3309.439059 952.443492 1303524732
3310.018312 930.221292 1303524734
3310.349314 909.554646 1303524736
3311.259569 880.999119 1303524739
3311.921572 852.221370 1303524742
3312.418075 831.221391 1303524744
3312.666326 808.665858 1303524746
3313.742082 785.554770 1303524748
3314.569587 761.332572 1303524750
3315.314341 736.777041 1303524752
3315.893594 712.777065 1303524754
3316.803849 689.332644 1303524756
3317.300352 667.221555 1303524758
3318.045106 646.332687 1303524760
3318.707110 617.332716 1303524763
3319.203613 589.554966 1303524766
3320.196618 563.332770 1303524769
3322.430880 539.999460 1303524772
3323.589387 519.332814 1303524775
3324.747893 496.666170 1303524779
3325.740899 474.999525 1303524783
3325.740899 453.555102 1303524791
3324.003139 432.777345 1303524798
