2814.343070 573.110538 1303529150
2790.014435 573.666093 1303529159
2769.078569 573.666093 1303529162
2742.846674 573.110538 1303529165
2713.635762 572.443872 1303529168
2693.610152 571.999428 1303529170
2673.253539 572.221650 1303529172
2643.628875 572.221650 1303529175
2616.569475 571.888317 1303529178
2592.158090 571.110540 1303529181
2567.415703 570.888318 1303529185
2547.390093 570.554985 1303529190
2526.288726 572.999427 1303529216
2520.247943 593.110518 1303529221
2520.165192 615.332718 1303529225
2519.337688 635.554920 1303529228
2518.758434 658.999341 1303529231
2518.179181 683.999316 1303529234
2517.351677 708.221514 1303529237
2516.855174 731.665935 1303529240
2516.275921 753.221469 1303529243
2514.951913 778.221444 1303529247
2514.786412 798.332535 1303529251
2514.372660 818.332515 1303529264
2513.958908 841.888047 1303529269
2512.138398 865.999134 1303529272
2510.566139 892.554663 1303529275
2509.407633 920.110191 1303529278
2509.159381 947.665719 1303529281
2508.745629 974.887914 1303529284
2507.918124 1001.998998 1303529287
2507.587123 1029.221193 1303529290
2507.587123 1056.332277 1303529293
2507.835374 1083.110028 1303529296
2508.745629 1107.554448 1303529299
2509.655884 1128.443316 1303529304
2510.814390 1149.887739 1303529310
2511.641895 1171.887717 1303529313
2512.800401 1196.109915 1303529316
2513.710656 1218.665448 1303529319
2515.200165 1244.776533 1303529323
2514.372660 1266.776511 1303529327
2514.207159 1288.332045 1303529331
2514.372660 1312.554243 1303529335
2514.289910 1333.109778 1303529339
2514.207159 1354.443090 1303529345
2533.901768 1363.109748 1303529358
2555.665138 1360.998639 1303529366
2577.925012 1360.220862 1303529371
2600.515887 1360.331973 1303529375
2620.955250 1359.776418 1303529378
2642.470369 1359.998640 1303529381
2665.061244 1360.109751 1303529384
2689.058876 1360.554195 1303529387
2713.222010 1361.331972 1303529390
2736.805891 1361.443083 1303529393
2761.713778 1360.331973 1303529396
2784.966657 1360.109751 1303529399
2806.895528 1359.776418 1303529402
2830.810411 1359.109752 1303529405
2854.642542 1359.665307 1303529408
2877.647170 1361.220861 1303529411
2899.576041 1362.109749 1303529415
2922.084166 1362.220860 1303529419
2942.606279 1363.220859 1303529422
2966.190160 1364.443080 1303529425
2992.008302 1364.776413 1303529428
3019.977957 1366.331967 1303529431
3048.113113 1367.220855 1303529434
3075.172513 1367.887521 1303529437
3102.231912 1369.220853 1303529440
3128.546558 1370.220852 1303529443
3155.109455 1369.998630 1303529446
3182.748108 1370.109741 1303529449
3211.214265 1370.554185 1303529452
3237.694412 1368.331965 1303529455
3261.361043 1365.443079 1303529458
3284.862173 1362.554193 1303529462
3304.474031 1354.998645 1303529484
3307.204796 1333.887555 1303529489
3308.197802 1309.332024 1303529493
3308.446053 1287.109824 1303529496
3308.446053 1262.443182 1303529499
3308.528803 1235.554320 1303529502
3308.859805 1207.887681 1303529505
3309.521809 1181.776596 1303529508
3309.935561 1158.998841 1303529511
3309.356308 1138.998861 1303529528
3310.514814 1118.443326 1303529534
3311.673321 1096.665570 1303529537
3312.004323 1076.665590 1303529539
3312.252574 1054.332279 1303529541
3312.666326 1030.887858 1303529543
3313.080079 1006.776771 1303529545
3313.659332 983.443461 1303529547
3313.990334 960.887928 1303529549
3314.321336 939.776838 1303529551
3315.479842 912.221310 1303529554
3315.397091 891.999108 1303529557
3313.742082 871.554684 1303529564
