2516.275921 829.443615 1303531606
2515.448416 853.999146 1303531610
2512.552150 894.221328 1303531614
2512.055647 916.221306 1303531616
2511.641895 937.999062 1303531618
2511.807396 959.332374 1303531620
2511.890146 980.776797 1303531622
2511.228143 1001.776776 1303531624
2509.821385 1031.332302 1303531627
2509.490383 1060.554495 1303531630
2508.662878 1088.110023 1303531633
2508.580128 1111.998888 1303531636
2508.828379 1132.554423 1303531641
2510.979891 1157.443287 1303531648
2511.559144 1180.998819 1303531651
2512.055647 1209.221013 1303531654
2513.214154 1236.220986 1303531657
2514.703662 1264.776513 1303531660
2514.869163 1293.887595 1303531663
2515.282915 1318.109793 1303531666
2515.200165 1340.331993 1303531670
2514.455410 1360.443084 1303531693
2535.639528 1367.443077 1303531701
2560.712916 1365.554190 1303531705
2583.883045 1365.776412 1303531708
2610.611442 1365.220857 1303531711
2640.318857 1365.665301 1303531714
2661.006471 1365.887523 1303531716
2686.907365 1366.220856 1303531719
2706.932975 1366.220856 1303531745
2730.930608 1366.331967 1303531750
2754.762740 1367.220855 1303531753
2780.994635 1368.109743 1303531756
2809.543543 1369.331964 1303531759
2839.168207 1369.998630 1303531762
2865.565603 1370.887518 1303531765
2887.577225 1371.109740 1303531769
2909.754347 1371.554184 1303531776
2929.862709 1372.109739 1303531780
2954.439595 1372.331961 1303531783
2974.713457 1372.220850 1303531785
2995.897574 1372.887516 1303531787
3017.991946 1373.665293 1303531789
3040.169069 1373.887515 1303531791
3062.097940 1373.998626 1303531793
3083.530309 1374.443070 1303531795
3104.631675 1374.665292 1303531797
3125.650292 1374.887514 1303531799
3146.503407 1375.220847 1303531801
3166.777269 1375.776402 1303531803
3187.299383 1375.998624 1303531805
3207.904247 1376.109735 1303531807
3228.509111 1374.776403 1303531809
3256.644266 1371.109740 1303531812
3278.986890 1367.998632 1303531815
3299.260752 1362.776415 1303531819
3305.798038 1340.331993 1303531823
3305.218785 1313.554242 1303531827
3304.722282 1290.887598 1303531830
3304.887783 1265.220957 1303531833
3305.384286 1237.665429 1303531836
3305.384286 1208.776569 1303531839
3305.715288 1178.998821 1303531842
3306.046290 1158.998841 1303531844
3306.625543 1128.998871 1303531847
3307.287547 1108.554447 1303531849
3308.115051 1087.332246 1303531851
3308.694304 1065.554490 1303531853
3309.439059 1043.554512 1303531855
3309.770060 1022.221200 1303531857
3310.432064 1001.443443 1303531859
3311.094068 981.221241 1303531861
3310.845816 952.776825 1303531864
3311.176818 928.554627 1303531867
3311.673321 905.221317 1303531871
3313.824833 883.443561 1303531900
3315.893594 858.332475 1303531906
3316.638348 824.443620 1303531910
3316.969350 802.554753 1303531912
3317.548603 779.221443 1303531914
3317.796855 755.554800 1303531916
3318.045106 732.777045 1303531918
3318.376108 711.221511 1303531920
3317.548603 682.110429 1303531923
3317.383102 656.443788 1303531926
3318.210607 635.888253 1303531929
3318.376108 615.888273 1303531933
3313.990334 594.777183 1303531940
3291.564960 585.999414 1303531944
3269.305086 584.110527 1303531947
3244.562700 583.666083 1303531950
3217.503300 582.666084 1303531953
3188.623390 581.777196 1303531956
3168.432278 581.332752 1303531958
3147.992915 580.554975 1303531960
3126.643297 579.666087 1303531962
3104.383424 578.666088 1303531964
3082.537303 578.777199 1303531966
3062.015190 578.443866 1303531968
3034.459287 576.666090 1303531971
3010.627155 573.554982 1303531975
