3053.160891 213.444231 1303588961
3034.128285 201.444243 1303588980
3028.915007 179.555376 1303588987
3007.730889 173.555382 1303588994
2995.070069 191.999808 1303589004
2995.483822 214.222008 1303589008
2995.235570 237.666429 1303589011
2995.152820 261.110850 1303589014
2995.649323 281.555274 1303589017
2994.739068 305.444139 1303589025
2993.746062 331.221891 1303589029
2992.670306 357.332976 1303589032
2992.091053 377.332956 1303589034
2991.760051 398.888490 1303589036
2991.263548 421.110690 1303589038
2990.767046 443.777334 1303589040
2990.270543 466.555089 1303589042
2989.774040 489.443955 1303589044
2989.608539 512.332821 1303589046
2989.608539 534.555021 1303589048
2990.022291 555.888333 1303589050
2989.939541 575.999424 1303589052
2989.608539 605.221617 1303589055
2988.863785 633.777144 1303589058
2988.201781 653.777124 1303589060
2987.870780 674.554881 1303589062
2987.457027 695.999304 1303589064
2987.126025 717.443727 1303589066
2986.629523 738.554817 1303589068
2986.133020 759.110352 1303589070
2985.553767 787.443657 1303589073
2983.319504 810.665856 1303589076
2985.388266 831.665835 1303589080
3007.565388 837.443607 1303589084
3029.990763 835.221387 1303589087
3056.719160 835.443609 1303589090
3085.433569 836.110275 1303589093
3114.478980 836.554719 1303589096
3142.283134 836.999163 1303589099
3168.266778 837.665829 1303589102
3193.919419 838.554717 1303589105
3220.565067 839.110272 1303589108
3248.120969 839.665827 1303589111
3275.345870 840.110271 1303589114
3298.019495 841.443603 1303589117
3318.955361 836.110275 1303589125
3320.362119 812.443632 1303589129
3319.451864 789.332544 1303589132
3319.534614 760.443684 1303589135
3319.451864 739.221483 1303589137
3319.451864 717.554838 1303589139
3319.451864 696.110415 1303589141
3318.707110 675.332658 1303589143
3318.045106 654.999345 1303589145
3317.548603 627.888261 1303589148
3317.796855 607.443837 1303589151
3313.328330 586.554969 1303589158
3293.881972 581.888307 1303589162
3270.215342 583.332750 1303589165
3240.590678 583.999416 1303589168
3219.323810 583.999416 1303589170
3197.560440 583.666083 1303589172
3175.383317 582.888306 1303589174
3153.206194 582.443862 1303589176
3130.780820 582.777195 1303589178
3108.438197 582.443862 1303589180
3086.095573 582.221640 1303589182
3064.166702 581.888307 1303589184
3043.479087 581.221641 1303589186
3015.757684 580.666086 1303589189
2992.918557 583.332750 1303589193
2987.457027 606.777171 1303589198
2988.532783 630.221592 1303589201
2987.208776 660.110451 1303589204
2986.712273 682.110429 1303589206
2986.712273 704.110407 1303589208
2986.381271 725.665941 1303589210
2986.050269 746.554809 1303589212
2985.553767 775.777002 1303589215
2984.064258 799.332534 1303589218
2981.995497 819.888069 1303589224
2968.258921 840.332493 1303589251
2944.592290 841.554714 1303589255
2918.112144 839.999160 1303589259
2893.204256 838.999161 1303589263
2870.778882 837.999162 1303589267
2846.450247 836.332497 1303589272
2821.459609 833.888055 1303589277
2797.048224 833.221389 1303589282
2775.781356 832.999167 1303589287
2754.928241 834.443610 1303589295
2734.488878 834.332499 1303589304
2710.077493 832.888056 1303589310
2687.155616 832.110279 1303589313
2663.406235 831.776946 1303589316
2638.994849 831.665835 1303589319
2612.762954 830.665836 1303589322
2584.958801 830.332503 1303589325
2559.388909 829.888059 1303589328
2534.729273 829.443615 1303589332
