2518.923935 1350.554205 1303592225
2540.273553 1361.220861 1303592238
2561.209419 1359.887529 1303592241
2581.400531 1359.887529 1303592244
2602.915650 1361.443083 1303592264
2630.968055 1362.998637 1303592268
2651.159167 1363.887525 1303592270
2674.163794 1364.443080 1303592272
2698.492429 1365.220857 1303592274
2722.903814 1366.220856 1303592276
2747.066947 1367.109744 1303592278
2770.650828 1367.887521 1303592280
2793.241703 1368.776409 1303592282
2814.839572 1369.554186 1303592284
2836.106440 1370.109741 1303592286
2857.207807 1370.443074 1303592288
2877.398918 1370.998629 1303592290
2902.637808 1371.776406 1303592293
2927.876698 1372.109739 1303592296
2958.494367 1372.665294 1303592299
2981.995497 1372.998627 1303592301
3006.572383 1373.443071 1303592303
3031.480271 1374.109737 1303592305
3055.229652 1374.887514 1303592307
3077.903278 1375.331958 1303592309
3100.825154 1375.998624 1303592311
3124.740037 1376.331957 1303592313
3148.985921 1376.554179 1303592315
3173.149055 1376.665290 1303592317
3196.898436 1377.220845 1303592319
3219.572061 1376.331957 1303592321
3242.328437 1373.554182 1303592323
3263.678055 1370.554185 1303592325
3288.916945 1366.443078 1303592328
3308.032301 1350.665316 1303592332
3307.701299 1330.332003 1303592335
3307.618548 1302.998697 1303592338
3307.453048 1281.443163 1303592340
3307.784049 1258.887630 1303592342
3308.197802 1235.998764 1303592344
3308.859805 1213.776564 1303592346
3309.356308 1192.221030 1303592348
3310.266563 1171.332162 1303592350
3311.176818 1142.332191 1303592353
3311.673321 1116.998883 1303592356
3312.418075 1089.665577 1303592359
3313.162829 1069.554486 1303592361
3313.990334 1048.665618 1303592363
3314.652337 1027.776750 1303592365
3315.562592 1005.776772 1303592367
3316.141846 982.665684 1303592369
3316.224596 959.887929 1303592371
3316.059095 938.776839 1303592373
3316.721099 910.887978 1303592376
3316.638348 886.554669 1303592380
3317.300352 865.221357 1303592404
3318.293357 839.332494 1303592408
3318.707110 809.554746 1303592411
3319.782866 786.888102 1303592413
3320.444869 763.554792 1303592415
3320.444869 740.443704 1303592417
3320.693121 718.554837 1303592419
3321.189624 697.665969 1303592421
3320.610370 668.332665 1303592424
3318.293357 643.554912 1303592427
3316.307347 623.110488 1303592432
3315.893594 602.888286 1303592450
3305.715288 582.443862 1303592455
3278.655888 579.666087 1303592459
3248.700222 579.554976 1303592462
3226.357599 579.110532 1303592464
3203.683973 578.443866 1303592466
3181.837853 577.999422 1303592468
3154.281950 578.332755 1303592471
3134.090838 576.999423 1303592475
3108.686448 574.443870 1303592493
3081.958050 574.110537 1303592496
3060.773933 573.554982 1303592498
3039.838067 572.999427 1303592500
3013.026919 572.666094 1303592503
2990.353293 575.554980 1303592507
2984.643512 594.999405 1303592511
2988.119031 623.221599 1303592515
2987.953530 643.554912 1303592517
2987.870780 665.888223 1303592519
2987.539778 689.554866 1303592521
2986.877774 713.110398 1303592523
2986.546772 735.888153 1303592525
2986.464022 757.332576 1303592527
2986.133020 784.110327 1303592530
2983.816007 807.221415 1303592534
2979.678484 826.888062 1303592563
2956.342855 835.999164 1303592567
2929.531707 835.332498 1303592570
2908.513091 834.888054 1303592572
2886.170467 834.332499 1303592574
2863.662342 833.888055 1303592576
2840.905966 833.554722 1303592578
2817.818589 833.554722 1303592580
2795.393215 833.221389 1303592582
2774.043597 832.888056 1303592584
2748.887457 833.443611 1303592587
2725.882830 832.554723 1303592594
2699.319933 831.665835 1303592598
2669.364267 830.443614 1303592601
2647.849148 829.110282 1303592603
2627.078784 827.999172 1303592605
2597.702371 826.665840 1303592608
2572.380731 825.776952 1303592611
2548.300348 825.888063 1303592616
2524.881968 824.888064 1303592620
2503.284099 823.332510 1303592623
2479.286466 819.776958 1303592626
2454.378578 817.665849 1303592629
2427.567430 816.221406 1303592632
2401.252784 814.443630 1303592635
2372.207374 812.888076 1303592638
2351.354258 811.665855 1303592640
2329.921890 810.554745 1303592642
2308.737772 809.554746 1303592644
2287.553655 808.665858 1303592646
2266.452288 807.888081 1303592648
2245.599173 806.999193 1303592650
2224.828808 806.110305 1303592652
2203.810192 805.110306 1303592654
2182.957077 804.110307 1303592656
2155.566675 802.888086 1303592659
2130.989789 801.554754 1303592662
2105.088896 799.888089 1303592665
2075.546982 798.554757 1303592668
2053.783612 797.888091 1303592670
2032.185742 796.776981 1303592672
2011.580878 795.665871 1303592674
1983.031971 794.554761 1303592677
1958.786086 793.554762 1303592680
1936.443463 792.332541 1303592684
1914.431841 789.332544 1303592694
1890.599709 788.221434 1303592697
1870.408597 787.443657 1303592699
1849.555482 786.554769 1303592701
1828.536866 785.888103 1303592703
1806.938996 785.110326 1303592705
1785.920380 784.776993 1303592707
1765.729268 784.221438 1303592709
1745.538157 783.443661 1303592711
1715.085988 781.554774 1303592714
1693.819121 780.776997 1303592716
1671.641998 779.888109 1303592718
1648.885622 778.776999 1303592720
1625.467242 777.888111 1303592722
1602.297114 777.332556 1303592724
1580.119992 777.332556 1303592726
1552.564089 777.110334 1303592729
1531.793724 776.443668 1303592735
1511.188860 774.999225 1303592741
1486.115472 773.888115 1303592744
1465.593358 773.221449 1303592746
1443.085233 772.443672 1303592748
1421.156362 771.665895 1303592750
1400.054995 770.999229 1303592752
1379.698383 770.888118 1303592754
1353.300987 769.999230 1303592757
1331.785868 769.110342 1303592763
1307.622734 771.332562 1303592768
1281.639090 772.665894 1303592771
1260.868725 772.110339 1303592773
1239.270856 770.777007 1303592775
1218.003988 769.777008 1303592777
1197.316374 769.221453 1303592779
1170.174224 768.777009 1303592782
1148.245352 769.110342 1303592786
1123.089213 769.443675 1303592793
1095.533311 769.332564 1303592796
1073.273438 769.110342 1303592798
1050.268810 768.554787 1303592800
1028.505440 767.888121 1303592802
1007.983326 767.332566 1303592804
981.999683 767.777010 1303592807
961.477569 768.554787 1303592811
941.286457 767.221455 1303592828
917.868078 766.221456 1303592831
886.919407 765.443679 1303592834
863.170025 764.999235 1303592836
837.848385 764.777013 1303592838
811.533740 764.443680 1303592840
784.970843 764.110347 1303592842
758.656197 763.888125 1303592844
732.093300 764.221458 1303592846
705.944155 764.110347 1303592848
679.795011 764.443680 1303592850
654.059618 765.221457 1303592852
628.986230 766.221456 1303592854
606.229854 766.888122 1303592856
578.673951 767.665899 1303592859
555.503823 768.443676 1303592863
530.016682 770.777007 1303592878
495.013239 771.999228 1303592882
473.994622 772.110339 1303592884
451.817500 772.221450 1303592886
429.805878 772.221450 1303592888
408.373509 772.443672 1303592890
387.934146 772.443672 1303592892
358.805985 772.443672 1303592895
333.980848 773.221449 1303592898
313.458734 776.443668 1303592911
292.357367 776.888112 1303592918
265.711720 776.665890 1303592922
237.659315 776.110335 1303592925
213.496181 775.554780 1303592928
190.657055 774.554781 1303592935
163.349404 774.110337 1303592939
136.621006 774.221448 1303592942
115.519639 774.443670 1303592945
93.508017 783.999216 1303592967
93.342516 805.443639 1303592973
94.749274 825.888063 1303592993
94.749274 852.665814 1303592996
94.583773 874.888014 1303592998
94.666524 898.665768 1303593000
94.335522 922.887966 1303593002
94.252771 946.443498 1303593004
93.425267 967.999032 1303593006
92.928764 995.554560 1303593009
91.770258 1022.332311 1303593012
90.860003 1051.554504 1303593015
90.032498 1072.110039 1303593017
88.873992 1092.887796 1303593019
88.460239 1114.109997 1303593021
87.963737 1135.554420 1303593023
87.467234 1157.332176 1303593025
86.805230 1179.332154 1303593027
86.887981 1201.109910 1303593029
86.639729 1222.443222 1303593031
86.143227 1242.665424 1303593033
85.646724 1271.109840 1303593036
85.398472 1292.998707 1303593039
85.812225 1313.776464 1303593062
103.934575 1326.332007 1303593068
126.028947 1325.220897 1303593071
156.646617 1324.887564 1303593074
179.568493 1325.220897 1303593076
202.738622 1325.665341 1303593078
225.163996 1326.220896 1303593080
247.092867 1326.665340 1303593082
269.269990 1327.109784 1303593084
292.605619 1327.332006 1303593086
317.099754 1327.332006 1303593088
342.421394 1327.443117 1303593090
367.660284 1327.887561 1303593092
392.650922 1328.332005 1303593094
416.731305 1328.665338 1303593096
438.411925 1328.887560 1303593098
461.333802 1329.220893 1303593101
481.773165 1329.998670 1303593106
503.950288 1330.665336 1303593109
524.058649 1330.998669 1303593111
547.311528 1331.554224 1303593113
572.467667 1332.220890 1303593115
599.196065 1332.776445 1303593117
626.586466 1333.443111 1303593119
653.397615 1333.776444 1303593121
679.795011 1334.554221 1303593123
705.778655 1335.665331 1303593125
731.017544 1336.554219 1303593127
755.677181 1336.887552 1303593129
779.095560 1337.220885 1303593131
800.445178 1337.554218 1303593133
826.180571 1337.665329 1303593136
848.440444 1336.554219 1303593142
869.210809 1332.554223 1303593170
880.299370 1313.776464 1303593174
881.788878 1290.109821 1303593177
883.361137 1264.332069 1303593180
884.188642 1241.443203 1303593184
