1298.851186 794.554761 1302184470
1290.245138 772.777005 1302184482
1289.665885 746.665920 1302184486
1289.086631 722.888166 1302184489
1290.079637 695.665971 1302184492
1291.569145 674.888214 1302184494
1292.644901 653.221569 1302184496
1293.555156 632.221590 1302184498
1296.451422 603.332730 1302184501
1297.692679 583.110528 1302184504
1300.340694 562.999437 1302184532
1312.174009 545.332788 1302184541
1333.440877 549.777228 1302184544
1356.197253 550.332783 1302184546
1381.601643 549.443895 1302184548
1406.757782 548.666118 1302184550
1430.424413 547.999452 1302184552
1451.525780 547.555008 1302184554
1474.282156 546.666120 1302184557
1498.197038 544.888344 1302184569
1521.780919 544.221678 1302184572
1541.806530 543.221679 1302184574
1564.480155 542.443902 1302184576
1588.891540 541.999458 1302184578
1614.461432 542.110569 1302184580
1640.610576 542.332791 1302184582
1667.173473 543.332790 1302184584
1694.067372 544.110567 1302184586
1720.464768 544.332789 1302184588
1747.358667 545.221677 1302184590
1774.749068 545.888343 1302184592
1802.222220 546.555009 1302184594
1829.943624 547.443897 1302184596
1857.665027 548.221674 1302184598
1885.965684 549.110562 1302184600
1914.183590 550.332783 1302184602
1942.235995 551.555004 1302184604
1970.867653 552.555003 1302184606
1999.333811 553.555002 1302184608
2027.965469 554.332779 1302184610
2056.100625 555.221667 1302184612
2083.325525 555.888333 1302184614
2110.053923 556.443888 1302184616
2137.030573 555.888333 1302184618
2163.758970 556.332777 1302184620
2190.983871 556.999443 1302184622
2218.870775 557.554998 1302184624
2246.426678 558.332775 1302184626
2273.486077 558.999441 1302184628
2299.469721 560.221662 1302184630
2326.198119 560.332773 1302184632
2353.257519 560.777217 1302184634
2380.482419 561.554994 1302184636
2406.797065 561.666105 1302184638
2430.877448 561.888327 1302184640
2453.385573 561.888327 1302184642
2473.907686 561.666105 1302184644
2495.753807 560.443884 1302184647
2515.365666 568.332765 1302184669
2537.377287 577.554978 1302184673
2561.374920 587.443857 1302184676
2586.696560 587.554968 1302184678
2613.093956 585.554970 1302184680
2638.663848 584.443860 1302184682
2663.323484 583.332750 1302184684
2687.238366 582.110529 1302184686
2709.994742 580.888308 1302184688
2730.351355 579.888309 1302184690
2751.369971 576.332757 1302184693
2771.478332 575.888313 1302184721
2791.172941 579.554976 1302184724
2817.818589 582.110529 1302184727
2839.333708 582.666084 1302184729
2863.910594 582.777195 1302184731
2890.390740 582.666084 1302184733
2916.622635 581.888307 1302184735
2941.447773 580.999419 1302184737
2962.135387 579.777198 1302184739
2982.409249 578.221644 1302184742
2993.746062 599.332734 1302184747
2992.173803 630.332703 1302184750
2991.180798 655.999344 1302184752
2990.767046 683.221539 1302184754
2990.436044 711.443733 1302184756
2990.187792 739.221483 1302184758
2989.939541 765.332568 1302184760
2989.194787 789.554766 1302184762
2988.036280 816.554739 1302184765
2997.635334 836.999163 1302184779
3031.232019 839.110272 1302184783
3052.002384 838.999161 1302184785
3073.103751 838.665828 1302184787
3094.536120 838.776939 1302184789
3116.216740 838.665828 1302184791
3138.393862 838.221384 1302184793
3160.819236 837.443607 1302184795
3182.665357 837.221385 1302184797
3204.511478 838.110273 1302184799
3225.612845 838.776939 1302184801
3253.830751 838.888050 1302184804
3274.518365 837.443607 1302184810
