1686.454330 806.665860 1303595238
1711.858720 808.776969 1303595257
1739.662874 810.332523 1303595260
1762.170999 811.554744 1303595262
1785.754879 812.554743 1303595264
1808.925007 813.221409 1303595266
1831.019380 813.554742 1303595268
1851.955245 813.776964 1303595270
1877.856139 814.110297 1303595273
1897.881749 814.221408 1303595277
1921.548380 816.443628 1303595286
1942.815248 820.110291 1303595289
1963.833864 820.776957 1303595291
1987.086743 820.888068 1303595293
2010.256871 820.999179 1303595295
2032.682245 821.554734 1303595297
2060.320898 821.554734 1303595300
2080.512010 820.888068 1303595309
2104.426892 822.554733 1303595321
2131.072540 824.221398 1303595324
2152.504908 826.554729 1303595326
2176.585291 827.221395 1303595328
2201.493179 827.554728 1303595330
2227.145821 827.776950 1303595332
2253.212215 828.221394 1303595334
2279.278609 829.665837 1303595336
2305.179503 830.332503 1303595338
2330.666644 830.776947 1303595340
2356.071034 830.776947 1303595342
2381.227173 830.332503 1303595344
2405.804059 830.554725 1303595346
2429.801692 831.110280 1303595348
2453.137321 831.443613 1303595350
2474.569690 832.221390 1303595352
2501.298088 833.443611 1303595355
2518.758434 845.999154 1303595359
2517.268926 871.776906 1303595363
2516.110420 901.887987 1303595366
2515.613917 925.887963 1303595368
2514.951913 950.665716 1303595370
2514.455410 975.221247 1303595372
2513.793407 999.776778 1303595374
2512.717651 1024.110087 1303595376
2512.138398 1048.221174 1303595378
2511.228143 1071.665595 1303595380
2511.228143 1092.998907 1303595382
2511.310893 1117.665549 1303595385
2512.055647 1139.665527 1303595391
2513.131403 1168.221054 1303595395
2513.793407 1188.887700 1303595397
2514.455410 1211.665455 1303595399
2515.282915 1234.665432 1303595401
2516.441421 1257.220965 1303595403
2516.524172 1279.109832 1303595405
2515.779418 1306.554249 1303595408
2514.620911 1327.332006 1303595412
2514.041658 1348.887540 1303595418
2528.440238 1363.331970 1303595441
2548.796850 1364.554191 1303595444
2577.676760 1366.554189 1303595447
2600.681388 1366.887522 1303595449
2624.348018 1367.443077 1303595451
2647.766398 1368.331965 1303595453
2672.012282 1368.887520 1303595455
2696.920170 1369.331964 1303595457
2721.910808 1369.998630 1303595459
2746.570445 1370.443074 1303595461
2771.478332 1370.776407 1303595463
2795.972468 1371.554184 1303595465
2819.556348 1372.998627 1303595467
2842.726477 1373.554182 1303595469
2864.158845 1373.665293 1303595471
2886.915221 1372.665294 1303595474
2908.264839 1372.998627 1303595479
2930.359211 1374.220848 1303595483
2957.418611 1375.220847 1303595486
2980.092236 1375.554180 1303595488
3004.503622 1375.776402 1303595490
3029.825262 1376.220846 1303595492
3055.312403 1376.887512 1303595494
3080.634043 1377.998622 1303595496
3105.624681 1378.776399 1303595498
3130.118816 1379.443065 1303595500
3154.281950 1380.109731 1303595502
3178.196832 1380.443064 1303595504
3201.780713 1380.220842 1303595506
3224.702590 1378.998621 1303595508
3247.624467 1375.776402 1303595510
3268.643083 1372.665294 1303595512
3292.723466 1368.998631 1303595515
3307.370297 1355.331978 1303595518
3308.777055 1332.554223 1303595521
3308.363303 1303.665363 1303595524
3308.694304 1280.776497 1303595526
3308.859805 1258.554297 1303595528
3308.694304 1236.665430 1303595530
3309.190807 1214.443230 1303595532
3309.770060 1191.554364 1303595534
3309.190807 1168.776609 1303595536
3306.625543 1142.665524 1303595539
3308.197802 1118.887770 1303595565
3309.025306 1096.776681 1303595568
3309.770060 1065.554490 1303595571
3310.266563 1040.332293 1303595573
3311.094068 1013.776764 1303595575
3311.590570 987.332346 1303595577
3310.680315 960.665706 1303595579
3309.604559 935.332398 1303595581
3309.025306 912.887976 1303595583
3309.190807 890.332443 1303595586
3309.852811 868.888020 1303595607
3312.004323 841.110270 1303595611
3312.997328 820.888068 1303595613
3313.907583 797.221425 1303595615
3314.486836 771.888117 1303595617
3314.652337 746.665920 1303595619
3315.231591 721.777056 1303595621
3315.148840 697.554858 1303595623
3314.073084 675.110436 1303595625
3312.252574 646.332687 1303595628
3312.004323 626.221596 1303595631
