3315.810844 614.110497 1303596032
3316.803849 592.221630 1303596055
3301.246763 578.999421 1303596060
3278.076635 579.110532 1303596063
3257.968274 579.443865 1303596065
3235.873902 579.666087 1303596067
3213.365777 580.221642 1303596069
3191.436906 580.221642 1303596071
3163.384501 580.221642 1303596074
3140.131622 580.666086 1303596078
3119.444007 581.666085 1303596091
3094.205118 581.443863 1303596094
3073.517503 581.554974 1303596096
3053.326392 581.777196 1303596098
3024.363731 581.777196 1303596101
3004.255370 581.999418 1303596104
2991.842802 601.332732 1303596110
2992.008302 630.110481 1303596114
2991.098047 650.332683 1303596116
2990.518794 672.888216 1303596118
2990.105042 695.665971 1303596120
2989.443038 717.999282 1303596122
2988.863785 740.665926 1303596124
2988.201781 762.554793 1303596126
2987.291526 783.554772 1303596128
2985.471016 811.554744 1303596131
2982.078247 831.888057 1303596134
2961.307883 845.110266 1303596138
2938.220505 843.443601 1303596141
2908.678591 841.888047 1303596144
2886.997971 841.221381 1303596146
2864.903599 840.999159 1303596148
2843.388480 840.665826 1303596150
2822.121613 840.554715 1303596152
2801.268497 840.888048 1303596154
2780.746384 840.332493 1303596156
2755.010991 840.110271 1303596159
2733.330371 841.332492 1303596165
2706.932975 839.999160 1303596170
2678.301317 838.332495 1303596173
2658.192956 837.554718 1303596175
2629.147545 836.665830 1303596178
2601.343391 836.665830 1303596181
2577.014757 837.665829 1303596184
2556.244392 840.888048 1303596190
2534.646522 841.999158 1303596195
2510.979891 843.110268 1303596199
2490.375027 844.554711 1303596218
2463.315628 842.443602 1303596222
2433.277211 842.443602 1303596225
2411.348340 842.221380 1303596227
2388.343713 840.888048 1303596229
2364.263330 839.999160 1303596231
2340.100196 838.554717 1303596233
2316.102563 837.221385 1303596235
2291.442927 836.554719 1303596237
2266.700540 835.665831 1303596239
2242.289155 834.554721 1303596241
2218.043271 833.665833 1303596243
2193.631886 833.332500 1303596245
2169.882504 833.110278 1303596247
2146.960627 832.554723 1303596249
2124.287002 831.888057 1303596251
2101.116874 831.332502 1303596253
2077.532993 829.999170 1303596255
2052.873357 828.999171 1303596257
2028.544722 828.332505 1303596259
2004.629840 828.110283 1303596261
1981.542462 828.221394 1303596263
1961.268600 827.888061 1303596265
1938.346723 827.665839 1303596268
1914.514591 824.665842 1303596288
1889.854955 822.776955 1303596292
1862.050801 822.221400 1303596295
1832.508888 821.888067 1303596298
1804.621984 821.443623 1303596301
1781.369105 821.443623 1303596304
1760.929742 821.221401 1303596310
1740.407628 821.776956 1303596330
1715.334240 823.110288 1303596333
1685.213073 821.221401 1303596336
1663.201451 819.443625 1303596338
1641.024328 818.221404 1303596340
1619.591960 817.888071 1303596342
1599.235347 817.665849 1303596344
1569.445183 817.554738 1303596347
1543.296038 818.332515 1303596350
1523.270427 817.888071 1303596355
1499.438295 817.999182 1303596360
1471.385890 817.332516 1303596363
1449.291518 816.776961 1303596365
1425.624887 816.888072 1303596367
1402.454759 817.332516 1303596369
1379.863884 819.554736 1303596371
1359.424521 819.554736 1303596373
1335.509638 819.332514 1303596376
1314.408272 818.110293 1303596381
1292.231149 812.110299 1303596385
1269.723024 808.888080 1303596389
1241.670619 808.110303 1303596392
1214.362968 808.443636 1303596395
1187.055317 810.776967 1303596398
1164.629943 812.110299 1303596401
1144.769833 816.665850 1303596407
