887.746911 1218.665448 1303600677
888.243414 1193.109918 1303600685
888.491665 1163.665503 1303600688
888.822667 1139.887749 1303600690
890.560427 1115.998884 1303600692
892.298186 1094.332239 1303600694
893.539443 1071.554484 1303600697
905.703761 1052.665614 1303600713
932.266657 1054.443390 1303600717
960.236312 1055.443389 1303600720
980.344673 1055.554500 1303600722
1001.115038 1055.776722 1303600724
1022.547407 1056.332277 1303600726
1043.152271 1056.776721 1303600728
1071.535678 1057.998942 1303600731
1095.285059 1059.332274 1303600735
1117.379432 1060.887828 1303600742
1143.363075 1061.887827 1303600745
1165.540198 1062.665604 1303600747
1189.289579 1063.332270 1303600749
1213.121711 1064.110047 1303600751
1235.547085 1064.443380 1303600753
1263.847742 1064.443380 1303600756
1284.618107 1064.665602 1303600760
1306.381477 1063.776714 1303600773
1328.558600 1064.443380 1303600776
1354.045741 1065.110046 1303600779
1379.367381 1065.887823 1303600782
1402.868511 1065.776712 1303600785
1427.197146 1066.665600 1303600788
1453.098039 1068.887820 1303600791
1475.275162 1071.332262 1303600795
1494.307767 1064.443380 1303600801
1496.790281 1041.776736 1303600805
1495.880026 1015.665651 1303600808
1496.128277 994.443450 1303600810
1496.707530 970.887918 1303600812
1497.286783 946.554609 1303600814
1498.114288 922.887966 1303600816
1498.941792 900.110211 1303600818
1499.438295 877.999122 1303600820
1499.686547 857.221365 1303600822
1500.183049 832.776945 1303600825
1506.554835 809.554746 1303600832
1532.372977 804.110307 1303600836
1552.481339 805.665861 1303600838
1574.575711 806.888082 1303600840
1596.256331 807.221415 1303600842
1617.192197 807.665859 1303600844
1637.797061 807.888081 1303600846
1658.650176 807.888081 1303600848
1679.668792 807.332526 1303600850
1708.714203 806.665860 1303600853
1736.270105 807.665859 1303600856
1766.308522 809.554746 1303600859
1787.740890 810.443634 1303600861
1808.925007 811.332522 1303600863
1829.447121 811.999188 1303600865
1858.823533 812.665854 1303600868
1883.152168 813.554742 1303600871
1903.508781 814.332519 1303600880
1927.340912 814.665852 1303600885
1955.062316 815.443629 1303600888
1975.749930 815.999184 1303600890
1997.347800 816.554739 1303600892
2019.276671 816.888072 1303600894
2040.874541 817.221405 1303600896
2069.588949 817.776960 1303600899
2092.759078 817.554738 1303600903
2115.101701 817.888071 1303600908
2139.678587 819.110292 1303600911
2160.779954 819.999180 1303600913
2183.784581 820.665846 1303600915
2207.285711 821.443623 1303600917
2230.869592 821.999178 1303600919
2254.370722 822.554733 1303600921
2278.782107 823.221399 1303600923
2302.945240 823.888065 1303600925
2326.198119 824.221398 1303600927
2348.623493 824.554731 1303600929
2371.876372 825.110286 1303600931
2395.460252 825.665841 1303600933
2418.547630 825.665841 1303600935
2440.559252 825.999174 1303600937
2461.495118 826.554729 1303600939
2489.795774 827.776950 1303600942
2513.545155 829.443615 1303600946
2522.399454 848.665818 1303600959
2520.992697 876.332457 1303600964
2519.585939 907.554648 1303600967
2519.006686 931.999068 1303600969
2518.344682 955.443489 1303600971
2517.682678 979.110132 1303600973
2516.937924 1003.221219 1303600975
2516.110420 1027.221195 1303600977
2515.117414 1050.998949 1303600979
2514.620911 1073.776704 1303600981
2515.282915 1094.554461 1303600983
2515.779418 1119.221103 1303600986
2515.944919 1143.221079 1303600992
2516.275921 1163.665503 1303600995
2517.103425 1193.665473 1303600998
2517.765429 1215.109896 1303601000
2518.592933 1235.887653 1303601002
2519.751440 1257.554298 1303601004
2519.751440 1279.776498 1303601006
2519.089436 1301.109810 1303601008
2518.592933 1325.998674 1303601011
2517.599928 1345.998654 1303601015
2525.626722 1364.776413 1303601026
2550.782861 1363.887525 1303601030
2579.662771 1363.220859 1303601033
2600.681388 1363.220859 1303601035
2622.527508 1363.443081 1303601037
2645.283884 1363.776414 1303601039
2669.116016 1364.331969 1303601041
2693.858403 1364.998635 1303601043
2718.352538 1365.443079 1303601045
2742.929424 1365.998634 1303601047
2768.002813 1366.443078 1303601049
2793.241703 1367.109744 1303601051
2818.315092 1367.443077 1303601053
2842.395475 1368.109743 1303601055
2864.241596 1368.887520 1303601057
2886.832471 1369.887519 1303601060
2909.009593 1370.665296 1303601065
2935.572490 1370.776407 1303601084
2963.045642 1370.998629 1303601087
2985.305515 1371.331962 1303601089
3009.137647 1371.998628 1303601091
3033.549032 1372.443072 1303601093
3058.374170 1373.443071 1303601095
3083.861311 1373.998626 1303601097
3109.513952 1374.331959 1303601099
3135.332095 1374.554181 1303601101
3161.067488 1375.331958 1303601103
3186.306377 1376.109735 1303601105
3210.800513 1376.331957 1303601107
3234.880896 1374.220848 1303601109
3257.802773 1371.554184 1303601111
3285.358675 1368.220854 1303601114
3304.639532 1360.887528 1303601117
3310.763066 1336.887552 1303601121
3308.777055 1311.109800 1303601124
3308.280552 1289.776488 1303601126
3308.197802 1266.109845 1303601128
3308.777055 1241.554314 1303601130
3309.439059 1217.554338 1303601132
3309.687310 1194.665472 1303601134
3310.018312 1173.887715 1303601136
3311.507820 1149.665517 1303601139
3313.411080 1129.109982 1303601153
3311.425070 1102.554453 1303601157
3312.335325 1071.443373 1303601160
3312.666326 1046.887842 1303601162
3313.080079 1020.665646 1303601164
3314.073084 994.332339 1303601166
3314.983339 968.221254 1303601168
3314.735088 944.110167 1303601170
3315.066090 923.221299 1303601172
3315.314341 901.221321 1303601175
3315.231591 880.665786 1303601196
3316.555598 857.443587 1303601200
3317.548603 831.221391 1303601203
3317.796855 801.221421 1303601206
3318.127857 779.776998 1303601208
3318.541609 757.443687 1303601210
3318.955361 735.221487 1303601212
3319.534614 713.777064 1303601214
3320.031117 684.999315 1303601217
3319.286363 659.888229 1303601220
3315.976345 635.777142 1303601224
