2539.446049 1383.109728 1303387649
2519.916941 1387.887501 1303387670
2494.429800 1387.554168 1303387674
2470.845919 1384.665282 1303387677
2444.283022 1383.443061 1303387680
2422.519652 1382.776395 1303387682
2398.853021 1381.331952 1303387684
2373.779632 1379.331954 1303387686
2348.623493 1377.331956 1303387688
2323.798356 1375.998624 1303387690
2299.717973 1375.109736 1303387692
2275.968591 1374.554181 1303387694
2251.557206 1374.109737 1303387696
2227.228571 1373.776404 1303387698
2203.313689 1372.220850 1303387700
2180.640064 1370.443074 1303387702
2159.290446 1369.220853 1303387704
2132.148295 1367.665299 1303387707
2111.957184 1367.887521 1303387712
2091.352320 1375.887513 1303387727
2068.182192 1375.887513 1303387730
2037.647273 1376.220846 1303387733
2014.394394 1375.776402 1303387735
1988.410750 1374.109737 1303387737
1961.351351 1371.443073 1303387739
1933.629947 1368.887520 1303387741
1906.239546 1366.776411 1303387743
1879.759399 1364.331969 1303387745
1854.189508 1362.665304 1303387747
1828.785117 1361.443083 1303387749
1804.290982 1360.331973 1303387751
1779.714096 1359.109752 1303387753
1754.061454 1357.776420 1303387755
1729.815570 1357.220865 1303387757
1706.479941 1357.776420 1303387759
1684.882071 1359.220863 1303387761
1655.588409 1361.665305 1303387764
1629.770266 1358.109753 1303387767
1600.393854 1345.776432 1303387770
1575.072214 1334.776443 1303387772
1548.923069 1324.554231 1303387774
1522.360172 1312.998687 1303387776
1498.776292 1316.220906 1303387778
1478.750681 1316.332017 1303387780
1458.559569 1309.776468 1303387790
1450.450024 1288.332045 1303387794
1444.491991 1268.332065 1303387797
1441.016472 1244.220978 1303387801
1459.966327 1231.109880 1303387809
1463.110844 1208.665458 1303387816
1470.972138 1184.998815 1303387820
1471.965143 1160.332173 1303387824
1460.711081 1142.332191 1303387834
1468.075872 1123.554432 1303387836
1477.343923 1099.332234 1303387838
1482.143450 1076.443368 1303387840
1487.273978 1051.443393 1303387842
1493.314761 1023.221199 1303387844
1496.293778 996.110115 1303387846
1498.279789 969.776808 1303387848
1499.107293 943.999056 1303387850
1500.927803 918.999081 1303387852
1503.327567 893.887995 1303387854
1504.817075 870.443574 1303387856
1505.727330 842.221380 1303387859
1506.554835 820.665846 1303387864
1482.226200 815.110296 1303387872
1455.084050 815.888073 1303387876
1426.286891 808.110303 1303387879
1404.109768 804.221418 1303387881
1382.098146 803.776974 1303387883
1359.093519 804.110307 1303387885
1338.074903 802.776975 1303387887
1314.822024 799.665867 1303387890
1313.084264 820.776957 1303387899
1318.876796 846.443598 1303387903
1292.893153 856.999143 1303387907
1266.744008 864.110247 1303387910
1239.188105 873.221349 1303387913
1217.093733 876.776901 1303387916
1198.226629 864.554691 1303387922
1178.449269 851.554704 1303387931
1159.085662 844.888044 1303387934
1137.818795 839.554716 1303387937
1110.511144 832.776945 1303387940
1090.816535 828.332505 1303387942
1061.357372 822.665844 1303387945
1041.497262 818.665848 1303387947
1015.513618 815.110296 1303387950
990.357479 811.221411 1303387953
966.773598 808.999191 1303387956
946.085984 807.888081 1303387959
926.143124 806.443638 1303387969
904.793506 803.110308 1303387986
901.235236 823.221399 1303387991
900.076729 847.888041 1303387994
898.669972 869.888019 1303387996
898.256219 892.554663 1303387998
897.759717 914.665752 1303388000
897.180463 936.443508 1303388002
896.187458 958.110153 1303388004
895.856456 978.110133 1303388006
895.773706 998.110113 1303388008
894.532449 1024.776753 1303388011
892.960190 1045.332288 1303388016
