2118.411719 830.776947 1303608899
2098.303358 830.554725 1303608903
2072.071463 829.110282 1303608906
2051.383849 828.776949 1303608908
2030.778985 828.221394 1303608910
2002.561079 827.665839 1303608913
1981.790714 826.332507 1303608916
1961.351351 824.888064 1303608920
1937.519219 824.888064 1303608924
1914.762843 824.665842 1303608932
1890.682460 824.221398 1303608937
1870.408597 823.776954 1303608942
1848.562477 822.776955 1303608947
1824.647594 822.221400 1303608951
1804.539233 821.332512 1303608954
1778.224588 820.888068 1303608958
1755.716463 820.888068 1303608962
1732.877337 820.888068 1303608990
1707.638447 821.332512 1303608994
1683.558064 820.443624 1303608997
1656.746915 818.665848 1303609000
1628.777261 817.888071 1303609003
1599.980101 817.888071 1303609006
1572.755201 817.554738 1303609009
1548.509317 817.554738 1303609012
1526.828697 817.888071 1303609016
1506.306583 817.443627 1303609023
1478.419679 816.554739 1303609027
1450.946527 814.332519 1303609030
1424.466380 812.999187 1303609033
1396.827728 812.776965 1303609036
1369.685577 812.999187 1303609039
1345.522444 814.332519 1303609042
1323.262571 816.332517 1303609046
1299.513189 814.888074 1303609070
1278.411822 818.554737 1303609074
1251.021421 821.665845 1303609077
1226.941038 819.888069 1303609079
1203.936410 817.221405 1303609081
1182.338541 815.888073 1303609083
1154.617138 813.776964 1303609086
1132.853767 811.332522 1303609091
1110.097391 808.888080 1303609096
1082.293237 808.554747 1303609099
1059.619612 807.999192 1303609101
1034.959976 807.665859 1303609103
1010.631341 806.443638 1303609105
986.468207 805.888083 1303609107
963.132578 804.999195 1303609109
939.134945 804.443640 1303609111
915.054562 803.665863 1303609113
889.981174 803.110308 1303609115
863.004524 802.332531 1303609117
834.538367 801.665865 1303609119
805.327455 800.888088 1303609121
775.371790 800.554755 1303609123
745.002372 800.443644 1303609125
714.963955 799.888089 1303609127
685.339291 799.221423 1303609129
656.376631 798.888090 1303609131
628.489727 798.776979 1303609133
602.588834 798.888090 1303609135
580.659962 798.776979 1303609137
557.324333 799.221423 1303609140
533.574952 796.554759 1303609150
504.364040 793.888095 1303609154
482.435169 793.221429 1303609156
458.023784 792.443652 1303609158
433.281397 791.999208 1303609160
409.283764 791.443653 1303609162
386.444638 791.332542 1303609164
365.012269 791.110320 1303609166
339.607879 790.554765 1303609169
319.003015 791.888097 1303609173
296.908643 790.776987 1303609192
272.331757 789.665877 1303609196
245.355107 789.999210 1303609199
221.191974 790.110321 1303609202
200.007856 789.221433 1303609206
176.092974 788.443656 1303609213
150.109330 788.332545 1303609216
123.049931 788.221434 1303609219
102.362316 787.999212 1303609222
91.687507 807.776970 1303609228
92.266760 836.554719 1303609232
92.018509 856.999143 1303609234
91.273755 879.110232 1303609236
90.611751 901.332432 1303609238
90.611751 923.221299 1303609240
90.197999 943.887945 1303609242
88.129238 971.554584 1303609245
87.053482 997.110114 1303609248
84.239966 1024.665642 1303609251
83.412461 1045.443399 1303609253
82.750458 1067.443377 1303609255
82.253955 1089.887799 1303609257
81.591951 1112.109999 1303609259
80.764447 1133.998866 1303609261
81.178199 1156.554399 1303609263
81.095449 1179.443265 1303609265
80.350695 1201.887687 1303609267
80.102443 1223.887665 1303609269
79.688691 1244.665422 1303609271
80.102443 1273.443171 1303609274
80.102443 1294.998705 1303609277
79.192188 1318.554237 1303609299
95.659529 1332.554223 1303609306
115.767890 1332.554223 1303609309
145.061553 1332.443112 1303609312
165.997418 1332.776445 1303609314
187.595288 1332.998667 1303609316
209.358658 1332.998667 1303609318
230.956528 1333.220889 1303609320
252.388896 1333.776444 1303609322
273.904015 1334.443110 1303609324
296.329389 1334.554221 1303609326
320.244272 1334.887554 1303609328
345.152159 1334.998665 1303609330
370.225548 1335.331998 1303609332
394.885185 1335.443109 1303609334
418.303564 1335.665331 1303609336
439.239430 1336.331997 1303609338
460.920050 1337.665329 1303609341
483.924677 1337.331996 1303609347
507.425807 1337.331996 1303609350
527.947921 1337.665329 1303609352
551.283550 1338.109773 1303609354
575.694935 1338.220884 1303609356
600.437322 1338.554217 1303609358
625.179709 1338.998661 1303609360
649.922096 1339.443105 1303609362
674.416231 1339.998660 1303609364
698.496614 1340.331993 1303609366
722.411497 1340.665326 1303609368
746.574630 1341.109770 1303609370
770.075760 1341.443103 1303609372
792.583885 1341.776436 1303609374
813.933503 1342.109769 1303609376
841.075653 1341.776436 1303609379
861.928768 1341.220881 1303609383
879.720117 1329.220893 1303609389
882.864634 1306.554249 1303609392
883.940390 1281.443163 1303609395
884.519643 1258.332075 1303609398
885.429898 1234.887654 1303609401
886.091902 1207.332126 1303609404
886.671155 1187.221035 1303609406
887.498660 1165.332168 1303609408
888.243414 1142.332191 1303609410
889.898423 1119.443325 1303609412
891.801684 1097.998902 1303609414
893.125691 1072.887816 1303609417
901.069735 1054.221168 1303609421
927.136129 1051.665615 1303609425
953.616276 1052.332281 1303609428
978.193162 1051.998948 1303609431
1001.115038 1054.665612 1303609448
1021.306150 1055.887833 1303609451
1049.772308 1056.776721 1303609454
1076.500705 1057.554498 1303609457
1102.401599 1059.443385 1303609463
1130.288503 1060.665606 1303609467
1150.562365 1061.221161 1303609469
1173.235991 1061.665605 1303609471
1195.826866 1061.998938 1303609473
1217.507486 1062.776715 1303609475
1244.897887 1063.554492 1303609478
1269.557523 1063.110048 1303609482
1293.555156 1064.332269 1303609486
1320.697306 1065.110046 1303609489
1342.543427 1065.776712 1303609491
1364.141297 1065.887823 1303609493
1391.448948 1065.554490 1303609496
1413.377819 1065.332268 1303609500
1440.023467 1069.221153 1303609519
1464.848604 1069.665597 1303609522
1485.370717 1070.665596 1303609526
1500.100299 1055.332278 1303609533
1498.776292 1034.110077 1303609536
1497.617785 1004.110107 1303609539
1497.700536 979.554576 1303609541
1498.031537 954.554601 1303609543
1498.693541 929.999070 1303609545
1499.272794 906.443538 1303609547
1499.603796 883.776894 1303609549
1500.017548 862.443582 1303609551
1500.596802 834.999165 1303609554
1501.258805 812.776965 1303609560
1517.643396 801.110310 1303609564
1543.544289 799.776978 1303609567
1564.976658 801.554754 1303609569
1587.733034 802.221420 1303609571
1610.654910 802.999197 1303609573
1632.335530 804.554751 1303609575
1658.153673 805.665861 1303609578
1679.420541 806.221416 1303609596
