864.825034 1335.665331 1303611290
881.126875 1319.220903 1303611297
882.450882 1294.443150 1303611300
882.781884 1273.776504 1303611302
882.947385 1250.998749 1303611304
882.947385 1227.554328 1303611306
883.361137 1203.887685 1303611308
883.857640 1180.332153 1303611310
884.188642 1156.665510 1303611312
884.436893 1133.109978 1303611314
885.595399 1110.776667 1303611316
887.167658 1090.776687 1303611318
887.746911 1067.887821 1303611321
902.062740 1049.776728 1303611326
924.074362 1050.776727 1303611329
954.443780 1052.998947 1303611332
977.448407 1053.554502 1303611334
1000.701286 1053.776724 1303611336
1023.705913 1054.443390 1303611338
1045.221032 1055.332278 1303611340
1073.107937 1058.110053 1303611343
1093.630050 1059.776718 1303611348
1118.868940 1060.776717 1303611353
1147.417848 1061.443383 1303611356
1168.850216 1061.665605 1303611358
1189.951583 1061.776716 1303611360
1209.977194 1061.554494 1303611362
1238.691603 1061.887827 1303611365
1266.495757 1062.998937 1303611368
1293.637907 1064.221158 1303611371
1322.021314 1064.221158 1303611374
1349.494466 1064.221158 1303611377
1374.816106 1064.776713 1303611380
1397.572482 1063.998936 1303611383
1418.342847 1063.998936 1303611386
1439.775215 1064.665602 1303611389
1460.214578 1065.776712 1303611392
1480.405690 1066.221156 1303611396
1499.272794 1059.554496 1303611402
1498.776292 1036.665630 1303611406
1495.714525 1009.665657 1303611409
1494.307767 987.776790 1303611411
1493.894015 964.221258 1303611413
1493.894015 940.332393 1303611415
1494.059515 916.665750 1303611417
1494.225016 893.554662 1303611419
1494.059515 871.665795 1303611421
1493.976765 851.110260 1303611423
1493.811264 827.665839 1303611426
1497.700536 807.221415 1303611432
1522.111921 798.443646 1303611436
1551.819335 799.554756 1303611439
1573.830957 800.332533 1303611441
1595.842579 800.999199 1303611443
1617.854200 801.888087 1303611445
1640.362325 802.554753 1303611447
1662.622198 802.776975 1303611449
1684.716570 803.332530 1303611451
1706.397190 804.443640 1303611453
1728.739814 805.443639 1303611455
1752.571946 806.443638 1303611457
1776.569578 807.443637 1303611459
1799.574206 808.110303 1303611461
1821.585827 808.776969 1303611463
1841.694189 808.888080 1303611465
1867.595082 808.888080 1303611468
1890.103206 809.999190 1303611472
1916.748854 811.332522 1303611479
1942.815248 811.221411 1303611482
1963.668363 811.332522 1303611484
1985.928237 811.665855 1303611486
2008.022609 811.888077 1303611488
2029.041225 812.332521 1303611490
2056.679878 812.888076 1303611493
2077.201992 813.332520 1303611496
2100.123868 813.665853 1303611501
2121.556237 814.332519 1303611504
2148.781138 815.332518 1303611507
2177.661047 815.888073 1303611510
2205.216950 816.221406 1303611513
2233.683107 816.221406 1303611516
2263.638773 817.443627 1303611519
2285.071141 817.888071 1303611521
2306.586261 818.443626 1303611523
2328.846134 818.888070 1303611525
2350.940506 819.443625 1303611527
2372.869377 820.221402 1303611529
2394.715498 820.888068 1303611531
2416.230617 821.221401 1303611533
2436.669980 821.888067 1303611535
2456.778341 822.332511 1303611537
2484.334244 823.888065 1303611540
2505.601112 825.554730 1303611544
2517.268926 843.443601 1303611559
2516.358671 867.776910 1303611564
2514.951913 895.110216 1303611567
2514.372660 915.221307 1303611569
2514.538161 935.665731 1303611571
2514.372660 956.776821 1303611573
2513.958908 977.776800 1303611575
2513.296904 999.332334 1303611577
2512.883152 1021.332312 1303611579
2512.469400 1042.887846 1303611581
2510.979891 1071.776706 1303611584
2511.641895 1098.554457 1303611587
2513.958908 1120.776657 1303611590
2515.862168 1144.998855 1303611605
2515.944919 1167.998832 1303611608
2517.103425 1197.665469 1303611611
2518.344682 1227.109884 1303611614
2519.420438 1255.443189 1303611617
2519.503188 1281.776496 1303611620
2519.585939 1303.776474 1303611623
2519.172187 1325.998674 1303611628
2518.592933 1347.998652 1303611638
2531.088253 1363.665303 1303611659
2556.989146 1360.998639 1303611664
2581.979784 1361.554194 1303611667
2611.852699 1362.109749 1303611670
2633.036817 1362.776415 1303611672
2654.717436 1363.665303 1303611674
2677.142811 1364.443080 1303611676
2698.988931 1365.331968 1303611678
2720.504050 1365.665301 1303611680
2740.695162 1365.998634 1303611682
2761.134525 1366.331967 1303611684
2781.739389 1366.887522 1303611686
2801.930501 1367.331966 1303611688
2830.644910 1367.443077 1303611691
2858.449064 1368.887520 1303611694
2887.577225 1371.443073 1303611697
2907.851087 1372.220850 1303611699
2929.862709 1372.109739 1303611701
2954.274094 1371.554184 1303611703
2978.437227 1371.998628 1303611705
3001.441855 1372.887516 1303611707
3024.363731 1373.220849 1303611709
3046.623605 1373.998626 1303611711
3069.379980 1373.998626 1303611713
3092.301857 1374.443070 1303611715
3116.299490 1374.887514 1303611717
3140.793626 1375.331958 1303611719
3164.956759 1375.331958 1303611721
3188.126887 1375.665291 1303611723
3210.883263 1375.331958 1303611725
3232.315632 1373.109738 1303611727
3252.589494 1370.109741 1303611729
3277.745633 1366.331967 1303611732
3300.915761 1359.776418 1303611736
3306.956545 1336.331997 1303611740
3305.632537 1312.332021 1303611743
3305.384286 1291.554264 1303611745
3305.384286 1268.109843 1303611747
3305.632537 1242.998757 1303611749
3305.715288 1217.332116 1303611751
3305.880789 1192.332141 1303611753
3306.625543 1167.998832 1303611755
3307.039295 1144.221078 1303611757
3307.287547 1120.665546 1303611759
3307.866800 1096.665570 1303611761
3308.611554 1071.332262 1303611763
3308.777055 1044.776733 1303611765
3309.025306 1017.554538 1303611767
3309.770060 977.554578 1303611770
3310.183813 951.332382 1303611772
3310.514814 927.443517 1303611774
3311.011317 899.332434 1303611777
3311.259569 876.443568 1303611781
3310.928567 851.443593 1303611806
3311.259569 828.999171 1303611809
3311.590570 803.665863 1303611812
3312.335325 776.554779 1303611815
3313.080079 748.777029 1303611818
3313.742082 721.110390 1303611821
3313.742082 694.110417 1303611824
3312.252574 669.777108 1303611827
3311.259569 649.777128 1303611830
3311.590570 628.221594 1303611836
