1307.705485 573.554982 1302186919
1316.063281 552.221670 1302186929
1328.393099 535.332798 1302186933
1352.307981 536.332797 1302186936
1373.740350 537.110574 1302186938
1397.324230 538.555017 1302186940
1421.487364 538.555017 1302186942
1444.988494 537.777240 1302186944
1468.572374 537.888351 1302186946
1492.321756 538.332795 1302186948
1515.988387 538.999461 1302186950
1539.241265 538.666128 1302186952
1560.839135 538.110573 1302186954
1587.402032 537.555018 1302186957
1607.510393 538.110573 1302186971
1629.770266 542.443902 1302186975
1657.905422 546.666120 1302186978
1678.013783 547.888341 1302186980
1700.439157 547.221675 1302186983
1720.630269 553.888335 1302186992
1728.408812 579.554976 1302186996
1729.153566 608.999391 1302186999
1728.905315 632.443812 1302187001
1728.326061 658.888230 1302187003
1727.333056 687.110424 1302187005
1727.002054 713.777064 1302187007
1726.340050 738.777039 1302187009
1726.174550 761.777016 1302187011
1725.512546 781.888107 1302187013
1724.685041 806.999193 1302187016
1722.202528 831.999168 1302187020
1720.547518 860.110251 1302187023
1720.464768 882.221340 1302187025
1720.547518 905.887983 1302187027
1720.216517 929.999070 1302187029
1719.968265 955.443489 1302187031
1718.975260 982.665684 1302187033
1717.734003 1009.887879 1302187035
1715.416990 1036.998963 1302187037
1713.513730 1062.332271 1302187039
1712.603474 1086.221136 1302187041
1711.858720 1109.776668 1302187043
1710.865715 1133.221089 1302187045
1709.045205 1155.998844 1302187047
1708.134950 1175.998824 1302187049
1706.397190 1200.998799 1302187052
1707.059194 1223.998776 1302187072
1703.914676 1246.554309 1302187075
1697.129139 1274.776503 1302187078
1692.329612 1294.665372 1302187080
1688.936844 1314.665352 1302187082
1686.454330 1335.443109 1302187084
1685.875077 1355.887533 1302187086
1695.639631 1380.998619 1302187089
1720.795770 1385.331948 1302187092
1741.069632 1383.776394 1302187094
1763.081254 1381.554174 1302187096
1787.161637 1379.776398 1302187098
1810.745517 1378.331955 1302187100
1835.156902 1376.109735 1302187102
1858.658032 1374.665292 1302187104
1881.745410 1372.887516 1302187106
1905.660293 1370.776407 1302187108
1931.561186 1367.998632 1302187110
1957.462079 1366.554189 1302187112
1983.859475 1365.776412 1302187114
2010.256871 1365.220857 1302187116
2036.985269 1364.331969 1302187118
2062.803412 1363.776414 1302187120
2088.042301 1363.887525 1302187122
2112.867439 1364.109747 1302187124
2137.444325 1364.554191 1302187126
2162.848715 1364.554191 1302187128
2188.418607 1364.887524 1302187130
2213.078243 1364.887524 1302187132
2236.910375 1364.998635 1302187134
2259.004747 1366.554189 1302187136
2282.009375 1367.665299 1302187138
2304.600250 1369.776408 1302187140
2327.522126 1370.665296 1302187142
2351.106007 1369.776408 1302187144
2373.696882 1368.887520 1302187146
2395.956755 1368.331965 1302187148
2416.644369 1368.109743 1302187150
2442.379762 1368.998631 1302187153
2462.736374 1370.109741 1302187157
2482.761985 1370.220852 1302187176
2507.256121 1372.887516 1302187181
2530.343498 1374.887514 1302187184
2551.858617 1378.443066 1302187187
2578.256013 1379.887509 1302187190
2601.012389 1379.554176 1302187192
2626.416780 1378.331955 1302187194
2651.655670 1378.220844 1302187196
2677.804814 1377.331956 1302187198
2702.133449 1378.109733 1302187200
2725.717329 1379.109732 1302187202
2748.639206 1378.887510 1302187204
2770.568077 1379.331954 1302187206
2793.324453 1379.220843 1302187208
2815.501576 1379.665287 1302187210
2838.175201 1379.998620 1302187212
2860.517825 1380.443064 1302187214
2882.446696 1380.109731 1302187216
2903.465313 1379.998620 1302187218
2925.063182 1379.887509 1302187220
2946.909303 1380.998619 1302187222
2968.507172 1382.331951 1302187224
2990.105042 1382.665284 1302187226
3013.606172 1382.776395 1302187228
3038.100307 1382.331951 1302187230
3061.518687 1381.776396 1302187232
3085.019817 1381.887507 1302187234
3108.272696 1383.665283 1302187236
3130.532569 1385.443059 1302187238
3151.882187 1386.776391 1302187240
3173.231805 1388.331945 1302187242
3194.498673 1388.554167 1302187244
3224.371588 1387.331946 1302187247
3251.430988 1383.443061 1302187250
3272.532354 1379.554176 1302187254
3294.212974 1370.331963 1302187271
3305.053284 1350.776427 1302187275
3304.308530 1326.332007 1302187278
3304.970534 1299.665367 1302187281
3304.970534 1271.554284 1302187284
3305.301536 1243.220979 1302187287
3308.197802 1213.776564 1302187290
3311.425070 1186.221036 1302187293
3313.824833 1158.887730 1302187296
3313.576581 1130.665536 1302187299
3310.680315 1103.998896 1302187302
3309.770060 1074.221148 1302187305
3309.108057 1053.554502 1302187307
3308.197802 1031.665635 1302187309
3307.701299 1008.998991 1302187311
3308.611554 984.221238 1302187313
3309.356308 959.665707 1302187315
3309.439059 935.332398 1302187317
3309.604559 910.665756 1302187319
3309.604559 886.776891 1302187321
3309.770060 864.221358 1302187323
3309.935561 841.665825 1302187325
3309.935561 819.443625 1302187327
3310.680315 797.888091 1302187329
3311.259569 776.777001 1302187331
3312.087073 755.888133 1302187333
3312.500825 733.888155 1302187335
3314.155835 708.554847 1302187337
3314.321336 683.110428 1302187339
3314.404086 658.666008 1302187341
3314.817838 636.443808 1302187343
3317.052101 612.443832 1302187346
3316.472847 591.999408 1302187350
3297.026490 580.554975 1302187354
3269.884340 579.443865 1302187357
3249.196725 579.221643 1302187359
3227.433355 578.554977 1302187361
3206.166487 577.110534 1302187363
3185.396122 576.110535 1302187365
3160.488234 574.332759 1302187368
3140.462624 573.777204 1302187373
3114.561730 574.554981 1302187378
3088.743588 575.666091 1302187381
3066.649215 575.332758 1302187383
3043.396337 574.332759 1302187385
3021.715717 572.554983 1302187387
2998.297337 569.777208 1302187390
2984.478011 554.999445 1302187407
2984.891763 532.110579 1302187414
2987.126025 506.110605 1302187419
2988.863785 482.888406 1302187422
2988.036280 453.443991 1302187425
2987.374277 430.444014 1302187427
2988.367282 406.777371 1302187429
2990.022291 382.555173 1302187431
2991.925552 359.777418 1302187433
2993.497811 335.444109 1302187436
2994.408066 315.221907 1302187443
2991.346299 291.555264 1302187447
2993.166809 261.666405 1302187450
2995.483822 238.333095 1302187452
2997.138831 216.333117 1302187454
2999.207592 193.777584 1302187457
3015.343932 178.444266 1302187463
3037.107302 183.222039 1302187468
