3318.127857 611.777166 1303165122
3319.120862 589.554966 1303165140
3301.908767 578.999421 1303165144
3277.662883 577.221645 1303165147
3256.892518 577.888311 1303165149
3234.301643 578.221644 1303165151
3210.883263 578.443866 1303165153
3188.871642 578.777199 1303165155
3163.384501 579.110532 1303165158
3142.945137 578.888310 1303165164
3120.271512 579.888309 1303165174
3093.874116 580.443864 1303165177
3073.600254 580.554975 1303165179
3048.775116 580.443864 1303165182
3027.259997 580.999419 1303165186
3005.248376 579.777198 1303165202
2983.650506 577.999422 1303165205
2959.239121 575.666091 1303165208
2934.248483 575.110536 1303165211
2913.726369 575.554980 1303165214
2892.045749 576.110535 1303165221
2866.227607 576.666090 1303165226
2842.395475 575.999424 1303165229
2817.156585 575.110536 1303165232
2791.007440 573.554982 1303165235
2764.692795 571.110540 1303165238
2736.474889 569.666097 1303165241
2716.201027 568.666098 1303165243
2695.099660 568.332765 1303165245
2673.419040 566.777211 1303165247
2649.835159 565.999434 1303165249
2625.010022 565.554990 1303165251
2600.102134 565.332768 1303165253
2575.194247 564.777213 1303165255
2548.796850 564.777213 1303165257
2520.909946 565.666101 1303165259
2492.195537 566.110545 1303165261
2462.653624 566.554989 1303165263
2432.697958 566.332767 1303165265
2402.576792 565.777212 1303165267
2372.455625 565.332768 1303165269
2342.417209 565.110546 1303165271
2312.544293 564.777213 1303165273
2282.671378 564.332769 1303165275
2252.550212 563.999436 1303165277
2222.511795 563.110548 1303165279
2193.714636 562.332771 1303165281
2165.165728 561.777216 1303165283
2136.865072 560.999439 1303165285
2108.812666 560.443884 1303165287
2080.512010 560.110551 1303165289
2051.052847 559.666107 1303165291
2019.938675 558.666108 1303165293
1988.907253 558.110553 1303165295
1958.124083 557.332776 1303165297
1927.175412 556.888332 1303165299
1896.226740 555.888333 1303165301
1865.195319 554.777223 1303165303
1833.584644 553.666113 1303165305
1801.725718 553.666113 1303165307
1770.859797 553.999446 1303165309
1741.069632 553.999446 1303165311
1712.686225 554.221668 1303165313
1684.964822 554.332779 1303165315
1656.746915 554.777223 1303165317
1628.363508 555.332778 1303165319
1600.476604 556.110555 1303165321
1574.575711 556.443888 1303165323
1552.398588 556.999443 1303165325
1526.745946 557.221665 1303165328
1507.961592 564.999435 1303165332
1506.223833 592.554963 1303165336
1506.803086 622.443822 1303165339
1506.885836 645.666021 1303165341
1506.885836 670.554885 1303165343
1506.472084 696.221526 1303165345
1505.892831 720.888168 1303165347
1505.727330 744.443700 1303165349
1505.644580 765.110346 1303165351
1505.810080 788.443656 1303165354
1504.155071 808.999191 1303165370
1480.322939 817.221405 1303165375
1458.807820 814.665852 1303165378
1434.644687 814.332519 1303165381
1409.488548 814.110297 1303165384
1385.408164 813.999186 1303165387
1360.665777 814.776963 1303165390
1339.150658 814.665852 1303165393
1319.042297 815.110296 1303165397
1295.044664 808.776969 1303165407
1272.536540 805.110306 1303165411
1249.035410 805.999194 1303165414
1221.810509 806.999193 1303165417
1195.164862 806.221416 1303165420
1172.822238 806.999193 1303165423
1149.817611 806.332527 1303165427
1134.757028 822.999177 1303165433
1136.660288 845.110266 1303165436
1138.149796 869.443575 1303165439
1139.804806 893.221329 1303165442
1140.466809 916.110195 1303165445
1140.301308 938.443506 1303165448
1139.804806 960.110151 1303165451
1139.142802 981.332352 1303165454
1138.811800 1001.887887 1303165457
1136.660288 1025.776752 1303165461
1131.116008 1045.332288 1303165465
1137.901545 1065.998934 1303165489
1129.047246 1084.110027 1303165501
