3308.942556 1123.665543 1303733121
3308.694304 1099.776678 1303733133
3309.356308 1071.221151 1303733136
3309.935561 1048.221174 1303733138
3310.432064 1023.332310 1303733140
3310.928567 997.443447 1303733142
3311.507820 970.776807 1303733144
3312.252574 944.443500 1303733146
3312.169824 919.221303 1303733148
3312.169824 897.443547 1303733150
3313.080079 874.443570 1303733153
3305.467037 853.999146 1303733161
3278.159385 852.554703 1303733165
3249.113975 852.554703 1303733168
3227.267854 851.999148 1303733170
3205.256232 851.443593 1303733172
3182.665357 850.888038 1303733174
3159.412479 850.888038 1303733176
3136.159600 850.776927 1303733178
3113.154973 850.888038 1303733180
3090.729599 850.999149 1303733182
3069.876483 850.221372 1303733184
3041.906828 847.332486 1303733187
3020.308959 845.554710 1303733190
2999.704095 845.110266 1303733195
2979.016481 842.999157 1303733199
2955.515351 841.221381 1303733202
2926.304439 839.888049 1303733205
2905.616824 838.888050 1303733207
2883.522452 838.110273 1303733209
2860.683326 837.332496 1303733211
2837.761449 837.110274 1303733213
2815.005073 836.554719 1303733215
2792.910701 836.110275 1303733217
2771.561083 835.665831 1303733219
2744.749935 834.443610 1303733222
2724.476072 833.665833 1303733228
2698.823430 834.221388 1303733233
2671.929532 836.776941 1303733236
2650.497163 837.110274 1303733238
2628.651042 836.110275 1303733240
2606.722171 835.332498 1303733242
2585.703555 834.665832 1303733244
2558.726905 833.999166 1303733247
2536.136030 833.110278 1303733251
2510.566139 831.443613 1303733274
2486.485756 831.332502 1303733277
2456.033587 830.443614 1303733280
2433.442712 829.443615 1303733282
2410.272584 828.776949 1303733284
2386.688704 827.888061 1303733286
2361.780816 826.888062 1303733288
2336.624677 825.999174 1303733290
2311.965040 825.332508 1303733292
2287.388154 824.665842 1303733294
2262.314766 823.999176 1303733296
2237.075876 823.776954 1303733298
2212.664491 823.554732 1303733300
2190.073616 823.443621 1303733302
2162.848715 822.999177 1303733305
2141.002594 822.332511 1303733309
2120.397730 822.221400 1303733315
2093.586582 822.332511 1303733319
2066.692683 820.888068 1303733322
2038.557528 819.888069 1303733325
2010.174121 818.554737 1303733328
1984.024976 817.665849 1303733331
1960.275595 816.888072 1303733334
1937.601969 816.110295 1303733338
1916.335102 814.888074 1303733347
1895.730238 814.332519 1303733351
1871.567104 813.999186 1303733354
1847.238469 813.443631 1303733357
1822.992585 812.999187 1303733360
1797.670945 812.999187 1303733363
1774.087065 812.888076 1303733366
1751.082437 812.888076 1303733370
1729.153566 812.776965 1303733384
1706.893693 812.665854 1303733387
1677.269029 811.888077 1303733390
1655.257407 810.665856 1303733392
1632.583782 810.110301 1303733394
1610.075657 809.554746 1303733396
1588.229536 809.332524 1303733398
1567.541922 809.221413 1303733400
1540.317021 808.888080 1303733403
1518.388150 808.776969 1303733407
1465.345107 807.776970 1303733417
1426.369641 807.443637 1303733421
1402.951261 807.443637 1303733424
1379.367381 807.443637 1303733453
1357.604011 807.221415 1303733457
1335.509638 808.665858 1303733460
1315.070275 807.443637 1303733470
1305.140220 827.443617 1303733479
1304.147215 850.665816 1303733483
1304.229965 873.332460 1303733486
1303.816213 901.887987 1303733489
1304.147215 923.554632 1303733492
1305.140220 944.332389 1303733498
1304.726468 966.332367 1303733501
1304.395466 993.887895 1303733504
1302.243954 1021.110090 1303733507
1299.430439 1041.110070 1303733511
1296.947925 1062.110049 1303733536
1294.879164 1084.554471 1303733539
1293.968909 1114.443330 1303733542
1293.058653 1137.221085 1303733544
1292.148398 1160.332173 1303733546
1291.569145 1183.887705 1303733548
1290.741641 1206.776571 1303733550
1289.169382 1229.998770 1303733552
1288.093626 1252.998747 1303733554
1287.266121 1274.332059 1303733556
1286.107615 1294.665372 1303733558
1286.355866 1322.554233 1303733561
1291.403644 1342.220880 1303733565
1312.008508 1344.665322 1303733570
1339.481660 1351.220871 1303733574
1361.741533 1363.887525 1303733577
1386.814922 1369.220853 1303733580
1416.025834 1368.331965 1303733583
1436.216945 1367.554188 1303733585
1456.821809 1369.554186 1303733587
1478.171428 1371.665295 1303733589
1499.603796 1373.998626 1303733591
1517.974398 1385.665281 1303733594
1544.040792 1386.220836 1303733597
1565.555911 1383.998616 1303733600
1590.794801 1381.776396 1303733603
1613.302925 1384.554171 1303733606
1631.756277 1392.665274 1303733618
1652.774893 1396.554159 1303733638
1676.276024 1395.665271 1303733641
1706.479941 1394.776383 1303733644
1730.477573 1393.443051 1303733646
1756.378467 1392.665274 1303733648
1782.775863 1391.554164 1303733650
1808.014752 1390.998609 1303733652
1833.088141 1390.109721 1303733654
1857.251275 1389.220833 1303733656
1880.752405 1388.109723 1303733658
1904.170784 1387.220835 1303733660
1927.754665 1386.220836 1303733662
1951.752298 1385.220837 1303733664
1976.080932 1384.887504 1303733666
2000.823319 1384.220838 1303733668
2025.813957 1383.443061 1303733670
2050.970096 1382.665284 1303733672
2075.960735 1380.998619 1303733674
2101.199624 1380.554175 1303733676
2127.017767 1380.220842 1303733678
2152.753159 1379.776398 1303733680
2177.495546 1379.998620 1303733682
2202.734436 1379.887509 1303733684
2227.807825 1379.443065 1303733686
2252.467461 1379.554176 1303733688
2277.127098 1379.776398 1303733690
2301.869484 1379.998620 1303733692
2327.356625 1379.331954 1303733694
2353.423020 1378.665288 1303733696
2378.744660 1378.776399 1303733698
2403.900799 1378.665288 1303733700
2428.229433 1378.109733 1303733702
2452.144316 1376.554179 1303733704
2475.066193 1375.109736 1303733706
2498.153570 1373.998626 1303733708
2522.564955 1373.443071 1303733710
2547.224592 1373.776404 1303733712
2572.049729 1374.109737 1303733714
2597.454120 1373.887515 1303733716
2622.693009 1374.109737 1303733718
2647.021644 1373.998626 1303733720
2671.019277 1374.109737 1303733722
2694.685908 1374.220848 1303733724
2718.187038 1374.776403 1303733726
2741.688168 1375.331958 1303733728
2764.941046 1375.776402 1303733730
2787.614672 1375.998624 1303733732
2809.295292 1375.998624 1303733734
2830.727660 1375.554180 1303733736
2859.111067 1375.665291 1303733739
2879.633181 1375.109736 1303733742
2900.072544 1372.331961 1303733749
