1296.947925 1043.332290 1303740879
1295.127415 1067.221155 1303740884
1294.382661 1092.665574 1303740887
1294.299910 1120.221102 1303740890
1294.465411 1140.221082 1303740892
1294.879164 1160.665506 1303740894
1294.713663 1190.665476 1303740897
1293.968909 1211.109900 1303740899
1293.555156 1240.443204 1303740902
1293.472406 1270.220952 1303740905
1294.051659 1290.554265 1303740907
1295.210165 1317.443127 1303740910
1299.099437 1340.331993 1303740914
1318.214793 1353.887535 1303740919
1342.626178 1357.220865 1303740922
1369.685577 1357.220865 1303740925
1394.345214 1352.998647 1303740928
1417.101590 1346.887542 1303740931
1438.037456 1340.331993 1303740934
1465.427857 1343.443101 1303740938
1493.728514 1343.887545 1303740941
1524.015181 1344.998655 1303740944
1544.951047 1344.887544 1303740946
1565.390410 1348.554207 1303740948
1585.498771 1350.665316 1303740950
1613.468426 1351.554204 1303740953
1639.617571 1351.331982 1303740956
1665.021961 1352.220870 1303740959
1690.095350 1352.554203 1303740962
1714.920487 1353.776424 1303740965
1742.476390 1355.109756 1303740968
1771.604551 1356.443088 1303740971
1801.560217 1357.220865 1303740974
1822.165081 1357.554198 1303740976
1842.604444 1356.665310 1303740978
1871.732605 1355.998644 1303740981
1898.047250 1355.665311 1303740984
1924.361896 1355.776422 1303740987
1951.338545 1354.554201 1303740990
1976.246433 1354.443090 1303740993
1999.664813 1354.443090 1303740996
2019.855924 1354.776423 1303740999
2043.191553 1355.776422 1303741004
2066.858184 1356.220866 1303741010
2092.924579 1355.998644 1303741014
2118.825472 1357.109754 1303741017
2149.112139 1357.776420 1303741020
2170.130756 1357.998642 1303741022
2191.232122 1358.665308 1303741024
2212.747241 1358.776419 1303741026
2233.848608 1358.554197 1303741028
2254.453472 1358.998641 1303741030
2275.472088 1359.443085 1303741032
2296.656206 1359.887529 1303741034
2318.833328 1360.443084 1303741036
2340.100196 1360.998639 1303741038
2369.393858 1361.887527 1303741041
2396.618759 1362.665304 1303741044
2420.368140 1363.443081 1303741047
2441.055754 1363.998636 1303741051
2463.481128 1365.109746 1303741079
2484.665246 1365.443079 1303741083
2506.180365 1365.665301 1303741086
2532.660511 1366.554189 1303741089
2553.430876 1366.887522 1303741091
2574.945995 1367.554188 1303741093
2596.047362 1367.998632 1303741095
2617.976233 1368.331965 1303741097
2639.905105 1368.443076 1303741099
2661.668475 1368.776409 1303741101
2683.680097 1369.554186 1303741103
2706.105471 1370.554185 1303741105
2728.282593 1371.331962 1303741107
2749.880463 1371.776406 1303741109
2770.899079 1372.109739 1303741111
2791.917695 1372.220850 1303741113
2821.128607 1372.887516 1303741116
2850.918772 1373.887515 1303741119
2880.626186 1374.554181 1303741122
2908.182089 1374.887514 1303741125
2936.234494 1374.776403 1303741128
2957.253110 1375.887513 1303741130
2978.685479 1377.443067 1303741132
2999.538594 1378.443066 1303741134
3028.749506 1379.665287 1303741137
3054.236647 1380.554175 1303741140
3074.510509 1381.554174 1303741145
3100.245901 1381.776396 1303741152
3126.477796 1382.887506 1303741155
3155.109455 1382.887506 1303741158
3184.237616 1383.776394 1303741161
3211.628017 1383.109728 1303741164
3233.970641 1379.887509 1303741167
3254.161753 1376.220846 1303741171
3273.359859 1370.331963 1303741181
3295.205980 1368.665298 1303741185
3317.714104 1367.554188 1303741188
3342.704743 1368.331965 1303741191
3368.853887 1369.109742 1303741194
3393.265272 1370.109741 1303741197
3420.076421 1370.998629 1303741200
3448.377077 1371.776406 1303741203
