1297.940930 1041.332292 1303824794
1296.699674 1066.887822 1303824799
1295.789419 1091.665575 1303824802
1295.458417 1121.776656 1303824805
1295.210165 1143.109968 1303824807
1296.037670 1165.665501 1303824809
1297.444428 1189.554366 1303824811
1296.616923 1211.887677 1303824813
1296.699674 1233.998766 1303824815
1296.203171 1256.887632 1303824817
1296.037670 1278.998721 1303824819
1296.120420 1299.109812 1303824821
1295.458417 1324.220898 1303824824
1305.719474 1343.220879 1303824830
1329.055103 1343.443101 1303824834
1354.873245 1340.443104 1303824837
1377.712372 1336.109775 1303824840
1399.310241 1336.998663 1303824843
1421.239113 1338.998661 1303824846
1446.395252 1343.998656 1303824849
1471.220389 1349.109762 1303824852
1499.438295 1351.109760 1303824855
1520.705163 1359.998640 1303824857
1543.213287 1356.776421 1303824859
1566.962669 1355.443089 1303824861
1590.298298 1354.665312 1303824863
1613.385676 1358.109753 1303824865
1636.473053 1361.776416 1303824867
1658.981178 1366.220856 1303824869
1680.910049 1365.443079 1303824871
1701.183911 1364.109747 1303824873
1730.229322 1364.443080 1303824876
1750.916936 1365.220857 1303824878
1772.183804 1365.109746 1303824880
1794.526428 1364.887524 1303824882
1817.531055 1364.665302 1303824884
1841.197686 1362.109749 1303824886
1864.698816 1361.109750 1303824888
1887.868944 1360.220862 1303824890
1910.377069 1359.443085 1303824892
1932.471441 1358.998641 1303824894
1954.483063 1358.665308 1303824896
1975.584429 1358.554197 1303824898
1996.023792 1358.331975 1303824900
2024.738201 1358.443086 1303824903
2048.984085 1357.554198 1303824906
2069.754450 1357.776420 1303824910
2091.104068 1356.998643 1303824922
2113.943195 1357.109754 1303824925
2144.064361 1357.331976 1303824928
2166.324235 1357.665309 1303824930
2189.328862 1358.331975 1303824932
2212.829992 1359.109752 1303824934
2236.496623 1360.220862 1303824936
2259.832252 1360.776417 1303824938
2283.085131 1360.998639 1303824940
2306.917262 1361.887527 1303824942
2330.418392 1362.443082 1303824944
2353.174768 1362.998637 1303824946
2374.524386 1362.331971 1303824948
2394.798249 1362.443082 1303824950
2423.760909 1363.109748 1303824953
2447.924042 1362.998637 1303824956
2468.115154 1362.109749 1303824960
2491.616284 1363.109748 1303824979
2515.117414 1363.443081 1303824982
2543.749073 1364.220858 1303824985
2565.098691 1364.443080 1303824987
2586.862061 1364.554191 1303824989
2609.535687 1364.776413 1303824991
2633.285068 1364.887524 1303824993
2656.537947 1365.331968 1303824995
2680.287328 1365.998634 1303824997
2703.788458 1366.776411 1303824999
2727.289588 1368.554187 1303825001
2749.714962 1370.109741 1303825003
2770.485327 1371.109740 1303825005
2800.027240 1372.443072 1303825008
2828.989901 1373.887515 1303825011
2856.959555 1376.109735 1303825014
2881.701942 1376.443068 1303825017
2905.285823 1375.998624 1303825021
2929.697208 1375.776402 1303825029
2955.929103 1377.887511 1303825032
2977.195970 1378.331955 1303825034
2999.704095 1378.331955 1303825036
3022.543221 1378.776399 1303825038
3045.299597 1379.220843 1303825040
3067.642221 1379.554176 1303825042
3089.322841 1379.331954 1303825044
3111.251712 1379.998620 1303825046
3132.849582 1381.331952 1303825048
3154.033699 1382.776395 1303825050
3174.473062 1384.220838 1303825052
3203.104720 1383.998616 1303825055
3228.922863 1382.443062 1303825058
3249.775978 1378.776399 1303825062
3274.683866 1375.887513 1303825075
3296.778238 1374.109737 1303825078
3323.258385 1373.443071 1303825081
3352.469297 1373.776404 1303825084
3372.494907 1373.443071 1303825086
3392.603269 1373.665293 1303825088
3413.704635 1373.887515 1303825090
3434.971503 1374.443070 1303825092
3456.734873 1374.776403 1303825094
3477.836240 1374.998625 1303825096
3498.441104 1375.331958 1303825098
3527.734766 1375.776402 1303825101
3555.538920 1375.554180 1303825104
3584.005077 1375.998624 1303825107
3614.043494 1377.331956 1303825110
3634.317356 1377.887511 1303825112
3662.783513 1377.665289 1303825115
3684.546884 1380.776397 1303825118
3701.676228 1393.331940 1303825123
3701.593478 1416.109695 1303825128
3700.352221 1439.443005 1303825133
3700.931474 1461.331872 1303825139
