3309.025306 1126.443318 1303826726
3312.252574 1099.221123 1303826737
3312.997328 1069.665597 1303826740
3313.080079 1046.332287 1303826742
3313.576581 1022.221200 1303826744
3314.404086 997.221225 1303826746
3315.066090 971.110140 1303826748
3315.562592 944.776833 1303826750
3316.059095 919.776858 1303826752
3316.638348 897.443547 1303826754
3317.052101 872.443572 1303826757
3304.474031 856.665810 1303826761
3280.145396 855.999144 1303826765
3259.292281 855.999144 1303826768
3238.025413 853.999146 1303826771
3212.621023 852.888036 1303826775
3185.975375 854.554701 1303826779
3160.984737 856.443588 1303826782
3130.532569 859.443585 1303826785
3107.693442 859.776918 1303826787
3083.447558 859.110252 1303826789
3058.456920 857.110254 1303826791
3032.804278 854.443590 1303826793
3007.813640 852.443592 1303826795
2984.478011 850.665816 1303826797
2961.887136 848.332485 1303826799
2940.206516 846.443598 1303826801
2919.353400 844.665822 1303826803
2897.838281 842.110269 1303826805
2876.488663 841.554714 1303826807
2854.725293 840.221382 1303826809
2833.954928 838.999161 1303826811
2813.432815 837.443607 1303826813
2785.711411 835.332498 1303826816
2764.775545 831.221391 1303826819
2743.591428 832.888056 1303826828
2719.593795 836.443608 1303826836
2693.444651 842.110269 1303826840
2665.392246 843.221379 1303826843
2636.677837 840.554715 1303826846
2608.790932 841.332492 1303826849
2585.041551 839.221383 1303826853
2564.022935 837.110274 1303826865
2542.176814 837.665829 1303826874
2517.682678 838.332495 1303826878
2492.030036 836.332497 1303826881
2463.232877 834.554721 1303826884
2442.710764 833.776944 1303826886
2421.940399 833.999166 1303826888
2400.756281 833.888055 1303826890
2378.992911 833.110278 1303826892
2356.733038 831.888057 1303826894
2334.638666 830.332503 1303826896
2313.289048 829.776948 1303826898
2291.856679 829.221393 1303826900
2270.093309 828.554727 1303826902
2248.660940 827.554728 1303826904
2227.807825 826.221396 1303826906
2207.451212 825.110286 1303826908
2179.895310 823.776954 1303826911
2158.959444 822.221400 1303826914
2137.278824 818.554737 1303826918
2112.122685 820.888068 1303826922
2092.014323 823.888065 1303826925
2069.506199 823.665843 1303826928
2044.184559 819.888069 1303826931
2023.662445 820.665846 1303826934
2001.154321 824.443620 1303826944
1976.742936 825.665841 1303826949
1954.731314 824.443620 1303826953
1925.272151 822.665844 1303826961
1899.619509 818.221404 1303826964
1878.435392 817.443627 1303826966
1856.672022 816.665850 1303826968
1835.239653 815.776962 1303826970
1808.594006 815.554740 1303826973
1786.085881 812.665854 1303826977
1762.667501 810.665856 1303826992
1737.759614 811.110300 1303826996
1713.265478 811.221411 1303826999
1689.350596 810.776967 1303827002
1665.104712 809.221413 1303827005
1640.114073 806.665860 1303827008
1614.709683 805.665861 1303827011
1588.643289 804.110307 1303827014
1563.321649 804.554751 1303827017
1542.468533 806.110305 1303827020
1520.787913 807.443637 1303827025
1497.783286 811.110300 1303827032
1474.778659 812.776965 1303827035
1447.719259 813.999186 1303827038
1421.487364 814.999185 1303827041
1399.641243 818.776959 1303827045
1382.180897 831.110280 1303827070
1361.327781 831.110280 1303827076
1341.633172 840.999159 1303827086
1323.014319 832.110279 1303827094
1315.153026 852.554703 1303827104
1309.443244 875.888013 1303827108
1308.036486 900.665766 1303827111
1307.705485 925.110186 1303827114
1305.222971 945.554610 1303827124
1303.816213 967.887921 1303827128
1309.525995 987.776790 1303827132
1313.746268 1012.443432 1303827136
1310.932752 1032.665634 1303827138
1308.946741 1054.776723 1303827140
1307.539984 1075.332258 1303827142
1306.298727 1096.887792 1303827144
1306.215976 1118.443326 1303827146
1306.629729 1139.554416 1303827148
1305.967725 1159.998840 1303827150
1305.305721 1180.221042 1303827152
1305.057470 1200.554355 1303827154
1304.643718 1220.776557 1303827156
1305.140220 1249.443195 1303827159
1303.898963 1270.220952 1303827162
1306.133226 1290.109821 1303827166
1320.118053 1307.332026 1303827172
1344.115686 1313.887575 1303827176
1367.285814 1321.332012 1303827179
1389.628438 1320.665346 1303827182
1410.647054 1318.887570 1303827185
1432.824177 1318.443126 1303827188
1454.587547 1323.109788 1303827191
1476.599169 1331.332002 1303827194
1502.251811 1339.443105 1303827197
1522.773924 1342.220880 1303827199
1542.799535 1343.109768 1303827201
1563.487150 1346.554209 1303827203
1591.125802 1352.776425 1303827206
1613.302925 1353.220869 1303827209
1636.969556 1349.220873 1303827213
1661.877444 1351.665315 1303827241
1684.964822 1351.887537 1303827244
1711.941471 1352.776425 1303827247
1732.794586 1353.443091 1303827249
1755.881964 1353.998646 1303827251
1779.796846 1354.776423 1303827253
1804.373732 1355.554200 1303827255
1829.198870 1355.887533 1303827257
1853.527504 1355.331978 1303827259
1877.690638 1354.665312 1303827261
1902.019272 1354.109757 1303827263
1926.430657 1353.443091 1303827265
1951.504046 1352.998647 1303827267
1977.073938 1352.887536 1303827269
2002.643829 1353.665313 1303827271
2027.717218 1354.109757 1303827273
2052.625106 1354.665312 1303827275
2077.863995 1355.220867 1303827277
2103.102885 1355.776422 1303827279
2128.424525 1356.331977 1303827281
2154.408169 1356.998643 1303827283
2181.136567 1357.331976 1303827285
2208.113216 1357.443087 1303827287
2235.338116 1357.443087 1303827289
2262.397516 1357.554198 1303827291
2289.787918 1358.887530 1303827293
2317.261070 1359.665307 1303827295
2344.568721 1360.220862 1303827297
2371.793621 1361.443083 1303827299
2397.694515 1362.776415 1303827301
2423.595408 1364.109747 1303827303
2449.165299 1364.887524 1303827305
2474.155938 1365.109746 1303827307
2498.319071 1365.443079 1303827309
2522.978708 1365.776412 1303827311
2547.886595 1366.220856 1303827313
2573.539237 1366.776411 1303827315
2611.935450 1368.220854 1303827318
2637.670842 1368.665298 1303827320
2663.737236 1368.998631 1303827322
2691.044887 1370.109741 1303827324
2717.690535 1371.331962 1303827326
2743.756929 1372.998627 1303827328
2769.988824 1373.220849 1303827330
2795.227714 1373.220849 1303827332
2819.887350 1373.665293 1303827334
2843.471231 1373.887515 1303827336
2865.482852 1374.331959 1303827338
2891.797498 1374.443070 1303827341
