3577.881544 1376.887512 1303994836
3552.973656 1380.554175 1303994848
3527.817517 1379.554176 1303994851
3499.765111 1378.331955 1303994854
3479.408499 1379.220843 1303994856
3458.803635 1380.109731 1303994858
3438.778024 1380.776397 1303994860
3411.884125 1380.109731 1303994863
3388.796748 1378.887510 1303994866
3368.605636 1377.776400 1303994871
3347.669770 1377.220845 1303994881
3323.506636 1375.331958 1303994885
3303.729277 1369.554186 1303994891
3300.584760 1347.776430 1303994895
3302.736271 1322.665344 1303994898
3304.391281 1302.554253 1303994900
3305.715288 1281.220941 1303994902
3307.618548 1260.332073 1303994904
3311.425070 1230.887658 1303994907
3314.900589 1202.109909 1303994910
3317.217602 1179.665487 1303994913
3315.810844 1156.332177 1303994918
3311.590570 1136.776641 1303994931
3311.673321 1116.332217 1303994952
3312.087073 1090.110021 1303994957
3312.252574 1063.221159 1303994960
3312.169824 1042.443402 1303994962
3312.004323 1020.332313 1303994964
3312.087073 998.443446 1303994966
3313.080079 976.554579 1303994968
3314.238585 954.554601 1303994970
3314.983339 932.554623 1303994972
3315.810844 910.221312 1303994974
3317.796855 890.110221 1303994976
3318.789860 869.332464 1303994979
3300.419259 855.999144 1303994984
3274.849367 857.443587 1303994988
3253.334248 858.554697 1303994992
3231.488127 861.665805 1303994997
3209.311005 863.665803 1303995001
3182.996359 865.443579 1303995005
3158.915976 868.665798 1303995008
3130.698070 871.554684 1303995011
3108.189945 870.443574 1303995013
3084.109562 867.332466 1303995015
3060.277430 864.888024 1303995017
3036.528049 860.776917 1303995019
3014.102675 856.999143 1303995021
2993.001308 854.888034 1303995023
2972.313693 853.999146 1303995025
2950.053820 852.443592 1303995027
2927.049193 851.221371 1303995029
2904.872070 850.332483 1303995031
2883.936205 849.665817 1303995033
2858.283563 848.554707 1303995036
2834.616932 846.554709 1303995039
2812.853561 844.110267 1303995042
2788.607677 845.999154 1303995046
2765.520299 850.332483 1303995051
2744.915435 858.554697 1303995059
2722.324560 862.888026 1303995064
2695.099660 865.332468 1303995068
2665.640497 864.999135 1303995071
2639.325851 865.110246 1303995074
2615.741971 866.999133 1303995077
2590.999584 868.888020 1303995081
2571.553226 863.554692 1303995088
2549.376104 858.888030 1303995094
2523.475210 857.332476 1303995098
2494.678051 853.554702 1303995101
2471.673424 850.221372 1303995103
2447.013787 847.888041 1303995105
2421.278395 845.776932 1303995107
2395.791254 844.332489 1303995109
2370.966117 842.776935 1303995111
2346.058229 840.776937 1303995113
2322.557099 839.110272 1303995115
2300.048974 836.888052 1303995117
2279.030358 834.999165 1303995119
2249.736696 832.665834 1303995122
2223.504801 832.332501 1303995125
2201.906931 833.332500 1303995128
2181.881321 831.443613 1303995131
2160.779954 829.665837 1303995134
2139.182084 828.776949 1303995137
2118.411719 829.665837 1303995140
2095.407092 830.776947 1303995143
2068.926946 831.999168 1303995146
2040.957291 831.221391 1303995149
2016.628656 832.332501 1303995152
1995.361789 834.110277 1303995155
1975.005176 834.110277 1303995158
1954.648564 832.665834 1303995163
1934.788454 825.332508 1303995169
1910.459819 825.888063 1303995173
1888.944700 825.221397 1303995176
1863.954062 824.999175 1303995180
1840.039179 824.110287 1303995184
1816.620800 821.665845 1303995188
1794.526428 820.999179 1303995191
1769.287538 820.888068 1303995194
1740.655880 818.999181 1303995197
1712.851726 816.221406 1303995200
1685.875077 815.332518 1303995203
1665.766715 812.554743 1303995206
1640.776077 812.776965 1303995209
1612.806422 811.999188 1303995212
1590.298298 811.554744 1303995215
1568.700428 813.443631 1303995221
1548.261065 815.221407 1303995237
1524.428933 815.332518 1303995250
1497.369534 815.665851 1303995254
1472.544396 817.221405 1303995257
1451.939532 819.332514 1303995260
1430.424413 819.665847 1303995265
