932.183907 810.221412 1302221210
905.372759 806.776971 1302221213
884.271392 804.888084 1302221215
860.604761 804.776973 1302221217
836.607128 805.110306 1302221219
813.188749 805.221417 1302221221
789.935870 805.221417 1302221223
766.020988 804.443640 1302221225
742.602608 804.221418 1302221227
721.335741 803.221419 1302221229
692.455831 800.888088 1302221232
663.493171 800.332533 1302221235
635.275264 801.776976 1302221238
609.705373 803.332530 1302221241
587.528250 801.332532 1302221244
565.020126 797.776980 1302221267
544.580763 797.443647 1302221270
519.838376 797.332536 1302221273
490.048211 796.110315 1302221276
466.795332 794.888094 1302221278
442.052946 793.999206 1302221280
417.889812 792.443652 1302221282
394.802434 790.443654 1302221284
373.866568 787.776990 1302221286
345.400411 784.221438 1302221289
324.961048 782.221440 1302221292
303.363178 784.554771 1302221309
280.606802 787.554768 1302221314
251.809643 788.776989 1302221317
231.122029 788.221434 1302221319
205.138385 786.999213 1302221322
179.733994 786.554769 1302221328
143.820296 786.665880 1302221332
122.636178 785.443659 1302221334
99.135048 783.999216 1302221337
85.481223 801.332532 1302221354
85.315722 825.776952 1302221357
85.067471 847.776930 1302221359
84.405467 873.221349 1302221361
82.584957 901.221321 1302221363
81.674702 930.221292 1302221365
80.350695 958.110153 1302221367
79.109438 982.443462 1302221369
78.116432 1010.332323 1302221372
77.619929 1036.443408 1302221375
77.288928 1065.221157 1302221378
76.792425 1086.998913 1302221380
76.957926 1109.110002 1302221382
77.619929 1132.998867 1302221384
77.868181 1157.554398 1302221386
77.950931 1182.443262 1302221388
77.950931 1207.776570 1302221390
78.778436 1233.443211 1302221392
79.688691 1258.887630 1302221394
79.771441 1283.776494 1302221396
80.350695 1319.109792 1302221399
83.329711 1340.998659 1302221402
107.575595 1342.998657 1302221406
138.110514 1340.443104 1302221409
163.514905 1340.776437 1302221411
191.153558 1341.998658 1302221413
217.054451 1341.220881 1302221415
237.493814 1339.998660 1302221417
258.181428 1337.443107 1302221421
284.496074 1337.443107 1302221436
315.030993 1338.887550 1302221439
339.856130 1339.109772 1302221441
366.005275 1339.220883 1302221443
391.823418 1339.331994 1302221445
415.903801 1339.443105 1302221447
436.012162 1338.776439 1302221449
459.844294 1340.554215 1302221453
480.283657 1344.331989 1302221461
506.350051 1345.331988 1302221464
528.940926 1345.443099 1302221466
554.759069 1345.665321 1302221468
583.721729 1345.665321 1302221470
614.008397 1345.665321 1302221472
644.377815 1345.665321 1302221474
673.836978 1345.554210 1302221476
701.641132 1345.887543 1302221478
728.286779 1345.998654 1302221480
753.442918 1346.109765 1302221482
777.523301 1346.220876 1302221484
800.527929 1346.443098 1302221486
820.636290 1347.554208 1302221488
843.723668 1347.331986 1302221491
864.080280 1343.331990 1302221503
879.720117 1327.887561 1302221509
881.954379 1303.665363 1302221512
883.526638 1283.109828 1302221514
884.685144 1260.109851 1302221517
886.174653 1235.332098 1302221525
888.408915 1207.998792 1302221528
889.815673 1184.998815 1302221530
890.808678 1160.109951 1302221532
892.629188 1134.554421 1302221534
895.359953 1108.221114 1302221536
895.773706 1085.110026 1302221538
897.594216 1062.110049 1302221541
918.530082 1056.110055 1302221545
944.513725 1058.887830 1302221548
971.076622 1058.554497 1302221551
991.681486 1057.443387 1302221555
1014.603363 1062.776715 1302221577
1041.414511 1066.443378 1302221580
1070.459922 1068.554487 1302221583
1091.230287 1070.332263 1302221586
1115.062419 1072.221150 1302221590
1138.232547 1073.110038 1302221593
1167.112457 1073.665593 1302221596
1190.944589 1075.332258 1302221598
1216.183478 1075.998924 1302221600
1240.181111 1076.443368 1302221602
1262.606485 1076.554479 1302221604
1283.873353 1075.998924 1302221606
1305.222971 1075.665591 1302221608
1327.565594 1076.332257 1302221610
1349.659967 1077.221145 1302221612
1371.837089 1077.221145 1302221614
1393.186707 1077.332256 1302221616
1414.039823 1077.443367 1302221618
1434.810188 1077.998922 1302221620
1462.366090 1079.221143 1302221623
1482.639952 1079.887809 1302221628
1496.376528 1063.665603 1302221640
1495.880026 1040.554515 1302221643
1497.452284 1019.554536 1302221645
1499.024543 993.999006 1302221647
1500.596802 965.887923 1302221649
1502.086310 936.332397 1302221651
1502.582813 906.999093 1302221653
1502.913814 878.999121 1302221655
1503.327567 853.999146 1302221657
1503.244816 829.221393 1302221660
1503.410317 805.110306 1302221675
1504.982576 778.888110 1302221678
1506.389334 753.888135 1302221680
1507.134088 725.443719 1302221682
1507.216838 695.554860 1302221684
1507.630591 665.221557 1302221686
1508.044343 637.666029 1302221688
1508.375345 613.554942 1302221690
1508.540846 590.999409 1302221693
