2536.632533 569.554986 1301670331
2525.957724 588.443856 1301670355
2524.385465 613.221609 1301670358
2523.144209 634.554921 1301670360
2522.978708 659.221563 1301670362
2522.482205 686.332647 1301670364
2521.489199 715.332618 1301670366
2520.744445 744.443700 1301670368
2520.413443 771.110340 1301670370
2520.578944 792.999207 1301670372
2521.158198 816.110295 1301670376
2520.330693 842.554713 1301670402
2519.337688 871.999128 1301670405
2518.013680 895.776882 1301670407
2516.937924 921.776856 1301670409
2516.358671 949.332384 1301670411
2515.944919 976.887912 1301670413
2515.034664 1005.332328 1301670415
2514.289910 1034.332299 1301670417
2514.041658 1061.776716 1301670419
2514.207159 1086.221136 1301670421
2514.869163 1107.776670 1301670423
2516.275921 1130.554425 1301670426
2516.855174 1156.887732 1301670433
2517.682678 1183.665483 1301670436
2518.179181 1205.887683 1301670438
2519.420438 1230.109881 1301670440
2520.330693 1255.443189 1301670442
2520.661695 1282.109829 1301670444
2520.330693 1306.665360 1301670446
2519.668689 1335.109776 1301670449
2520.165192 1356.109755 1301670452
2540.439054 1365.665301 1301670458
2563.609182 1366.109745 1301670462
2584.958801 1366.220856 1301670467
2611.273446 1367.109744 1301670481
2638.994849 1368.220854 1301670484
2660.840970 1368.887520 1301670486
2684.507601 1369.443075 1301670488
2709.911992 1369.998630 1301670490
2736.557639 1370.776407 1301670492
2763.368788 1371.443073 1301670494
2789.269681 1371.776406 1301670496
2826.590137 1372.776405 1301670499
2849.925766 1372.665294 1301670501
2870.365129 1372.998627 1301670503
2892.625003 1372.554183 1301670506
2914.967626 1372.331961 1301670515
2936.151743 1373.443071 1301670518
2966.686662 1374.776403 1301670521
2990.767046 1375.443069 1301670523
3016.088686 1376.220846 1301670525
3041.741328 1376.220846 1301670527
3066.235463 1376.220846 1301670529
3088.909088 1376.887512 1301670531
3110.010455 1377.776400 1301670533
3130.698070 1378.109733 1301670535
3151.964937 1377.443067 1301670537
3175.135066 1377.665289 1301670539
3199.215449 1378.554177 1301670541
3222.799329 1378.220844 1301670543
3245.307454 1375.776402 1301670545
3273.525360 1371.220851 1301670548
3294.047473 1370.998629 1301670554
3310.845816 1354.331979 1301670564
3311.094068 1331.776446 1301670567
3312.169824 1301.220921 1301670570
3312.335325 1277.887611 1301670572
3312.418075 1252.887636 1301670574
3313.245580 1227.887661 1301670576
3313.493831 1203.221019 1301670578
3313.493831 1179.887709 1301670580
3313.245580 1159.221063 1301670582
3312.749077 1138.221084 1301670585
3312.749077 1117.887771 1301670597
3314.321336 1091.998908 1301670600
3314.900589 1069.443375 1301670602
3316.803849 1044.221178 1301670604
3318.045106 1017.443427 1301670606
3318.955361 990.999009 1301670608
3319.782866 964.221258 1301670610
3321.355124 937.665729 1301670612
3323.341135 912.776865 1301670614
3324.003139 891.554664 1301670616
3324.251390 871.110240 1301670621
3335.753704 851.332482 1301670648
3359.254834 851.332482 1301670651
3387.141738 853.999146 1301670654
3412.546129 854.443590 1301670657
3434.888753 853.221369 1301670661
3460.127642 854.554701 1301670673
3484.539027 855.332478 1301670676
3509.115913 856.221366 1301670680
3529.141524 856.443588 1301670684
3551.318647 858.332475 1301670687
3581.357063 860.665806 1301670690
3602.375679 861.332472 1301670692
3623.228794 861.665805 1301670694
3650.536446 862.221360 1301670697
3673.623823 861.888027 1301670702
3697.704206 862.443582 1301670707
3716.488560 872.554683 1301670711
3718.805573 896.221326 1301670714
3718.557322 916.665750 1301670716
3718.143570 940.554615 1301670718
3717.729817 967.332366 1301670720
3716.985063 995.332338 1301670722
3716.157559 1022.554533 1301670724
3715.578305 1047.332286 1301670726
3715.081803 1067.443377 1301670728
3715.247304 1088.221134 1301670743
3717.647067 1110.443334 1301670748
3738.417432 1116.443328 1301670752
3762.332314 1114.665552 1301670755
3790.384719 1113.887775 1301670758
3811.486086 1114.554441 1301670761
3823.981405 1096.554459 1301670775
3822.988400 1072.554483 1301670779
3828.615431 1047.998952 1301670793
3831.180695 1023.332310 1301670796
3832.504702 996.221226 1301670799
3834.821715 968.110143 1301670802
3834.987216 939.887949 1301670805
3834.738965 916.887972 1301670808
3830.022188 895.443549 1301670816
3814.051350 879.332454 1301670822
3789.639965 876.221346 1301670826
3769.448853 874.221348 1301670829
3746.692477 872.110239 1301670832
3721.950091 870.888018 1301670835
3697.373205 868.888020 1301670838
3673.789324 867.221355 1301670841
3653.432712 865.776912 1301670844
3633.324350 863.888025 1301670850
3607.423457 861.554694 1301670877
3582.929322 861.443583 1301670881
3561.331452 860.888028 1301670887
3540.561087 860.776917 1301670890
3514.494693 860.221362 1301670893
3485.780284 859.554696 1301670896
3455.990119 859.110252 1301670899
3428.516967 858.665808 1301670902
3404.271083 856.332477 1301670905
