3323.506636 438.999561 1301671234
3325.244396 413.888475 1301671245
3326.071901 388.221834 1301671248
3327.230407 364.444080 1301671251
3328.057912 344.110767 1301671258
3332.857438 318.444126 1301671263
3335.339952 292.333041 1301671266
3335.505453 269.221953 1301671268
3335.339952 244.999755 1301671270
3336.167456 219.555336 1301671272
3336.746710 192.777585 1301671274
3337.325963 164.666502 1301671276
3338.070717 137.555418 1301671278
3338.898221 112.444332 1301671280
3339.891227 85.555470 1301671283
3330.705926 67.222155 1301671287
3308.363303 61.111050 1301671291
3280.890151 58.555497 1301671294
3259.044030 56.333277 1301671296
3234.963647 53.555502 1301671298
3210.717762 51.777726 1301671300
3190.030148 49.555506 1301671302
3169.259783 46.999953 1301671306
3142.117633 44.777733 1301671310
3111.665464 43.666623 1301671313
3089.819344 43.777734 1301671315
3068.221474 42.555513 1301671317
3047.202858 41.666625 1301671319
3021.467465 41.888847 1301671322
3002.765862 52.999947 1301671330
3004.255370 78.888810 1301671334
3003.758867 103.888785 1301671337
3002.848612 129.888759 1301671340
3001.938357 152.666514 1301671343
3001.690106 175.666491 1301671349
3001.359104 202.444242 1301671353
3000.614350 228.999771 1301671356
2999.455844 255.110856 1301671359
2999.207592 278.333055 1301671362
2997.966335 299.110812 1301671369
2996.890579 325.444119 1301671374
2996.642328 353.332980 1301671377
2996.063075 375.666291 1301671379
2995.649323 398.332935 1301671381
2995.070069 420.555135 1301671383
2994.490816 442.444002 1301671385
2993.911563 464.332869 1301671387
2993.497811 485.888403 1301671389
2992.918557 506.110605 1301671391
2991.180798 530.332803 1301671394
2989.774040 550.332783 1301671399
2981.250743 574.332759 1301671423
2954.770596 577.554978 1301671427
2927.131944 576.999423 1301671430
2906.775331 576.332757 1301671432
2885.922216 575.332758 1301671434
2864.489847 574.999425 1301671436
2844.381486 574.332759 1301671438
2822.618115 573.666093 1301671441
2798.785983 572.888316 1301671470
2775.202103 572.666094 1301671473
2754.348988 571.999428 1301671475
2730.847858 571.332762 1301671477
2707.346728 570.777207 1301671479
2683.514596 569.999430 1301671481
2659.268712 569.221653 1301671483
2634.443574 568.332765 1301671485
2609.204685 567.443877 1301671487
2584.131296 566.777211 1301671489
2560.630166 565.999434 1301671491
2540.190803 565.332768 1301671493
2523.226959 577.110534 1301671497
2523.392460 599.888289 1301671501
2521.240948 626.332707 1301671504
2520.661695 648.221574 1301671506
2520.578944 671.999328 1301671508
2519.999691 695.554860 1301671510
2519.834190 719.665947 1301671512
2519.834190 743.332590 1301671514
2519.585939 766.332567 1301671516
2519.420438 788.221434 1301671518
2519.999691 808.999191 1301671520
2519.337688 837.665829 1301671523
2518.179181 863.665803 1301671526
2516.441421 892.554663 1301671529
2515.696667 914.665752 1301671531
2515.034664 939.110172 1301671533
2514.869163 964.665702 1301671535
2514.620911 989.999010 1301671537
2513.793407 1015.665651 1301671539
2512.883152 1041.332292 1301671541
2512.303899 1066.443378 1301671543
2512.221148 1090.443354 1301671545
2513.379655 1111.554444 1301671547
2514.951913 1131.776646 1301671550
2517.351677 1154.887734 1301671556
2518.758434 1180.998819 1301671559
2519.751440 1202.887686 1301671561
2520.744445 1227.998772 1301671563
2521.489199 1254.665412 1301671565
2521.654700 1282.109829 1301671567
2521.323698 1306.887582 1301671569
2520.578944 1333.665333 1301671572
2520.496194 1355.220867 1301671577
