3815.044356 1931.331402 1301694074
3796.177251 1920.442524 1301694101
3772.179618 1926.553629 1301694105
3750.333498 1930.220292 1301694108
3729.397632 1931.331402 1301694111
3709.206520 1929.664737 1301694140
3687.029397 1927.775850 1301694143
3666.424533 1927.664739 1301694145
3644.661163 1927.553628 1301694147
3624.221800 1927.331406 1301694149
3602.292929 1926.220296 1301694151
3578.874549 1924.886964 1301694153
3555.207918 1924.220298 1301694155
3530.962034 1923.109188 1301694157
3505.640394 1922.331411 1301694159
3479.325748 1922.220300 1301694161
3453.921358 1921.998078 1301694163
3429.013470 1921.886967 1301694165
3403.857331 1921.775856 1301694167
3380.025199 1921.553634 1301694169
3359.254834 1921.220301 1301694171
3333.933194 1920.331413 1301694174
3312.997328 1918.331415 1301694203
3292.475215 1917.553638 1301694229
3274.849367 1907.220315 1301694243
3257.720022 1920.998079 1301694249
3230.743373 1921.664745 1301694252
3209.559256 1922.220300 1301694254
3189.285394 1921.886967 1301694256
3164.708508 1921.331412 1301694259
3144.351895 1921.442523 1301694262
3123.002277 1919.553636 1301694267
3100.494153 1919.442525 1301694275
3079.144534 1919.109192 1301694278
3057.215663 1918.331415 1301694281
3034.955790 1917.109194 1301694285
3013.523421 1915.109196 1301694294
2991.263548 1913.775864 1301694298
2963.624895 1912.886976 1301694301
2941.282272 1912.664754 1301694303
2918.360395 1912.775865 1301694305
2883.770704 1911.664755 1301694308
2848.270757 1910.664756 1301694311
2825.266130 1909.664757 1301694313
2803.254508 1909.220313 1301694315
2781.822140 1908.775869 1301694317
2753.769734 1907.664759 1301694320
2733.247621 1907.109204 1301694323
2712.642757 1907.331426 1301694330
2691.210388 1907.775870 1301694339
2669.447018 1907.220315 1301694342
2640.732609 1906.331427 1301694345
2619.465741 1905.553650 1301694347
2597.205868 1904.775873 1301694349
2574.366742 1904.331429 1301694351
2550.617361 1904.442540 1301694353
2527.198981 1903.998096 1301694355
2504.525356 1903.664763 1301694357
2482.017231 1902.998097 1301694359
2459.178105 1902.331431 1301694361
2435.511474 1901.886987 1301694363
2410.769087 1901.998098 1301694365
2385.778449 1901.442543 1301694367
2361.698065 1900.775877 1301694369
2339.769194 1900.331433 1301694371
2313.702800 1899.775878 1301694374
2290.201670 1898.886990 1301694380
2263.969775 1897.664769 1301694384
2234.427861 1896.775881 1301694387
2211.174983 1896.442548 1301694389
2186.680847 1895.664771 1301694391
2162.434963 1894.998105 1301694393
2140.671593 1894.553661 1301694395
2115.763705 1893.442551 1301694398
2095.489843 1892.442552 1301694421
2070.747456 1891.886997 1301694427
2044.598311 1891.553664 1301694430
2023.662445 1891.220331 1301694432
2001.237071 1890.775887 1301694434
1978.646196 1890.220332 1301694436
1955.641569 1889.553666 1301694438
1933.464446 1889.220333 1301694440
1906.901549 1888.775889 1301694443
1885.303680 1887.998112 1301694449
1859.568288 1887.220335 1301694453
1831.764134 1885.998114 1301694456
1801.063714 1884.887004 1301694459
1778.803841 1883.664783 1301694461
1756.792219 1882.220340 1301694463
1735.608102 1881.775896 1301694465
1707.721197 1881.664785 1301694468
1687.943838 1876.887012 1301694471
1681.406552 1854.109257 1301694475
1681.985805 1827.220395 1301694478
1682.316807 1805.442639 1301694480
1683.144312 1782.109329 1301694482
1683.889066 1758.331575 1301694484
1684.468319 1735.887153 1301694486
1685.047572 1709.553846 1301694489
1685.957827 1684.887204 1301694493
1686.537080 1664.887224 1301694496
1687.116333 1640.887248 1301694499
1687.530086 1613.887275 1301694502
1687.943838 1588.109523 1301694505
1688.026589 1563.665103 1301694508
1688.688592 1538.776239 1301694511
1689.185095 1512.109599 1301694514
1689.516097 1492.109619 1301694516
1689.929849 1471.554084 1301694518
1690.095350 1450.331883 1301694520
1690.095350 1430.109681 1301694522
1690.343601 1401.776376 1301694525
1689.433346 1379.554176 1301694528
1672.304002 1364.665302 1301694533
1651.947389 1364.220858 1301694536
1633.411286 1354.665312 1301694539
1607.096641 1342.887546 1301694542
1583.512760 1341.998658 1301694544
1558.356621 1340.331993 1301694546
1535.269243 1339.109772 1301694548
1509.368350 1338.665328 1301694551
1495.300772 1322.220900 1301694557
1493.480262 1298.665368 1301694560
1493.066510 1269.109842 1301694563
1494.059515 1243.332090 1301694566
1497.204033 1221.554334 1301694571
1492.156255 1198.665468 1301694577
1498.859042 1176.221046 1301694580
1509.202849 1158.332175 1301694582
1510.857858 1132.554423 1301694585
1505.148077 1111.776666 1301694588
1499.521046 1092.110019 1301694593
1495.218022 1070.221152 1301694602
1496.211027 1049.332284 1301694605
1497.535035 1020.665646 1301694608
1498.776292 998.221224 1301694610
1500.762303 974.554581 1301694612
1502.086310 950.554605 1301694614
1502.417312 926.887962 1301694616
1502.748314 905.221317 1301694618
1504.237822 855.332478 1301694627
1505.975581 833.888055 1301694649
1491.659752 818.999181 1301694666
1468.241373 818.665848 1301694670
1445.981499 817.665849 1301694675
1425.376635 818.776959 1301694679
