3327.726910 421.999578 1302272367
3327.644159 398.999601 1302272376
3328.057912 377.555178 1302272383
3330.788677 355.221867 1302272392
3329.961172 331.666335 1302272397
3333.850444 310.666356 1302272400
3335.422702 284.666382 1302272403
3336.498458 255.555300 1302272406
3336.912211 234.999765 1302272408
3338.153467 213.110898 1302272410
3339.146473 190.444254 1302272412
3339.394724 166.333167 1302272414
3340.056728 142.110969 1302272416
3340.553231 118.555437 1302272418
3341.711737 97.666569 1302272420
3342.787493 73.666593 1302272423
3336.332957 51.666615 1302272428
3316.886600 45.888843 1302272431
3290.240952 46.666620 1302272434
3261.112791 47.111064 1302272437
3231.239876 47.444397 1302272440
3203.021970 46.888842 1302272443
3181.755102 47.333286 1302272447
3155.771458 47.333286 1302272452
3133.759837 47.777730 1302272455
3110.424208 47.333286 1302272458
3085.599070 47.444397 1302272461
3060.194680 46.777731 1302272464
3035.866045 46.222176 1302272467
3013.606172 46.999953 1302272472
3006.406882 70.222152 1302272477
3005.579377 96.444348 1302272480
3005.000124 124.999875 1302272483
3004.586372 150.777627 1302272486
3001.607356 171.666495 1302272491
3000.366099 196.110915 1302272495
2998.959341 222.222000 1302272498
2997.718084 251.110860 1302272501
2998.214587 277.444167 1302272504
2997.635334 299.666367 1302272509
2996.394077 326.221896 1302272513
2996.311326 346.332987 1302272515
2995.566572 369.555186 1302272517
2995.152820 394.332939 1302272519
2995.070069 420.332913 1302272521
2994.490816 447.332886 1302272523
2993.580561 474.332859 1302272525
2993.001308 501.221721 1302272527
2992.587556 526.443918 1302272529
2991.842802 547.221675 1302272531
2988.615534 566.999433 1302272534
2969.169176 576.110535 1302272538
2944.840541 577.110534 1302272541
2923.242672 577.332756 1302272543
2899.658792 577.443867 1302272545
2876.571414 577.332756 1302272547
2854.394291 576.999423 1302272549
2832.630921 576.777201 1302272551
2810.371048 576.554979 1302272553
2788.442176 576.221646 1302272555
2767.092558 576.110535 1302272557
2745.246437 575.666091 1302272559
2722.407311 574.999425 1302272561
2698.740680 574.554981 1302272563
2673.336289 574.221648 1302272565
2647.269895 573.666093 1302272567
2621.038000 572.777205 1302272569
2595.219857 572.110539 1302272571
2570.394720 571.110540 1302272573
2549.541605 570.443874 1302272575
2529.598744 572.110539 1302272578
2522.151203 594.443850 1302272583
2520.744445 617.221605 1302272586
2519.668689 638.777139 1302272588
2519.337688 663.221559 1302272590
2519.254937 688.888200 1302272592
2518.592933 714.665952 1302272594
2518.096431 739.999260 1302272596
2518.013680 764.443680 1302272598
2518.344682 785.999214 1302272600
2518.923935 808.554747 1302272603
2518.344682 830.554725 1302272628
2516.606922 854.888034 1302272631
2516.275921 876.776901 1302272633
2515.696667 901.443543 1302272635
2515.034664 926.776851 1302272637
2514.703662 952.554603 1302272639
2514.289910 979.110132 1302272641
2513.710656 1005.221217 1302272643
2512.883152 1029.776748 1302272645
2512.634900 1052.776725 1302272647
2512.883152 1075.110036 1302272649
2511.393644 1097.221125 1302272651
2511.228143 1125.109986 1302272654
2512.634900 1149.887739 1302272660
2513.214154 1173.221049 1302272663
2514.455410 1203.998796 1302272666
2516.110420 1238.220984 1302272669
2517.020675 1263.220959 1302272671
2517.434427 1288.443156 1302272673
2517.434427 1310.109801 1302272675
2518.427432 1332.554223 1302272678
2518.510183 1353.443091 1302272682
