3334.512447 333.110778 1302276220
3332.940189 309.555246 1302276225
3333.850444 288.555267 1302276229
3334.677948 262.555293 1302276233
3335.257201 239.888649 1302276236
3336.084706 213.666453 1302276239
3336.415708 184.999815 1302276242
3337.987966 157.222065 1302276245
3338.732721 129.222093 1302276248
3339.063722 106.999893 1302276251
3342.787493 85.666581 1302276280
3327.561409 68.888820 1302276285
3303.812027 67.888821 1302276288
3282.296908 66.333267 1302276290
3257.637272 64.444380 1302276292
3232.481133 62.555493 1302276294
3209.476506 61.111050 1302276296
3186.554629 57.999942 1302276299
3162.474245 55.777722 1302276303
3131.939327 54.111057 1302276306
3107.445191 52.777725 1302276308
3081.958050 51.666615 1302276310
3056.884661 50.111061 1302276312
3034.128285 48.333285 1302276314
3013.523421 48.111063 1302276317
3003.179614 69.222153 1302276322
3001.690106 97.555458 1302276325
3000.697100 121.333212 1302276327
3000.035097 145.666521 1302276329
3000.283348 170.666496 1302276332
2999.290343 193.222029 1302276336
2998.214587 219.777558 1302276339
2997.221581 240.110871 1302276342
2996.642328 262.110849 1302276345
2997.056080 287.666379 1302276348
2995.732073 307.888581 1302276353
2994.159814 336.666330 1302276357
2993.580561 357.999642 1302276359
2993.084058 382.999617 1302276361
2992.422055 410.444034 1302276363
2991.842802 439.332894 1302276365
2991.180798 467.110644 1302276367
2990.436044 492.777285 1302276369
2989.029286 512.888376 1302276371
2987.622528 537.110574 1302276374
2987.043275 559.888329 1302276391
2971.486189 577.888311 1302276396
2945.254294 578.999421 1302276399
2922.497918 578.332755 1302276401
2896.183272 577.666089 1302276403
2867.137862 577.221645 1302276405
2836.602943 576.221646 1302276407
2805.488771 575.110536 1302276409
2774.622850 574.443870 1302276411
2743.343177 573.666093 1302276413
2712.063504 573.443871 1302276415
2684.259350 574.221648 1302276417
2658.358457 574.554981 1302276419
2638.084594 575.443869 1302276421
2617.976233 574.443870 1302276437
2597.950622 573.888315 1302276441
2570.394720 572.332761 1302276444
2549.707106 570.999429 1302276446
2529.184992 574.554981 1302276449
2522.151203 598.443846 1302276454
2519.999691 624.999375 1302276457
2518.923935 647.443797 1302276459
2518.427432 673.443771 1302276461
2517.765429 701.554854 1302276463
2516.937924 729.777048 1302276465
2516.110420 757.221465 1302276467
2515.448416 782.776995 1302276469
2514.786412 806.443638 1302276471
2514.786412 828.221394 1302276473
2514.289910 848.999151 1302276475
2513.379655 870.888018 1302276477
2512.303899 895.110216 1302276479
2511.476394 918.999081 1302276481
2510.979891 941.999058 1302276483
2510.566139 965.443479 1302276485
2509.986886 990.665676 1302276487
2509.407633 1016.443428 1302276489
2509.904135 1042.665624 1302276491
2510.483389 1066.776711 1302276493
2510.152387 1088.887800 1302276495
2510.731640 1115.998884 1302276498
2512.055647 1138.221084 1302276503
2512.965902 1159.998840 1302276507
2513.710656 1190.887698 1302276510
2514.455410 1215.998784 1302276512
2515.613917 1244.109867 1302276514
2516.441421 1272.220950 1302276516
2516.358671 1297.443147 1302276518
2516.027669 1317.443127 1302276520
2516.275921 1339.554216 1302276523
2516.358671 1359.998640 1302276530
2537.791040 1367.887521 1302276539
2566.091696 1368.776409 1302276542
2589.427325 1369.776408 1302276544
2615.659220 1370.109741 1302276546
2642.470369 1370.776407 1302276548
2669.281517 1371.109740 1302276550
2695.927164 1371.443073 1302276552
2722.324560 1371.887517 1302276554
2748.639206 1371.998628 1302276556
2774.374598 1372.554183 1302276558
2798.868734 1372.887516 1302276560
2821.956112 1373.665293 1302276562
2842.809227 1374.109737 1302276564
2864.324346 1374.220848 1302276567
2884.763709 1371.220851 1302276571
2909.754347 1373.554182 1302276593
2934.248483 1374.331959 1302276596
2962.962892 1376.109735 1302276599
2983.898758 1378.109733 1302276601
3005.744878 1378.665288 1302276603
3027.756500 1378.220844 1302276605
3051.588632 1377.331956 1302276607
3077.075773 1377.109734 1302276609
3102.562914 1378.109733 1302276611
3128.050055 1377.998622 1302276613
3153.868198 1378.998621 1302276615
3179.024337 1380.331953 1302276617
3203.932225 1380.776397 1302276619
3226.026597 1379.665287 1302276621
3252.506744 1377.220845 1302276624
3273.194358 1373.998626 1302276627
3300.253758 1366.887522 1302276632
3310.183813 1346.554209 1302276635
3310.845816 1326.554229 1302276637
3310.514814 1302.332031 1302276639
3310.928567 1275.109836 1302276641
3311.425070 1245.998754 1302276643
3311.921572 1217.443227 1302276645
3312.004323 1190.109921 1302276647
3312.583576 1166.554389 1302276649
3313.162829 1141.776636 1302276652
3313.990334 1119.665547 1302276674
3316.969350 1093.665573 1302276677
3318.624359 1071.221151 1302276679
3319.700115 1045.887843 1302276681
3320.196618 1017.443427 1302276683
3320.941372 988.110123 1302276685
3321.768877 960.776817 1302276687
3323.754888 938.999061 1302276689
3326.154651 918.776859 1302276692
3326.982156 898.332435 1302276697
3327.230407 875.554680 1302276702
3333.850444 850.888038 1302276706
3358.261829 842.665824 1302276710
3383.004215 847.110264 1302276713
3411.222122 851.999148 1302276716
3433.647496 855.332478 1302276719
3456.900374 856.332477 1302276726
3483.049519 856.888032 1302276730
3504.399137 857.332476 1302276745
3531.375786 857.443587 1302276749
3551.897900 857.665809 1302276751
3574.571525 858.221364 1302276753
3599.313912 858.888030 1302276755
3626.621563 859.443585 1302276757
3654.342967 859.888029 1302276759
3678.009598 860.110251 1302276761
3702.172731 860.776917 1302276764
3717.812568 880.554675 1302276769
3717.647067 906.776871 1302276772
3717.150564 928.776849 1302276774
3716.819562 953.554602 1302276776
3716.074808 980.332353 1302276778
3715.164553 1007.443437 1302276780
3714.585300 1033.110078 1302276782
3714.254298 1057.110054 1302276784
3713.344043 1078.221144 1302276786
3713.261293 1098.887790 1302276789
3729.976885 1114.109997 1302276796
3756.043279 1113.332220 1302276799
3777.227396 1112.887776 1302276801
3797.832260 1111.776666 1302276803
3818.850877 1110.332223 1302276806
3828.367179 1091.332242 1302276810
3825.719165 1067.110044 1302276814
3826.298418 1043.221179 1302276831
3829.111933 1019.776758 1302276834
3830.601442 999.110112 1302276836
3831.925449 974.776803 1302276838
3832.918455 947.110164 1302276840
3833.994210 919.554636 1302276842
3834.490713 896.776881 1302276844
3830.849693 876.110235 1302276848
3811.899838 867.999132 1302276852
3783.516431 868.221354 1302276855
3762.663316 868.110243 1302276857
3738.582933 867.888021 1302276860
3715.412804 866.665800 1302276887
3692.159926 866.332467 1302276890
3663.528267 865.665801 1302276893
3639.447884 864.554691 1302276896
3617.436262 863.665803 1302276900
3595.259140 864.554691 1302276904
3574.571525 864.776913 1302276908
