3568.034239 864.332469 1302276938
3546.105368 864.110247 1302276954
3524.755750 863.776914 1302276957
3500.261614 862.888026 1302276961
3480.153253 861.443583 1302276969
3459.051886 861.554694 1302276977
3436.709263 860.999139 1302276980
3406.670846 859.776918 1302276983
3383.086966 858.665808 1302276985
3359.668586 857.443587 1302276987
3333.602192 855.888033 1302276990
3317.714104 843.110268 1302276995
3315.148840 822.888066 1302276998
3314.735088 801.443643 1302277002
3315.397091 778.110333 1302277017
3316.472847 752.777025 1302277020
3317.383102 725.443719 1302277023
3318.789860 697.888191 1302277026
3319.369113 673.999326 1302277029
3320.196618 648.443796 1302277033
3322.265379 627.888261 1302277050
3323.092884 603.888285 1302277054
3324.747893 581.999418 1302277057
3327.147656 559.777218 1302277060
3329.050917 538.555017 1302277063
3329.630170 513.888375 1302277066
3330.788677 488.221734 1302277069
3331.119678 465.777312 1302277072
3329.299168 445.666221 1302277076
3334.264196 420.777357 1302277102
3334.677948 395.221827 1302277106
3336.167456 372.444072 1302277111
3341.546236 351.221871 1302277130
3338.153467 329.666337 1302277135
3337.325963 304.555251 1302277139
3338.732721 278.777499 1302277142
3339.311974 251.777526 1302277145
3341.297985 221.999778 1302277148
3342.787493 201.999798 1302277150
3344.028750 173.444271 1302277153
3344.939005 145.999854 1302277156
3346.594014 118.444326 1302277159
3348.000772 97.555458 1302277162
3336.415708 78.333255 1302277168
3310.514814 74.666592 1302277171
3289.082446 70.222152 1302277173
3266.243320 66.444378 1302277175
3243.817945 64.222158 1302277177
3223.709584 62.666604 1302277179
3201.366961 59.777718 1302277182
3179.686341 56.333277 1302277187
3157.509218 53.222169 1302277190
3134.173589 50.333283 1302277194
3111.582714 46.444398 1302277204
3083.944061 44.111067 1302277207
3061.601437 42.999957 1302277209
3039.589816 41.555514 1302277211
3018.074697 40.555515 1302277214
3003.179614 58.999941 1302277220
3002.848612 82.888806 1302277223
3001.855607 103.333230 1302277225
3001.028102 125.555430 1302277227
2999.952346 152.110959 1302277230
2998.380088 175.222047 1302277235
2997.718084 200.333133 1302277238
2997.056080 221.777556 1302277240
2996.725079 245.110866 1302277242
2996.476827 266.777511 1302277244
2995.732073 286.888602 1302277247
2994.159814 309.221913 1302277252
2993.580561 337.110774 1302277255
2993.166809 360.444084 1302277257
2992.339304 385.444059 1302277259
2991.346299 411.110700 1302277261
2990.684295 435.777342 1302277263
2990.105042 457.221765 1302277265
2989.443038 484.777293 1302277268
2988.036280 507.555048 1302277271
2986.712273 528.110583 1302277274
2986.215770 549.999450 1302277291
2978.437227 569.443875 1302277295
2951.129576 573.777204 1302277299
2930.276461 573.221649 1302277301
2905.865076 573.332760 1302277303
2878.060922 575.443869 1302277305
2847.608754 574.888314 1302277307
2815.832578 574.110537 1302277309
2784.718406 573.332760 1302277311
2754.928241 572.110539 1302277313
2725.882830 570.888318 1302277315
2698.740680 569.666097 1302277317
2675.156800 568.221654 1302277319
2649.586908 567.777210 1302277322
2627.327035 566.554989 1302277332
2606.722171 565.999434 1302277336
2586.531059 564.443880 1302277339
2561.292170 563.110548 1302277342
2537.625539 563.110548 1302277345
2519.751440 576.554979 1302277356
2518.758434 604.554951 1302277360
2517.268926 624.888264 1302277362
2516.193170 648.554907 1302277364
2515.282915 675.110436 1302277366
2514.786412 702.332631 1302277368
2514.620911 728.888160 1302277370
2513.793407 754.110357 1302277372
2513.545155 776.777001 1302277374
2514.289910 797.221425 1302277376
2514.372660 824.110287 1302277379
2513.048653 844.999155 1302277382
2512.303899 867.999132 1302277397
2511.724645 888.888000 1302277400
2511.807396 908.999091 1302277402
2511.393644 933.999066 1302277404
2511.145392 960.554595 1302277406
2510.483389 988.999011 1302277408
2509.738634 1018.221204 1302277410
2509.076631 1047.110064 1302277412
2508.828379 1075.554480 1302277414
2509.490383 1099.998900 1302277416
2510.317888 1120.554435 1302277418
2511.559144 1144.221078 1302277424
2512.303899 1166.665500 1302277427
2513.379655 1197.887691 1302277430
2514.289910 1223.220999 1302277432
2514.455410 1251.109860 1302277434
2515.034664 1279.220943 1302277436
2515.448416 1302.443142 1302277438
2515.613917 1324.665342 1302277441
2515.282915 1346.109765 1302277445
2533.901768 1359.887529 1302277450
2554.341131 1359.220863 1302277461
2578.256013 1361.776416 1302277466
2603.743154 1362.220860 1302277469
2631.795560 1363.443081 1302277472
2652.400424 1364.220858 1302277474
2675.074049 1364.887524 1302277476
2699.485434 1365.998634 1302277478
2724.889825 1367.109744 1302277480
2750.211465 1368.554187 1302277482
2774.705600 1369.665297 1302277484
2798.041229 1370.554185 1302277486
2820.052851 1371.443073 1302277488
2840.905966 1372.109739 1302277490
2868.792871 1371.665295 1302277493
2889.066733 1369.665297 1302277497
2912.733364 1370.443074 1302277520
2940.123765 1371.331962 1302277523
2962.383639 1371.776406 1302277525
2985.802018 1372.665294 1302277527
3008.972146 1373.109738 1302277529
3030.901018 1373.554182 1302277531
3059.367175 1373.443071 1302277534
3083.447558 1373.665293 1302277538
3108.686448 1372.998627 1302277544
3128.712059 1373.554182 1302277547
3155.688708 1374.331959 1302277550
3184.568618 1374.887514 1302277553
3211.710768 1374.554181 1302277556
3238.356415 1371.220851 1302277559
3263.843556 1368.331965 1302277562
