2458.350600 1361.443083 1302557167
2483.092987 1362.665304 1302557183
2509.821385 1363.331970 1302557186
2530.426249 1364.109747 1302557188
2552.437871 1364.665302 1302557190
2574.780494 1364.998635 1302557192
2597.371369 1365.776412 1302557194
2620.044995 1366.331967 1302557196
2642.635870 1367.220855 1302557198
2665.061244 1367.776410 1302557200
2687.486618 1368.109743 1302557202
2709.994742 1368.443076 1302557204
2732.751118 1368.776409 1302557206
2755.424744 1369.443075 1302557208
2778.346620 1370.109741 1302557210
2801.599499 1370.998629 1302557212
2825.348880 1371.776406 1302557214
2850.008517 1372.665294 1302557216
2874.833654 1373.443071 1302557218
2899.907043 1373.887515 1302557220
2925.311433 1374.665292 1302557222
2951.377828 1375.554180 1302557224
2976.616717 1376.109735 1302557226
2999.786845 1376.665290 1302557228
3020.391709 1377.331956 1302557230
3044.968595 1377.998622 1302557233
3065.987212 1378.887510 1302557236
3087.833333 1379.109732 1302557239
3113.816976 1379.109732 1302557242
3142.034882 1378.331955 1302557245
3171.328544 1378.665288 1302557248
3198.387944 1379.665287 1302557251
3218.992808 1377.554178 1302557254
3240.259676 1373.998626 1302557259
3260.947290 1370.220852 1302557272
3284.117418 1365.998634 1302557280
3302.488020 1352.665314 1302557285
3304.308530 1324.332009 1302557289
3304.639532 1294.554261 1302557292
3305.218785 1272.776505 1302557294
3306.129040 1250.554305 1302557296
3306.625543 1228.665438 1302557298
3306.873794 1207.998792 1302557300
3307.453048 1178.665488 1302557303
3308.032301 1154.332179 1302557306
3309.273558 1133.776644 1302557311
3312.004323 1110.887778 1302557334
3313.576581 1085.776692 1302557337
3314.900589 1065.554490 1302557339
3316.059095 1043.110068 1302557341
3316.803849 1019.998980 1302557343
3317.548603 997.443447 1302557345
3318.376108 974.999025 1302557347
3319.451864 952.999047 1302557349
3320.775871 931.776846 1302557351
3322.348130 902.999097 1302557354
3322.927383 882.665784 1302557357
3324.665143 860.221362 1302557365
3340.966983 846.221376 1302557370
3361.158095 843.221379 1302557373
3382.011210 844.332489 1302557376
3407.167349 846.443598 1302557380
3429.013470 847.999152 1302557385
3451.769846 848.554707 1302557395
3472.209209 848.999151 1302557398
3494.800084 848.999151 1302557401
3517.804711 850.332483 1302557404
3547.346625 852.888036 1302557407
3568.696243 854.110257 1302557409
3590.045861 855.110256 1302557411
3611.726481 855.999144 1302557413
3633.738103 856.443588 1302557415
3654.508468 857.110254 1302557417
3679.085353 857.665809 1302557420
3699.110964 857.999142 1302557425
3713.923296 874.999125 1302557443
3714.585300 896.554659 1302557446
3713.675045 923.443521 1302557449
3713.261293 952.999047 1302557452
3712.682039 981.999018 1302557455
3711.937285 1010.332323 1302557458
3711.440782 1036.776741 1302557461
3711.109781 1060.887828 1302557464
3710.778779 1082.887806 1302557468
3710.778779 1105.887783 1302557475
3710.199526 1128.554427 1302557478
3708.875518 1157.443287 1302557481
3708.544516 1178.998821 1302557483
3708.296265 1201.332132 1302557485
3708.048014 1223.776554 1302557487
3707.634261 1246.443198 1302557489
3707.386010 1268.887620 1302557491
3707.055008 1291.220931 1302557493
3707.137759 1312.998687 1302557495
3706.972258 1335.331998 1302557497
3706.806757 1369.665297 1302557500
3706.641256 1392.887496 1302557502
3706.558505 1416.554139 1302557504
3706.475755 1439.887449 1302557506
3706.475755 1463.109648 1302557508
3705.979252 1485.442959 1302557510
3705.648250 1506.887382 1302557512
3705.896502 1528.998471 1302557514
3705.731001 1550.220672 1302557516
3705.648250 1576.553979 1302557519
3706.227504 1597.109514 1302557522
3704.903496 1617.887271 1302557528
