2993.994313 568.221654 1302609583
3016.254187 571.221651 1302609588
3043.230836 570.443874 1302609591
3065.076957 570.221652 1302609593
3089.157340 570.332763 1302609595
3113.899727 570.666096 1302609597
3138.228361 570.777207 1302609599
3162.722497 571.110540 1302609601
3189.450895 571.332762 1302609603
3216.179293 570.888318 1302609605
3241.831934 571.332762 1302609607
3268.312081 571.666095 1302609609
3292.971717 571.666095 1302609611
3317.383102 571.666095 1302609614
3328.471664 553.332780 1302609619
3329.216418 530.332803 1302609622
3330.126673 502.555053 1302609625
3330.871427 482.555073 1302609627
3331.367930 455.332878 1302609630
3329.795671 433.666233 1302609634
3331.947183 411.777366 1302609658
3333.519442 386.999613 1302609662
3334.264196 361.110750 1302609665
3335.422702 332.999667 1302609668
3336.663959 303.888585 1302609671
3337.325963 280.555275 1302609673
3337.491464 255.666411 1302609675
3338.318968 230.110881 1302609677
3339.311974 203.666463 1302609679
3339.560225 176.999823 1302609681
3340.387730 149.444295 1302609683
3341.049733 121.666545 1302609685
3341.463486 97.333236 1302609687
3340.470480 72.888816 1302609690
3338.484469 52.555503 1302609711
3318.210607 47.999952 1302609715
3290.075451 48.333285 1302609718
3268.063830 48.555507 1302609720
3247.127964 47.888841 1302609722
3217.751551 47.333286 1302609725
3192.512662 47.555508 1302609728
3172.487051 45.666621 1302609735
3152.213189 44.444400 1302609738
3125.153789 43.444401 1302609741
3095.860127 43.111068 1302609744
3067.228469 42.333291 1302609747
3046.292603 41.999958 1302609749
3021.384715 42.222180 1302609752
3000.531600 46.111065 1302609760
2998.793840 70.111041 1302609768
2997.304332 95.333238 1302609771
2996.642328 115.444329 1302609773
2996.394077 142.666524 1302609776
2996.063075 163.666503 1302609780
2995.152820 187.222035 1302609787
2994.159814 211.999788 1302609790
2993.746062 239.666427 1302609793
2993.580561 259.777518 1302609795
2992.918557 280.110831 1302609797
2992.339304 303.888585 1302609800
2991.594550 326.444118 1302609806
2991.842802 351.666315 1302609809
2991.263548 373.666293 1302609811
2990.767046 397.888491 1302609813
2990.187792 422.777355 1302609815
2989.443038 448.332885 1302609817
2988.946535 473.110638 1302609819
2988.532783 496.888392 1302609821
2987.953530 517.555038 1302609823
2986.877774 543.555012 1302609826
2986.050269 563.999436 1302609829
2976.368466 582.888306 1302609838
2956.260105 584.332749 1302609841
2930.359211 583.110528 1302609844
2901.562052 581.332752 1302609847
2873.757898 580.777197 1302609850
2849.843016 579.999420 1302609854
2829.072651 578.221644 1302609869
2806.399026 577.888311 1302609872
2778.346620 576.888312 1302609875
2756.003997 575.999424 1302609877
2730.185854 575.110536 1302609879
2703.209205 574.221648 1302609881
2674.991299 573.110538 1302609883
2645.614886 572.110539 1302609885
2616.569475 571.221651 1302609887
2587.772316 570.554985 1302609889
2561.374920 569.888319 1302609891
2540.521805 569.443875 1302609893
2521.323698 575.777202 1302609897
2519.916941 600.554955 1302609903
2518.179181 627.554928 1302609906
2517.103425 650.777127 1302609908
2516.772423 676.554879 1302609910
2516.027669 703.554852 1302609912
2515.365666 727.665939 1302609914
2515.117414 747.888141 1302609916
2515.282915 768.332565 1302609920
2514.289910 791.776986 1302609925
2513.793407 821.554734 1302609928
2512.138398 849.665817 1302609931
2510.152387 874.999125 1302609934
2507.256121 900.887988 1302609937
2506.180365 931.554624 1302609940
2506.014864 952.999047 1302609942
2506.180365 974.110137 1302609944
2505.766612 994.665672 1302609946
2505.683862 1015.110096 1302609948
2506.180365 1044.554511 1302609951
2506.180365 1064.887824 1302609953
2506.263115 1085.332248 1302609955
2506.676867 1109.887779 1302609958
2507.421622 1130.665536 1302609962
2506.842368 1150.887738 1302609967
2507.669873 1178.776599 1302609970
2508.580128 1201.776576 1302609972
2509.655884 1225.887663 1302609974
2510.400638 1250.554305 1302609976
2511.559144 1274.554281 1302609978
2513.876157 1297.665369 1302609980
2515.944919 1322.998677 1302609983
2517.434427 1343.998656 1302609988
