1294.217160 1332.998667 1302730977
1307.457233 1349.109762 1302730994
1326.241587 1359.109752 1302731000
1344.943191 1368.331965 1302731004
1365.465304 1375.109736 1302731008
1386.401170 1376.887512 1302731012
1410.150551 1374.443070 1302731016
1432.824177 1375.109736 1302731019
1454.008294 1383.443061 1302731022
1473.785653 1387.220835 1302731024
1497.452284 1394.776383 1302731027
1517.560645 1395.887493 1302731029
1544.289043 1400.220822 1302731032
1567.955674 1394.109717 1302731035
1587.236531 1383.331950 1302731040
1604.117624 1369.887519 1302731043
1629.853017 1365.109746 1302731046
1655.174657 1365.331968 1302731049
1683.309812 1365.887523 1302731052
1704.162928 1365.554190 1302731054
1728.243311 1365.998634 1302731056
1754.723458 1366.109745 1302731058
1782.196609 1365.776412 1302731060
1811.904024 1364.331969 1302731062
1841.114935 1362.665304 1302731064
1870.656849 1361.331972 1302731066
1899.454008 1359.887529 1302731068
1927.092661 1358.776419 1302731070
1966.647380 1357.665309 1302731073
1990.314011 1357.331976 1302731075
2011.498128 1357.443087 1302731077
2033.592500 1357.220865 1302731080
2055.107619 1357.331976 1302731100
2079.767256 1358.109753 1302731104
2104.840644 1358.776419 1302731107
2125.114507 1359.220863 1302731109
2147.705382 1359.554196 1302731111
2171.620264 1360.331973 1302731113
2196.859153 1360.554195 1302731115
2221.932542 1360.776417 1302731117
2246.426678 1361.443083 1302731119
2270.755312 1361.887527 1302731121
2295.497699 1361.998638 1302731123
2319.247081 1362.443082 1302731125
2342.168957 1362.776415 1302731127
2363.684076 1363.109748 1302731129
2392.067483 1362.998637 1302731132
2414.989360 1361.554194 1302731135
2436.090727 1360.443084 1302731138
2459.178105 1361.220861 1302731142
2480.610473 1361.220861 1302731170
2504.690856 1361.998638 1302731175
2526.371476 1362.443082 1302731178
2549.624355 1363.109748 1302731181
2576.766505 1366.109745 1302731184
2596.957617 1366.998633 1302731186
2618.224485 1367.887521 1302731188
2639.656853 1368.554187 1302731190
2662.164978 1368.998631 1302731192
2685.169605 1369.665297 1302731194
2708.670735 1370.109741 1302731196
2732.337366 1370.998629 1302731198
2756.169498 1371.887517 1302731200
2780.167130 1372.665294 1302731202
2804.164763 1373.665293 1302731204
2828.576148 1374.220848 1302731206
2852.987533 1374.665292 1302731208
2875.992161 1375.220847 1302731210
2896.348773 1375.331958 1302731212
2922.497918 1375.554180 1302731215
2950.550323 1375.998624 1302731218
2971.155187 1376.443068 1302731220
2991.594550 1376.554179 1302731222
3011.951163 1376.554179 1302731224
3040.500071 1374.443070 1302731227
3064.414953 1374.220848 1302731230
3086.592076 1374.443070 1302731235
3111.499963 1381.109730 1302731242
3137.400857 1383.776394 1302731245
3164.791258 1386.554169 1302731248
3188.375139 1387.554168 1302731251
3210.304010 1385.554170 1302731254
3230.164120 1382.998617 1302731257
3250.024230 1377.665289 1302731275
3272.946107 1371.776406 1302731281
3293.468220 1367.331966 1302731286
3305.053284 1345.665321 1302731291
3306.708293 1320.443124 1302731294
3307.866800 1298.665368 1302731296
3308.611554 1274.776503 1302731298
3309.439059 1250.443194 1302731300
3309.770060 1227.332106 1302731302
3310.349314 1205.887683 1302731304
3310.845816 1179.443265 1302731307
3309.521809 1155.776622 1302731311
3310.514814 1133.887755 1302731335
3313.576581 1108.443336 1302731339
3318.045106 1078.221144 1302731342
3319.451864 1055.887833 1302731344
3320.196618 1032.110079 1302731346
3321.106873 1006.887882 1302731348
3321.768877 980.999019 1302731350
3322.182629 955.221267 1302731352
3324.168640 931.999068 1302731354
3326.568403 903.554652 1302731357
3326.568403 879.443565 1302731361
3328.885416 858.554697 1302731387
3345.766509 842.332491 1302731393
3367.116128 842.665824 1302731396
3396.658041 846.221376 1302731399
3423.965692 849.332484 1302731402
3444.570556 855.110256 1302731407
