1141.294314 806.554749 1301660120
1120.523949 807.776970 1301660130
1092.719795 805.110306 1301660134
1072.280432 804.776973 1301660136
1048.779302 803.888085 1301660138
1023.043910 803.443641 1301660140
996.729264 802.999197 1301660142
971.324874 802.554753 1301660144
948.816749 803.332530 1301660146
926.556876 805.110306 1301660149
906.365764 814.665852 1301660171
905.207258 836.110275 1301660174
905.952012 866.221356 1301660177
905.786511 886.554669 1301660179
905.538260 907.776870 1301660182
906.614016 931.887957 1301660191
907.027768 955.110156 1301660194
906.862267 975.443469 1301660196
906.779516 997.332336 1301660198
906.365764 1017.554538 1301660200
905.372759 1041.998958 1301660203
911.496293 1061.776716 1301660207
937.645437 1063.443381 1301660211
961.725820 1059.998940 1301660214
983.571941 1059.998940 1301660217
1004.176805 1057.221165 1301660235
1024.285167 1058.665608 1301660238
1046.627790 1058.110053 1301660241
1070.459922 1059.665607 1301660245
1091.230287 1058.554497 1301660253
1111.173147 1057.110054 1301660261
1132.191764 1055.665611 1301660265
1156.272147 1053.554502 1301660287
1181.593787 1054.554501 1301660290
1211.218451 1055.110056 1301660293
1238.443351 1055.332278 1301660296
1259.213716 1055.332278 1301660299
1279.570329 1054.776723 1301660304
1305.140220 1054.776723 1301660330
1328.972352 1055.443389 1301660333
1357.935012 1056.221166 1301660336
1384.746161 1057.110054 1301660339
1405.599276 1057.554498 1301660342
1429.348657 1059.665607 1301660346
1451.029277 1064.887824 1301660352
1473.123650 1068.443376 1301660364
1494.142266 1075.554480 1301660373
1501.258805 1098.887790 1301660378
1501.672558 1122.554433 1301660381
1502.003559 1151.443293 1301660384
1501.755308 1176.665490 1301660387
1501.341556 1197.221025 1301660392
1501.258805 1221.665445 1301660397
1500.596802 1249.220973 1301660400
1499.521046 1269.332064 1301660402
1496.707530 1296.554259 1301660405
1494.307767 1316.443128 1301660408
1490.004743 1336.109775 1301660415
1512.347367 1341.665325 1301660422
1536.096748 1324.887564 1301660425
1549.916074 1302.776475 1301660427
1566.962669 1278.887610 1301660429
1584.505766 1264.443180 1301660431
1610.572160 1259.332074 1301660434
1636.886806 1264.220958 1301660437
1664.608209 1270.665396 1301660440
1692.826115 1275.554280 1301660443
1714.837737 1281.109830 1301660445
1737.594113 1286.554269 1301660447
1761.591745 1294.332039 1301660449
1786.499633 1300.109811 1301660451
1812.731528 1304.443140 1301660453
1838.797923 1309.443135 1301660455
1864.450565 1312.776465 1301660457
1890.185957 1314.887574 1301660459
1914.431841 1316.109795 1301660461
1938.263973 1317.109794 1301660463
1961.103099 1319.887569 1301660465
1982.866470 1321.998678 1301660467
2003.223082 1322.887566 1301660469
2031.275487 1325.220897 1301660472
2056.266126 1326.998673 1301660475
2079.850006 1329.220893 1301660479
2104.178641 1330.887558 1301660483
2132.893050 1330.776447 1301660486
2156.394180 1331.887557 1301660488
2182.460574 1333.109778 1301660490
2210.264728 1333.776444 1301660492
2239.392889 1334.554221 1301660494
2269.431305 1335.443109 1301660496
2298.890468 1335.443109 1301660498
2327.687627 1335.443109 1301660500
2355.822783 1335.887553 1301660502
2383.213184 1336.665330 1301660504
2410.355335 1337.109774 1301660506
2437.249233 1338.554217 1301660508
2462.239872 1339.887549 1301660510
2485.575501 1340.554215 1301660512
2508.249126 1341.220881 1301660514
2531.419254 1342.220880 1301660516
2555.913390 1343.443101 1301660518
2581.897034 1344.665322 1301660520
2610.280441 1346.776431 1301660522
2640.567108 1349.887539 1301660524
2672.839787 1352.887536 1301660526
2706.105471 1354.776423 1301660528
2738.460900 1356.331977 1301660530
2769.740573 1357.665309 1301660532
2799.034235 1359.331974 1301660534
2826.176385 1360.554195 1301660536
2850.670521 1361.443083 1301660538
2871.109884 1360.887528 1301660540
2893.452507 1359.887529 1301660544
