1499.852047 1360.998639 1301663524
1497.783286 1336.109775 1301663528
1495.300772 1309.554246 1301663531
1494.804270 1279.776498 1301663534
1496.293778 1254.332079 1301663537
1494.969770 1233.665433 1301663542
1488.846237 1213.332120 1301663549
1490.252994 1185.776592 1301663553
1489.839242 1159.554396 1301663556
1490.335745 1132.665534 1301663559
1490.418495 1110.665556 1301663562
1491.163249 1090.110021 1301663567
1491.246000 1067.332266 1301663573
1491.659752 1042.332291 1301663577
1492.073504 1017.221205 1301663580
1493.149260 988.221234 1301663583
1494.059515 959.221263 1301663586
1494.556018 932.887956 1301663589
1494.887020 906.665760 1301663592
1494.804270 878.221344 1301663595
1493.976765 852.776925 1301663598
1495.714525 830.888058 1301663602
1487.273978 810.110301 1301663610
1466.007110 806.888082 1301663614
1440.933722 804.110307 1301663618
1417.763593 804.110307 1301663622
1395.503720 803.888085 1301663626
1373.492098 809.554746 1301663629
1351.149475 813.110298 1301663632
1329.303354 813.443631 1301663636
1309.277743 813.443631 1301663651
1285.528362 802.999197 1301663656
1258.799964 800.443644 1301663659
1235.216083 801.221421 1301663661
1214.693970 801.221421 1301663663
1186.807066 800.999199 1301663666
1164.133440 800.665866 1301663669
1143.942329 805.665861 1301663671
1124.578721 810.999189 1301663690
1103.973857 810.110301 1301663695
1082.541489 808.110303 1301663698
1056.226843 807.443637 1301663701
1026.105677 806.776971 1301663704
1005.004310 806.332527 1301663706
983.571941 806.110305 1301663708
962.884327 805.888083 1301663710
936.983434 806.776971 1301663713
913.978806 807.554748 1301663717
904.545254 828.554727 1301663722
904.793506 850.888038 1301663725
904.297003 880.443564 1301663728
903.883250 901.554654 1301663730
903.469498 922.999077 1301663732
902.641994 945.110166 1301663734
902.228241 967.110144 1301663736
901.069735 988.332345 1301663738
901.235236 1014.221208 1301663741
901.317986 1036.332297 1301663744
911.827294 1057.887831 1301663749
938.638443 1061.998938 1301663753
963.215329 1060.332273 1301663756
987.378462 1058.554497 1301663760
1008.976332 1058.776719 1301663789
1031.980959 1059.332274 1301663792
1059.454111 1060.443384 1301663795
1081.796735 1058.776719 1301663798
1102.567100 1059.110052 1301663803
1127.640488 1058.665608 1301663808
1148.245352 1058.554497 1301663832
1169.594970 1058.998941 1301663836
1191.523842 1059.554496 1301663839
1216.928232 1060.221162 1301663842
1244.070382 1061.332272 1301663845
1269.723024 1061.554494 1301663848
1293.803408 1062.554493 1301663851
1320.531805 1063.998936 1301663854
1349.080713 1064.998935 1301663857
1378.457126 1064.776713 1301663860
1408.247291 1064.665602 1301663863
1428.272902 1065.443379 1301663865
1455.994305 1065.110046 1301663868
1480.322939 1065.887823 1301663872
1499.934798 1071.221151 1301663883
1502.996565 1096.887792 1301663888
1502.913814 1119.665547 1301663891
1502.996565 1145.776632 1301663894
1504.072321 1172.554383 1301663897
1503.162066 1192.554363 1301663911
1503.244816 1214.332119 1301663918
1502.913814 1234.998765 1301663921
1500.679552 1262.998737 1301663924
1498.279789 1290.665376 1301663927
1494.638769 1313.554242 1301663930
1490.252994 1334.220888 1301663936
1467.827620 1343.998656 1301663946
1476.847420 1362.998637 1301663954
1503.493068 1364.776413 1301663957
1526.994198 1362.998637 1301663959
1550.826329 1361.998638 1301663961
1576.230720 1361.109750 1301663963
1602.959118 1359.776418 1301663965
1629.770266 1357.665309 1301663967
1654.595404 1357.220865 1301663969
1678.593036 1356.998643 1301663971
1702.425168 1356.665310 1301663973
1727.250306 1356.887532 1301663975
1754.475206 1357.109754 1301663977
1782.775863 1356.665310 1301663979
1810.580017 1356.554199 1301663981
1837.556666 1356.665310 1301663983
1864.616065 1355.331978 1301663985
1891.344463 1354.665312 1301663987
1917.493608 1354.220868 1301663989
1943.560002 1353.887535 1301663991
1969.957398 1353.443091 1301663993
1996.603046 1353.554202 1301663995
2022.834941 1354.220868 1301663997
2048.735834 1355.331978 1301663999
2074.222975 1355.887533 1301664001
2100.041118 1355.998644 1301664003
2126.935017 1356.443088 1301664005
2154.739170 1357.220865 1301664007
2182.874326 1357.554198 1301664009
2211.257733 1358.220864 1301664011
2240.137643 1358.665308 1301664013
2268.934802 1359.443085 1301664015
2298.062963 1360.109751 1301664017
2327.025624 1360.665306 1301664019
2355.905533 1360.665306 1301664021
2383.461436 1360.109751 1301664023
2409.031327 1360.331973 1301664025
2430.629197 1360.665306 1301664027
2454.957831 1361.109750 1301664030
2476.141949 1361.109750 1301664035
