3332.940189 501.999498 1303396418
3333.602192 525.555030 1303396436
3332.940189 550.443894 1303396439
3332.195434 570.666096 1303396441
3331.616181 595.888293 1303396443
3330.788677 623.221599 1303396445
3329.961172 651.777126 1303396447
3329.464669 680.443764 1303396449
3329.630170 710.443734 1303396451
3329.381919 740.888148 1303396453
3329.464669 770.221452 1303396455
3329.630170 798.888090 1303396457
3328.802666 826.110285 1303396459
3328.140662 853.999146 1303396461
3327.395908 882.221340 1303396463
3326.485653 909.999090 1303396465
3325.327146 937.221285 1303396467
3324.085890 964.221258 1303396469
3324.003139 990.776787 1303396471
3324.582392 1015.221207 1303396473
3325.409897 1036.221186 1303396475
3326.402902 1057.443387 1303396478
3325.409897 1078.443366 1303396501
3324.913394 1104.221118 1303396526
3323.672137 1126.776651 1303396529
3321.520625 1155.109956 1303396532
3320.444869 1175.554380 1303396534
3319.534614 1197.554358 1303396536
3318.376108 1221.887667 1303396538
3317.465853 1246.998753 1303396540
3315.893594 1272.332061 1303396542
3314.486836 1296.887592 1303396544
3313.493831 1319.554236 1303396546
3311.011317 1346.998653 1303396549
3294.378475 1367.331966 1303396553
3274.104613 1372.554183 1303396556
3245.307454 1375.554180 1303396559
3222.964830 1377.887511 1303396561
3201.035959 1380.554175 1303396563
3179.520840 1382.554173 1303396565
3158.750475 1384.220838 1303396567
3130.036066 1384.998615 1303396570
3101.735409 1385.776392 1303396573
3073.186502 1385.554170 1303396576
3053.160891 1385.220837 1303396578
3024.115480 1385.220837 1303396581
2995.732073 1385.109726 1303396584
2968.176171 1383.776394 1303396587
2946.495551 1380.554175 1303396590
2926.056188 1374.998625 1303396610
2902.306806 1372.998627 1303396614
2874.006150 1371.554184 1303396617
2852.160029 1370.665296 1303396619
2828.162396 1372.220850 1303396621
2803.585510 1373.998626 1303396623
2778.346620 1373.998626 1303396625
2752.611228 1374.220848 1303396627
2727.620590 1374.109737 1303396629
2704.036709 1373.887515 1303396631
2682.025088 1373.331960 1303396633
2660.427218 1372.554183 1303396635
2639.656853 1372.109739 1303396637
2610.942444 1371.220851 1303396640
2585.455303 1370.554185 1303396643
2561.374920 1368.331965 1303396647
2539.942551 1367.887521 1303396672
2512.965902 1365.443079 1303396676
2489.547523 1363.443081 1303396679
2469.439161 1366.220856 1303396682
2448.006793 1371.665295 1303396685
2417.885626 1376.220846 1303396688
2393.722493 1378.665288 1303396690
2367.242346 1378.887510 1303396692
2339.272691 1377.998622 1303396694
2309.813528 1376.998623 1303396696
2278.451105 1375.554180 1303396698
2245.516423 1373.554182 1303396700
2211.505985 1372.109739 1303396702
2177.412796 1370.998629 1303396704
2144.147112 1370.220852 1303396706
2112.453687 1369.887519 1303396708
2082.415270 1370.109741 1303396710
2052.542355 1369.220853 1303396712
2023.331443 1368.443076 1303396714
1994.534284 1366.443078 1303396716
1965.654374 1365.443079 1303396718
1936.939966 1365.109746 1303396720
1908.308307 1364.887524 1303396722
1880.504153 1364.998635 1303396724
1853.527504 1364.665302 1303396726
1827.212859 1364.443080 1303396728
1803.049725 1364.887524 1303396730
1780.955353 1364.331969 1303396732
1760.929742 1363.331970 1303396734
1736.518357 1359.998640 1303396737
1714.258484 1357.776420 1303396749
1696.301634 1373.998626 1303396753
1679.999794 1393.443051 1303396757
1658.732926 1405.665261 1303396760
1629.604765 1411.220811 1303396763
1599.731850 1403.887485 1303396766
1581.692250 1394.998605 1303396768
1564.149153 1383.554172 1303396770
1540.399772 1381.443063 1303396773
1520.953414 1370.554185 1303396777
