2521.820201 1382.220840 1301672452
2497.408816 1380.776397 1301672477
2475.893697 1379.887509 1301672480
2452.558068 1379.220843 1301672484
2431.704953 1377.220845 1301672505
2408.700325 1374.554181 1301672508
2378.248157 1372.887516 1301672511
2354.664276 1372.443072 1301672513
2329.259886 1371.887517 1301672515
2302.614239 1371.554184 1301672517
2274.810085 1371.220851 1301672519
2246.178426 1370.776407 1301672521
2216.636513 1370.331963 1301672523
2186.763598 1369.665297 1301672525
2157.552686 1369.220853 1301672527
2129.500281 1368.887520 1301672529
2102.027129 1368.443076 1301672531
2073.891973 1367.776410 1301672533
2044.929313 1366.887522 1301672535
2015.056398 1366.331967 1301672537
1984.521479 1365.776412 1301672539
1953.324556 1365.998634 1301672541
1922.458635 1366.776411 1301672543
1892.585720 1368.331965 1301672545
1863.292058 1369.776408 1301672547
1834.825901 1370.331963 1301672549
1807.269998 1369.998630 1301672551
1781.286354 1369.554186 1301672553
1758.612729 1369.331964 1301672555
1736.021854 1368.220854 1301672558
1712.934476 1368.554187 1301672568
1685.213073 1366.776411 1301672572
1657.243418 1365.776412 1301672575
1636.555804 1366.443078 1301672577
1614.130430 1367.443077 1301672579
1588.560538 1366.665300 1301672581
1561.252887 1365.776412 1301672583
1536.344999 1367.109744 1301672585
1512.264616 1367.109744 1301672588
1489.425490 1369.331964 1301672613
1484.708714 1390.443054 1301672629
1479.743686 1368.443076 1301672636
1479.991938 1344.443100 1301672639
1479.495435 1322.887566 1301672643
1484.046710 1300.665366 1301672646
1482.391701 1274.887614 1301672649
1483.632958 1249.998750 1301672651
1486.611974 1220.998779 1301672653
1488.846237 1194.776583 1301672655
1489.508240 1161.998838 1301672656
1492.239005 1135.776642 1301672657
1495.383523 1109.776668 1301672659
1494.307767 1086.887802 1301672662
1494.804270 1066.443378 1301672665
1494.969770 1037.776740 1301672668
1495.714525 1015.665651 1301672670
1496.459279 989.554566 1301672672
1495.631774 962.776815 1301672674
1496.128277 933.554622 1301672676
1495.962776 904.887984 1301672678
1495.549024 878.554677 1301672680
1495.797275 856.443588 1301672682
1495.714525 831.776946 1301672685
1498.610791 811.110300 1301672692
1472.213395 805.332528 1301672697
1445.071244 804.665862 1301672700
1423.969878 803.665863 1301672702
1402.537509 803.332530 1301672704
1380.939640 803.999196 1301672706
1360.003774 804.221418 1301672708
1334.516633 808.443636 1301672711
1314.408272 812.443632 1301672716
1291.734646 809.665857 1301672724
1277.087815 794.665872 1301672727
1251.517924 788.443656 1301672730
1227.272040 786.665880 1301672732
1202.860654 786.221436 1301672734
1181.345535 789.221433 1301672736
1156.768649 788.110323 1301672739
1134.591527 790.332543 1301672744
1107.863129 794.888094 1301672757
1079.065970 794.332539 1301672760
1056.061342 794.999205 1301672762
1029.994948 795.110316 1301672764
1003.018299 794.443650 1301672766
977.696659 796.332537 1301672768
956.926294 797.110314 1301672770
935.824927 800.665866 1301672773
914.227058 803.221419 1301672780
902.476493 819.776958 1301672786
903.055746 843.999156 1301672789
903.221247 864.554691 1301672791
903.717750 887.665779 1301672793
903.883250 912.776865 1301672796
903.800500 937.110174 1301672804
903.800500 962.332371 1301672807
904.959006 982.443462 1301672809
905.869261 1004.110107 1301672811
906.034762 1024.554531 1301672813
905.538260 1046.221176 1301672816
922.005601 1059.554496 1301672821
943.603470 1061.110050 1301672825
970.497369 1059.887829 1301672829
992.260739 1058.443386 1301672833
