2541.597561 1384.331949 1301674251
2519.999691 1384.109727 1301674279
2495.505556 1382.109729 1301674286
2475.231694 1379.220843 1301674290
2449.992804 1377.887511 1301674295
2424.174661 1377.887511 1301674298
2402.163039 1377.776400 1301674300
2377.172401 1378.443066 1301674302
2349.781999 1378.443066 1301674304
2320.157336 1378.109733 1301674306
2288.877663 1377.331956 1301674308
2257.515239 1376.887512 1301674310
2226.649318 1376.220846 1301674312
2197.272906 1375.665291 1301674314
2170.958260 1374.998625 1301674316
2149.194890 1374.776403 1301674318
2125.197257 1373.998626 1301674321
2101.613377 1372.998627 1301674327
2079.519004 1373.554182 1301674330
2048.570333 1372.665294 1301674333
2024.324449 1371.998628 1301674335
1997.347800 1371.331962 1301674337
1968.302389 1370.998629 1301674339
1937.601969 1371.220851 1301674341
1907.646304 1371.887517 1301674343
1878.352641 1372.887516 1301674345
1848.479726 1373.998626 1301674347
1818.606811 1374.554181 1301674349
1790.554406 1374.220848 1301674351
1765.729268 1373.776404 1301674353
1745.289905 1373.443071 1301674355
1722.864531 1373.665293 1301674359
1702.838920 1374.109737 1301674370
1680.827299 1372.665294 1301674375
1653.767899 1371.998628 1301674379
1631.011523 1370.554185 1301674382
1607.510393 1368.331965 1301674385
1579.292487 1363.887525 1301674388
1551.157331 1360.443084 1301674391
1531.048970 1358.665308 1301674393
1509.864853 1358.665308 1301674396
1491.742503 1345.109766 1301674402
1490.583996 1318.887570 1301674406
1489.839242 1292.220930 1301674409
1490.004743 1263.443181 1301674412
1490.252994 1240.443204 1301674415
1492.404506 1219.443225 1301674421
1495.797275 1196.554359 1301674425
1496.128277 1176.332157 1301674427
1494.804270 1153.443291 1301674429
1495.218022 1125.443319 1301674432
1496.211027 1104.998895 1301674436
1496.707530 1083.110028 1301674447
1498.279789 1055.221167 1301674452
1499.769297 1026.887862 1301674455
1500.596802 1006.221216 1301674457
1501.424306 984.221238 1301674459
1502.086310 960.554595 1301674461
1502.417312 936.443508 1301674463
1502.748314 912.887976 1301674465
1502.913814 891.110220 1301674467
1503.575818 863.776914 1301674470
1503.989570 839.776938 1301674474
1501.010554 818.665848 1301674484
1480.488440 814.999185 1301674489
1457.401063 817.888071 1301674492
1432.327674 822.443622 1301674495
1404.771771 819.443625 1301674498
1379.615632 817.888071 1301674501
1355.535249 817.443627 1301674504
1335.261387 818.221404 1301674507
1314.491022 818.554737 1301674513
1290.493389 811.665855 1301674531
1264.095993 806.999193 1301674535
1241.256867 804.332529 1301674537
1215.521475 803.221419 1301674539
1192.185845 802.999197 1301674541
1171.415481 802.999197 1301674543
1151.307119 805.110306 1301674545
1128.633494 807.999192 1301674549
1108.442382 808.554747 1301674553
1080.803729 808.332525 1301674556
1058.212854 807.888081 1301674558
1033.635968 807.665859 1301674560
1009.886587 807.443637 1301674562
988.040466 806.999193 1301674564
962.387824 807.110304 1301674567
938.969445 808.554747 1301674571
917.868078 809.332524 1301674575
908.517276 829.443615 1301674579
909.096529 855.554700 1301674582
909.179280 877.776900 1301674584
908.848278 902.665764 1301674586
908.351775 928.776849 1301674588
907.524271 955.665711 1301674590
906.945017 983.221239 1301674592
906.283014 1009.665657 1301674594
905.703761 1032.776745 1301674596
905.621010 1055.110056 1301674599
924.570865 1063.665603 1301674603
948.982250 1062.110049 1301674606
974.138389 1060.998939 1301674609
993.998499 1058.221164 1301674631
1014.106860 1061.332272 1301674635
1040.835258 1062.110049 1301674638
1060.943619 1061.332272 1301674640
1087.341015 1059.554496 1301674643
1108.276881 1058.221164 1301674647
1132.109013 1057.221165 1301674651
1152.879378 1056.110055 1301674664
1175.470253 1056.998943 1301674667
1203.357157 1057.332276 1301674670
1230.251056 1057.554498 1301674673
1254.331439 1057.998942 1301674676
1275.432806 1058.332275 1301674681
1299.430439 1059.332274 1301674696
1324.090075 1060.443384 1301674699
1350.652972 1061.776716 1301674702
1375.643610 1062.554493 1301674705
1396.000223 1061.221161 1301674708
1422.066617 1063.665603 1301674712
1447.471008 1063.110048 1301674715
1471.965143 1061.998938 1301674718
1495.549024 1063.887825 1301674723
1503.658569 1085.998914 1301674727
1503.327567 1115.109996 1301674730
1502.334561 1137.776640 1301674732
1502.500062 1160.998839 1301674734
1503.989570 1182.332151 1301674736
1504.486073 1203.332130 1301674739
1501.838058 1226.332107 1301674743
1500.845053 1254.443190 1301674746
1499.272794 1277.887611 1301674748
1497.617785 1301.887587 1301674750
1494.142266 1329.665337 1301674753
1492.321756 1350.998649 1301674758
1516.733141 1358.887530 1301674763
1543.296038 1357.776420 1301674766
1565.804162 1357.109754 1301674768
1588.974291 1356.665310 1301674770
1611.316914 1355.887533 1301674772
1631.673527 1354.554201 1301674774
1655.340158 1351.554204 1301674777
1676.276024 1350.331983 1301674782
1701.018410 1349.109762 1301674807
1723.692036 1349.220873 1301674811
1747.937920 1349.331984 1301674814
1769.287538 1349.554206 1301674816
1793.450672 1349.998650 1301674818
1820.261820 1349.998650 1301674820
1848.976229 1349.554206 1301674822
1878.600893 1348.665318 1301674824
1907.398052 1347.554208 1301674826
1935.450457 1346.220876 1301674828
1962.344356 1345.776432 1301674830
1987.748747 1345.443099 1301674832
2010.670623 1345.776432 1301674834
2031.275487 1346.443098 1301674836
2056.348876 1346.998653 1301674839
2078.277747 1347.776430 1301674846
2105.171646 1348.331985 1301674851
2134.548059 1348.887540 1301674854
2157.718187 1349.443095 1301674856
2183.619080 1349.998650 1301674858
2211.257733 1350.331983 1301674860
2238.730885 1349.998650 1301674862
2266.535039 1349.665317 1301674864
2294.339193 1349.998650 1301674866
2321.812345 1350.998649 1301674868
2348.788994 1351.665315 1301674870
2375.269140 1351.776426 1301674872
2401.252784 1352.665314 1301674874
2426.905426 1352.998647 1301674876
2449.744553 1353.443091 1301674878
2474.238688 1353.665313 1301674881
2497.077814 1354.887534 1301674895
2521.489199 1355.887533 1301674898
2542.425065 1356.776421 1301674900
2566.339948 1357.443087 1301674902
2592.985595 1358.109753 1301674904
2621.865505 1358.665308 1301674906
2652.152172 1359.220863 1301674908
2683.597346 1359.887529 1301674910
2715.373522 1360.443084 1301674912
2746.818696 1361.331972 1301674914
2777.353615 1361.776416 1301674916
2806.068024 1362.443082 1301674918
2832.713671 1362.887526 1301674920
2856.876805 1363.443081 1301674922
2882.612197 1363.776414 1301674925
2902.803309 1364.776413 1301674949
