3314.073084 1342.887546 1301685128
3308.859805 1366.109745 1301685155
3289.330697 1380.776397 1301685161
3266.822573 1383.665283 1301685164
3237.280659 1385.887503 1301685167
3215.434538 1386.665280 1301685169
3194.002170 1387.109724 1301685171
3173.314555 1386.776391 1301685173
3143.938143 1386.554169 1301685176
3123.498780 1386.443058 1301685178
3102.231912 1386.220836 1301685180
3080.551292 1386.220836 1301685182
3059.946428 1385.776392 1301685184
3033.714533 1385.331948 1301685187
3009.137647 1385.331948 1301685191
2984.891763 1386.554169 1301685195
2962.052637 1386.776391 1301685199
2938.303255 1385.998614 1301685224
2912.981615 1384.443060 1301685227
2892.873254 1382.665284 1301685229
2863.414091 1381.331952 1301685232
2835.692688 1380.776397 1301685235
2806.978279 1380.331953 1301685238
2785.876912 1379.887509 1301685240
2763.617039 1379.109732 1301685242
2741.439916 1378.554177 1301685244
2719.759296 1378.109733 1301685246
2699.071682 1376.887512 1301685248
2669.364267 1376.109735 1301685251
2640.070605 1375.665291 1301685254
2613.011206 1375.109736 1301685257
2592.985595 1374.554181 1301685260
2572.794483 1374.109737 1301685266
2548.300348 1374.331959 1301685282
2525.709473 1373.998626 1301685285
2501.960091 1373.331960 1301685288
2477.714207 1373.443071 1301685291
2449.496301 1373.665293 1301685294
2427.401929 1372.665294 1301685296
2403.404296 1371.776406 1301685298
2364.759832 1370.887518 1301685301
2338.610688 1370.443074 1301685303
2312.130541 1369.998630 1301685305
2285.650395 1369.443075 1301685307
2259.087498 1368.776409 1301685309
2233.103854 1368.109743 1301685311
2208.692469 1367.443077 1301685313
2186.680847 1367.220855 1301685315
2157.387185 1366.554189 1301685318
2128.424525 1365.998634 1301685321
2108.233413 1365.665301 1301685323
2087.049296 1365.331968 1301685325
2065.037674 1364.665302 1301685327
2042.446799 1364.331969 1301685329
2019.193921 1363.776414 1301685331
1995.196288 1363.554192 1301685333
1970.702152 1363.554192 1301685335
1945.877015 1363.998636 1301685337
1920.224373 1364.443080 1301685339
1894.654482 1364.776413 1301685341
1869.829344 1365.443079 1301685343
1845.831712 1365.887523 1301685345
1822.827084 1366.331967 1301685347
1801.891218 1366.220856 1301685349
1778.059087 1365.998634 1301685352
1754.061454 1365.554190 1301685357
1729.401817 1365.887523 1301685361
1706.479941 1366.331967 1301685366
1680.910049 1363.109748 1301685369
1652.030139 1357.665309 1301685372
1630.101268 1355.220867 1301685374
1605.441632 1351.554204 1301685376
1584.340265 1348.887540 1301685378
1556.701612 1347.887541 1301685381
1529.393961 1348.109763 1301685384
1505.230827 1350.776427 1301685387
1487.108477 1359.887529 1301685392
1497.866037 1335.887553 1301685408
1497.783286 1305.665361 1301685411
1497.948787 1285.443159 1301685413
1498.941792 1261.220961 1301685416
1500.348550 1241.220981 1301685420
1509.782102 1219.221003 1301685424
1533.448733 1208.221014 1301685427
1553.060592 1190.998809 1301685430
1550.164326 1168.221054 1301685432
1548.592067 1144.776633 1301685435
1543.296038 1122.554433 1301685442
1530.883469 1102.665564 1301685444
1524.677185 1083.332250 1301685446
1520.456911 1061.776716 1301685448
1517.064143 1037.554518 1301685450
1507.216838 1004.554551 1301685452
1502.665563 973.999026 1301685454
1501.672558 944.554611 1301685456
1501.176055 916.221306 1301685458
1500.265800 890.110221 1301685460
1498.445290 867.554688 1301685462
1496.873031 841.888047 1301685465
1498.528040 821.110290 1301685471
1484.956965 805.999194 1301685481
1464.683103 803.554752 1301685485
1438.533958 804.443640 1301685488
1417.929094 806.110305 1301685490
1394.758966 806.110305 1301685492
1371.919840 805.888083 1301685494
1351.480477 806.110305 1301685496
1328.641350 805.999194 1301685499
1328.310348 832.888056 1301685509
1329.137853 854.554701 1301685512
1303.816213 863.776914 1301685515
1279.404828 865.332468 1301685517
1255.572696 864.888024 1301685519
1233.726575 863.665803 1301685521
1213.452713 861.110250 1301685523
1188.379324 857.332476 1301685526
1165.953950 848.221374 1301685529
1147.004095 838.999161 1301685544
1122.344459 834.888054 1301685548
1102.401599 833.332500 1301685550
1078.983219 832.332501 1301685552
1049.606807 826.554729 1301685554
1016.672124 815.999184 1301685556
988.867971 811.554744 1301685558
964.870338 809.221413 1301685560
938.390191 808.554747 1301685563
918.447331 802.999197 1301685576
907.276019 823.888065 1301685584
907.027768 848.888040 1301685587
907.027768 869.554686 1301685589
906.945017 892.999107 1301685591
906.283014 917.887971 1301685593
905.207258 943.776834 1301685595
904.959006 968.554587 1301685597
905.703761 991.221231 1301685599
905.290008 1012.665654 1301685601
905.207258 1037.110074 1301685604
910.917039 1056.332277 1301685609
930.859900 1058.665608 1301685613
954.030028 1056.443388 1301685616
976.538152 1057.776720 1301685619
