2527.281731 1374.776403 1301927966
2504.690856 1373.887515 1301927981
2482.927486 1377.776400 1301927988
2461.164116 1377.554178 1301927994
2436.504479 1373.887515 1301928007
2405.969560 1372.443072 1301928010
2382.882183 1372.109739 1301928012
2359.132801 1371.776406 1301928014
2335.631671 1370.998629 1301928016
2310.889284 1370.665296 1301928018
2285.981397 1370.443074 1301928020
2261.156259 1369.887519 1301928022
2236.082870 1369.109742 1301928024
2210.512979 1368.665298 1301928026
2184.777587 1367.998632 1301928028
2159.455947 1367.443077 1301928030
2136.451319 1366.887522 1301928032
2108.150663 1366.220856 1301928035
2078.525999 1365.220857 1301928038
2054.280115 1364.443080 1301928040
2026.393210 1363.776414 1301928042
1997.513301 1363.665303 1301928044
1968.798892 1363.665303 1301928046
1940.332734 1364.109747 1301928048
1912.445830 1364.887524 1301928050
1885.469181 1365.665301 1301928052
1858.575282 1366.443078 1301928054
1830.771128 1366.998633 1301928056
1803.380727 1366.776411 1301928058
1776.238577 1366.109745 1301928060
1751.165188 1365.220857 1301928062
1728.160561 1364.998635 1301928064
1699.611653 1363.998636 1301928067
1673.131506 1363.554192 1301928070
1643.093090 1364.220858 1301928073
1622.819228 1362.887526 1301928075
1593.608316 1360.665306 1301928078
1564.645656 1360.443084 1301928081
1540.068770 1356.998643 1301928084
1518.139899 1354.220868 1301928088
1498.693541 1359.220863 1301928098
1503.410317 1336.998663 1301928104
1503.906820 1316.220906 1301928107
1504.568824 1296.220926 1301928109
1506.472084 1267.887621 1301928112
1509.202849 1244.109867 1301928116
1509.947603 1216.109895 1301928122
1508.458095 1195.776582 1301928124
1504.072321 1169.554386 1301928126
1500.679552 1142.887746 1301928128
1498.197038 1121.332212 1301928130
1495.880026 1097.221125 1301928134
1494.638769 1074.554481 1301928141
1495.714525 1048.110063 1301928144
1495.962776 1024.998975 1301928146
1496.459279 997.999002 1301928148
1496.707530 968.221254 1301928150
1495.135271 939.665727 1301928152
1495.549024 911.554644 1301928154
1495.880026 885.888003 1301928156
1495.549024 863.776914 1301928158
1495.631774 838.443606 1301928161
1499.355545 817.999182 1301928168
1477.840426 810.999189 1301928174
1455.580553 809.888079 1301928177
1435.637692 807.776970 1301928179
1413.957072 807.554748 1301928181
1385.408164 808.443636 1301928184
1363.644794 809.776968 1301928187
1343.039930 811.554744 1301928193
1322.848818 815.776962 1301928201
1299.595940 814.221408 1301928219
1280.646085 805.554750 1301928222
1249.118160 803.221419 1301928225
1223.879271 801.999198 1301928227
1199.054133 800.888088 1301928229
1177.456264 800.443644 1301928231
1150.893367 801.554754 1301928234
1128.550743 799.888089 1301928258
1108.525133 798.999201 1301928261
1088.085770 799.332534 1301928263
1064.170887 798.888090 1301928265
1039.262999 798.332535 1301928267
1013.941359 797.776980 1301928269
988.536969 797.443647 1301928271
965.780593 797.221425 1301928273
940.955456 799.443645 1301928276
920.185091 799.443645 1301928281
910.255036 823.999176 1301928286
911.661794 854.332479 1301928289
911.661794 880.332453 1301928291
911.413542 909.999090 1301928293
910.586038 941.776836 1301928295
909.593032 973.332360 1301928297
909.344781 1000.665666 1301928299
909.179280 1023.554532 1301928301
908.103524 1044.332289 1301928304
928.211885 1057.998942 1301928323
953.781777 1056.665610 1301928326
980.510174 1055.887833 1301928329
