1196.323368 1061.443383 1302204491
1222.224262 1068.110043 1302204496
1243.987632 1068.443376 1302204499
1266.826758 1070.665596 1302204502
1290.907142 1069.221153 1302204510
1317.470039 1069.776708 1302204514
1339.316159 1070.332263 1302204517
1361.410532 1070.665596 1302204520
1382.594649 1070.665596 1302204523
1406.757782 1069.776708 1302204527
1428.272902 1068.554487 1302204542
1451.691281 1070.332263 1302204545
1474.282156 1071.332262 1302204548
1493.976765 1066.776711 1302204561
1494.887020 1043.554512 1302204566
1495.631774 1016.887872 1302204569
1496.376528 996.887892 1302204571
1497.038532 975.999024 1302204573
1498.528040 953.554602 1302204575
1499.355545 932.221290 1302204577
1499.107293 910.999089 1302204580
1498.776292 890.776887 1302204593
1499.603796 868.221354 1302204596
1499.934798 845.110266 1302204599
1501.010554 823.443621 1302204604
1502.500062 801.110310 1302204613
1503.658569 774.221448 1302204616
1504.320572 752.665914 1302204618
1505.230827 730.110381 1302204620
1505.810080 706.665960 1302204622
1506.389334 682.443762 1302204624
1506.720335 657.999342 1302204626
1506.803086 634.221588 1302204628
1507.216838 611.777166 1302204630
1508.209844 589.110522 1302204632
1508.789097 567.777210 1302204634
1511.188860 542.777235 1302204637
1528.566456 531.332802 1302204641
1549.998825 532.999467 1302204644
1580.616494 533.888355 1302204647
1603.290120 534.888354 1302204649
1624.391486 536.443908 1302204651
1649.713127 537.666129 1302204654
1670.483491 538.443906 1302204658
1696.053383 539.443905 1302204662
1726.753803 540.110571 1302204665
1750.834186 540.555015 1302204667
1775.824824 540.999459 1302204669
1801.725718 541.999458 1302204671
1827.874862 542.332791 1302204673
1854.520510 542.555013 1302204675
1881.331658 542.999457 1302204677
1908.639309 543.888345 1302204679
1936.195211 544.777233 1302204681
1963.999365 545.443899 1302204683
1992.134521 546.110565 1302204685
2020.517928 546.666120 1302204687
2048.984085 547.443897 1302204689
2077.201992 548.332785 1302204691
2105.419898 549.221673 1302204693
2133.389552 549.999450 1302204695
2161.359207 550.332783 1302204697
2188.832359 550.888338 1302204699
2215.809008 551.666115 1302204701
2242.454656 552.666114 1302204703
2268.852052 553.332780 1302204705
2295.249448 554.332779 1302204707
2321.646844 555.110556 1302204709
2347.795989 555.777222 1302204711
2373.862383 556.221666 1302204713
2400.011527 556.999443 1302204715
2425.995171 557.666109 1302204717
2451.896064 558.332775 1302204719
2477.714207 558.999441 1302204721
2503.532350 559.443885 1302204723
2529.267742 560.110551 1302204725
2555.085885 560.777217 1302204727
2581.069529 561.332772 1302204729
2607.218674 561.999438 1302204731
2633.367818 562.666104 1302204733
2659.103211 563.332770 1302204735
2682.852592 564.110547 1302204737
2704.036709 564.554991 1302204739
2724.558823 564.777213 1302204741
2745.329188 565.221657 1302204743
2765.354799 565.554990 1302204745
2785.380409 565.888323 1302204747
2806.233525 566.221656 1302204749
2828.493398 566.554989 1302204751
2851.084273 566.888322 1302204753
2872.764893 567.221655 1302204755
2899.824292 567.777210 1302204758
2919.932654 568.221654 1302204761
2942.523529 573.110538 1302204767
2966.190160 573.554982 1302204772
2987.953530 586.110525 1302204783
2990.601545 608.999391 1302204786
2989.774040 637.666029 1302204789
2989.029286 658.888230 1302204791
2988.532783 680.110431 1302204793
2987.870780 701.665965 1302204795
2986.960524 723.221499 1302204797
2986.464022 745.221477 1302204799
2986.050269 765.777012 1302204801
2986.381271 791.554764 1302204804
2984.478011 812.554743 1302204807
2984.395260 833.776944 1302204814
3008.972146 841.110270 1302204820
3035.286792 839.221383 1302204823
3055.891656 838.665828 1302204825
3077.986028 839.221383 1302204827
3100.163151 839.665827 1302204829
3121.678270 840.110271 1302204831
3142.448635 840.443604 1302204833
3168.349528 841.332492 1302204836
3188.788891 841.665825 1302204839
3212.869274 843.443601 1302204867
3233.639639 844.443600 1302204870
3261.940296 845.110266 1302204873
3287.261936 845.221377 1302204876
3307.949550 842.443602 1302204897
3316.721099 824.443620 1302204902
3315.148840 800.888088 1302204905
3315.479842 779.110332 1302204907
3317.052101 755.554800 1302204909
3318.624359 730.665936 1302204911
3319.451864 705.554850 1302204913
3319.120862 682.332651 1302204915
3317.962356 660.332673 1302204917
3317.465853 640.332693 1302204919
3317.300352 618.332715 1302204923
