1272.288289 1076.554479 1302229078
1296.203171 1075.665591 1302229082
1326.076086 1075.443369 1302229085
1346.929201 1075.110036 1302229087
1367.368565 1074.998925 1302229089
1387.642427 1074.998925 1302229091
1415.363830 1075.554480 1302229094
1435.554942 1074.554481 1302229097
1454.918549 1079.887809 1302229115
1476.681919 1081.998918 1302229121
1484.874215 1062.221160 1302229127
1487.025727 1039.110072 1302229130
1489.259989 1017.554538 1302229132
1491.080499 991.999008 1302229134
1493.563013 964.443480 1302229136
1494.804270 936.887952 1302229138
1495.880026 910.221312 1302229140
1497.204033 886.110225 1302229142
1498.114288 865.221357 1302229144
1499.272794 838.221384 1302229147
1500.183049 816.110295 1302229153
1501.341556 790.776987 1302229157
1501.424306 769.999230 1302229159
1501.176055 734.888154 1302229162
1501.672558 710.221512 1302229164
1501.920809 686.110425 1302229166
1502.169060 663.110448 1302229168
1503.327567 641.443803 1302229170
1505.727330 620.666046 1302229172
1506.885836 593.777184 1302229175
1508.623596 573.443871 1302229179
1507.630591 551.443893 1302229202
1524.097932 538.443906 1302229207
1547.930063 539.999460 1302229210
1571.100192 540.666126 1302229212
1598.656094 540.999459 1302229214
1628.694510 541.555014 1302229216
1658.981178 542.110569 1302229218
1688.523091 542.332791 1302229220
1717.403001 542.221680 1302229222
1746.944914 542.555013 1302229224
1776.817830 543.221679 1302229226
1807.021747 544.332789 1302229228
1838.384170 545.332788 1302229230
1869.663843 546.110565 1302229232
1899.702260 547.221675 1302229234
1929.326923 548.332785 1302229236
1959.365340 549.555006 1302229238
1988.990004 550.443894 1302229240
2017.869913 551.110560 1302229242
2045.674067 551.888337 1302229244
2072.154214 552.777225 1302229246
2097.641355 553.888335 1302229248
2122.549242 555.110556 1302229250
2148.284635 555.443889 1302229252
2174.433779 555.999444 1302229254
2200.748425 557.221665 1302229256
2227.145821 557.888331 1302229258
2252.881213 557.999442 1302229260
2277.044347 558.666108 1302229262
2299.552472 559.888329 1302229264
2322.722600 560.777217 1302229266
2347.464987 561.221661 1302229268
2374.193385 561.666105 1302229270
2402.328540 561.999438 1302229272
2430.794698 562.110549 1302229274
2459.178105 562.777215 1302229276
2487.147759 563.332770 1302229278
2514.951913 563.332770 1302229280
2542.838818 563.554992 1302229282
2571.056724 563.999436 1302229284
2599.357380 564.554991 1302229286
2626.913283 564.443880 1302229288
2653.227928 564.888324 1302229290
2678.384067 565.666101 1302229292
2700.974942 566.221656 1302229294
2727.620590 567.332766 1302229297
2748.721957 568.443876 1302229301
2772.636839 570.999429 1302229308
2800.027240 571.332762 1302229311
2822.038862 571.777206 1302229313
2847.608754 571.999428 1302229315
2874.585403 572.332761 1302229317
2898.665786 572.666094 1302229319
2918.856898 572.999427 1302229321
2943.847536 574.777203 1302229324
2968.589923 576.221646 1302229328
2987.788029 583.666083 1302229354
2990.187792 604.221618 1302229358
2989.029286 631.999368 1302229361
2988.119031 656.110455 1302229363
2986.877774 684.221538 1302229365
2985.471016 714.221508 1302229367
2984.809013 744.777033 1302229369
2983.981508 774.110337 1302229371
2982.823002 800.554755 1302229373
2981.167992 821.554734 1302229375
2979.843985 843.665823 1302229379
3000.531600 851.888037 1302229401
3028.087502 848.554707 1302229404
3051.919634 846.888042 1302229406
3079.641037 845.554710 1302229408
3108.189945 844.776933 1302229410
3135.414846 843.999156 1302229412
3159.991732 843.665823 1302229414
3181.175849 843.221379 1302229416
3203.187471 842.999157 1302229419
