3340.718732 558.332775 1301929526
3340.553231 581.554974 1301929546
3340.139478 608.999391 1301929549
3339.229223 631.666035 1301929551
3338.484469 655.666011 1301929553
3339.063722 679.332654 1301929555
3340.304979 703.332630 1301929557
3341.132484 726.888162 1301929559
3341.463486 749.777028 1301929561
3341.215234 771.443673 1301929563
3340.470480 797.221425 1301929566
3340.470480 817.999182 1301929570
3339.394724 838.999161 1301929590
3338.567220 863.110248 1301929593
3338.153467 884.554671 1301929595
3337.987966 908.332425 1301929597
3337.408713 932.999067 1301929599
3336.829460 958.443486 1301929601
3335.753704 983.554572 1301929603
3335.008950 1007.554548 1301929605
3334.677948 1028.776749 1301929607
3335.174451 1053.776724 1301929610
3334.181445 1076.998923 1301929638
3332.940189 1098.998901 1301929642
3332.029933 1125.776652 1301929645
3331.781682 1146.554409 1301929647
3331.119678 1170.998829 1301929649
3331.036928 1196.221026 1301929651
3330.871427 1220.665446 1301929653
3330.209423 1243.665423 1301929655
3329.630170 1265.109846 1301929657
3326.237401 1294.332039 1301929660
3320.444869 1322.776455 1301929663
3318.376108 1347.109764 1301929666
3316.059095 1371.665295 1301929670
3296.612738 1386.331947 1301929674
3271.787600 1389.443055 1301929677
3250.106980 1391.998608 1301929679
3227.433355 1394.776383 1301929681
3204.511478 1395.998604 1301929683
3181.010348 1396.109715 1301929685
3157.095466 1395.554160 1301929687
3132.435829 1394.998605 1301929689
3106.865938 1394.220828 1301929691
3080.882294 1393.776384 1301929693
3054.567649 1392.887496 1301929695
3028.832256 1392.443052 1301929697
3004.669122 1391.887497 1301929699
2984.064258 1391.109720 1301929701
2963.293894 1390.776387 1301929704
2937.393000 1389.109722 1301929731
2909.588846 1386.443058 1301929734
2885.260212 1385.665281 1301929736
2857.787060 1385.554170 1301929738
2829.569154 1384.887504 1301929740
2800.854745 1384.331949 1301929742
2771.974835 1383.665283 1301929744
2743.177676 1382.887506 1301929746
2714.546017 1381.776396 1301929748
2686.741864 1381.220841 1301929750
2659.268712 1380.443064 1301929752
2632.623064 1379.887509 1301929754
2608.459931 1379.665287 1301929756
2587.275813 1379.220843 1301929758
2561.871423 1378.109733 1301929761
2539.115047 1377.443067 1301929766
2516.193170 1377.776400 1301929780
2490.954280 1378.998621 1301929784
2470.018415 1379.554176 1301929792
2448.255044 1376.665290 1301929800
2427.236428 1376.220846 1301929803
2406.548814 1375.998624 1301929805
2381.475425 1375.665291 1301929807
2353.009267 1375.220847 1301929809
2324.377609 1374.776403 1301929811
2295.580450 1374.554181 1301929813
2266.286788 1374.109737 1301929815
2237.489628 1373.220849 1301929817
2210.264728 1373.220849 1301929819
2185.356840 1372.776405 1301929821
2163.593469 1371.776406 1301929823
2139.347585 1370.776407 1301929826
2118.742721 1369.998630 1301929831
2096.979351 1369.220853 1301929847
2070.250953 1368.220854 1301929850
2047.329076 1367.554188 1301929852
2022.503939 1366.998633 1301929854
1996.685796 1366.443078 1301929856
1970.619402 1365.998634 1301929858
1945.380512 1366.443078 1301929860
1920.307124 1367.109744 1301929862
1895.812988 1367.554188 1301929864
1872.063607 1368.331965 1301929866
1847.900473 1368.887520 1301929868
1823.571838 1369.331964 1301929870
1799.243204 1369.109742 1301929872
1776.900580 1368.443076 1301929874
1748.020670 1367.443077 1301929877
1720.299267 1366.220856 1301929880
1693.239867 1365.887523 1301929883
1665.104712 1364.776413 1301929886
1644.251596 1364.998635 1301929888
1621.164219 1365.220857 1301929890
1595.097824 1365.331968 1301929892
1567.872924 1364.887524 1301929894
1541.641029 1363.220859 1301929896
1517.726146 1361.665305 1301929898
1493.728514 1359.554196 1301929901
