2524.054464 1374.331959 1303402342
2499.643079 1376.443068 1303402369
2475.893697 1375.443069 1303402372
2455.123332 1374.443070 1303402385
2427.650180 1373.665293 1303402390
2396.949760 1373.554182 1303402393
2372.952128 1372.998627 1303402395
2347.961489 1372.109739 1303402397
2323.053602 1371.331962 1303402399
2298.311215 1370.776407 1303402401
2273.651578 1370.220852 1303402403
2249.902197 1369.443075 1303402405
2227.394072 1368.998631 1303402407
2205.961704 1368.554187 1303402409
2183.867332 1367.776410 1303402411
2161.193706 1366.776411 1303402413
2137.113323 1365.887523 1303402415
2112.039934 1365.665301 1303402417
2086.470043 1365.331968 1303402419
2060.900151 1364.998635 1303402421
2034.751007 1364.443080 1303402423
2008.188110 1363.554192 1303402425
1980.466706 1363.109748 1303402427
1951.917798 1362.998637 1303402429
1924.361896 1362.998637 1303402431
1897.633498 1362.776415 1303402433
1871.732605 1362.331971 1303402435
1846.741967 1361.998638 1303402437
1822.247831 1361.887527 1303402439
1799.160453 1361.109750 1303402441
1779.052092 1360.331973 1303402443
1755.799213 1359.998640 1303402446
1733.208338 1360.887528 1303402454
1711.693219 1358.665308 1303402459
1689.847099 1366.443078 1303402463
1663.366952 1369.331964 1303402467
1637.962562 1367.443077 1303402470
1615.950940 1368.109743 1303402473
1595.925329 1357.331976 1303402476
1572.672450 1346.998653 1303402479
1547.268060 1344.887544 1303402482
1520.787913 1353.887535 1303402485
1498.610791 1363.220859 1303402489
1495.052521 1337.665329 1303402496
1497.121282 1313.998686 1303402498
1499.686547 1288.776489 1303402500
1501.093304 1267.998732 1303402502
1499.355545 1246.332087 1303402506
1500.431301 1225.443219 1303402510
1511.519862 1201.443243 1303402513
1521.449917 1183.776594 1303402515
1533.531484 1166.998833 1303402517
1544.289043 1148.887740 1303402519
1551.074581 1124.443320 1303402522
1545.695801 1102.554453 1303402526
1539.324016 1080.776697 1303402530
1536.013998 1057.110054 1303402533
1537.007003 1034.554521 1303402535
1537.917258 1008.776769 1303402537
1539.903269 981.999018 1303402539
1542.385783 956.554599 1303402541
1543.130537 932.443512 1303402543
1538.331010 906.887982 1303402545
1536.344999 884.888004 1303402547
1536.593251 856.554699 1303402550
1535.931247 836.110275 1303402556
1514.995381 829.554726 1303402560
1491.328750 826.443618 1303402563
1464.103850 823.665843 1303402566
1434.479186 820.221402 1303402569
1409.240296 817.332516 1303402571
1385.159913 814.110297 1303402573
1363.479293 810.221412 1303402575
1340.557416 809.110302 1303402578
1320.531805 810.554745 1303402583
1296.782424 812.999187 1303402587
1274.605301 813.776964 1303402590
1247.463151 815.888073 1303402593
1226.775537 816.332517 1303402595
1204.101911 814.888074 1303402597
1183.662548 814.332519 1303402599
1158.340908 817.110294 1303402602
1136.163785 811.999188 1303402616
1110.014641 809.332524 1303402621
1084.527500 807.332526 1303402624
1064.170887 805.443639 1303402626
1041.662763 803.888085 1303402628
1018.244383 802.110309 1303402630
995.653508 801.221421 1303402632
968.014855 800.888088 1303402635
947.823744 801.554754 1303402645
925.315619 802.776975 1303402658
918.943834 823.332510 1303402662
916.709571 850.110261 1303402665
915.716566 870.443574 1303402667
914.889061 890.999109 1303402669
912.406548 911.776866 1303402671
911.413542 934.110177 1303402673
909.344781 956.887932 1303402675
906.862267 979.999020 1303402677
906.034762 1000.443444 1303402679
905.372759 1020.887868 1303402681
906.365764 1043.332290 1303402684
924.736366 1056.221166 1303402688
949.230501 1058.443386 1303402691
974.138389 1060.998939 1303402694
996.563763 1059.332274 1303402698
1018.575385 1055.887833 1303402716
1045.800286 1060.110051 1303402720
1071.121926 1060.554495 1303402723
1092.140542 1061.332272 1303402726
1114.896918 1061.665605 1303402732
1136.412037 1062.998937 1303402737
1156.520398 1069.998930 1303402751
1175.966756 1077.332256 1303402765
1195.247612 1084.443360 1303402787
1218.169489 1089.110022 1303402798
1240.015610 1094.443350 1303402802
1261.116977 1096.110015 1303402810
1274.439800 1080.776697 1303402820
1299.099437 1075.998924 1303402842
1322.766068 1077.998922 1303402845
1342.957180 1078.776699 1303402847
1364.141297 1079.221143 1303402849
1385.242663 1078.887810 1303402851
1406.178529 1078.776699 1303402853
1426.948894 1079.110032 1303402855
1455.828804 1080.221142 1303402858
1477.012921 1078.554477 1303402861
1498.445290 1077.554478 1303402872
1504.237822 1103.665563 1303402877
1502.582813 1131.776646 1303402880
1501.424306 1152.998847 1303402882
1500.514051 1173.554382 1303402884
1499.024543 1198.776579 1303402887
1491.328750 1218.998781 1303402893
1486.280972 1238.887650 1303402896
1484.377712 1268.887620 1303402899
1483.550207 1289.332044 1303402901
1481.150444 1317.332016 1303402904
1480.074688 1339.331994 1303402907
1479.991938 1360.887528 1303402918
1503.244816 1373.220849 1303402924
1524.180682 1379.998620 1303402927
1548.343816 1381.554174 1303402930
1573.830957 1379.554176 1303402933
1598.076841 1373.554182 1303402936
1621.743472 1367.109744 1303402939
1641.769083 1370.443074 1303402945
1659.229429 1359.887529 1303402953
1674.621014 1346.554209 1303402967
1692.991616 1335.554220 1303402982
1713.761981 1338.443106 1303402987
1735.194349 1344.109767 1303402992
1758.612729 1345.109766 1303402995
1788.899397 1347.998652 1303402998
1812.317776 1350.109761 1303403000
1836.398159 1352.109759 1303403002
1860.975045 1351.998648 1303403004
1885.882933 1351.554204 1303403006
1910.956322 1350.998649 1303403008
1936.195211 1350.554205 1303403010
1961.434101 1351.220871 1303403012
1987.003993 1351.443093 1303403014
2012.242882 1351.220871 1303403016
2036.654267 1351.554204 1303403018
2061.231153 1351.998648 1303403020
2098.386109 1352.109759 1303403023
2124.038751 1353.776424 1303403025
2151.429152 1355.554200 1303403027
2180.309062 1355.554200 1303403029
2209.768225 1355.443089 1303403031
2239.723891 1355.554200 1303403033
2269.679556 1356.331977 1303403035
2299.552472 1356.776421 1303403037
2328.515132 1357.220865 1303403039
2356.236535 1357.776420 1303403041
2382.716682 1357.443087 1303403043
2408.038322 1357.665309 1303403045
2432.284206 1357.776420 1303403047
2453.385573 1356.887532 1303403049
2475.231694 1356.443088 1303403052
2497.326066 1359.665307 1303403067
2520.247943 1364.554191 1303403071
2540.852807 1364.776413 1303403073
2564.684938 1364.998635 1303403075
2588.434320 1365.554190 1303403077
2613.507708 1365.554190 1303403079
2638.912099 1365.331968 1303403081
2665.061244 1365.554190 1303403083
2691.706891 1366.109745 1303403085
2718.269788 1367.220855 1303403087
2744.749935 1368.331965 1303403089
2771.147331 1368.776409 1303403091
2796.386220 1369.554186 1303403093
2820.549354 1370.554185 1303403095
2843.802233 1370.665296 1303403097
2864.903599 1370.220852 1303403099
2890.969993 1366.220856 1303403102
2912.071360 1367.998632 1303403123
