1483.384706 1342.109769 1301929931
1484.129461 1314.443130 1301929934
1484.212211 1288.443156 1301929937
1485.867220 1256.109855 1301929942
1487.108477 1234.776543 1301929947
1492.570007 1210.887678 1301929950
1489.921993 1183.887705 1301929952
1488.680736 1163.332170 1301929954
1487.770481 1136.554419 1301929957
1486.032721 1112.554443 1301929961
1486.280972 1086.554469 1301929967
1488.101482 1058.443386 1301929970
1489.673741 1034.332299 1301929972
1491.577002 1007.887881 1301929974
1490.501246 980.887908 1301929976
1490.666747 954.221268 1301929978
1490.914998 927.665739 1301929980
1491.328750 903.221319 1301929982
1491.328750 881.110230 1301929984
1490.335745 855.443589 1301929987
1491.328750 834.888054 1301929994
1484.377712 815.888073 1301930004
1457.235562 812.332521 1301930008
1435.885944 811.888077 1301930010
1413.460570 811.888077 1301930012
1392.276452 812.554743 1301930014
1363.727544 812.888076 1301930017
1338.819657 815.665851 1301930020
1317.801040 817.888071 1301930024
1295.127415 818.110293 1301930039
1270.136777 814.888074 1301930042
1247.628652 813.776964 1301930044
1222.720764 813.665853 1301930046
1197.647376 814.110297 1301930048
1173.897994 814.443630 1301930050
1153.127629 814.999185 1301930052
1132.109013 809.888079 1301930055
1109.600889 805.776972 1301930072
1084.361999 802.999197 1301930075
1060.860869 801.999198 1301930077
1034.297972 801.888087 1301930079
1007.735075 801.443643 1301930081
983.985694 800.888088 1301930083
956.429791 800.443644 1301930086
931.439153 805.110306 1301930090
909.924034 804.554751 1301930095
902.559243 828.776949 1301930100
904.297003 856.665810 1301930103
904.131502 880.888008 1301930105
904.545254 907.999092 1301930107
904.545254 936.665730 1301930109
903.966001 965.110146 1301930111
904.214252 989.221233 1301930113
905.041757 1016.443428 1301930116
906.614016 1040.221182 1301930123
916.544071 1060.221162 1301930130
943.686221 1060.332273 1301930134
969.587114 1059.998940 1301930137
992.508991 1059.443385 1301930141
1015.596368 1061.887827 1301930163
1037.607990 1064.887824 1301930168
1058.957608 1065.665601 1301930172
1079.231471 1062.665604 1301930176
1101.243092 1062.110049 1301930185
1122.592710 1060.554495 1301930189
1143.363075 1060.332273 1301930209
1170.008723 1064.554491 1301930214
1201.536647 1067.332266 1301930217
1227.437540 1068.998931 1301930219
1254.165938 1069.332264 1301930221
1281.142588 1067.776710 1301930223
1308.036486 1066.443378 1301930225
1333.606378 1066.887822 1301930227
1355.700750 1067.221155 1301930229
1378.208875 1067.332266 1301930232
1401.379003 1066.221156 1301930240
1424.300880 1066.665600 1301930243
1448.215762 1069.998930 1301930246
1471.634141 1074.665592 1301930250
1492.652758 1074.332259 1301930257
1501.920809 1094.998905 1301930262
1501.507057 1121.998878 1301930265
1501.258805 1144.776633 1301930267
1500.927803 1166.665500 1301930269
1500.514051 1191.221031 1301930272
1500.348550 1214.109897 1301930278
1500.265800 1241.220981 1301930282
1498.693541 1269.109842 1301930285
1497.369534 1293.887595 1301930288
1498.362539 1317.220905 1301930292
1493.066510 1339.443105 1301930303
1511.685363 1355.109756 1301930316
1536.096748 1353.331980 1301930319
1560.094381 1351.887537 1301930322
1585.002269 1354.998645 1301930325
1605.276131 1352.665314 1301930327
1628.611760 1349.554206 1301930329
1651.616387 1347.776430 1301930331
1674.372763 1348.443096 1301930333
1709.955460 1351.554204 1301930336
1734.863348 1353.998646 1301930338
1760.929742 1356.220866 1301930340
1788.237393 1357.109754 1301930342
1817.117303 1357.443087 1301930344
1846.659216 1356.998643 1301930346
1876.283880 1356.220866 1301930348
1905.991294 1355.331978 1301930350
1934.788454 1354.776423 1301930352
1962.923609 1354.443090 1301930354
1989.983009 1354.220868 1301930356
2015.056398 1354.887534 1301930358
2037.647273 1355.109756 1301930360
2066.609933 1355.331978 1301930363
2096.813850 1355.665311 1301930366
2118.328969 1356.220866 1301930368
2141.499097 1356.887532 1301930370
2166.075983 1357.220865 1301930372
2191.232122 1357.665309 1301930374
2216.471012 1357.665309 1301930376
2241.544401 1357.887531 1301930378
2266.535039 1358.109753 1301930380
2291.856679 1358.665308 1301930382
2318.419576 1359.331974 1301930384
2346.306480 1359.554196 1301930386
2374.524386 1359.665307 1301930388
2402.825043 1359.998640 1301930390
2430.629197 1360.776417 1301930392
2457.357595 1361.776416 1301930394
2479.451967 1361.998638 1301930396
2503.780601 1361.998638 1301930399
2525.461221 1362.331971 1301930402
2545.983335 1363.109748 1301930406
2572.877234 1365.220857 1301930420
2602.253646 1367.443077 1301930423
2626.416780 1367.998632 1301930425
2651.159167 1368.776409 1301930427
2676.563557 1369.109742 1301930429
2702.381700 1369.554186 1301930431
2728.365344 1370.109741 1301930433
2754.431738 1370.665296 1301930435
2780.001630 1370.887518 1301930437
2804.661266 1371.220851 1301930439
2827.748644 1371.220851 1301930441
2856.297552 1370.220852 1301930444
2877.150667 1370.554185 1301930447
