3313.245580 1349.887539 1301938634
3305.880789 1373.220849 1301938653
3282.296908 1381.554174 1301938657
3253.334248 1383.998616 1301938660
3231.819129 1385.887503 1301938662
3208.566250 1387.220835 1301938664
3184.568618 1387.554168 1301938666
3161.563990 1388.109723 1301938668
3137.400857 1388.331945 1301938670
3112.492969 1387.887501 1301938672
3087.171329 1387.998612 1301938674
3062.263441 1387.665279 1301938676
3038.927812 1387.331946 1301938678
3017.743695 1386.998613 1301938680
2992.422055 1386.887502 1301938683
2969.417427 1386.665280 1301938688
2947.157554 1386.220836 1301938709
2925.476934 1385.554170 1301938713
2901.975804 1383.331950 1301938716
2879.302179 1381.331952 1301938719
2855.221796 1381.220841 1301938723
2834.451431 1380.998619 1301938726
2809.047040 1380.443064 1301938729
2779.753378 1379.776398 1301938732
2758.403760 1379.554176 1301938734
2735.647384 1379.220843 1301938736
2712.642757 1378.887510 1301938738
2691.706891 1378.554177 1301938740
2671.102027 1378.554177 1301938742
2649.255906 1378.331955 1301938744
2627.658037 1378.109733 1301938746
2607.301424 1377.665289 1301938748
2579.828272 1376.887512 1301938751
2557.816650 1377.109734 1301938754
2537.294537 1378.331955 1301938776
2511.559144 1377.443067 1301938782
2489.299271 1377.220845 1301938786
2466.625646 1379.665287 1301938791
2445.772531 1378.443066 1301938809
2421.526646 1376.776401 1301938813
2392.398485 1374.220848 1301938816
2369.145607 1373.220849 1301938818
2343.658466 1372.443072 1301938820
2316.599066 1371.554184 1301938822
2288.132908 1370.998629 1301938824
2258.756496 1370.443074 1301938826
2229.214582 1370.220852 1301938828
2199.672669 1369.998630 1301938830
2170.710009 1369.109742 1301938832
2129.417530 1367.665299 1301938835
2103.433887 1367.109744 1301938837
2076.622738 1366.776411 1301938839
2048.735834 1366.220856 1301938841
2020.104176 1365.665301 1301938843
1991.886270 1365.220857 1301938845
1963.420112 1365.443079 1301938847
1935.119455 1365.887523 1301938849
1906.901549 1366.887522 1301938851
1880.504153 1367.443077 1301938853
1856.010018 1367.776410 1301938855
1832.674389 1368.109743 1301938857
1812.152275 1368.109743 1301938859
1786.747885 1367.443077 1301938862
1764.488012 1367.331966 1301938866
1744.462401 1368.776409 1301938889
1724.188539 1368.887520 1301938892
1704.080177 1368.665298 1301938895
1680.827299 1366.331967 1301938898
1652.609393 1363.776414 1301938901
1631.673527 1362.331971 1301938903
1610.654910 1361.887527 1301938905
1583.512760 1358.776419 1301938908
1561.501139 1358.443086 1301938911
1543.047786 1366.665300 1301938919
1521.863669 1360.665306 1301938928
1501.093304 1363.109748 1301938933
1487.522229 1377.887511 1301938939
1482.474451 1353.998646 1301938946
1483.632958 1325.109786 1301938949
1485.784470 1301.220921 1301938951
1488.184233 1275.776502 1301938953
1490.004743 1254.332079 1301938956
1491.411501 1233.220989 1301938961
1501.589807 1208.221014 1301938965
1510.526857 1181.887707 1301938968
1521.863669 1163.443281 1301938970
1523.435928 1142.665524 1301938972
1521.532667 1118.998881 1301938975
1514.250627 1099.998900 1301938981
1505.975581 1081.665585 1301938987
1504.899825 1058.554497 1301938990
1504.403323 1029.221193 1301938993
1505.065326 1006.776771 1301938995
1505.644580 983.221239 1301938997
1506.058332 958.999041 1301938999
1506.554835 934.332399 1301939001
1506.803086 909.887979 1301939003
1507.051337 887.110224 1301939005
1506.554835 866.999133 1301939007
1506.389334 844.554711 1301939010
1508.209844 822.776955 1301939017
1487.025727 816.110295 1301939021
1462.614341 813.776964 1301939024
1436.216945 811.443633 1301939027
1411.474559 810.110301 1301939030
1388.718183 807.776970 1301939033
1365.299803 806.332527 1301939036
1345.108691 805.999194 1301939039
1325.331332 808.888080 1301939045
1303.650712 809.554746 1301939063
1279.653079 808.665858 1301939068
1257.144955 809.443635 1301939072
1221.727759 809.332524 1301939076
1198.723132 809.110302 1301939078
1175.553003 809.554746 1301939080
1146.259341 810.221412 1301939083
1125.323476 809.999190 1301939087
1104.801362 806.776971 1301939104
1082.706990 805.776972 1301939107
1057.302599 805.443639 1301939110
1030.408700 804.110307 1301939113
1002.190794 803.221419 1301939116
975.379646 802.665864 1301939119
952.457769 802.332531 1301939122
932.514909 804.776973 1301939126
912.158296 802.999197 1301939147
902.641994 823.554732 1301939153
905.041757 847.443597 1301939156
906.034762 876.221346 1301939159
906.283014 897.999102 1301939161
906.365764 919.887969 1301939163
905.952012 942.776835 1301939165
905.538260 965.999034 1301939167
905.455509 988.776789 1301939169
905.124507 1009.998990 1301939171
904.959006 1034.776743 1301939174
911.330792 1054.776723 1301939179
931.770155 1058.665608 1301939183
954.774782 1055.443389 1301939186
974.800393 1054.998945 1301939189
