2525.212970 1377.665289 1301940451
2502.622095 1377.887511 1301940480
2481.603479 1377.220845 1301940483
2460.005609 1376.776401 1301940487
2438.821492 1374.331959 1301940507
2403.983549 1373.443071 1301940511
2382.054678 1372.665294 1301940513
2357.808794 1372.331961 1301940515
2331.825150 1371.998628 1301940517
2304.931251 1371.331962 1301940519
2277.871852 1370.776407 1301940521
2249.736696 1369.887519 1301940523
2222.015293 1368.443076 1301940525
2194.542141 1366.887522 1301940527
2168.723998 1365.887523 1301940529
2144.809116 1365.443079 1301940531
2121.969989 1365.331968 1301940533
2100.206619 1365.109746 1301940535
2078.277747 1364.331969 1301940537
2056.183375 1363.220859 1301940539
2033.840752 1362.665304 1301940541
2011.415378 1362.220860 1301940543
1988.824503 1362.331971 1301940545
1966.481879 1362.665304 1301940547
1944.553008 1363.220859 1301940549
1923.037889 1363.331970 1301940551
1902.433025 1363.220859 1301940553
1872.808361 1363.665303 1301940556
1844.673205 1364.665302 1301940559
1818.275809 1364.998635 1301940562
1796.181437 1364.554191 1301940565
1773.921564 1363.887525 1301940570
1752.737447 1362.109749 1301940596
1731.636080 1362.109749 1301940600
1710.617463 1361.887527 1301940603
1688.026589 1362.331971 1301940606
1664.359958 1361.776416 1301940609
1638.707316 1360.998639 1301940612
1614.875184 1358.887530 1301940615
1593.608316 1345.554210 1301940619
1573.086203 1339.998660 1301940623
1550.991830 1339.554216 1301940626
1521.780919 1339.554216 1301940629
1496.293778 1335.554220 1301940632
1476.516418 1327.109784 1301940636
1474.778659 1303.887585 1301940644
1474.778659 1277.332056 1301940648
1475.275162 1256.332077 1301940651
1474.530407 1235.554320 1301940655
1476.764670 1214.332119 1301940662
1478.254178 1187.665479 1301940665
1479.495435 1166.887722 1301940667
1478.916182 1145.554410 1301940669
1481.398695 1118.665548 1301940672
1482.970954 1098.554457 1301940676
1483.881209 1078.332255 1301940688
1485.205216 1052.554503 1301940691
1485.784470 1031.443413 1301940693
1486.611974 1008.332325 1301940695
1487.439479 984.332349 1301940697
1488.349734 960.332373 1301940699
1489.094488 936.999063 1301940701
1489.590991 914.221308 1301940703
1489.921993 891.554664 1301940705
1490.087493 871.443573 1301940707
1490.583996 846.554709 1301940710
1496.459279 822.888066 1301940715
1477.095672 809.999190 1301940722
1455.415052 807.999192 1301940725
1431.086417 802.776975 1301940728
1405.020023 801.665865 1301940731
1379.201880 801.665865 1301940734
1353.135486 799.221423 1301940737
1332.447871 795.888093 1301940740
1312.836013 783.999216 1301940744
1291.900147 792.443652 1301940754
1264.757997 792.443652 1301940758
1243.325628 791.776986 1301940760
1222.307012 790.888098 1301940762
1193.344352 792.110319 1301940765
1169.925972 802.332531 1301940768
1148.990106 814.443630 1301940772
1129.460998 820.776957 1301940779
1102.649850 820.776957 1301940794
1074.680195 820.776957 1301940797
1052.834075 820.221402 1301940799
1028.836442 818.999181 1301940801
1004.756059 817.443627 1301940803
981.916932 815.665851 1301940805
961.808571 814.110297 1301940807
939.052195 813.554742 1301940810
918.778333 813.665853 1301940834
905.455509 828.888060 1301940851
906.945017 853.332480 1301940855
906.200263 883.332450 1301940858
905.290008 906.554649 1301940860
904.462504 932.443512 1301940862
903.883250 960.221262 1301940864
904.048751 987.110124 1301940866
903.386748 1011.221211 1301940868
902.062740 1038.332295 1301940871
911.082540 1058.887830 1301940876
937.231685 1058.776719 1301940881
962.718826 1057.110054 1301940884
984.068444 1055.665611 1301940887
1005.666314 1054.554501 1301940915
1031.649957 1053.887835 1301940919
1058.543856 1054.443390 1301940922
1081.300232 1047.665619 1301940925
1102.070597 1045.443399 1301940933
1122.509960 1045.776732 1301940937
