1718.809759 1365.554190 1301946252
1698.287645 1365.776412 1301946265
1677.682781 1366.109745 1301946268
1651.202635 1365.109746 1301946271
1629.356514 1363.554192 1301946273
1605.938134 1361.998638 1301946275
1580.699245 1360.331973 1301946277
1556.618862 1360.109751 1301946279
1533.779735 1359.443085 1301946281
1506.554835 1359.776418 1301946284
1491.411501 1345.331988 1301946291
1497.286783 1318.443126 1301946295
1499.603796 1288.776489 1301946298
1500.845053 1267.998732 1301946300
1500.762303 1244.776533 1301946303
1493.397512 1223.443221 1301946316
1503.162066 1201.332132 1301946319
1511.685363 1182.221040 1301946321
1514.747130 1160.998839 1301946323
1512.430117 1139.554416 1301946325
1509.037348 1112.776665 1301946328
1504.072321 1091.110020 1301946333
1502.003559 1066.221156 1301946338
1502.334561 1038.554517 1301946341
1502.831064 1018.554537 1301946343
1503.410317 997.887891 1301946345
1504.320572 975.443469 1301946347
1505.065326 952.554603 1301946349
1504.982576 930.110181 1301946351
1504.237822 907.999092 1301946353
1503.244816 887.554668 1301946355
1502.748314 858.999141 1301946358
1501.672558 837.665829 1301946361
1496.624780 814.554741 1301946368
1475.854415 810.221412 1301946371
1447.305507 809.554746 1301946374
1425.873138 809.332524 1301946376
1403.199513 808.665858 1301946378
1381.022390 808.443636 1301946380
1359.755522 808.776969 1301946382
1332.944374 808.999191 1301946385
1312.918763 809.776968 1301946391
1304.229965 791.221431 1301946400
1273.281294 792.776985 1301946404
1246.056393 793.776984 1301946406
1220.238251 793.443651 1301946408
1194.916611 793.999206 1301946410
1174.394497 794.888094 1301946412
1151.969123 801.665865 1301946415
1131.198758 807.110304 1301946436
1109.683639 803.888085 1301946440
1081.548483 802.554753 1301946444
1061.191871 802.110309 1301946446
1038.518245 801.776976 1301946448
1014.272361 801.554754 1301946450
991.267734 801.554754 1301946452
962.884327 802.776975 1301946455
942.775966 804.776973 1301946461
920.681593 805.665861 1301946475
911.661794 827.776950 1301946481
912.241047 853.332480 1301946484
912.158296 883.221339 1301946487
911.413542 911.221311 1301946490
909.758533 934.332399 1301946493
909.013779 955.221267 1301946496
910.420537 976.110135 1301946501
909.924034 996.999003 1301946506
908.682777 1021.332312 1301946510
907.441520 1045.332288 1301946514
928.460136 1054.665612 1301946520
953.699026 1054.332279 1301946523
978.441413 1054.554501 1301946526
999.791031 1054.554501 1301946551
1022.133655 1055.998944 1301946555
1044.972781 1057.221165 1301946558
1066.818902 1057.443387 1301946561
1089.658028 1056.443388 1301946566
1114.069413 1056.998943 1301946573
1137.405042 1056.443388 1301946591
1157.927156 1056.554499 1301946594
1186.062312 1056.998943 1301946597
1207.246429 1057.998942 1301946599
1230.085555 1059.221163 1301946601
1252.428179 1060.221162 1301946603
1274.605301 1061.332272 1301946605
1296.534173 1061.998938 1301946607
1317.470039 1062.332271 1301946609
1344.860440 1063.776714 1301946612
1368.444321 1064.110047 1301946616
1390.373192 1063.776714 1301946629
1410.895305 1065.332268 1301946633
1431.003667 1067.221155 1301946637
1450.946527 1071.776706 1301946646
1472.544396 1074.332259 1301946666
1492.901009 1079.110032 1301946674
1496.790281 1099.887789 1301946678
1495.549024 1122.665544 1301946681
1501.838058 1143.443301 1301946684
1504.734325 1168.887720 1301946687
1505.975581 1193.109918 1301946691
1508.789097 1215.332118 1301946698
1506.554835 1243.665423 1301946701
1505.148077 1265.776512 1301946703
1503.741319 1287.443157 1301946705
1501.755308 1315.332018 1301946708
1501.258805 1336.109775 1301946712
1518.222649 1354.220868 1301946717
1545.778552 1358.109753 1301946721
1575.072214 1358.554197 1301946724
1605.276131 1361.776416 1301946727
1634.404292 1361.220861 1301946730
1658.319174 1357.776420 1301946733
