3034.459287 197.555358 1301950841
3048.526865 213.110898 1301950857
3068.635226 213.110898 1301950863
3083.944061 198.110913 1301950869
3078.482531 177.777600 1301950874
3057.629415 173.888715 1301950879
3033.880034 174.999825 1301950884
3010.047902 174.444270 1301950889
2994.408066 187.777590 1301950896
2994.077064 213.110898 1301950900
2994.159814 237.666429 1301950903
2993.994313 261.555294 1301950906
2994.242565 281.777496 1301950909
2993.994313 301.777476 1301950915
2993.332310 325.777452 1301950919
2992.587556 351.888537 1301950922
2991.925552 371.999628 1301950924
2991.511800 393.332940 1301950926
2990.932546 415.221807 1301950928
2990.353293 436.888452 1301950930
2989.774040 457.777320 1301950932
2989.277537 477.777300 1301950934
2988.532783 504.332829 1301950937
2987.208776 527.332806 1301950941
2986.133020 548.443896 1301950952
2982.409249 568.332765 1301950959
2957.584112 574.777203 1301950964
2932.676224 574.221648 1301950967
2902.720558 573.666093 1301950970
2880.708937 572.666094 1301950972
2855.635548 571.110540 1301950974
2827.665893 569.888319 1301950976
2797.130974 568.999431 1301950978
2767.092558 569.221653 1301950980
2737.550645 569.443875 1301950982
2709.415489 569.777208 1301950984
2683.018093 569.777208 1301950986
2660.592719 569.777208 1301950988
2636.346835 570.443874 1301950991
2611.273446 570.777207 1301950995
2590.006578 570.666096 1301950998
2566.091696 570.443874 1301951001
2538.784045 569.999430 1301951004
2518.675684 569.999430 1301951006
2485.906503 569.221653 1301951009
2461.908870 568.777209 1301951011
2437.083732 568.110543 1301951013
2411.927593 567.221655 1301951015
2386.605953 565.999434 1301951017
2361.449814 565.221657 1301951019
2337.038429 565.554990 1301951021
2313.289048 565.777212 1301951023
2290.201670 565.999434 1301951025
2268.686551 565.777212 1301951027
2243.116659 565.666101 1301951030
2218.705274 565.666101 1301951034
2198.596913 566.110545 1301951043
2171.703014 565.332768 1301951048
2142.078350 564.666102 1301951051
2120.066729 564.221658 1301951053
2097.475854 563.443881 1301951055
2073.891973 562.666104 1301951057
2049.563339 562.110549 1301951059
2025.069203 561.666105 1301951061
2000.823319 561.332772 1301951063
1976.908437 561.110550 1301951065
1954.152061 560.666106 1301951067
1932.388690 559.888329 1301951069
1911.618325 559.332774 1301951071
1882.655665 558.777219 1301951074
1856.672022 558.221664 1301951077
1833.832895 557.554998 1301951080
1813.641783 557.221665 1301951083
1791.464661 556.554999 1301951087
1770.942547 555.777222 1301951095
1745.124404 555.332778 1301951099
1715.085988 555.221667 1301951102
1693.819121 554.999445 1301951104
1671.228246 554.888334 1301951106
1648.802872 554.888334 1301951108
1627.122252 554.777223 1301951110
1606.269136 554.888334 1301951112
1582.354254 555.666111 1301951115
1555.874107 556.443888 1301951119
1530.717968 556.888332 1301951123
1510.444106 563.666103 1301951132
1507.713341 587.110524 1301951137
1507.878842 610.666056 1301951140
1507.630591 636.888252 1301951143
1507.382339 662.554893 1301951146
1507.051337 687.554868 1301951149
1506.720335 710.888178 1301951152
1506.389334 732.221490 1301951155
1506.058332 752.999247 1301951158
1505.727330 777.665889 1301951162
1504.651574 799.999200 1301951176
1483.550207 810.443634 1301951182
1460.214578 806.999193 1301951186
1434.561936 806.221416 1301951190
1413.460570 808.665858 1301951194
