1387.725177 806.443638 1301954422
1364.968801 804.888084 1301954429
1344.281187 805.665861 1301954432
1321.607561 806.999193 1301954436
1301.664701 815.443629 1301954446
1299.099437 840.999159 1301954452
1299.347688 866.999133 1301954456
1298.602934 889.110222 1301954459
1298.685685 909.887979 1301954462
1298.437433 932.443512 1301954467
1300.588945 954.221268 1301954473
1299.264938 977.110134 1301954476
1299.016686 1000.332333 1301954479
1297.858180 1025.443419 1301954483
1297.196176 1051.887837 1301954487
1294.879164 1078.554477 1301954490
1292.644901 1108.776669 1301954493
1292.065648 1130.887758 1301954495
1291.817397 1153.665513 1301954497
1291.569145 1176.332157 1301954499
1291.320894 1198.887690 1301954501
1290.493389 1221.109890 1301954503
1290.327888 1243.109868 1301954505
1290.245138 1264.109847 1301954507
1290.079637 1293.554262 1301954510
1290.989892 1319.776458 1301954513
1294.465411 1342.443102 1301954518
1319.373299 1345.998654 1301954523
1340.805668 1345.109766 1301954526
1365.630805 1343.331990 1301954530
1385.656416 1342.554213 1301954535
1408.578293 1340.109771 1301954539
1436.299696 1336.665330 1301954542
1459.469824 1335.331998 1301954544
1484.625963 1340.998659 1301954546
1508.954598 1345.776432 1301954548
1532.621229 1349.220873 1301954550
1557.115364 1349.331984 1301954552
1587.071030 1347.998652 1301954554
1616.116441 1349.554206 1301954556
1642.513837 1348.554207 1301954558
1668.497480 1348.109763 1301954560
1694.067372 1349.220873 1301954562
1719.885515 1350.665316 1301954564
1745.786408 1351.665315 1301954566
1772.597556 1352.776425 1301954568
1800.070708 1353.776424 1301954570
1827.957613 1354.665312 1301954572
1855.679016 1354.665312 1301954574
1882.903917 1354.331979 1301954576
1908.804810 1353.776424 1301954578
1933.464446 1353.109758 1301954580
1956.055321 1352.776425 1301954582
1976.991187 1352.443092 1301954584
2005.622846 1353.220869 1301954587
2029.868730 1353.776424 1301954590
2055.769623 1354.443090 1301954594
2076.622738 1354.998645 1301954599
2098.717111 1355.665311 1301954611
2122.549242 1356.109755 1301954614
2151.015400 1356.554199 1301954617
2171.703014 1357.109754 1301954619
2193.880137 1357.443087 1301954621
2216.884764 1358.109753 1301954623
2239.392889 1358.776419 1301954625
2271.831068 1359.443085 1301954628
2294.008191 1359.776418 1301954630
2316.847317 1360.443084 1301954632
2340.431198 1361.220861 1301954634
2363.518575 1361.554194 1301954636
2385.530197 1361.776416 1301954638
2406.631564 1362.109749 1301954640
2434.601219 1362.998637 1301954643
2454.957831 1363.665303 1301954646
2474.983442 1364.331969 1301954653
2499.146576 1363.998636 1301954680
2523.888963 1364.776413 1301954683
2553.265375 1365.443079 1301954686
2575.690749 1365.887523 1301954688
2599.440131 1366.554189 1301954690
2623.934266 1366.998633 1301954692
2648.676653 1367.554188 1301954694
2673.915543 1367.998632 1301954696
2699.319933 1368.665298 1301954698
2724.724324 1369.554186 1301954700
2750.128714 1370.220852 1301954702
2775.202103 1371.109740 1301954704
2800.358242 1371.776406 1301954706
2825.679882 1372.331961 1301954708
2851.498025 1372.776405 1301954710
2876.736915 1373.554182 1301954712
2901.396551 1374.109737 1301954714
2926.552690 1374.665292 1301954716
2952.536334 1375.443069 1301954718
2978.602728 1376.220846 1301954720
3004.007119 1376.887512 1301954722
3028.418504 1377.443067 1301954724
3050.264625 1378.109733 1301954726
3074.593259 1378.331955 1301954729
3096.439380 1377.443067 1301954732
3121.347268 1376.998623 1301954735
3149.068671 1376.998623 1301954738
3178.610585 1377.554178 1301954741
3207.573245 1377.665289 1301954744
3234.632645 1374.887514 1301954747
3255.237509 1371.887517 1301954750
