1402.454759 815.332518 1301956825
1379.450131 814.110297 1301956838
1356.611005 811.888077 1301956842
1332.199620 811.999188 1301956846
1310.353499 814.665852 1301956852
1303.402461 834.999165 1301956859
1298.354683 859.221363 1301956864
1297.775430 881.554674 1301956867
1296.616923 904.665762 1301956870
1295.127415 929.110182 1301956874
1297.361677 949.665717 1301956880
1296.947925 975.776802 1301956884
1296.120420 1000.332333 1301956887
1296.285921 1025.998974 1301956890
1296.203171 1052.776725 1301956893
1296.120420 1082.443362 1301956896
1296.285921 1102.776675 1301956898
1296.120420 1123.776654 1301956900
1295.706668 1145.443299 1301956902
1295.623918 1166.887722 1301956904
1295.789419 1187.998812 1301956906
1295.623918 1209.221013 1301956908
1295.706668 1230.332103 1301956910
1295.954919 1251.887637 1301956912
1296.285921 1273.665393 1301956914
1296.203171 1294.443150 1301956916
1295.872169 1322.220900 1301956919
1297.361677 1346.331987 1301956923
1319.290549 1355.443089 1301956929
1342.046924 1355.331978 1301956932
1370.099330 1355.998644 1301956935
1397.572482 1356.998643 1301956938
1426.617892 1359.331974 1301956941
1447.388257 1359.887529 1301956943
1467.496619 1358.998641 1301956945
1497.286783 1359.554196 1301956948
1518.801902 1362.331971 1301956950
1539.655018 1363.998636 1301956952
1560.756384 1365.665301 1301956954
1582.106003 1365.998634 1301956956
1604.117624 1366.220856 1301956958
1624.556987 1364.665302 1301956960
1646.154857 1362.665304 1301956962
1670.483491 1362.887526 1301956964
1695.308629 1362.998637 1301956966
1721.126772 1362.998637 1301956968
1747.524168 1362.887526 1301956970
1774.335316 1363.220859 1301956972
1801.394716 1363.331970 1301956974
1828.702367 1363.109748 1301956976
1856.092768 1362.443082 1301956978
1883.317669 1361.665305 1301956980
1909.880566 1360.331973 1301956982
1935.533208 1358.998641 1301956984
1959.530841 1358.220864 1301956986
1980.632207 1357.776420 1301956988
2008.353611 1357.998642 1301956991
2033.923502 1358.331975 1301956994
2054.859368 1359.109752 1301956997
2077.532993 1360.109751 1301957002
2100.868622 1360.665306 1301957016
2126.438514 1361.109750 1301957019
2147.291629 1361.220861 1301957021
2169.799754 1361.554194 1301957023
2193.631886 1361.887527 1301957025
2217.960520 1362.331971 1301957027
2241.544401 1362.443082 1301957029
2264.631778 1362.776415 1301957031
2287.305404 1363.109748 1301957033
2309.565277 1363.554192 1301957035
2331.245897 1364.109747 1301957037
2352.016262 1363.998636 1301957039
2381.061673 1364.554191 1301957042
2407.872821 1364.887524 1301957045
2432.449707 1365.220857 1301957048
2456.199088 1366.220856 1301957052
2477.548706 1366.887522 1301957074
2502.373844 1366.887522 1301957079
2527.778234 1366.998633 1301957082
2558.147652 1367.665299 1301957085
2580.490276 1368.109743 1301957087
2604.074156 1368.554187 1301957089
2628.237290 1368.887520 1301957091
2652.317673 1369.109742 1301957093
2676.480807 1369.443075 1301957095
2700.395689 1369.443075 1301957097
2724.476072 1369.998630 1301957099
2748.887457 1370.443074 1301957101
2772.305837 1371.109740 1301957103
2794.400209 1371.665295 1301957105
2815.584326 1371.998628 1301957107
2836.354691 1372.331961 1301957109
2857.621559 1372.998627 1301957111
2879.964183 1373.443071 1301957113
2903.299812 1373.887515 1301957115
2927.297444 1374.443070 1301957117
2951.377828 1375.331958 1301957119
2975.954714 1375.776402 1301957121
3000.117847 1375.443069 1301957123
3023.287975 1375.331958 1301957125
3044.306592 1375.109736 1301957127
3072.524498 1375.220847 1301957130
3101.569909 1375.998624 1301957133
3121.843771 1376.220846 1301957135
3142.779637 1376.443068 1301957137
3164.129255 1376.887512 1301957139
3192.760913 1376.776401 1301957142
3216.841296 1375.109736 1301957145
3237.611661 1371.665295 1301957148
3258.630277 1368.220854 1301957154
3278.904140 1364.887524 1301957177
3299.840005 1356.998643 1301957183
3305.715288 1336.554219 1301957187
3305.880789 1314.443130 1301957190
3305.136035 1285.887603 1301957193
3305.467037 1263.887625 1301957195
3305.963539 1241.776536 1301957197
3306.294541 1220.443224 1301957199
3306.211791 1199.332134 1301957201
3306.046290 1179.332154 1301957203
3307.122046 1154.998845 1301957206
3308.032301 1132.554423 1301957210
