1678.675787 1356.554199 1302006129
1704.162928 1358.109753 1302006140
1732.463584 1358.220864 1302006143
1754.971709 1358.887530 1302006145
1779.879597 1359.554196 1302006147
1806.690745 1360.331973 1302006149
1834.825901 1360.443084 1302006151
1864.036812 1360.109751 1302006153
1894.488981 1359.331974 1302006155
1925.603153 1358.220864 1302006157
1956.965576 1357.443087 1302006159
1988.659002 1357.443087 1302006161
2019.524922 1357.887531 1302006163
2048.073830 1358.554197 1302006165
2074.057474 1359.443085 1302006167
2099.544615 1359.887529 1302006169
2126.935017 1360.220862 1302006171
2156.642431 1360.887528 1302006173
2188.087605 1361.665305 1302006175
2220.525784 1361.776416 1302006177
2253.129465 1361.665305 1302006179
2285.898646 1361.887527 1302006181
2319.081580 1361.998638 1302006183
2351.188757 1361.776416 1302006185
2381.723676 1360.665306 1302006187
2410.603586 1360.443084 1302006189
2437.083732 1360.998639 1302006191
2458.598851 1361.331972 1302006193
2481.189726 1361.443083 1302006197
2504.111603 1362.443082 1302006210
2531.419254 1364.998635 1302006213
2553.679127 1366.331967 1302006215
2578.338764 1367.776410 1302006217
2605.480914 1369.109742 1302006219
2633.698820 1369.887519 1302006221
2662.578730 1370.443074 1302006223
2692.368895 1370.887518 1302006225
2722.324560 1371.665295 1302006227
2752.362977 1372.331961 1302006229
2782.070391 1373.109738 1302006231
2810.371048 1373.554182 1302006233
2835.692688 1372.776405 1302006235
2857.456058 1372.220850 1302006237
2879.715931 1371.776406 1302006240
2900.403546 1371.998628 1302006264
2920.594657 1372.998627 1302006284
2941.613274 1373.776404 1302006287
2969.913930 1374.331959 1302006290
2990.932546 1374.776403 1302006292
3012.447665 1375.109736 1302006294
3033.383531 1375.665291 1302006296
3053.822894 1376.109735 1302006298
3083.447558 1376.665290 1302006301
3104.217923 1377.109734 1302006303
3125.650292 1377.998622 1302006305
3148.075666 1378.331955 1302006307
3171.245794 1379.220843 1302006309
3194.912425 1379.887509 1302006311
3217.917052 1378.887510 1302006313
3239.349421 1376.109735 1302006315
3266.822573 1372.776405 1302006318
3288.254941 1369.665297 1302006322
3306.460042 1353.443091 1302006328
3307.204796 1330.332003 1302006331
3307.122046 1300.220922 1302006334
3307.039295 1276.554279 1302006336
3307.370297 1251.109860 1302006338
3308.115051 1225.665441 1302006340
3308.363303 1201.887687 1302006342
3308.115051 1180.998819 1302006344
3306.211791 1157.332176 1302006347
3308.446053 1136.109975 1302006366
3311.342319 1108.887780 1302006370
3312.831827 1080.998919 1302006373
3313.493831 1059.110052 1302006375
3314.155835 1034.998965 1302006377
3314.983339 1008.776769 1302006379
3315.810844 981.665685 1302006381
3316.472847 953.221269 1302006383
3316.886600 924.110187 1302006385
3317.548603 895.110216 1302006387
3318.707110 853.554702 1302006390
3319.782866 826.665840 1302006392
3320.693121 799.443645 1302006394
3321.024123 771.443673 1302006396
3321.272374 744.888144 1302006398
3322.182629 707.221515 1302006401
3322.761882 683.999316 1302006403
3323.010134 655.888233 1302006406
3323.672137 635.554920 1302006409
3323.837638 615.221607 1302006423
3323.506636 590.999409 1302006437
3324.251390 564.332769 1302006441
3326.071901 539.777238 1302006444
3327.644159 513.777264 1302006447
3329.050917 483.555072 1302006450
3329.961172 462.110649 1302006452
3330.788677 441.555114 1302006454
3331.781682 413.666253 1302006457
3332.940189 388.888500 1302006460
3333.850444 366.444078 1302006463
3334.595198 344.110767 1302006467
