1732.380834 550.999449 1302230110
1708.217700 551.555004 1302230117
1683.889066 551.332782 1302230120
1662.291196 551.443893 1302230122
1636.721305 551.332782 1302230124
1609.744655 551.666115 1302230126
1583.016258 552.221670 1302230128
1558.108370 553.110558 1302230130
1536.758752 553.777224 1302230132
1515.409134 555.555000 1302230135
1507.878842 575.888313 1302230140
1507.878842 599.999400 1302230143
1506.637585 621.777156 1302230145
1505.727330 648.221574 1302230147
1504.568824 677.888211 1302230149
1503.658569 708.332625 1302230151
1502.500062 736.999263 1302230153
1501.838058 761.554794 1302230155
1501.507057 782.221440 1302230157
1500.596802 802.888086 1302230161
1485.205216 815.888073 1302230167
1464.269351 815.332518 1302230170
1436.547947 814.999185 1302230173
1413.129568 814.554741 1302230175
1388.469931 815.221407 1302230177
1364.886051 815.332518 1302230179
1344.446688 816.221406 1302230181
1323.593572 817.554738 1302230184
1302.574956 817.332516 1302230211
1278.908325 816.776961 1302230215
1246.221894 815.221407 1302230218
1219.079744 814.221408 1302230220
1192.765099 813.665853 1302230222
1167.691710 813.110298 1302230224
1141.459815 815.110296 1302230227
1116.386426 813.110298 1302230236
1091.561289 811.554744 1302230239
1069.963419 810.554745 1302230241
1045.469284 809.110302 1302230243
1019.651141 807.665859 1302230245
994.495002 807.110304 1302230247
970.000866 806.443638 1302230249
947.575492 806.332527 1302230251
926.639626 805.999194 1302230253
905.372759 805.665861 1302230255
881.623377 805.221417 1302230257
855.722484 804.221418 1302230259
827.752829 803.332530 1302230261
797.135160 802.221420 1302230263
764.200478 801.110310 1302230265
731.100295 800.776977 1302230267
698.993117 800.665866 1302230269
667.713444 800.443644 1302230271
637.509527 800.221422 1302230273
609.539872 800.221422 1302230275
585.624990 800.110311 1302230277
557.655335 800.665866 1302230280
536.636719 801.221421 1302230284
513.632092 798.776979 1302230298
483.262674 797.110314 1302230301
458.106534 796.554759 1302230303
430.219630 795.554760 1302230305
401.091469 794.776983 1302230307
373.452816 794.332539 1302230309
348.462178 793.888095 1302230311
327.360811 793.776984 1302230313
306.342195 794.999205 1302230316
282.923815 792.221430 1302230335
254.623159 790.888098 1302230339
227.150007 792.221430 1302230342
204.972884 793.554762 1302230345
183.871517 796.332537 1302230352
158.715378 796.665870 1302230355
131.490477 798.888090 1302230358
111.795868 802.888086 1302230384
95.494028 815.332518 1302230395
89.618746 835.554720 1302230399
85.150221 862.665804 1302230402
84.819219 891.110220 1302230404
84.901970 921.776856 1302230406
85.646724 952.776825 1302230408
85.563973 983.110128 1302230410
85.315722 1012.998987 1302230412
83.577962 1041.887847 1302230414
81.591951 1071.332262 1302230416
80.102443 1100.665566 1302230418
78.943937 1129.776648 1302230420
77.868181 1159.665507 1302230422
77.288928 1189.776588 1302230424
76.461423 1219.332114 1302230426
75.468418 1246.554309 1302230428
73.813408 1269.776508 1302230430
72.572151 1289.887599 1302230432
71.827397 1313.665353 1302230435
69.758636 1333.998666 1302230442
95.328527 1339.998660 1302230449
124.953191 1340.665326 1302230452
148.206070 1340.443104 1302230454
172.369204 1340.109771 1302230456
195.373831 1339.443105 1302230458
216.888950 1339.443105 1302230460
242.541592 1338.665328 1302230463
263.229206 1337.554218 1302230469
289.957604 1337.220885 1302230473
310.148716 1337.554218 1302230475
332.574090 1338.109773 1302230477
356.240721 1339.220883 1302230479
380.486605 1339.776438 1302230481
404.566988 1339.665327 1302230483
427.488865 1339.443105 1302230485
454.713766 1340.109771 1302230488
479.704404 1339.443105 1302230494
504.860543 1339.665327 1302230497
527.037666 1340.554215 1302230499
553.352311 1342.109769 1302230501
582.728724 1342.776435 1302230503
613.842896 1342.776435 1302230505
644.377815 1342.554213 1302230507
673.754227 1342.887546 1302230509
701.558381 1343.776434 1302230511
728.286779 1344.554211 1302230513
753.773920 1344.776433 1302230515
778.019804 1345.109766 1302230517
800.858931 1345.220877 1302230519
821.298294 1345.887543 1302230521
845.709679 1344.331989 1302230524
867.969552 1342.443102 1302230530
877.982357 1318.332015 1302230535
880.299370 1289.220933 1302230538
881.788878 1261.665405 1302230541
882.781884 1236.776541 1302230544
884.023141 1209.443235 1302230547
884.519643 1187.998812 1302230549
886.009152 1164.109947 1302230551
887.912412 1139.554416 1302230553
890.394926 1115.332218 1302230555
892.132685 1092.887796 1302230557
893.870445 1067.776710 1302230560
913.234052 1054.221168 1302230565
935.080173 1055.221167 1302230568
960.898316 1056.332277 1302230571
983.075439 1057.221165 1302230574
1008.479829 1062.110049 1302230598
1032.229211 1065.221157 1302230601
1052.751324 1066.110045 1302230603
1080.969230 1066.665600 1302230606
1103.394604 1065.887823 1302230611
1127.309487 1071.332262 1302230616
1152.548376 1077.887811 1302230633
1179.359524 1081.221141 1302230636
1203.605409 1082.776695 1302230638
1230.251056 1083.776694 1302230640
1255.241694 1084.332249 1302230642
1279.735830 1083.887805 1302230644
1304.064464 1083.110028 1302230646
1328.972352 1082.332251 1302230648
1353.466488 1081.998918 1302230650
1377.133119 1081.776696 1302230652
1398.979239 1081.332252 1302230654
1428.603903 1080.776697 1302230657
1456.077055 1081.665585 1302230660
1480.736692 1080.443364 1302230664
1495.383523 1060.665606 1302230671
1494.721519 1034.221188 1302230674
1494.969770 1011.554544 1302230676
1496.045526 984.776793 1302230678
1496.873031 956.999043 1302230680
1496.542029 931.332402 1302230682
1496.542029 907.221315 1302230684
1496.790281 883.776894 1302230686
1497.204033 861.776916 1302230688
1497.038532 836.332497 1302230691
1498.941792 813.999186 1302230703
1500.927803 787.554768 1302230707
1503.824069 757.332576 1302230710
1504.568824 734.888154 1302230712
1506.720335 712.332621 1302230714
1509.451101 688.665978 1302230716
1510.195855 664.999335 1302230718
1510.775108 643.221579 1302230720
1510.278605 622.999377 1302230722
1509.451101 600.554955 1302230725
1499.686547 582.777195 1302230739
