3339.477475 252.999747 1302006767
3338.649970 274.221948 1302006776
3335.257201 297.221925 1302006784
3334.512447 320.444124 1302006812
3331.864433 343.444101 1302006815
3329.630170 370.777407 1302006818
3328.306163 396.444048 1302006821
3327.230407 418.332915 1302006826
3326.899405 440.777337 1302006844
3326.568403 466.999533 1302006847
3324.830644 486.999513 1302006849
3322.844633 508.332825 1302006851
3322.265379 528.999471 1302006853
3322.099879 549.777228 1302006855
3321.934378 572.110539 1302006857
3322.265379 595.221627 1302006859
3322.596381 619.443825 1302006861
3322.761882 645.110466 1302006863
3322.927383 672.332661 1302006865
3323.175635 700.777077 1302006867
3323.672137 729.777048 1302006869
3324.003139 758.332575 1302006871
3323.754888 786.776991 1302006873
3323.672137 814.776963 1302006875
3323.423886 842.554713 1302006877
3322.844633 870.554685 1302006879
3322.348130 898.665768 1302006881
3323.423886 926.665740 1302006883
3324.499642 953.887935 1302006885
3324.499642 980.110131 1302006887
3324.582392 1006.110105 1302006889
3324.085890 1031.221191 1302006891
3323.672137 1055.665611 1302006893
3323.506636 1080.554475 1302006895
3323.092884 1105.665561 1302006897
3322.596381 1130.554425 1302006899
3322.596381 1154.887734 1302006901
3321.851627 1178.332155 1302006903
3320.444869 1199.443245 1302006905
3318.707110 1224.776553 1302006908
3316.969350 1245.665421 1302006912
3316.059095 1266.220956 1302006923
3313.493831 1288.665378 1302006930
3311.094068 1313.220909 1302006933
3310.101062 1336.554219 1302006936
3309.273558 1359.220863 1302006941
3295.123229 1379.443065 1302006947
3273.277108 1385.220837 1302006950
3244.231698 1388.998611 1302006953
3223.378582 1391.665275 1302006955
3202.856469 1393.220829 1302006957
3181.837853 1391.887497 1302006959
3160.322734 1390.998609 1302006961
3137.649108 1391.220831 1302006963
3116.795993 1391.109720 1302006965
3095.363624 1390.220832 1302006968
3072.441747 1390.443054 1302006986
3045.547849 1392.220830 1302006989
3023.370726 1392.665274 1302006991
2999.704095 1392.331941 1302006993
2978.602728 1392.331941 1302006995
2957.253110 1391.776386 1302006998
2932.924476 1392.220830 1302007018
2906.940832 1391.443053 1302007021
2885.756715 1390.776387 1302007023
2863.414091 1390.220832 1302007025
2834.616932 1389.776388 1302007028
2805.075018 1389.331944 1302007031
2780.911885 1389.109722 1302007033
2755.507494 1388.443056 1302007035
2729.523850 1387.776390 1302007037
2703.374706 1387.220835 1302007039
2677.308311 1386.887502 1302007041
2651.324668 1386.665280 1302007043
2626.085778 1386.331947 1302007045
2602.998400 1386.220836 1302007047
2576.932006 1386.109725 1302007050
2553.017124 1385.443059 1302007054
2531.915757 1385.776392 1302007076
2508.911130 1385.443059 1302007081
2485.410000 1384.331949 1302007084
2462.157121 1383.554172 1302007087
2440.807503 1383.443061 1302007091
2417.802876 1382.998617 1302007095
2390.081472 1382.220840 1302007098
2367.159596 1381.554174 1302007100
2342.582710 1380.998619 1302007102
2318.585077 1380.220842 1302007104
2294.421943 1379.776398 1302007106
2270.920813 1379.554176 1302007108
2248.247188 1378.887510 1302007110
2226.566568 1378.443066 1302007112
2205.961704 1377.443067 1302007114
2178.157550 1374.998625 1302007117
2154.987422 1373.554182 1302007121
2134.548059 1371.887517 1302007133
2108.647165 1371.220851 1302007137
2081.256764 1371.220851 1302007140
2060.320898 1370.887518 1302007142
2038.143775 1370.443074 1302007144
2015.387400 1369.998630 1302007146
1991.969020 1369.554186 1302007148
1968.219639 1369.776408 1302007150
1944.387507 1370.331963 1302007152
1920.141623 1370.887518 1302007154
1895.150984 1371.887517 1302007156
1869.084590 1372.776405 1302007158
1842.356192 1373.665293 1302007160
1815.214042 1373.776404 1302007162
1787.492639 1373.331960 1302007164
1759.853986 1372.443072 1302007166
1733.539340 1371.554184 1302007168
1710.038210 1371.109740 1302007170
1689.764348 1371.109740 1302007172
1664.359958 1372.443072 1302007175
1635.149046 1372.554183 1302007178
1612.558171 1371.443073 1302007180
1591.953307 1369.665297 1302007182
1568.452177 1368.887520 1302007185
1546.192304 1367.665299 1302007191
1524.346183 1371.443073 1302007197
1505.644580 1363.665303 1302007203
1493.645763 1344.443100 1302007217
1498.197038 1323.665343 1302007220
1495.135271 1298.332035 1302007224
1489.756492 1277.998722 1302007240
1484.956965 1256.776521 1302007245
1484.791464 1236.109875 1302007253
1490.004743 1213.109898 1302007262
1490.087493 1190.887698 1302007266
1491.742503 1167.887721 1302007269
1491.494251 1140.887748 1302007272
1490.832248 1116.109995 1302007275
1491.246000 1095.443349 1302007279
1491.246000 1071.443373 1302007288
1492.073504 1051.221171 1302007291
1493.232011 1021.665645 1302007294
1494.059515 999.776778 1302007296
1495.300772 979.221243 1302007298
1496.624780 958.776819 1302007300
1498.445290 937.999062 1302007302
1498.941792 908.776869 1302007305
1497.369534 879.443565 1302007308
1497.369534 853.110258 1302007311
1499.521046 832.888056 1302007315
1483.550207 817.999182 1302007328
1456.821809 814.776963 1302007332
1432.575925 814.665852 1302007335
1408.081790 814.554741 1302007338
1381.270641 813.554742 1302007341
1355.452499 813.665853 1302007344
1333.606378 813.332520 1302007347
1311.925758 812.665854 1302007362
1288.672879 812.221410 1302007367
1267.406012 807.776970 1302007371
