2525.461221 1375.443069 1302012548
2502.373844 1375.887513 1302012576
2476.307449 1376.665290 1302012579
2445.607030 1376.331957 1302012582
2421.361145 1374.887514 1302012584
2395.212001 1373.220849 1302012586
2367.821599 1372.331961 1302012588
2339.934695 1371.554184 1302012590
2311.551288 1370.998629 1302012592
2283.416132 1370.220852 1302012594
2255.115476 1369.887519 1302012596
2226.732069 1369.220853 1302012598
2198.017660 1368.776409 1302012600
2169.882504 1368.109743 1302012602
2142.740354 1367.443077 1302012604
2116.342958 1366.887522 1302012606
2089.945562 1366.554189 1302012608
2063.217164 1365.887523 1302012610
2036.240515 1365.331968 1302012612
2009.677618 1364.665302 1302012614
1983.445723 1364.554191 1302012616
1957.296578 1364.887524 1302012618
1930.816432 1365.443079 1302012620
1904.584537 1366.109745 1302012622
1878.766394 1366.887522 1302012624
1853.113752 1367.220855 1302012626
1828.205864 1367.776410 1302012628
1804.042730 1367.998632 1302012630
1782.113859 1368.220854 1302012632
1757.040470 1367.554188 1302012635
1733.622091 1367.220855 1302012657
1713.596480 1367.220855 1302012661
1691.419357 1367.331966 1302012665
1667.835477 1365.109746 1302012669
1644.996350 1358.331975 1302012673
1625.218991 1350.998649 1302012676
1605.110630 1347.331986 1302012679
1581.195748 1346.443098 1302012682
1560.177131 1350.443094 1302012685
1537.255254 1352.665314 1302012690
1515.574634 1360.554195 1302012697
1495.218022 1365.887523 1302012708
1494.887020 1342.998657 1302012714
1493.645763 1318.443126 1302012717
1493.397512 1291.776486 1302012720
1494.969770 1267.887621 1302012723
1497.783286 1244.776533 1302012727
1499.272794 1224.109887 1302012733
1509.864853 1199.665467 1302012738
1515.160882 1172.443272 1302012742
1512.843869 1149.443295 1302012744
1513.505873 1127.776650 1302012746
1511.685363 1100.221122 1302012750
1508.871847 1076.332257 1302012757
1508.789097 1055.110056 1302012760
1509.368350 1026.221196 1302012763
1509.368350 1005.554550 1302012765
1510.113104 984.999015 1302012767
1510.692357 963.776814 1302012769
1511.023359 941.665725 1302012771
1511.519862 919.332414 1302012773
1511.933614 897.776880 1302012775
1511.602613 868.888020 1302012778
1510.692357 847.110264 1302012781
1513.919625 825.665841 1302012786
1495.880026 813.665853 1302012796
1474.364906 812.443632 1302012799
1445.567747 810.332523 1302012802
1423.887127 808.888080 1302012804
1400.965250 807.776970 1302012806
1378.126124 806.888082 1302012808
1357.604011 806.665860 1302012810
1332.861624 807.554748 1302012813
1312.174009 807.443637 1302012821
1292.148398 810.999189 1302012828
1269.971276 815.332518 1302012831
1249.366412 815.332518 1302012833
1227.189289 815.332518 1302012835
1204.846665 814.332519 1302012837
1184.655554 813.999186 1302012839
1156.189396 811.999188 1302012842
1135.336281 812.332521 1302012864
1112.414404 811.110300 1302012868
1088.996025 808.110303 1302012871
1062.019375 806.665860 1302012874
1031.567207 805.665861 1302012877
1009.886587 804.443640 1302012879
988.371468 803.443641 1302012881
967.601103 802.888086 1302012883
941.948461 803.110308 1302012886
921.757349 805.332528 1302012897
908.351775 821.665845 1302012902
908.765527 846.221376 1302012905
909.675783 866.554689 1302012907
910.089535 889.554666 1302012909
909.344781 915.221307 1302012911
908.186274 942.110169 1302012913
907.110518 969.999030 1302012915
906.779516 996.776781 1302012917
906.945017 1019.332314 1302012919
904.959006 1040.221182 1302012922
922.336603 1054.887834 1302012928
943.024217 1054.110057 1302012931
966.277096 1053.998946 1302012934
986.633708 1054.665612 1302012937
1007.321323 1056.332277 1302012965
1035.456478 1059.443385 1302012969
1062.681379 1060.998939 1302012972
1085.437755 1060.887828 1302012975
1106.373621 1059.887829 1302012987
1129.295498 1059.665607 1302012992
