2987.870780 803.110308 1302020402
2985.802018 824.665842 1302020415
3003.758867 836.110275 1302020419
3028.997757 835.443609 1302020422
3050.264625 835.554720 1302020424
3073.848505 836.443608 1302020426
3098.756393 836.888052 1302020428
3124.078033 837.110274 1302020430
3148.075666 837.554718 1302020432
3168.349528 837.888051 1302020434
3195.822680 838.221384 1302020437
3222.716579 838.332495 1302020440
3251.265487 837.110274 1302020443
3274.932118 836.443608 1302020446
3296.943739 837.776940 1302020469
3320.610370 843.332490 1302020477
3334.264196 862.443582 1302020481
3334.843449 885.443559 1302020484
3334.512447 916.776861 1302020487
3333.933194 941.776836 1302020489
3333.436691 969.110142 1302020491
3333.188440 998.443446 1302020493
3332.940189 1026.332307 1302020495
3333.353941 1048.665618 1302020497
3329.712921 1069.776708 1302020512
3324.747893 1089.443355 1302020539
3324.665143 1112.776665 1302020542
3324.416891 1132.776645 1302020544
3324.085890 1155.887733 1302020546
3323.672137 1181.665485 1302020548
3323.092884 1209.554346 1302020550
3321.934378 1238.443206 1302020552
3320.196618 1265.665401 1302020554
3317.217602 1291.887597 1302020556
3315.314341 1316.332017 1302020558
3314.983339 1342.554213 1302020561
3314.983339 1363.331970 1302020575
3298.350497 1379.109732 1302020579
3269.636088 1385.109726 1302020582
3246.217709 1387.998612 1302020584
3220.565067 1390.998609 1302020586
3192.843663 1391.887497 1302020588
3165.039510 1391.554164 1302020590
3136.821604 1390.998609 1302020592
3108.355446 1389.887499 1302020594
3078.979034 1389.665277 1302020596
3049.602621 1389.887499 1302020598
3020.639961 1389.554166 1302020600
2994.656317 1389.331944 1302020602
2974.465205 1389.109722 1302020604
2953.943092 1389.443055 1302020616
2929.117954 1389.443055 1302020628
2901.562052 1388.776389 1302020631
2878.805676 1388.109723 1302020633
2853.566787 1387.443057 1302020635
2826.010884 1386.776391 1302020637
2796.965473 1385.554170 1302020639
2765.768551 1384.665282 1302020641
2733.082120 1383.776394 1302020643
2699.816436 1383.443061 1302020645
2666.633502 1383.331950 1302020647
2634.443574 1382.665284 1302020649
2604.653409 1382.220840 1302020651
2579.414520 1381.554174 1302020653
2559.140658 1381.220841 1302020655
2537.956541 1380.776397 1302020658
2516.193170 1380.665286 1302020674
2492.526539 1379.554176 1302020677
2470.432167 1379.220843 1302020680
2448.586046 1377.887511 1302020701
2424.009160 1377.443067 1302020704
2402.907793 1377.109734 1302020706
2378.992911 1376.665290 1302020708
2352.678266 1375.998624 1302020710
2324.212108 1374.887514 1302020712
2293.925440 1373.220849 1302020714
2261.652762 1371.443073 1302020716
2227.890575 1370.220852 1302020718
2192.804381 1369.665297 1302020720
2157.221684 1368.554187 1302020722
2121.804488 1367.665299 1302020724
2087.628549 1367.220855 1302020726
2053.618111 1366.665300 1302020728
2018.780168 1365.887523 1302020730
1982.700969 1365.443079 1302020732
1946.787270 1366.220856 1302020734
1912.528581 1366.998633 1302020736
1881.828161 1367.776410 1302020738
1853.693005 1368.665298 1302020740
1826.468104 1368.998631 1302020742
1800.898213 1368.887520 1302020744
1777.314332 1368.776409 1302020746
1750.172182 1368.220854 1302020749
1728.988065 1367.331966 1302020755
1706.066188 1365.998634 1302020781
1681.903055 1365.109746 1302020784
1661.546442 1365.887523 1302020786
1637.879811 1366.776411 1302020788
1613.054674 1366.665300 1302020790
1588.064036 1365.554190 1302020792
1565.804162 1365.665301 1302020794
1545.778552 1367.109744 1302020796
1524.180682 1371.665295 1302020799
1505.479079 1380.331953 1302020820
1488.846237 1369.109742 1302020841
1487.770481 1347.443097 1302020844
1486.611974 1317.109794 1302020847
1487.935982 1293.332040 1302020849
1488.432484 1268.776509 1302020851
1489.177238 1242.332091 1302020854
1485.701719 1220.776557 1302020860
1486.942976 1196.443248 1302020864
1491.990754 1168.665498 1302020867
1491.577002 1143.665523 1302020869
1494.142266 1122.998877 1302020871
1496.293778 1098.554457 1302020875
1498.362539 1077.332256 1302020878
1500.183049 1047.332286 1302020881
1501.258805 1024.665642 1302020883
1502.169060 1002.221220 1302020885
1503.079315 979.999020 1302020887
1504.155071 957.887931 1302020889
1504.237822 935.887953 1302020891
1503.162066 914.110197 1302020893
1502.500062 893.443551 1302020895
1502.996565 867.443577 1302020898
1503.079315 843.554712 1302020902
1503.658569 821.110290 1302020911
1487.687730 807.110304 1302020924
1460.380079 808.221414 1302020927
1438.864960 808.221414 1302020929
1402.454759 808.221414 1302020932
1380.194886 808.776969 1302020934
1355.369748 809.665857 1302020937
1333.771879 810.554745 1302020941
1313.249765 810.332523 1302020952
1292.313899 809.888079 1302020958
1268.068015 809.776968 1302020962
1236.622841 810.221412 1302020965
1211.797704 809.332524 1302020967
1186.972567 808.665858 1302020969
1164.960945 808.776969 1302020971
1141.542565 808.776969 1302020974
1119.613694 809.776968 1302020992
1095.119558 807.443637 1302020996
1067.729157 806.554749 1302020999
1038.518245 805.888083 1302021002
1016.506624 805.554750 1302021004
991.846987 805.443639 1302021006
968.428608 805.443639 1302021008
940.872705 807.443637 1302021011
920.185091 807.888081 1302021015
903.469498 820.999179 1302021021
904.628005 845.999154 1302021024
904.876256 866.999133 1302021026
904.628005 890.221332 1302021028
904.710755 916.443528 1302021030
904.048751 943.776834 1302021032
903.717750 970.443474 1302021034
903.966001 992.332341 1302021036
903.634999 1019.332314 1302021039
904.131502 1040.110071 1302021044
910.089535 1062.443382 1302021053
935.576676 1061.665605 1302021057
962.305074 1060.998939 1302021060
984.316695 1060.665606 1302021063
1004.590558 1061.443383 1302021079
1028.174438 1061.998938 1302021082
1048.200049 1061.887827 1302021084
1068.639412 1061.887827 1302021086
1091.644039 1061.443383 1302021089
1112.828156 1062.221160 1302021094
1133.515771 1061.887827 1302021099
