1443.747237 810.999189 1302027342
1424.052628 814.665852 1302027353
1402.537509 815.110296 1302027365
1381.270641 817.554738 1302027385
1361.245031 816.888072 1302027408
1340.971169 817.999182 1302027415
1320.035303 817.776960 1302027421
1313.746268 838.221384 1302027435
1290.079637 845.110266 1302027439
1266.495757 847.221375 1302027441
1238.112349 846.110265 1302027443
1208.404935 847.443597 1302027445
1184.738304 845.776932 1302027447
1161.650926 844.110267 1302027450
1142.204569 838.110273 1302027465
1116.303676 834.332499 1302027468
1094.954058 832.110279 1302027470
1070.377172 830.554725 1302027472
1042.655768 829.443615 1302027474
1012.451851 827.110284 1302027476
985.971705 822.665844 1302027478
963.049828 820.443624 1302027480
942.362213 817.332516 1302027482
919.440337 815.221407 1302027485
906.448515 834.554721 1302027490
906.283014 859.888029 1302027493
905.124507 885.554670 1302027496
905.455509 911.999088 1302027498
904.545254 941.332392 1302027500
903.469498 971.776806 1302027502
902.641994 999.776778 1302027504
901.648988 1022.776755 1302027506
900.490482 1046.443398 1302027509
920.681593 1059.998940 1302027514
948.237496 1058.110053 1302027517
976.372651 1057.110054 1302027520
997.143016 1056.665610 1302027543
1019.899392 1057.554498 1302027547
1047.869047 1056.887832 1302027550
1073.604439 1052.221170 1302027553
1093.630050 1053.776724 1302027559
1114.069413 1054.887834 1302027566
1135.998285 1053.776724 1302027570
1162.643932 1052.332281 1302027585
1189.951583 1053.110058 1302027588
1212.376957 1054.221168 1302027590
1237.698597 1054.887834 1302027592
1264.178744 1055.332278 1302027594
1289.417633 1056.110055 1302027596
1314.242771 1056.665610 1302027598
1337.743901 1056.110055 1302027600
1357.769511 1056.776721 1302027602
1379.284630 1056.998943 1302027605
1399.558493 1058.554497 1302027608
1420.825360 1059.332274 1302027611
1443.333485 1059.998940 1302027614
1465.676108 1060.332273 1302027619
1486.446473 1059.776718 1302027630
1500.596802 1076.110035 1302027636
1503.162066 1098.665568 1302027639
1502.251811 1118.998881 1302027641
1501.010554 1140.554415 1302027643
1500.762303 1163.109948 1302027645
1501.093304 1189.776588 1302027648
1498.031537 1211.221011 1302027654
1493.894015 1235.332098 1302027659
1496.045526 1263.554292 1302027662
1493.976765 1288.443156 1302027665
1491.742503 1310.998689 1302027668
1486.363723 1331.220891 1302027679
1479.743686 1351.665315 1302027685
1496.542029 1366.776411 1302027690
1526.001192 1362.776415 1302027692
1546.275054 1362.554193 1302027694
1567.541922 1361.998638 1302027696
1590.794801 1363.554192 1302027698
1616.033690 1369.665297 1302027700
1640.610576 1365.331968 1302027702
1663.532453 1357.554198 1302027704
1685.957827 1356.443088 1302027706
1710.369212 1357.109754 1302027708
1737.345861 1356.998643 1302027710
1765.812019 1356.554199 1302027712
1794.278176 1356.665310 1302027714
1822.082330 1355.998644 1302027716
1849.307231 1355.443089 1302027718
1877.028634 1354.887534 1302027720
1905.163790 1353.887535 1302027722
1933.381696 1353.109758 1302027724
1961.020349 1352.443092 1302027726
1987.831497 1351.554204 1302027728
2013.897891 1351.554204 1302027730
2040.129786 1351.887537 1302027732
2064.210170 1352.443092 1302027734
2092.593577 1352.776425 1302027737
2119.901228 1352.998647 1302027740
2142.574853 1353.109758 1302027742
2168.227495 1353.665313 1302027744
2196.445401 1354.220868 1302027746
2226.814819 1354.554201 1302027748
2258.508245 1354.998645 1302027750
2292.270431 1355.554200 1302027752
2325.784367 1355.998644 1302027754
2358.222546 1356.554199 1302027756
2388.095461 1357.109754 1302027758
2414.492857 1357.443087 1302027760
2436.669980 1356.887532 1302027762
2459.757358 1356.331977 1302027765
2482.265482 1355.776422 1302027773
2507.090620 1358.331975 1302027777
2536.136030 1359.887529 1302027780
2556.492643 1360.554195 1302027782
2579.083518 1361.220861 1302027784
2605.067162 1361.776416 1302027786
2633.367818 1362.776415 1302027788
2663.902737 1363.554192 1302027790
2696.258166 1364.331969 1302027792
2729.027348 1364.887524 1302027794
2761.134525 1365.665301 1302027796
2791.917695 1366.776411 1302027798
2820.301102 1367.220855 1302027800
2845.126240 1366.776411 1302027802
2865.813854 1365.998634 1302027804
2893.700759 1366.109745 1302027807
2921.339411 1367.887521 1302027810
2941.613274 1369.887519 1302027812
2964.783402 1370.998629 1302027814
2990.270543 1371.109740 1302027816
3017.247192 1370.331963 1302027818
3044.720344 1370.331963 1302027820
3071.614243 1370.887518 1302027822
3097.680637 1371.554184 1302027824
3122.340273 1372.220850 1302027826
3146.420657 1373.443071 1302027828
3172.983554 1374.776403 1302027830
3201.284210 1375.220847 1302027832
3228.095359 1374.331959 1302027834
3252.175742 1371.998628 1302027836
3272.449604 1369.554186 1302027838
3295.040479 1365.331968 1302027842
3307.122046 1349.331984 1302027848
3308.694304 1323.887565 1302027851
3309.190807 1301.998698 1302027853
3309.273558 1278.220944 1302027855
3309.604559 1252.887636 1302027857
3310.101062 1225.554330 1302027859
3310.763066 1199.665467 1302027861
3310.763066 1175.554380 1302027863
3310.763066 1154.998845 1302027865
3309.770060 1133.554422 1302027868
3307.784049 1112.221110 1302027889
3311.425070 1091.887797 1302027896
3313.162829 1067.110044 1302027899
3313.245580 1045.554510 1302027901
3313.245580 1022.443422 1302027903
3313.328330 999.999000 1302027905
3313.493831 978.110133 1302027907
3312.583576 955.554600 1302027909
3311.673321 930.999069 1302027911
3311.756071 907.887981 1302027913
3312.169824 878.888010 1302027916
3312.500825 858.665808 1302027918
3313.245580 835.665831 1302027920
3313.824833 809.443635 1302027922
3314.155835 780.776997 1302027924
3314.735088 750.554805 1302027926
3315.562592 721.777056 1302027928
3317.052101 683.221539 1302027931
3317.796855 660.443784 1302027933
3318.624359 634.110477 1302027936
3319.038112 613.999386 1302027941
3318.707110 589.999410 1302027946
3319.782866 567.666099 1302027949
3322.017128 544.888344 1302027952
3323.175635 521.999478 1302027955
3324.416891 497.888391 1302027958
3326.402902 475.888413 1302027961
3327.230407 454.777323 1302027965
3325.575398 432.332901 1302027970
3327.230407 411.332922 1302027985
3328.719915 385.999614 1302027988
3329.216418 362.444082 1302027991
3328.885416 339.221883 1302027995
3325.658148 319.221903 1302028006
3345.849260 314.221908 1302028022
3372.246656 316.777461 1302028026
3402.119571 319.333014 1302028029
3430.420228 319.888569 1302028032
3454.086859 320.999679 1302028035
3476.181231 318.444126 1302028040
3484.952779 295.999704 1302028045
3483.463271 271.221951 1302028048
3484.870029 250.444194 1302028052
3465.258171 243.110868 1302028057
3440.184782 242.555313 1302028061
3419.662668 243.333090 1302028066
