2945.585296 1387.665279 1302030255
2918.194894 1387.443057 1302030284
2889.397735 1386.554169 1302030287
2866.393107 1385.998614 1302030289
2841.236968 1385.331948 1302030291
2813.515565 1384.554171 1302030293
2783.890901 1383.887505 1302030295
2753.355982 1382.776395 1302030297
2721.662557 1382.109729 1302030299
2690.300133 1381.554174 1302030301
2658.689458 1380.776397 1302030303
2627.989039 1379.776398 1302030305
2598.447125 1377.998622 1302030307
2570.973973 1376.554179 1302030309
2545.238581 1375.443069 1302030311
2521.571950 1374.776403 1302030313
2500.967086 1374.776403 1302030315
2475.893697 1375.665291 1302030318
2455.123332 1375.109736 1302030334
2432.946210 1372.109739 1302030338
2404.149050 1370.665296 1302030341
2381.227173 1370.331963 1302030343
2355.740032 1369.776408 1302030345
2328.184130 1368.998631 1302030347
2299.386971 1368.554187 1302030349
2270.176059 1368.109743 1302030351
2240.551395 1367.220855 1302030353
2210.843981 1366.776411 1302030355
2181.798570 1366.554189 1302030357
2154.656420 1365.998634 1302030359
2129.665782 1365.331968 1302030361
2104.592393 1364.554191 1302030363
2080.677511 1364.109747 1302030365
2056.762628 1363.665303 1302030367
2030.530733 1363.109748 1302030369
2001.650824 1362.887526 1302030371
1972.688163 1362.998637 1302030373
1944.139255 1363.665303 1302030375
1916.335102 1364.665302 1302030377
1889.441203 1365.665301 1302030379
1863.623060 1366.331967 1302030381
1838.466921 1366.998633 1302030383
1814.634789 1367.331966 1302030385
1793.119670 1367.220855 1302030387
1765.481017 1366.998633 1302030390
1745.289905 1366.887522 1302030394
1722.119777 1367.109744 1302030412
1699.777154 1367.443077 1302030415
1677.269029 1366.331967 1302030418
1653.271396 1361.443083 1302030421
1633.328536 1359.331974 1302030423
1611.565166 1357.776420 1302030425
1588.891540 1354.554201 1302030428
1567.790173 1353.331980 1302030432
1547.433561 1355.331978 1302030452
1525.918442 1363.443081 1302030463
1517.974398 1341.887547 1302030474
1516.402139 1318.554237 1302030477
1513.092121 1297.220925 1302030479
1511.354361 1270.554285 1302030482
1503.741319 1251.776526 1302030490
1508.209844 1226.998773 1302030499
1525.008187 1210.998789 1302030502
1545.116548 1196.443248 1302030505
1560.094381 1177.332156 1302030508
1563.569900 1152.887736 1302030512
1542.799535 1124.887764 1302030516
1529.807713 1107.221115 1302030518
1520.787913 1088.110023 1302030520
1509.699352 1056.554499 1302030523
1504.651574 1034.887854 1302030525
1502.003559 1008.110103 1302030528
1500.431301 984.665682 1302030532
1498.279789 957.332376 1302030536
1497.204033 929.443515 1302030539
1496.542029 899.999100 1302030542
1496.624780 871.554684 1302030545
1496.542029 849.332484 1302030548
1491.411501 827.332506 1302030553
1477.178422 810.332523 1302030561
1454.422046 808.888080 1302030564
1427.445397 807.110304 1302030567
1406.426781 807.221415 1302030569
1384.828911 807.110304 1302030571
1364.141297 806.665860 1302030573
1339.233409 806.110305 1302030576
1319.125048 805.665861 1302030580
1289.914136 801.776976 1302030600
1265.916503 800.332533 1302030602
1241.918871 799.332534 1302030604
1219.493496 797.999202 1302030606
1191.772093 799.332534 1302030609
1168.601965 805.332528 1302030612
1146.424842 805.888083 1302030635
1122.675461 801.776976 1302030639
1096.609067 801.443643 1302030642
1075.838702 800.999199 1302030644
1054.489084 800.554755 1302030646
1030.325950 799.665867 1302030648
1005.666314 798.999201 1302030650
983.820193 798.776979 1302030652
960.153562 799.332534 1302030655
939.134945 801.776976 1302030659
