3680.326610 1813.109298 1302037970
3681.650618 1838.331495 1302037973
3682.891875 1862.775915 1302037976
3682.395372 1886.109225 1302037980
3686.119142 1910.886978 1302038008
3685.622640 1933.331400 1302038011
3684.546884 1955.109156 1302038013
3682.809124 1981.442463 1302038015
3681.981619 2008.553547 1302038017
3683.222876 2037.886851 1302038019
3685.705390 2065.220157 1302038021
3685.705390 2093.553462 1302038023
3684.877886 2130.442314 1302038026
3685.870891 2150.775627 1302038028
3687.856902 2174.997825 1302038031
3687.774152 2195.775582 1302038036
3686.367394 2218.886670 1302038049
3684.629634 2249.664417 1302038052
3679.830108 2271.775506 1302038054
3677.926847 2294.442150 1302038056
3677.264843 2314.553241 1302038058
3675.609834 2338.664328 1302038062
3687.112148 2356.219866 1302038069
3712.847540 2356.775421 1302038072
3733.700656 2357.553198 1302038074
3759.684299 2356.664310 1302038077
3780.123662 2354.775423 1302038104
3797.749510 2343.330990 1302038125
3799.570020 2321.331012 1302038128
3800.232024 2295.553260 1302038131
3792.370730 2272.442172 1302038134
3783.019928 2251.886637 1302038137
3790.715721 2225.108886 1302038141
3781.861422 2206.553349 1302038150
3761.835811 2211.664455 1302038153
3732.293898 2212.997787 1302038156
3710.530527 2212.331121 1302038158
3688.767157 2212.220010 1302038160
3667.169288 2211.997788 1302038162
3645.405917 2211.553344 1302038164
3622.318539 2210.664456 1302038166
3599.893165 2210.886678 1302038168
3566.792982 2212.108899 1302038172
3555.787171 2191.553364 1302038176
3558.021434 2159.108952 1302038179
3559.345441 2134.442310 1302038181
3560.090195 2109.775668 1302038183
3560.834949 2085.664581 1302038185
3561.993456 2063.331270 1302038187
3563.151962 2042.109069 1302038189
3564.144968 2021.886867 1302038191
3564.558720 2001.553554 1302038193
3565.386224 1980.220242 1302038195
3566.048228 1958.886930 1302038197
3566.461980 1936.442508 1302038199
3566.296480 1911.664755 1302038201
3565.551725 1883.331450 1302038203
3565.386224 1853.331480 1302038205
3565.634476 1823.775954 1302038207
3565.717226 1794.664872 1302038209
3566.130979 1766.331567 1302038211
3567.289485 1738.776039 1302038213
3569.109995 1712.220510 1302038215
3568.365241 1686.331647 1302038217
3568.199740 1659.887229 1302038219
3569.358246 1631.665035 1302038221
3570.103001 1602.665064 1302038223
3570.434002 1572.887316 1302038225
3570.351252 1542.665124 1302038227
3569.689248 1511.776266 1302038229
3569.771999 1483.220739 1302038231
3570.847755 1459.998540 1302038233
3571.592509 1432.887456 1302038236
3573.413019 1412.443032 1302038260
3574.571525 1387.776390 1302038265
3552.973656 1375.331958 1302038270
3529.638027 1376.554179 1302038273
3508.288409 1377.220845 1302038275
3482.884018 1377.443067 1302038277
3454.997114 1377.331956 1302038279
3427.854964 1377.331956 1302038281
3400.961065 1377.331956 1302038283
3374.398168 1377.443067 1302038285
3348.331774 1378.109733 1302038287
3322.513631 1378.665288 1302038289
3297.522993 1379.665287 1302038291
3273.442609 1381.665285 1302038293
3250.024230 1383.998616 1302038295
3228.095359 1386.665280 1302038297
3201.615212 1388.220834 1302038300
3179.272588 1387.109724 1302038304
3158.253972 1385.998614 1302038311
3135.166594 1386.887502 1302038319
3113.816976 1386.220836 1302038322
3091.060600 1386.776391 1302038332
3070.372986 1386.998613 1302038335
3049.768122 1386.665280 1302038337
3026.763495 1386.443058 1302038339
3004.007119 1385.998614 1302038341
2983.650506 1385.887503 1302038343
2961.059631 1385.665281 1302038346
