3775.406886 2353.442091 1302040701
3794.770493 2341.553214 1302040715
3789.805466 2317.331016 1302040719
3786.164446 2294.553261 1302040722
3789.143462 2273.886615 1302040725
3794.025739 2253.442191 1302040731
3800.894027 2233.219989 1302040741
3804.948800 2212.553343 1302040751
3781.199418 2224.553331 1302040757
3755.298525 2228.664438 1302040760
3729.894135 2224.775553 1302040763
3708.461766 2219.442225 1302040766
3685.374388 2215.331118 1302040772
3661.956009 2213.886675 1302040775
3641.516646 2212.886676 1302040777
3618.181017 2212.886676 1302040779
3596.252145 2212.997787 1302040781
3570.020250 2216.331117 1302040784
3554.959667 2199.331134 1302040792
3555.207918 2176.664490 1302040795
3556.283674 2156.553399 1302040797
3559.759193 2128.331205 1302040800
3562.407208 2102.775675 1302040803
3563.648465 2082.442362 1302040805
3564.310469 2061.886827 1302040807
3565.634476 2034.109077 1302040810
3566.379230 2008.886880 1302040813
3567.372235 1986.664680 1302040816
3568.116990 1963.109148 1302040821
3568.116990 1935.886953 1302040825
3567.785988 1906.442538 1302040828
3567.289485 1883.553672 1302040830
3567.951489 1857.664809 1302040832
3568.613492 1831.775946 1302040834
3568.861744 1806.553749 1302040836
3569.689248 1781.664885 1302040838
3570.185751 1757.331576 1302040840
3570.682254 1733.776044 1302040842
3571.013256 1710.664956 1302040844
3569.937500 1688.887200 1302040846
3569.275496 1659.331674 1302040849
3570.847755 1639.220583 1302040851
3571.096006 1617.998382 1302040853
3571.592509 1592.665074 1302040855
3571.923511 1564.220658 1302040857
3572.668265 1533.442911 1302040859
3574.737026 1499.998500 1302040861
3575.399030 1468.665198 1302040863
3575.895533 1445.220777 1302040865
3574.985278 1418.887470 1302040868
3575.564531 1394.220828 1302040872
3572.916516 1372.109739 1302040880
3552.642654 1370.443074 1302040884
3527.403764 1372.887516 1302040887
3496.703345 1374.776403 1302040890
3471.464455 1375.331958 1302040892
3443.494800 1375.331958 1302040894
3415.525145 1375.220847 1302040896
3389.376001 1375.220847 1302040898
3367.116128 1375.109736 1302040900
3342.539242 1374.443070 1302040903
3320.362119 1374.887514 1302040907
3305.053284 1360.665306 1302040915
3305.301536 1335.109776 1302040918
3306.211791 1312.998687 1302040920
3307.287547 1288.109823 1302040922
3308.115051 1260.665406 1302040924
3309.356308 1232.109879 1302040926
3310.514814 1205.776572 1302040928
3311.838822 1183.887705 1302040930
3313.411080 1159.554396 1302040933
3314.983339 1139.554416 1302040939
3315.810844 1114.332219 1302040948
3315.976345 1085.554470 1302040951
3316.555598 1062.221160 1302040953
3317.052101 1036.554519 1302040955
3317.714104 1007.665659 1302040957
3318.376108 977.554578 1302040959
3318.624359 948.110163 1302040961
3318.624359 919.554636 1302040963
3318.376108 891.999108 1302040965
3317.548603 865.776912 1302040967
3317.052101 840.110271 1302040969
3316.721099 813.776964 1302040971
3316.638348 786.554769 1302040973
3316.721099 758.221464 1302040975
3317.052101 729.554826 1302040977
3317.548603 701.888187 1302040979
3317.383102 674.777103 1302040981
3316.638348 651.666015 1302040983
3316.390097 627.110484 1302040986
3316.390097 605.999394 1302040991
3317.052101 585.443859 1302041019
3299.260752 575.110536 1302041023
3271.870351 576.221646 1302041026
3250.024230 577.666089 1302041028
3224.785340 578.443866 1302041030
3197.477689 578.888310 1302041032
3170.749291 578.999421 1302041034
3150.061677 578.999421 1302041036
3129.539563 579.221643 1302041040
