3044.968595 217.110894 1302093058
3032.721528 198.222024 1302093066
3025.273986 178.666488 1302093071
3004.420871 177.666489 1302093077
2995.152820 157.110954 1302093086
2996.476827 128.555427 1302093090
2996.559578 98.333235 1302093093
2996.559578 71.555484 1302093096
2997.056080 49.222173 1302093101
3020.557210 39.888849 1302093107
3047.533860 39.888849 1302093110
3069.379980 40.666626 1302093112
3093.791366 40.666626 1302093114
3117.375246 40.444404 1302093116
3143.524391 39.999960 1302093119
3167.770275 39.555516 1302093125
3188.209638 39.222183 1302093128
3213.117526 38.888850 1302093131
3242.576689 39.222183 1302093134
3262.850551 39.666627 1302093136
3290.406453 39.777738 1302093139
3313.080079 39.111072 1302093143
3336.250207 38.888850 1302093151
3339.477475 62.777715 1302093159
3338.401719 83.333250 1302093162
3337.905216 113.110998 1302093165
3337.739715 135.888753 1302093167
3337.574214 159.999840 1302093169
3336.994961 184.444260 1302093171
3336.415708 207.555348 1302093173
3336.415708 233.110878 1302093176
3336.581209 253.221969 1302093179
3337.408713 273.444171 1302093182
3336.994961 295.888593 1302093187
3335.339952 316.777461 1302093212
3334.760699 341.777436 1302093215
3333.519442 364.332969 1302093217
3331.616181 392.666274 1302093219
3329.878422 420.444024 1302093221
3329.795671 445.443999 1302093223
3330.540425 465.666201 1302093225
3329.878422 489.443955 1302093228
3329.381919 512.221710 1302093240
3329.381919 533.110578 1302093243
3329.712921 558.666108 1302093246
3329.464669 587.443857 1302093249
3329.050917 608.221614 1302093251
3328.719915 630.777147 1302093253
3328.637165 654.666012 1302093255
3328.885416 679.554876 1302093257
3328.719915 705.665961 1302093259
3328.885416 732.332601 1302093261
3328.802666 759.110352 1302093263
3328.140662 785.332548 1302093265
3327.064906 811.332522 1302093267
3326.402902 836.554719 1302093269
3325.823649 861.999138 1302093271
3324.913394 887.776890 1302093273
3324.168640 913.443531 1302093275
3323.672137 939.999060 1302093277
3323.341135 967.887921 1302093279
3323.092884 996.665670 1302093281
3322.430880 1024.887864 1302093283
3321.686126 1052.554503 1302093285
3321.437875 1078.776699 1302093287
3321.024123 1104.443340 1302093289
3320.610370 1130.554425 1302093291
3320.113868 1157.221065 1302093293
3319.617365 1183.776594 1302093295
3319.203613 1209.221013 1302093297
3318.293357 1232.776545 1302093299
3316.803849 1254.109857 1302093301
3314.983339 1280.220942 1302093304
3311.673321 1305.665361 1302093308
3309.604559 1327.887561 1302093317
3308.694304 1350.331983 1302093321
3298.184996 1372.554183 1302093325
3279.731644 1382.109729 1302093328
3256.313265 1385.776392 1302093331
3227.102353 1389.776388 1302093334
3204.594228 1390.220832 1302093336
3181.093098 1389.665277 1302093338
3154.364701 1389.109722 1302093341
3131.194572 1389.220833 1302093353
3111.086211 1389.887499 1302093360
3089.736593 1389.887499 1302093372
3065.904461 1389.554166 1302093375
3038.927812 1388.887500 1302093378
3010.627155 1388.109723 1302093381
2988.863785 1387.554168 1302093384
2963.707646 1391.109720 1302093388
2940.951270 1392.443052 1302093393
2913.560868 1392.443052 1302093413
2887.328973 1391.665275 1302093416
2862.090084 1391.443053 1302093419
2833.127423 1389.887499 1302093422
2811.612304 1388.331945 1302093424
2789.104180 1386.998613 1302093426
2766.182303 1385.665281 1302093428
2742.929424 1385.109726 1302093430
2719.842047 1384.443060 1302093432
2697.002920 1383.776394 1302093434
2673.915543 1383.109728 1302093436
2650.497163 1382.776395 1302093438
2627.575286 1382.443062 1302093440
2605.977417 1382.220840 1302093442
2578.007762 1381.665285 1302093445
2557.485649 1381.443063 1302093449
2534.481021 1382.109729 1302093476
2507.338871 1381.331952 1302093480
2479.948470 1380.665286 1302093483
2459.509107 1380.331953 1302093485
2437.662986 1379.887509 1302093487
2414.410107 1379.443065 1302093489
2390.081472 1379.220843 1302093491
2364.925333 1378.554177 1302093493
2339.851945 1377.998622 1302093495
2315.109558 1377.443067 1302093497
2290.367171 1376.887512 1302093499
2265.873035 1376.443068 1302093501
2241.875403 1375.998624 1302093503
2219.367278 1375.443069 1302093505
2192.473379 1375.220847 1302093508
2170.048005 1374.887514 1302093511
2149.277640 1374.331959 1302093514
2127.845272 1373.443071 1302093517
2103.268386 1372.665294 1302093520
2075.215981 1372.443072 1302093523
2054.776617 1372.109739 1302093525
2033.426999 1371.665295 1302093527
2012.160132 1371.109740 1302093529
1990.810514 1370.776407 1302093531
1968.798892 1370.887518 1302093533
1946.125266 1371.443073 1302093535
1922.624136 1372.109739 1302093537
1898.874755 1372.998627 1302093539
1875.704627 1373.665293 1302093541
1853.279253 1374.220848 1302093543
1831.184881 1374.776403 1302093545
1810.662767 1374.665292 1302093547
1783.024114 1373.998626 1302093550
1762.419250 1373.443071 1302093554
1735.525351 1372.443072 1302093559
1710.865715 1371.776406 1302093562
1684.882071 1371.443073 1302093565
1658.484675 1370.554185 1302093568
1629.191013 1369.331964 1302093571
1608.503399 1368.998631 1302093573
1587.319281 1368.331965 1302093575
1565.555911 1367.220855 1302093577
1537.007003 1367.554188 1302093580
1514.416128 1366.443078 1302093583
1493.314761 1365.665301 1302093592
1491.246000 1337.998662 1302093597
1492.735508 1308.220914 1302093600
1491.990754 1285.220937 1302093602
1489.342739 1259.109852 1302093605
1487.853231 1236.554319 1302093612
1489.673741 1213.443231 1302093622
1489.259989 1187.109924 1302093626
1489.508240 1163.221059 1302093629
1490.087493 1137.998862 1302093632
1491.577002 1116.109995 1302093635
1491.494251 1095.332238 1302093640
1491.080499 1071.554484 1302093650
1492.570007 1047.887841 1302093654
1494.059515 1016.776761 1302093658
1495.300772 990.332343 1302093661
1496.211027 960.554595 1302093664
1496.624780 939.999060 1302093666
1496.624780 919.887969 1302093668
1496.955781 899.776878 1302093670
1497.204033 870.443574 1302093673
1496.707530 846.554709 1302093676
1499.603796 824.776953 1302093681
1482.888204 807.665859 1302093689
1455.497802 806.332527 1302093693
1431.665670 807.999192 1302093696
1404.192518 807.999192 1302093699
1376.388364 810.776967 1302093702
1349.908218 812.221410 1302093705
1328.889602 812.443632 1302093708
1309.856996 804.888084 1302093720
1287.928125 804.221418 1302093723
1260.868725 805.443639 1302093726
1232.650819 805.554750 1302093729
1205.425919 804.888084 1302093732
1181.345535 805.443639 1302093735
1158.009906 806.999193 1302093740
