2928.290450 1389.776388 1302102480
2901.148300 1388.887500 1302102484
2870.447880 1388.331945 1302102487
2846.450247 1387.665279 1302102489
2820.880356 1386.665280 1302102491
2794.979462 1386.109725 1302102493
2768.995819 1385.554170 1302102495
2743.591428 1385.331948 1302102497
2719.180043 1385.109726 1302102499
2695.844414 1384.331949 1302102501
2672.426034 1383.665283 1302102503
2646.111389 1382.887506 1302102505
2618.224485 1381.998618 1302102507
2591.744338 1381.554174 1302102509
2567.167452 1381.109730 1302102511
2542.921568 1378.665288 1302102513
2518.013680 1376.887512 1302102515
2494.512550 1377.109734 1302102517
2473.411183 1378.109733 1302102519
2451.482312 1378.776399 1302102522
2426.739925 1377.443067 1302102542
2400.756281 1375.220847 1302102545
2379.572164 1374.998625 1302102547
2355.326280 1374.665292 1302102549
2329.590888 1374.887514 1302102551
2302.696989 1374.887514 1302102553
2275.058336 1375.109736 1302102555
2246.426678 1374.554181 1302102557
2216.636513 1373.998626 1302102559
2187.260100 1373.998626 1302102561
2158.462941 1373.220849 1302102563
2131.072540 1372.443072 1302102565
2103.268386 1372.109739 1302102567
2075.215981 1370.998629 1302102569
2046.832574 1369.776408 1302102571
2017.869913 1369.665297 1302102573
1987.914248 1369.665297 1302102575
1958.041332 1369.665297 1302102577
1927.837415 1370.443074 1302102579
1898.461003 1370.998629 1302102581
1869.415592 1371.220851 1302102583
1840.783934 1371.998628 1302102585
1811.655772 1371.887517 1302102587
1782.775863 1371.331962 1302102589
1754.888958 1370.776407 1302102591
1729.732819 1370.109741 1302102593
1705.983438 1368.665298 1302102595
1683.227062 1366.109745 1302102597
1660.636187 1364.220858 1302102599
1637.217807 1363.776414 1302102601
1613.302925 1363.220859 1302102603
1588.395037 1362.554193 1302102605
1564.314654 1360.331973 1302102607
1541.972031 1358.443086 1302102609
1520.539662 1356.776421 1302102611
1496.873031 1357.220865 1302102614
1493.728514 1378.776399 1302102629
1489.011738 1398.220824 1302102633
1488.018732 1374.554181 1302102640
1488.184233 1346.887542 1302102643
1489.259989 1323.887565 1302102645
1491.163249 1300.443144 1302102649
1492.321756 1271.998728 1302102652
1492.901009 1249.109862 1302102654
1494.887020 1224.220998 1302102656
1495.797275 1198.887690 1302102658
1495.383523 1177.554378 1302102660
1495.383523 1153.554402 1302102663
1490.914998 1126.221096 1302102666
1487.356728 1102.665564 1302102668
1486.198222 1082.665584 1302102670
1482.557202 1059.776718 1302102671
1483.136455 1034.665632 1302102673
1485.122466 1009.998990 1302102675
1485.536218 984.887904 1302102677
1487.356728 957.665709 1302102679
1489.177238 929.776848 1302102681
1489.756492 901.110210 1302102683
1490.252994 874.665792 1302102685
1490.832248 852.776925 1302102687
1489.673741 829.554726 1302102690
1492.901009 809.554746 1302102697
1472.296145 804.554751 1302102703
1448.712265 802.443642 1302102706
1428.024650 800.999199 1302102708
1404.689021 800.776977 1302102710
1380.939640 801.110310 1302102712
1359.176269 801.776976 1302102714
1332.447871 804.110307 1302102717
1310.932752 804.999195 1302102722
1291.817397 797.665869 1302102728
1262.937487 793.665873 1302102732
1238.526102 793.332540 1302102734
1213.452713 794.554761 1302102736
1190.944589 795.999204 1302102738
1164.795444 796.554759 1302102741
1139.639305 799.554756 1302102745
1119.117191 809.554746 1302102763
1095.947063 805.888083 1302102766
1064.915641 804.776973 1302102769
1040.421506 804.443640 1302102771
1013.775858 803.443641 1302102773
987.212961 802.665864 1302102775
962.636076 803.221419 1302102777
941.865711 804.332529 1302102779
919.440337 805.554750 1302102782
904.297003 818.665848 1302102786
905.372759 845.554710 1302102790
905.538260 876.332457 1302102793
905.538260 901.332432 1302102795
905.207258 928.887960 1302102797
904.628005 957.554598 1302102799
904.959006 984.221238 1302102801
905.869261 1007.110104 1302102803
905.124507 1032.443412 1302102806
907.027768 1053.221169 1302102823
930.611648 1059.998940 1302102828
954.112778 1059.998940 1302102831
976.951905 1059.554496 1302102834
