2936.813747 1389.220833 1302107663
2912.402362 1388.443056 1302107682
2884.349957 1387.887501 1302107685
2862.007333 1387.109724 1302107687
2837.678699 1386.220836 1302107689
2812.026057 1385.665281 1302107691
2785.463160 1385.109726 1302107693
2758.321010 1384.220838 1302107695
2731.096109 1383.443061 1302107697
2703.126454 1382.776395 1302107699
2674.660297 1382.109729 1302107701
2645.697637 1381.443063 1302107703
2616.734976 1380.554175 1302107705
2588.020567 1379.776398 1302107707
2559.471660 1378.998621 1302107709
2531.998508 1378.443066 1302107711
2505.766612 1377.554178 1302107713
2480.362222 1376.554179 1302107715
2453.799325 1376.443068 1302107717
2426.574424 1376.220846 1302107719
2398.191017 1375.665291 1302107721
2368.897355 1375.220847 1302107723
2339.189941 1374.554181 1302107725
2309.151525 1374.220848 1302107727
2278.782107 1373.776404 1302107729
2247.833435 1373.220849 1302107731
2218.043271 1372.665294 1302107733
2190.073616 1372.109739 1302107735
2165.662231 1371.665295 1302107737
2145.388369 1371.220851 1302107739
2123.956000 1370.776407 1302107742
2102.771883 1369.887519 1302107747
2078.939751 1368.776409 1302107750
2058.500388 1367.776410 1302107752
2034.916508 1367.443077 1302107754
2008.932864 1366.443078 1302107756
1980.797708 1365.776412 1302107758
1951.586797 1365.887523 1302107760
1922.210384 1366.220856 1302107762
1893.495975 1367.331966 1302107764
1865.774572 1367.998632 1302107766
1838.797923 1368.220854 1302107768
1812.566027 1368.109743 1302107770
1788.237393 1367.554188 1302107772
1766.556773 1366.998633 1302107774
1743.469395 1366.331967 1302107777
1721.044021 1365.220857 1302107805
1698.122144 1363.998636 1302107809
1677.434530 1362.554193 1302107812
1652.609393 1362.220860 1302107815
1632.004529 1362.331971 1302107817
1608.751650 1363.331970 1302107819
1586.326276 1365.665301 1302107821
1564.976658 1366.220856 1302107823
1537.420755 1367.665299 1302107826
1516.815891 1370.443074 1302107851
1495.962776 1360.331973 1302107866
1493.976765 1340.220882 1302107869
1492.901009 1312.332021 1302107872
1491.825253 1291.887597 1302107874
1491.577002 1271.443173 1302107876
1492.735508 1246.220976 1302107879
1493.811264 1222.998777 1302107884
1494.887020 1198.998801 1302107888
1495.631774 1169.665497 1302107891
1495.962776 1148.554407 1302107893
1495.135271 1127.665539 1302107895
1496.045526 1099.887789 1302107898
1497.700536 1078.998921 1302107902
1499.438295 1053.665613 1302107915
1500.017548 1032.665634 1302107932
1501.507057 1008.110103 1302107936
1502.582813 979.554576 1302107939
1503.410317 957.776820 1302107941
1504.568824 936.665730 1302107943
1505.148077 915.554640 1302107945
1504.651574 894.443550 1302107947
1504.568824 874.332459 1302107949
1504.817075 848.554707 1302107952
1505.727330 825.888063 1302107956
1493.976765 806.776971 1302107966
1466.007110 805.554750 1302107970
1437.954705 805.110306 1302107973
1409.902300 804.888084 1302107976
1383.091152 805.443639 1302107979
1359.176269 805.221417 1302107982
1335.757890 806.665860 1302107986
1315.649528 809.443635 1302107992
1295.127415 812.554743 1302108006
1271.295283 810.999189 1302108009
1246.056393 808.665858 1302108011
1219.907249 807.221415 1302108013
1194.171856 805.888083 1302108016
1170.339725 805.110306 1302108036
1144.190580 805.999194 1302108040
1121.599705 804.776973 1302108060
1100.829340 803.443641 1302108063
1072.032181 802.665864 1302108066
1051.096315 801.999198 1302108068
1030.077699 801.332532 1302108070
1008.562580 800.776977 1302108072
987.461213 800.221422 1302108074
958.912305 799.888089 1302108077
938.555692 800.888088 1302108080
918.447331 800.665866 1302108086
