2543.666322 1376.443068 1302115060
2517.268926 1376.776401 1302115078
2494.264299 1376.554179 1302115081
2472.583679 1376.220846 1302115084
2452.475318 1378.331955 1302115088
2429.718942 1378.331955 1302115106
2406.631564 1375.998624 1302115109
2386.605953 1374.443070 1302115111
2363.684076 1373.331960 1302115113
2338.610688 1372.665294 1302115115
2311.965040 1371.998628 1302115117
2285.319393 1370.887518 1302115119
2258.590995 1369.665297 1302115121
2232.524601 1369.109742 1302115123
2208.113216 1368.331965 1302115125
2186.267095 1367.665299 1302115127
2157.718187 1366.998633 1302115130
2135.127312 1366.220856 1302115133
2113.943195 1364.887524 1302115138
2088.952557 1366.665300 1302115158
2062.720661 1366.331967 1302115161
2041.453794 1366.109745 1302115163
2017.952664 1365.665301 1302115165
1993.293027 1365.554190 1302115167
1968.302389 1365.665301 1302115169
1943.477252 1366.331967 1302115171
1919.065867 1366.887522 1302115173
1894.985483 1367.554188 1302115175
1871.401603 1368.109743 1302115177
1848.562477 1368.887520 1302115179
1826.385354 1369.554186 1302115181
1805.035736 1369.998630 1302115183
1775.907575 1369.331964 1302115186
1751.909942 1368.887520 1302115189
1730.808575 1367.776410 1302115192
1708.962454 1365.998634 1302115195
1688.026589 1366.887522 1302115198
1666.676970 1367.554188 1302115201
1642.596587 1366.776411 1302115204
1612.971923 1365.776412 1302115207
1589.470793 1364.331969 1302115209
1564.149153 1362.776415 1302115211
1540.151520 1362.331971 1302115213
1518.553651 1361.998638 1302115215
1496.128277 1363.665303 1302115218
1507.878842 1339.998660 1302115242
1513.257622 1315.109796 1302115245
1507.465090 1287.776490 1302115248
1507.299589 1264.998735 1302115252
1509.616602 1237.332096 1302115256
1507.878842 1203.332130 1302115259
1501.920809 1173.998826 1302115261
1489.342739 1137.221085 1302115263
1485.949971 1115.221107 1302115265
1489.342739 1094.332239 1302115269
1492.239005 1072.110039 1302115276
1493.314761 1048.221174 1302115279
1494.307767 1028.221194 1302115281
1495.300772 1006.332327 1302115283
1495.962776 981.776796 1302115285
1496.459279 955.665711 1302115287
1497.038532 929.776848 1302115289
1497.617785 905.776872 1302115291
1498.528040 883.221339 1302115293
1498.776292 854.554701 1302115296
1499.024543 830.221392 1302115300
1487.770481 811.554744 1302115309
1463.690097 809.776968 1302115313
1436.878949 807.332526 1302115316
1414.867327 806.999193 1302115318
1391.945451 806.665860 1302115320
1370.513082 806.665860 1302115322
1350.487471 806.554749 1302115324
1327.565594 806.999193 1302115327
1306.795229 807.332526 1302115334
1285.776613 804.332529 1302115338
1263.930492 795.332538 1302115341
1243.408379 795.554760 1302115343
1218.500491 795.110316 1302115345
1193.675354 795.110316 1302115347
1172.325736 796.110315 1302115349
1146.176591 793.665873 1302115352
1126.233731 798.221424 1302115375
1105.794367 798.776979 1302115380
1069.053164 797.554758 1302115384
1046.131287 797.443647 1302115386
1021.968154 797.221425 1302115388
998.384273 796.776981 1302115390
977.448407 796.776981 1302115392
952.788771 797.665869 1302115395
931.604654 801.665865 1302115400
911.496293 804.776973 1302115418
903.966001 827.776950 1302115423
904.710755 854.332479 1302115426
904.793506 874.665792 1302115428
903.883250 899.110212 1302115431
903.303997 922.221300 1302115436
902.559243 946.332387 1302115440
902.972995 967.665699 1302115443
903.469498 1014.887874 1302115449
902.807495 1039.998960 1302115453
913.151302 1057.665609 1302115457
952.788771 1061.332272 1302115463
974.055639 1059.554496 1302115466
994.164000 1059.110052 1302115472
1014.355112 1059.665607 1302115498
1040.835258 1060.887828 1302115502
1062.929630 1061.110050 1302115505
1085.437755 1059.998940 1302115509
1108.856134 1056.998943 1302115516
1133.019268 1056.554499 1302115522
