2538.453043 1377.998622 1302116951
2514.124409 1377.887511 1302116979
2491.864536 1378.443066 1302116982
2470.680418 1379.220843 1302116985
2448.751547 1379.220843 1302117011
2423.098905 1377.998622 1302117015
2395.956755 1375.776402 1302117018
2375.517392 1374.776403 1302117020
2353.671271 1374.109737 1302117022
2330.583893 1373.665293 1302117024
2306.420760 1373.109738 1302117026
2281.016369 1372.554183 1302117028
2254.949975 1371.998628 1302117030
2229.462834 1371.554184 1302117032
2205.878953 1371.331962 1302117034
2185.274089 1370.998629 1302117036
2160.035200 1370.554185 1302117039
2136.203068 1369.776408 1302117043
2110.384925 1369.109742 1302117047
2085.559788 1368.554187 1302117050
2056.514377 1367.998632 1302117053
2035.413010 1367.665299 1302117055
2012.987636 1367.220855 1302117057
1989.486506 1366.998633 1302117059
1964.826870 1367.220855 1302117061
1939.587980 1367.776410 1302117063
1914.018089 1368.443076 1302117065
1889.192951 1369.109742 1302117067
1865.112568 1369.554186 1302117069
1841.280436 1370.331963 1302117071
1818.193059 1370.887518 1302117073
1796.098686 1370.665296 1302117075
1768.791035 1369.998630 1302117078
1748.186171 1369.554186 1302117081
1725.595296 1368.998631 1302117084
1702.011416 1368.554187 1302117087
1678.758537 1368.887520 1302117090
1653.354147 1366.887522 1302117093
1632.335530 1365.776412 1302117095
1612.144419 1364.998635 1302117097
1582.850757 1362.443082 1302117100
1561.749390 1362.331971 1302117102
1539.572267 1362.776415 1302117104
1511.437112 1363.331970 1302117107
1490.087493 1367.998632 1302117119
1508.292594 1377.443067 1302117126
1510.609607 1351.665315 1302117129
1507.547840 1320.443124 1302117132
1505.975581 1294.665372 1302117135
1507.299589 1272.220950 1302117138
1507.134088 1247.776530 1302117144
1505.561829 1225.220997 1302117147
1523.104926 1203.109908 1302117150
1530.883469 1184.554371 1302117152
1526.497695 1159.332174 1302117154
1521.118915 1137.665529 1302117156
1508.044343 1110.887778 1302117159
1497.700536 1093.221129 1302117164
1496.624780 1065.665601 1302117169
1496.293778 1038.554517 1302117172
1496.376528 1018.554537 1302117174
1496.790281 996.999003 1302117176
1496.376528 974.443470 1302117178
1496.624780 950.443494 1302117180
1496.873031 927.443517 1302117182
1497.038532 906.665760 1302117184
1497.038532 881.221341 1302117187
1496.624780 855.999144 1302117191
1496.211027 834.776943 1302117196
1494.142266 812.665854 1302117207
1473.123650 808.776969 1302117212
1447.719259 806.776971 1302117215
1427.362646 806.888082 1302117217
1405.102773 806.665860 1302117219
1384.994412 806.443638 1302117221
1359.921023 807.221415 1302117224
1334.930385 808.221414 1302117228
1314.904774 807.443637 1302117234
1301.250949 789.888099 1302117242
1280.315083 791.110320 1302117244
1259.627469 791.332542 1302117246
1230.168306 792.665874 1302117249
1203.688159 795.443649 1302117252
1178.780271 798.888090 1302117255
1158.671910 803.776974 1302117259
1136.577538 805.332528 1302117282
1110.180142 802.665864 1302117286
1090.154531 802.665864 1302117288
1066.405150 802.221420 1302117290
1040.421506 801.665865 1302117292
1013.279356 800.888088 1302117294
988.123217 800.554755 1302117296
966.856349 801.443643 1302117298
941.203707 803.888085 1302117301
919.688588 803.776974 1302117306
908.848278 825.999174 1302117311
909.758533 852.221370 1302117314
910.006784 873.554682 1302117316
909.841283 896.999103 1302117318
908.765527 920.887968 1302117320
906.945017 944.443500 1302117322
905.621010 965.665701 1302117324
908.848278 988.443456 1302117327
909.013779 1010.554545 1302117331
908.682777 1030.665636 1302117336
910.668788 1051.554504 1302117342
932.101157 1054.221168 1302117345
956.926294 1056.332277 1302117348
978.110411 1053.776724 1302117351
