1157.430653 1057.998942 1302570917
1183.662548 1059.554496 1302570922
1208.570436 1061.110050 1302570925
1236.622841 1062.221160 1302570928
1265.254500 1062.110049 1302570931
1293.720657 1063.221159 1302570934
1322.766068 1064.887824 1302570937
1343.039930 1065.554490 1302570939
1372.333592 1065.776712 1302570942
1399.475742 1065.776712 1302570945
1424.962883 1066.665600 1302570948
1452.684287 1067.998932 1302570951
1475.606163 1068.110043 1302570954
1495.797275 1067.332266 1302570961
1503.079315 1042.443402 1302570967
1502.831064 1013.665653 1302570970
1502.996565 988.665678 1302570972
1504.072321 961.221261 1302570974
1505.313578 932.665734 1302570976
1506.058332 904.443540 1302570978
1506.472084 878.332455 1302570980
1506.803086 855.665811 1302570982
1507.299589 830.332503 1302570985
1507.299589 809.665857 1302570993
1504.403323 785.221437 1302570997
1501.672558 754.332579 1302571000
1500.845053 727.665939 1302571002
1500.679552 698.888190 1302571004
1501.341556 669.110442 1302571006
1502.169060 640.888248 1302571008
1503.079315 615.777162 1302571010
1504.486073 595.221627 1302571012
1507.216838 573.221649 1302571016
1508.789097 551.999448 1302571022
1516.981392 532.888356 1302571028
1539.986020 534.999465 1302571032
1570.355438 537.443907 1302571035
1594.104819 537.888351 1302571037
1616.033690 537.555018 1302571039
1642.679338 536.888352 1302571042
1664.111706 536.332797 1302571048
1687.281834 540.221682 1302571053
1714.258484 541.777236 1302571056
1735.277100 542.332791 1302571058
1758.281727 542.888346 1302571060
1782.196609 543.110568 1302571062
1806.938996 543.777234 1302571064
1832.839890 544.443900 1302571066
1859.320036 544.777233 1302571068
1887.455192 545.221677 1302571070
1916.666103 545.221677 1302571072
1946.787270 545.555010 1302571074
1977.735941 545.888343 1302571076
2008.353611 546.110565 1302571078
2037.812774 546.555009 1302571080
2066.361682 547.110564 1302571082
2094.165835 547.332786 1302571084
2121.390736 547.888341 1302571086
2148.450136 548.666118 1302571088
2176.006038 549.443895 1302571090
2203.810192 550.555005 1302571092
2231.448845 552.110559 1302571094
2258.508245 553.777224 1302571096
2285.236642 554.999445 1302571098
2312.461543 555.777222 1302571100
2340.017445 556.221666 1302571102
2367.656098 556.554999 1302571104
2395.294751 557.332776 1302571106
2423.098905 557.999442 1302571108
2451.978815 558.666108 1302571110
2480.362222 559.332774 1302571112
2508.331877 560.110551 1302571114
2536.053280 560.443884 1302571116
2564.105685 560.999439 1302571118
2592.158090 561.666105 1302571120
2620.044995 562.332771 1302571122
2646.856143 562.777215 1302571124
2672.177783 562.888326 1302571126
2695.596163 562.554993 1302571128
2717.111282 562.443882 1302571130
2738.460900 563.554992 1302571132
2760.555272 564.888324 1302571134
2783.725400 565.999434 1302571136
2807.805783 567.332766 1302571138
2832.713671 568.554987 1302571140
2857.373308 569.110542 1302571142
2880.460685 569.554986 1302571144
2901.893054 569.221653 1302571146
2925.725186 567.110544 1302571149
2947.654057 569.777208 1302571177
2970.162182 572.443872 1302571181
2990.684295 575.554980 1302571191
2993.166809 597.221625 1302571195
2990.105042 626.888262 1302571198
2988.450033 652.443792 1302571200
2987.539778 680.443764 1302571202
2986.877774 709.221513 1302571204
2985.967519 738.443706 1302571206
2985.222765 765.888123 1302571208
2984.229759 790.332543 1302571210
2982.574750 817.665849 1302571213
2984.478011 838.221384 1302571231
3005.662128 844.110267 1302571235
3034.293786 843.888045 1302571238
3058.374170 843.665823 1302571240
3084.192312 843.888045 1302571242
3110.341457 843.554712 1302571244
3136.656103 842.665824 1302571246
3161.398490 841.110270 1302571248
3183.658363 838.888050 1302571250
3207.490495 836.221386 1302571253
