1500.762303 825.888063 1302180202
1483.136455 812.332521 1302180215
1462.697092 811.443633 1302180218
1436.134195 810.888078 1302180221
1414.370825 810.999189 1302180223
1390.952445 810.776967 1302180225
1368.361570 814.332519 1302180227
1344.694939 814.999185 1302180230
1323.841824 814.665852 1302180236
1308.698490 796.221426 1302180251
1292.893153 775.554780 1302180253
1270.467778 749.999250 1302180255
1249.366412 729.332604 1302180257
1226.775537 732.554823 1302180259
1195.495864 743.332590 1302180262
1172.573987 758.665908 1302180265
1152.962128 770.999229 1302180269
1137.487793 786.888102 1302180272
1119.117191 795.110316 1302180275
1095.367810 798.332535 1302180278
1067.480906 800.554755 1302180281
1045.965787 801.221421 1302180283
1022.878409 801.665865 1302180285
999.708281 802.999197 1302180287
976.620903 803.776974 1302180289
955.685037 804.776973 1302180291
932.183907 806.332527 1302180294
910.834289 808.554747 1302180301
905.786511 831.554724 1302180306
906.614016 858.999141 1302180309
906.614016 880.888008 1302180311
906.365764 905.221317 1302180313
905.869261 931.110180 1302180315
905.290008 957.221265 1302180317
904.710755 981.776796 1302180319
904.297003 1003.332330 1302180321
903.552249 1028.665638 1302180324
903.552249 1048.887840 1302180337
922.833105 1059.110052 1302180347
948.568498 1059.110052 1302180350
974.138389 1058.443386 1302180353
994.164000 1059.554496 1302180382
1014.851614 1062.554493 1302180386
1042.655768 1063.998936 1302180389
1070.790924 1063.554492 1302180392
1091.313037 1063.887825 1302180396
1114.896918 1062.998937 1302180403
1136.660288 1063.665603 1302180408
1156.851400 1063.887825 1302180432
1178.201018 1063.110048 1302180435
1203.770910 1063.110048 1302180438
1231.244062 1064.221158 1302180441
1254.579691 1064.554491 1302180444
1275.019054 1064.221158 1302180451
1297.030675 1065.221157 1302180459
1318.876796 1066.332267 1302180462
1344.198436 1066.887822 1302180465
1372.002590 1067.221155 1302180468
1402.041006 1067.443377 1302180471
1422.232118 1068.110043 1302180473
1450.119022 1069.887819 1302180476
1470.723886 1071.776706 1302180479
1493.232011 1073.110038 1302180485
1503.906820 1095.887793 1302180491
1502.086310 1119.554436 1302180494
1501.424306 1145.776632 1302180497
1500.762303 1168.332165 1302180500
1501.093304 1188.887700 1302180504
1500.265800 1210.332123 1302180512
1499.769297 1237.887651 1302180516
1499.355545 1264.665402 1302180519
1497.535035 1287.887601 1302180522
1494.059515 1309.109802 1302180526
1489.177238 1328.776449 1302180531
1482.226200 1349.220873 1302180538
1476.681919 1369.776408 1302180545
1497.700536 1376.109735 1302180548
1526.994198 1377.331956 1302180551
1549.171320 1374.220848 1302180553
1573.748206 1374.109737 1302180555
1600.973107 1371.776406 1302180557
1626.956751 1366.443078 1302180559
1651.202635 1366.220856 1302180561
1676.110523 1365.776412 1302180563
1701.183911 1365.776412 1302180565
1726.671052 1366.331967 1302180567
1753.399450 1366.554189 1302180569
1781.451855 1367.331966 1302180571
1811.159270 1366.776411 1302180573
1842.025190 1365.665301 1302180575
1873.553115 1364.554191 1302180577
1905.246540 1363.443081 1302180579
1936.195211 1362.443082 1302180581
1965.902626 1362.220860 1302180583
1994.368783 1361.554194 1302180585
2020.021425 1361.554194 1302180587
2041.453794 1361.665305 1302180589
2064.210170 1361.443083 1302180592
2084.484032 1360.998639 1302180612
2108.150663 1359.331974 1302180615
2129.086529 1358.665308 1302180617
2178.240300 1357.998642 1302180621
2204.223944 1358.665308 1302180623
2230.538590 1359.220863 1302180625
2256.687734 1359.554196 1302180627
2283.416132 1359.665307 1302180629
2309.813528 1360.109751 1302180631
2335.300669 1360.554195 1302180633
2360.125807 1360.887528 1302180635
2383.544186 1361.331972 1302180637
2404.314551 1361.443083 1302180639
2431.787703 1360.109751 1302180642
2453.716574 1358.998641 1302180645
2473.742185 1358.331975 1302180651
2500.222332 1358.220864 1302180677
2525.792223 1359.109752 1302180680
2556.078891 1360.220862 1302180683
2578.918017 1362.443082 1302180685
2604.736160 1363.887525 1302180687
2632.623064 1364.331969 1302180689
2661.254723 1364.554191 1302180691
2690.382884 1365.331968 1302180693
2719.593795 1365.998634 1302180695
2748.556456 1366.665300 1302180697
2777.436365 1367.443077 1302180699
2805.157769 1367.887521 1302180701
2830.065657 1367.998632 1302180703
2851.415275 1367.109744 1302180705
2876.157662 1366.554189 1302180708
