1485.536218 1331.887557 1302199923
1487.439479 1311.665355 1302199926
1488.515235 1285.998714 1302199929
1488.018732 1258.665408 1302199932
1483.881209 1236.220986 1302199936
1491.328750 1260.332073 1302199946
1511.602613 1253.998746 1302199951
1513.919625 1229.998770 1302199953
1514.416128 1209.109902 1302199955
1510.775108 1180.221042 1302199958
1506.637585 1159.554396 1302199961
1500.514051 1130.998869 1302199962
1495.797275 1099.443345 1302199964
1493.894015 1074.554481 1302199966
1491.742503 1042.554513 1302199968
1491.825253 1014.110097 1302199970
1491.990754 983.665683 1302199972
1492.735508 952.665714 1302199974
1493.563013 922.554633 1302199976
1493.976765 894.999105 1302199978
1494.225016 871.332462 1302199980
1493.149260 849.665817 1302199982
1495.218022 827.221395 1302199986
1481.481446 810.776967 1302199993
1458.642320 810.221412 1302199996
1427.941900 810.999189 1302199999
1404.440770 811.221411 1302200001
1379.946634 810.776967 1302200003
1357.273009 810.554745 1302200005
1330.213609 809.888079 1302200008
1309.856996 809.665857 1302200012
1288.838380 808.999191 1302200018
1265.420001 808.332525 1302200021
1238.443351 807.554748 1302200024
1218.252240 806.999193 1302200026
1195.909616 805.776972 1302200028
1175.553003 804.221418 1302200030
1150.893367 801.776976 1302200033
1131.033257 797.221425 1302200037
1107.118375 799.221423 1302200059
1081.051981 797.554758 1302200062
1059.950614 797.554758 1302200064
1036.201232 797.665869 1302200066
1012.534602 797.332536 1302200068
989.860976 796.888092 1302200070
968.594108 796.776981 1302200072
942.858716 799.443645 1302200075
921.922850 800.332533 1302200080
909.096529 817.110294 1302200086
909.841283 840.554715 1302200089
909.675783 861.332472 1302200091
909.179280 882.999117 1302200093
908.600027 907.665759 1302200096
909.013779 930.887958 1302200108
908.186274 953.221269 1302200111
908.600027 981.999018 1302200114
907.938023 1001.998998 1302200116
907.276019 1030.332303 1302200119
913.068551 1053.887835 1302200123
934.749171 1058.776719 1302200127
957.588298 1059.443385 1302200130
977.531158 1055.887833 1302200133
997.639519 1055.776722 1302200139
1022.050904 1066.554489 1302200161
1047.372544 1068.998931 1302200164
1071.452928 1064.554491 1302200167
1088.665023 1054.332279 1302200170
1109.352637 1054.221168 1302200176
1132.026263 1054.887834 1302200181
1156.354897 1060.776717 1302200201
1183.083295 1060.887828 1302200204
1203.357157 1060.998939 1302200206
1223.631019 1060.998939 1302200208
1250.607669 1060.554495 1302200211
1271.460784 1061.221161 1302200215
1292.231149 1062.443382 1302200220
1315.070275 1062.776715 1302200224
1338.074903 1063.443381 1302200227
1362.734539 1064.665602 1302200230
1385.490915 1064.998935 1302200233
1409.819549 1064.332269 1302200236
1434.479186 1065.665601 1302200239
1455.497802 1068.998931 1302200243
1475.771664 1071.776706 1302200256
1498.941792 1074.887814 1302200268
1506.472084 1094.665572 1302200273
1504.072321 1118.998881 1302200276
1503.162066 1147.776630 1302200279
1503.244816 1175.221047 1302200282
1503.244816 1196.776581 1302200285
1501.010554 1217.443227 1302200291
1498.859042 1241.998758 1302200294
1497.038532 1269.554286 1302200297
1495.135271 1296.665370 1302200300
1491.494251 1316.998683 1302200303
1483.550207 1337.109774 1302200318
1507.465090 1336.220886 1302200334
1537.669007 1337.443107 1302200337
1560.011630 1337.665329 1302200339
1587.319281 1340.776437 1302200341
1615.537187 1341.776436 1302200343
1638.541815 1343.109768 1302200345
1659.229429 1343.109768 1302200348
