1722.450779 1368.887520 1302280791
1700.687409 1368.887520 1302280798
1678.593036 1367.443077 1302280802
1657.822671 1366.109745 1302280805
1628.777261 1363.665303 1302280808
1608.586149 1362.443082 1302280810
1582.437004 1361.998638 1302280813
1560.673634 1361.887527 1302280816
1540.648023 1362.443082 1302280820
1520.291411 1365.331968 1302280826
1499.272794 1371.443073 1302280833
1494.473268 1346.776431 1302280838
1495.300772 1322.998677 1302280840
1495.714525 1299.887589 1302280842
1496.128277 1278.887610 1302280844
1496.128277 1252.109859 1302280847
1497.617785 1228.332105 1302280851
1500.265800 1207.443237 1302280855
1502.831064 1182.221040 1302280858
1503.079315 1153.665513 1302280861
1503.079315 1125.221097 1302280864
1501.507057 1101.332232 1302280867
1497.121282 1080.887808 1302280874
1496.293778 1055.554500 1302280879
1496.293778 1026.887862 1302280882
1496.955781 1004.110107 1302280884
1497.452284 978.443466 1302280886
1497.783286 950.443494 1302280888
1497.617785 921.443523 1302280890
1497.369534 893.776884 1302280892
1497.038532 869.110242 1302280894
1497.452284 848.332485 1302280896
1499.438295 826.332507 1302280899
1487.108477 806.221416 1302280905
1464.434852 805.554750 1302280908
1436.796199 806.554749 1302280911
1413.046817 807.332526 1302280914
1392.938456 810.110301 1302280922
1372.085341 810.999189 1302280932
1351.066724 811.443633 1302280940
1330.710112 812.665854 1302280944
1308.863991 813.221409 1302280949
1282.632096 812.554743 1302280954
1261.034226 812.554743 1302280957
1237.036594 811.221411 1302280960
1213.535464 809.554746 1302280963
1191.027339 809.110302 1302280966
1170.918978 810.110301 1302280969
1148.824606 808.554747 1302280976
1128.219742 804.443640 1302280993
1105.711617 802.999197 1302280997
1077.576461 802.332531 1302281000
1055.233838 801.776976 1302281002
1030.905203 801.110310 1302281004
1006.990321 800.665866 1302281006
984.895949 800.443644 1302281008
958.415802 800.221422 1302281011
936.321430 802.332531 1302281015
913.647804 802.776975 1302281033
908.351775 828.888060 1302281037
909.675783 859.110252 1302281040
909.344781 882.443562 1302281042
908.517276 907.999092 1302281044
908.020773 935.110176 1302281046
907.441520 961.332372 1302281048
907.027768 986.665680 1302281050
906.779516 1010.221212 1302281052
905.290008 1037.887851 1302281055
920.102340 1055.443389 1302281060
940.458953 1055.110056 1302281063
967.766604 1054.776723 1302281066
988.288717 1055.554500 1302281069
1012.038099 1058.887830 1302281096
1035.125477 1059.998940 1302281099
1058.378355 1060.221162 1302281102
1082.293237 1059.776718 1302281106
1104.056608 1057.998942 1302281113
1127.309487 1057.443387 1302281117
1151.638121 1057.887831 1302281145
1172.325736 1059.998940 1302281148
1200.047139 1060.443384 1302281151
1220.155500 1060.332273 1302281153
1240.594863 1060.332273 1302281155
1262.027232 1061.554494 1302281157
1283.873353 1063.110048 1302281159
1305.802224 1064.110047 1302281161
1333.027125 1065.665601 1302281164
1354.542244 1065.776712 1302281167
1375.891862 1064.554491 1302281170
1405.268274 1063.554492 1302281173
1426.204140 1064.110047 1302281175
1454.753048 1064.776713 1302281178
1478.916182 1062.887826 1302281181
1498.941792 1069.998930 1302281186
1502.334561 1097.554458 1302281190
1501.755308 1127.443317 1302281193
1500.845053 1149.665517 1302281195
1500.679552 1171.221051 1302281197
1502.086310 1196.221026 1302281200
1500.017548 1216.221006 1302281204
1496.376528 1239.443205 1302281207
1494.225016 1268.554287 1302281210
1492.983760 1288.554267 1302281212
1489.508240 1315.554240 1302281215
1485.784470 1338.776439 1302281219
1501.589807 1352.331981 1302281229
1526.332194 1353.109758 1302281232
1546.275054 1350.220872 1302281234
1567.376421 1348.776429 1302281236
1591.043052 1349.554206 1302281238
1612.475421 1350.665316 1302281240
1638.210813 1350.443094 1302281243
1664.111706 1354.331979 1302281246
1688.192089 1356.887532 1302281249
1708.879704 1356.220866 1302281252
1729.484568 1355.665311 1302281255
1758.033476 1354.443090 1302281258
1780.541600 1354.109757 1302281260
1805.201237 1354.220868 1302281262
1831.929635 1353.776424 1302281264
1860.644043 1352.554203 1302281266
1890.185957 1351.554204 1302281268
1919.562369 1350.443094 1302281270
1947.780276 1349.554206 1302281272
1974.177672 1348.776429 1302281274
1998.175304 1348.887540 1302281276
2029.951480 1349.443095 1302281279
2055.604122 1349.776428 1302281282
2075.960735 1350.220872 1302281286
2096.813850 1350.776427 1302281299
2119.487475 1351.220871 1302281302
2149.360391 1351.554204 1302281305
2172.613269 1352.220870 1302281307
2197.852159 1352.776425 1302281309
2225.077060 1353.109758 1302281311
2253.046714 1353.443091 1302281313
2281.761123 1353.220869 1302281315
2311.054785 1353.776424 1302281317
2340.348447 1354.443090 1302281319
2368.069851 1354.331979 1302281321
2392.729487 1354.554201 1302281323
2415.237612 1355.554200 1302281325
2443.869270 1356.109755 1302281328
2464.639635 1356.443088 1302281331
2485.823752 1356.998643 1302281360
