3331.285179 798.332535 1302282207
3330.292174 819.110292 1302282218
3331.036928 843.110268 1302282222
3331.119678 870.776907 1302282225
3330.788677 892.665774 1302282227
3330.623176 916.999083 1302282229
3330.043923 940.999059 1302282231
3329.299168 963.554592 1302282233
3328.637165 992.110119 1302282236
3328.140662 1014.776763 1302282239
3327.644159 1035.665631 1302282243
3329.547420 1057.332276 1302282250
3328.968167 1079.110032 1302282279
3326.982156 1099.332234 1302282296
3326.071901 1125.998874 1302282301
3324.996145 1155.109956 1302282304
3324.499642 1178.665488 1302282306
3323.672137 1203.665463 1302282308
3321.851627 1227.220995 1302282310
3319.700115 1247.554308 1302282312
3316.886600 1274.776503 1302282315
3314.321336 1298.776479 1302282318
3312.418075 1319.332014 1302282321
3311.176818 1340.443104 1302282327
3310.349314 1361.109750 1302282353
3298.019495 1378.554177 1302282358
3270.132591 1383.554172 1302282362
3249.941479 1386.220836 1302282364
3227.350604 1388.665278 1302282366
3203.849474 1390.443054 1302282368
3179.520840 1391.665275 1302282370
3155.109455 1391.443053 1302282372
3128.877560 1390.776387 1302282374
3101.321657 1390.443054 1302282376
3073.434753 1390.220832 1302282378
3045.382348 1389.776388 1302282380
3018.902201 1389.665277 1302282382
2996.228576 1389.331944 1302282384
2969.996681 1389.776388 1302282387
2949.226316 1389.554166 1302282414
2927.711197 1386.331947 1302282418
2899.989793 1384.443060 1302282421
2877.729920 1383.554172 1302282423
2852.987533 1382.887506 1302282425
2826.507387 1381.998618 1302282427
2799.861739 1381.331952 1302282429
2774.126347 1380.665286 1302282431
2749.963213 1379.887509 1302282433
2727.455089 1379.331954 1302282435
2705.443467 1378.554177 1302282437
2682.521590 1378.220844 1302282439
2658.441207 1377.887511 1302282441
2633.947072 1377.776400 1302282443
2609.949439 1378.220844 1302282445
2587.110312 1378.998621 1302282447
2560.464665 1379.665287 1302282450
2539.032296 1381.220841 1302282454
2513.131403 1382.887506 1302282479
2489.051020 1382.220840 1302282482
2466.873897 1380.998619 1302282485
2442.131510 1378.220844 1302282504
2419.292384 1375.220847 1302282507
2388.674715 1373.998626 1302282510
2365.256335 1373.443071 1302282512
2340.348447 1373.109738 1302282514
2314.778556 1372.443072 1302282516
2288.050158 1371.887517 1302282518
2261.073509 1371.109740 1302282520
2233.765858 1371.109740 1302282522
2207.451212 1370.665296 1302282524
2183.453579 1370.220852 1302282526
2162.600464 1370.109741 1302282528
2138.520081 1369.554186 1302282531
2116.922211 1368.554187 1302282537
2091.186819 1367.887521 1302282541
2060.982902 1367.331966 1302282544
2037.316271 1366.887522 1302282546
2011.498128 1366.220856 1302282548
1983.528473 1365.998634 1302282550
1955.641569 1366.331967 1302282552
1927.837415 1367.443077 1302282554
1900.447014 1368.554187 1302282556
1873.222113 1369.998630 1302282558
1846.741967 1370.554185 1302282560
1821.172075 1370.998629 1302282562
1798.829452 1370.887518 1302282564
1771.439050 1370.443074 1302282567
1750.751436 1369.443075 1302282570
1730.643074 1369.554186 1302282593
1708.052199 1367.554188 1302282598
1685.295823 1365.887523 1302282602
1660.139684 1361.220861 1302282606
1633.990540 1357.220865 1302282609
1612.475421 1355.776422 1302282611
1590.546549 1351.554204 1302282613
1569.114181 1350.220872 1302282615
1542.965036 1349.109762 1302282618
1521.367167 1349.665317 1302282621
1500.679552 1353.109758 1302282641
1491.494251 1326.998673 1302282658
1491.990754 1302.887586 1302282661
1493.149260 1276.776501 1302282663
1493.066510 1253.220969 1302282667
1494.721519 1227.665439 1302282670
1496.293778 1204.109907 1302282672
1499.934798 1179.109932 1302282674
1502.831064 1153.665513 1302282676
1504.734325 1131.665535 1302282678
1504.320572 1106.110005 1302282681
1501.920809 1084.110027 1302282687
1501.424306 1064.110047 1302282692
1501.838058 1038.221184 1302282695
1502.169060 1016.776761 1302282697
1502.913814 992.665674 1302282699
1503.906820 966.554589 1302282701
1504.817075 941.332392 1302282703
1505.396328 918.554637 1302282705
1506.141082 890.776887 1302282708
1506.637585 868.110243 1302282712
1507.547840 846.665820 1302282720
1507.299589 825.888063 1302282731
1491.163249 812.110299 1302282741
1466.586363 810.665856 1302282744
1446.560753 810.221412 1302282746
1423.721626 808.665858 1302282748
1399.144740 807.332526 1302282750
1375.478109 805.999194 1302282752
1355.286998 805.554750 1302282754
1333.027125 804.554751 1302282757
1312.422261 803.221419 1302282763
1291.072642 804.221418 1302282768
1264.675246 802.443642 1302282771
1242.580874 800.332533 1302282773
1218.831493 799.443645 1302282775
1196.406119 799.443645 1302282777
1176.297758 799.221423 1302282779
1153.706883 799.443645 1302282782
1132.109013 801.443643 1302282786
1111.338648 809.554746 1302282810
1086.761762 807.332526 1302282814
1062.019375 806.888082 1302282817
1033.387717 805.888083 1302282820
1006.162816 804.665862 1302282823
984.316695 804.110307 1302282826
962.636076 804.332529 1302282830
939.548698 805.554750 1302282844
919.523087 805.776972 1302282848
901.566238 814.776963 1302282857
902.807495 843.332490 1302282861
903.469498 873.999126 1302282864
903.221247 898.443546 1302282866
902.724744 925.776852 1302282868
901.897239 954.332379 1302282870
901.235236 983.110128 1302282872
900.407731 1009.443435 1302282874
899.828478 1030.110081 1302282876
899.993979 1050.443394 1302282879
921.012595 1062.554493 1302282888
944.844727 1061.665605 1302282891
968.428608 1061.110050 1302282894
989.695475 1062.554493 1302282899
