1722.533529 1366.665300 1302290146
1698.370396 1366.776411 1302290157
1677.765532 1366.443078 1302290160
1656.829666 1368.109743 1302290163
1633.163035 1366.220856 1302290166
1611.316914 1363.331970 1302290168
1588.560538 1360.220862 1302290170
1567.872924 1358.220864 1302290172
1542.303032 1357.109754 1302290175
1522.442922 1359.443085 1302290184
1502.913814 1353.776424 1302290189
1495.383523 1326.665340 1302290193
1492.321756 1300.554255 1302290196
1492.487257 1271.887617 1302290199
1490.087493 1249.887639 1302290202
1485.453468 1228.220994 1302290207
1503.824069 1207.665459 1302290211
1524.428933 1193.332140 1302290213
1530.800719 1166.665500 1302290216
1532.041976 1136.998863 1302290219
1525.504689 1112.776665 1302290222
1515.160882 1092.221130 1302290226
1510.526857 1072.221150 1302290229
1509.285600 1042.887846 1302290232
1508.954598 1019.332314 1302290234
1508.706346 993.332340 1302290236
1507.547840 966.999033 1302290238
1507.134088 939.554616 1302290240
1506.803086 912.554643 1302290242
1506.472084 887.221335 1302290244
1505.975581 864.888024 1302290246
1505.975581 839.332494 1302290249
1506.720335 818.110293 1302290254
1489.177238 808.332525 1302290259
1465.841609 805.554750 1302290262
1444.988494 803.888085 1302290264
1421.735615 803.332530 1302290266
1398.896489 803.332530 1302290268
1373.078346 804.554751 1302290270
1352.390732 804.110307 1302290272
1329.220604 804.999195 1302290275
1308.863991 803.443641 1302290291
1289.748635 793.554762 1302290298
1269.557523 791.443653 1302290300
1243.739381 792.332541 1302290302
1218.914243 792.888096 1302290304
1194.999361 792.443652 1302290306
1173.815244 791.110320 1302290308
1153.375881 790.221432 1302290310
1134.095024 802.554753 1302290314
1113.076408 803.110308 1302290331
1089.575278 800.776977 1302290334
1069.218665 800.332533 1302290336
1045.883036 799.665867 1302290338
1021.637152 799.332534 1302290340
997.225767 798.332535 1302290342
975.627897 798.221424 1302290344
948.899500 798.888090 1302290347
925.481120 800.776977 1302290351
906.945017 808.443636 1302290356
907.110518 833.888055 1302290360
907.276019 862.554693 1302290363
907.027768 885.888003 1302290365
906.283014 910.221312 1302290367
905.621010 934.887954 1302290369
904.959006 959.999040 1302290371
905.786511 979.999020 1302290373
906.531265 1001.221221 1302290376
905.290008 1024.998975 1302290382
907.027768 1048.776729 1302290387
927.218880 1057.443387 1302290391
953.368024 1058.332275 1302290394
976.124400 1057.776720 1302290397
996.398262 1055.887833 1302290419
1023.126660 1058.443386 1302290424
1049.110304 1059.665607 1302290427
1073.521689 1057.887831 1302290430
1095.036808 1056.776721 1302290435
1118.951690 1057.665609 1302290443
1141.542565 1057.221165 1302290448
1163.554187 1059.110052 1302290475
1186.972567 1060.110051 1302290478
1209.646192 1060.332273 1302290481
1230.664808 1061.110050 1302290484
1255.324445 1061.332272 1302290488
1275.350056 1062.443382 1302290494
1295.375666 1063.665603 1302290509
1320.614556 1064.443380 1302290512
1349.246214 1066.554489 1302290515
1377.381370 1067.221155 1302290518
1405.102773 1067.998932 1302290521
1433.899933 1068.887820 1302290524
1461.042083 1070.110041 1302290527
1484.791464 1070.554485 1302290531
1504.982576 1081.221141 1302290539
1504.403323 1101.776676 1302290542
1504.155071 1128.443316 1302290545
1504.486073 1155.665511 1302290548
1503.906820 1179.554376 1302290551
1502.665563 1200.221022 1302290562
1503.989570 1220.887668 1302290568
1503.327567 1242.776535 1302290571
1501.424306 1266.776511 1302290574
1500.017548 1292.887596 1302290577
1496.542029 1317.109794 1302290580
1488.432484 1337.554218 1302290584
