3312.418075 466.555089 1303407127
3309.190807 493.999506 1303407140
3308.197802 522.999477 1303407143
3308.611554 546.110565 1303407145
3308.197802 570.554985 1303407147
3308.446053 596.110515 1303407149
3309.356308 622.332711 1303407151
3309.935561 648.221574 1303407153
3309.935561 674.221548 1303407155
3309.687310 699.554856 1303407157
3310.349314 722.443722 1303407159
3313.824833 749.443695 1303407162
3315.066090 769.554786 1303407167
3317.465853 792.888096 1303407189
3318.624359 813.443631 1303407191
3319.286363 836.110275 1303407193
3319.700115 859.221363 1303407195
3319.948367 883.443561 1303407197
3319.617365 908.776869 1303407199
3320.858622 934.554621 1303407201
3321.106873 960.443484 1303407203
3321.272374 985.887903 1303407205
3320.941372 1009.776768 1303407207
3320.693121 1030.110081 1303407209
3320.113868 1050.110061 1303407212
3321.934378 1072.998927 1303407232
3320.196618 1093.332240 1303407235
3320.362119 1113.332220 1303407237
3319.865616 1137.665529 1303407239
3319.038112 1162.887726 1303407241
3318.541609 1188.776589 1303407243
3316.721099 1212.998787 1303407245
3315.479842 1237.332096 1303407247
3313.493831 1259.332074 1303407249
3311.921572 1280.554275 1303407251
3311.756071 1302.220920 1303407253
3312.583576 1328.332005 1303407256
3312.666326 1348.776429 1303407260
3297.026490 1367.887521 1303407267
3273.194358 1375.554180 1303407270
3252.258492 1379.998620 1303407272
3229.253865 1382.554173 1303407274
3205.587234 1383.887505 1303407276
3181.589601 1383.443061 1303407278
3157.591968 1383.109728 1303407280
3133.263334 1382.220840 1303407282
3107.445191 1380.776397 1303407284
3082.951056 1380.887508 1303407286
3059.201674 1381.220841 1303407288
3035.700544 1380.665286 1303407290
3012.199414 1378.776399 1303407292
2989.691290 1376.776401 1303407294
2961.721635 1378.220844 1303407297
2941.282272 1381.443063 1303407312
2916.457134 1379.776398 1303407317
2888.073727 1378.331955 1303407321
2867.137862 1377.776400 1303407323
2842.229974 1377.109734 1303407325
2817.901339 1376.554179 1303407327
2793.407204 1375.998624 1303407329
2769.161320 1375.665291 1303407331
2745.494689 1375.665291 1303407333
2722.159060 1374.887514 1303407335
2698.326928 1374.220848 1303407337
2674.743047 1372.998627 1303407339
2652.152172 1371.887517 1303407341
2629.644048 1370.665296 1303407343
2608.873683 1369.887519 1303407345
2582.145285 1367.665299 1303407348
2561.292170 1367.109744 1303407351
2539.942551 1366.776411 1303407369
2518.427432 1368.887520 1303407374
2495.257304 1369.554186 1303407377
2472.583679 1368.887520 1303407380
2451.151310 1368.109743 1303407383
2424.919415 1367.220855 1303407386
2395.377502 1366.887522 1303407389
2374.524386 1368.109743 1303407391
2352.843766 1369.554186 1303407393
2330.501143 1371.776406 1303407395
2307.248264 1374.998625 1303407397
2282.505877 1377.554178 1303407399
2255.860230 1377.220845 1303407401
2229.628335 1376.109735 1303407403
2203.810192 1374.554181 1303407405
2179.564308 1372.220850 1303407407
2156.725181 1370.887518 1303407409
2131.155290 1369.331964 1303407412
2109.391920 1371.331962 1303407416
2081.918768 1375.109736 1303407420
2054.114614 1372.443072 1303407423
2032.599495 1369.776408 1303407425
2007.939858 1367.554188 1303407427
1983.114721 1366.776411 1303407429
1958.206833 1365.443079 1303407431
1932.802443 1364.220858 1303407433
1906.984300 1362.998637 1303407435
1881.579909 1362.443082 1303407437
1857.251275 1362.443082 1303407439
1833.005391 1362.887526 1303407441
1809.256009 1362.887526 1303407443
1786.168631 1362.665304 1303407445
1764.239760 1362.887526 1303407447
1743.634896 1362.331971 1303407449
1717.816753 1362.443082 1303407452
