1760.267738 1371.331962 1302293545
1737.594113 1370.887518 1302293568
1715.582491 1369.109742 1302293571
1691.171106 1366.887522 1302293574
1665.766715 1365.331968 1302293577
1645.658354 1364.887524 1302293579
1623.481231 1364.220858 1302293581
1600.724856 1363.109748 1302293583
1576.644472 1363.109748 1302293585
1553.060592 1363.109748 1302293587
1532.207476 1361.776416 1302293589
1509.368350 1361.776416 1302293592
1505.810080 1338.220884 1302293608
1505.148077 1315.887573 1302293611
1505.065326 1293.220929 1302293612
1506.389334 1272.665394 1302293613
1504.899825 1248.998751 1302293615
1499.521046 1228.998771 1302293620
1499.024543 1205.887683 1302293625
1499.438295 1181.887707 1302293628
1498.197038 1151.109960 1302293631
1497.866037 1130.332203 1302293633
1497.286783 1105.665561 1302293636
1496.542029 1083.554472 1302293642
1497.286783 1059.221163 1302293646
1498.610791 1029.776748 1302293649
1499.190044 1006.110105 1302293651
1499.438295 980.776797 1302293653
1499.852047 954.665712 1302293655
1500.679552 927.999072 1302293657
1501.341556 901.443543 1302293659
1501.672558 877.443567 1302293661
1501.755308 857.332476 1302293663
1500.679552 834.110277 1302293666
1501.341556 813.665853 1302293680
1478.585180 807.999192 1302293685
1453.346290 807.665859 1302293688
1422.314869 806.888082 1302293691
1400.220496 806.221416 1302293693
1377.712372 809.443635 1302293695
1356.859256 809.221413 1302293697
1332.530622 809.221413 1302293700
1311.263754 808.554747 1302293709
1296.451422 822.776955 1302293732
1273.033043 823.888065 1302293734
1252.841931 819.999180 1302293736
1230.830309 819.554736 1302293738
1204.598414 822.221400 1302293740
1182.255790 821.221401 1302293742
1160.657921 818.776959 1302293744
1140.301308 811.999188 1302293748
1113.076408 811.110300 1302293764
1082.458738 808.776969 1302293767
1058.461106 808.110303 1302293769
1033.139466 807.776970 1302293771
1010.052088 807.221415 1302293773
988.950721 807.888081 1302293775
968.676859 807.888081 1302293777
940.955456 808.999191 1302293780
916.378570 809.554746 1302293784
907.110518 830.999169 1302293789
908.269025 855.110256 1302293792
908.517276 876.332457 1302293794
907.027768 899.110212 1302293796
905.869261 924.887964 1302293798
904.793506 951.776826 1302293800
904.379753 977.554578 1302293802
903.138496 1000.554555 1302293804
901.483487 1027.776750 1302293807
901.814489 1050.998949 1302293811
926.639626 1056.554499 1302293816
948.982250 1055.554500 1302293819
971.324874 1054.998945 1302293822
991.929738 1055.443389 1302293827
1011.624347 1060.332273 1302293846
1037.276988 1061.998938 1302293849
1064.998392 1060.554495 1302293852
1086.679012 1060.443384 1302293855
1111.338648 1061.110050 1302293862
1131.612510 1060.665606 1302293866
1153.789633 1061.554494 1302293894
1182.255790 1062.887826 1302293898
1212.045955 1063.554492 1302293901
1233.643825 1063.221159 1302293903
1255.076193 1063.554492 1302293905
1275.763808 1063.443381 1302293907
1295.954919 1063.110048 1302293909
1325.579583 1064.998935 1302293912
1354.459493 1065.776712 1302293915
1382.925651 1066.443378 1302293918
1409.819549 1065.887823 1302293921
1434.892938 1067.554488 1302293925
1458.807820 1068.110043 1302293929
1480.736692 1070.554485 1302293934
1501.589807 1081.776696 1302293941
1503.244816 1102.776675 1302293944
1500.845053 1131.109980 1302293947
1499.934798 1159.776618 1302293950
1498.941792 1184.221038 1302293953
1495.135271 1207.221015 1302293960
1495.962776 1227.332106 1302293963
1496.211027 1254.554301 1302293966
1494.804270 1279.887609 1302293969
1491.659752 1303.220919 1302293973
1486.446473 1323.776454 1302294000
1498.114288 1342.220880 1302294009
1523.104926 1347.331986 1302294013
1543.213287 1345.665321 1302294015
1571.762195 1346.776431 1302294018
1597.911340 1348.776429 1302294021
1621.329720 1348.331985 1302294024
1644.499848 1348.443096 1302294028
1666.511469 1347.887541 1302294033
1684.716570 1356.998643 1302294041
1711.610469 1362.220860 1302294046
1739.083621 1361.887527 1302294049
1760.433239 1362.331971 1302294051
1783.437866 1362.665304 1302294053
1808.594006 1363.665303 1302294055
1835.074152 1363.776414 1302294057
1862.381803 1362.331971 1302294059
1890.351458 1360.887528 1302294061
1919.065867 1359.554196 1302294063
1947.945776 1358.443086 1302294065
1976.660185 1357.331976 1302294067
2005.374594 1356.776421 1302294069
2033.013247 1356.665310 1302294071
2056.348876 1357.443087 1302294073
2078.857001 1357.776420 1302294076
