2542.342315 562.110549 1302307288
2521.075447 561.443883 1302307297
2490.954280 560.666106 1302307300
2466.046393 560.666106 1302307302
2439.400745 560.443884 1302307304
2411.265590 559.777218 1302307306
2381.971928 558.999441 1302307308
2351.685260 557.999442 1302307310
2320.488337 557.110554 1302307312
2288.712162 556.443888 1302307314
2256.935986 555.443889 1302307316
2225.821814 553.999446 1302307318
2197.190155 552.555003 1302307320
2171.868515 551.666115 1302307322
2150.436147 551.666115 1302307324
2129.003778 550.666116 1302307328
2105.088896 551.110560 1302307343
2077.119241 552.999447 1302307346
2053.204359 552.999447 1302307348
2024.489950 552.666114 1302307350
1994.782536 552.332781 1302307352
1964.578618 551.777226 1302307354
1933.547197 550.999449 1302307356
1901.688271 550.888338 1302307358
1870.574098 550.221672 1302307360
1840.701183 549.777228 1302307362
1813.724534 549.443895 1302307364
1788.899397 548.999451 1302307366
1765.398267 547.999452 1302307368
1741.152382 546.888342 1302307370
1715.085988 546.777231 1302307372
1687.116333 546.332787 1302307374
1657.491670 546.332787 1302307376
1626.625749 546.777231 1302307378
1596.173580 547.110564 1302307380
1567.128170 547.666119 1302307382
1541.723779 548.443896 1302307384
1521.201666 548.666118 1302307386
1501.589807 552.888336 1302307389
1499.769297 577.110534 1302307393
1500.348550 605.332728 1302307396
1499.603796 628.554927 1302307398
1499.355545 655.554900 1302307400
1499.438295 685.221537 1302307402
1500.183049 716.554839 1302307404
1501.589807 747.554808 1302307406
1503.493068 777.110334 1302307408
1503.906820 801.888087 1302307410
1503.824069 824.443620 1302307413
1486.694725 840.110271 1302307418
1463.524597 843.221379 1302307421
1443.416235 843.665823 1302307423
1418.177346 836.665830 1302307425
1392.524704 829.888059 1302307427
1366.458310 821.443623 1302307429
1342.543427 813.888075 1302307431
1317.304538 811.776966 1302307434
1295.706668 816.999183 1302307445
1273.777797 821.776956 1302307449
1252.676430 823.221399 1302307451
1227.768542 823.332510 1302307453
1203.026155 823.332510 1302307455
1181.842038 823.888065 1302307457
1159.995917 822.221400 1302307460
1135.584532 820.999179 1302307466
1109.104386 820.999179 1302307469
1088.168520 820.554735 1302307471
1061.357372 819.443625 1302307473
1034.380722 819.888069 1302307475
1008.314328 818.665848 1302307477
985.392451 817.999182 1302307479
960.650065 816.776961 1302307482
940.127951 813.110298 1302307491
916.792322 806.665860 1302307518
891.387931 806.443638 1302307521
860.604761 806.554749 1302307524
837.351882 807.332526 1302307526
813.354250 806.999193 1302307528
788.942865 806.888082 1302307530
763.455724 806.443638 1302307532
737.720331 805.443639 1302307534
711.819438 804.221418 1302307536
686.166796 803.443641 1302307538
662.003662 804.554751 1302307540
639.330037 805.110306 1302307542
618.311421 805.443639 1302307544
590.341766 805.443639 1302307547
568.412895 804.776973 1302307550
544.746264 801.776976 1302307577
521.658886 797.888091 1302307580
501.054022 793.554762 1302307582
475.732382 791.443653 1302307584
448.921234 790.110321 1302307586
422.689338 788.776989 1302307588
397.450449 787.332546 1302307590
373.618317 785.554770 1302307592
351.275693 783.665883 1302307594
331.250083 782.332551 1302307596
310.645219 782.221440 1302307599
286.730336 786.221436 1302307608
259.588186 788.221434 1302307611
238.486819 788.332545 1302307613
211.592921 787.665879 1302307616
191.484559 786.999213 1302307622
169.721189 788.221434 1302307627
147.544066 787.443657 1302307630
124.208437 786.665880 1302307633
