3303.232774 1151.665515 1302306638
3306.791044 1129.776648 1302306657
3307.949550 1108.776669 1302306660
3308.446053 1079.443365 1302306663
3308.942556 1056.665610 1302306665
3309.935561 1030.998969 1302306667
3311.011317 1003.887885 1302306669
3311.921572 976.776801 1302306671
3312.666326 950.443494 1302306673
3313.162829 925.887963 1302306675
3313.659332 902.776875 1302306677
3314.900589 875.999124 1302306680
3308.363303 854.999145 1302306688
3284.034668 854.554701 1302306692
3256.561516 855.665811 1302306695
3227.929858 855.443589 1302306698
3204.594228 856.110255 1302306701
3182.913609 856.776921 1302306726
3162.639746 856.776921 1302306729
3133.346084 855.110256 1302306732
3110.837960 853.665813 1302306734
3086.923078 852.443592 1302306736
3062.677193 850.999149 1302306738
3038.100307 849.554706 1302306740
3014.185425 848.332485 1302306742
2991.180798 847.221375 1302306744
2968.341671 845.888043 1302306746
2945.171543 844.999155 1302306748
2922.001415 844.221378 1302306750
2899.658792 843.332490 1302306752
2877.647170 841.999158 1302306754
2855.304546 841.665825 1302306756
2832.713671 841.665825 1302306758
2810.784800 841.332492 1302306760
2789.766184 840.888048 1302306762
2762.955035 840.888048 1302306765
2739.288404 841.332492 1302306769
2716.201027 841.110270 1302306776
2692.368895 840.554715 1302306780
2668.205761 839.221383 1302306784
2647.352646 838.110273 1302306788
2620.293246 837.443607 1302306792
2594.640604 836.443608 1302306795
2568.656960 835.999164 1302306798
2543.418071 835.443609 1302306801
2518.096431 835.888053 1302306804
2491.037031 835.221387 1302306807
2462.322622 834.221388 1302306810
2432.863459 833.554722 1302306813
2403.983549 832.999167 1302306816
2374.110634 832.332501 1302306819
2344.899722 831.665835 1302306822
2316.102563 831.110280 1302306825
2287.305404 830.332503 1302306828
2267.031542 829.999170 1302306830
2238.317133 829.332504 1302306833
2213.905748 829.110282 1302306836
2189.328862 828.443616 1302306840
2168.227495 827.999172 1302306844
2146.050372 827.776950 1302306848
2123.956000 828.554727 1302306852
2097.310353 827.665839 1302306856
2077.201992 826.999173 1302306859
2054.859368 826.332507 1302306862
2031.606489 825.999174 1302306865
2010.256871 825.332508 1302306868
1987.996998 824.221398 1302306872
1967.309384 824.776953 1302306879
1946.704520 824.999175 1302306904
1925.851404 825.665841 1302306923
1904.915538 824.888064 1302306946
1880.504153 823.999176 1302306954
1859.485537 823.221399 1302306960
1838.218669 822.999177 1302306967
1815.214042 822.332511 1302306973
1788.071892 822.110289 1302306977
1764.488012 821.665845 1302306980
1742.393639 821.443623 1302306984
1722.119777 821.554734 1302306990
1698.949649 820.554735 1302306994
1671.559247 819.554736 1302306997
1650.871633 818.443626 1302306999
1629.604765 817.443627 1302307001
1607.593144 816.999183 1302307003
1585.167769 817.332516 1302307005
1563.321649 817.110294 1302307007
1536.427750 817.221405 1302307010
1515.160882 816.999183 1302307014
1492.156255 816.554739 1302307023
1464.517602 814.888074 1302307026
1441.512975 813.999186 1302307028
1419.832355 814.776963 1302307030
1398.648238 814.110297 1302307032
1378.539876 813.888075 1302307034
1350.487471 813.665853 1302307037
1328.724101 812.665854 1302307040
1306.712479 812.332521 1302307047
1281.390839 807.999192 1302307052
1256.565702 805.554750 1302307055
1234.967832 804.110307 1302307057
1209.894443 805.332528 1302307059
1186.145062 806.888082 1302307061
1159.002912 806.999193 1302307064
1138.398048 809.888079 1302307069
1116.138175 811.110300 1302307082
1106.621872 830.776947 1302307088
1106.373621 853.999146 1302307092
1107.283876 874.554681 1302307096
1107.118375 898.443546 1302307100
1107.697628 920.887968 1302307104
1111.835151 940.554615 1302307111
