3337.656965 293.333040 1302530549
3335.505453 315.555240 1302530565
3333.022939 338.888550 1302530569
3332.691937 359.888529 1302530572
3332.857438 380.999619 1302530575
3333.271190 406.888482 1302530579
3336.332957 427.555128 1302530585
3336.332957 451.443993 1302530608
3334.760699 477.888411 1302530612
3333.850444 498.110613 1302530615
3331.036928 518.777259 1302530619
3329.961172 539.999460 1302530635
3330.043923 560.110551 1302530639
3330.540425 584.110527 1302530642
3331.864433 604.332729 1302530644
3332.526436 627.110484 1302530646
3332.195434 651.999348 1302530648
3332.278185 677.443767 1302530650
3332.443686 703.221519 1302530652
3332.691937 729.999270 1302530654
3332.774688 757.554798 1302530656
3332.195434 784.999215 1302530658
3331.616181 811.332522 1302530660
3331.119678 836.999163 1302530662
3330.374924 862.999137 1302530664
3329.712921 890.332443 1302530666
3329.381919 917.776860 1302530668
3328.885416 944.999055 1302530670
3328.223412 971.999028 1302530672
3327.726910 998.332335 1302530674
3327.313157 1022.554533 1302530676
3326.982156 1042.998957 1302530678
3326.237401 1072.665594 1302530681
3325.906400 1093.110018 1302530683
3325.409897 1114.443330 1302530685
3326.237401 1135.109976 1302530687
3325.492647 1157.443287 1302530689
3324.665143 1179.887709 1302530691
3323.092884 1202.221020 1302530693
3320.527620 1223.332110 1302530695
3318.127857 1249.554306 1302530698
3316.059095 1271.665395 1302530702
3312.252574 1291.776486 1302530725
3311.094068 1312.665354 1302530730
3310.432064 1332.665334 1302530736
3308.611554 1356.665310 1302530750
3300.584760 1375.998624 1302530754
3275.842373 1383.998616 1302530758
3251.182736 1387.220835 1302530761
3222.054575 1390.109721 1302530764
3201.035959 1391.554164 1302530766
3179.603590 1391.998608 1302530768
3158.502223 1391.776386 1302530770
3138.393862 1391.443053 1302530772
3118.202751 1391.220831 1302530774
3097.101384 1390.887498 1302530776
3075.172513 1390.554165 1302530778
3054.236647 1389.998610 1302530780
3026.846245 1389.443055 1302530783
3002.352110 1388.554167 1302530787
2979.347482 1388.998611 1302530791
2958.825369 1388.331945 1302530795
2936.234494 1385.554170 1302530817
2914.553874 1384.554171 1302530820
2887.328973 1383.554172 1302530823
2866.393107 1382.887506 1302530825
2843.388480 1382.331951 1302530827
2819.059846 1381.776396 1302530829
2793.986457 1381.443063 1302530831
2768.416565 1380.887508 1302530833
2742.267421 1380.220842 1302530835
2716.366528 1379.887509 1302530837
2690.962137 1379.331954 1302530839
2666.550752 1378.887510 1302530841
2643.380624 1378.554177 1302530843
2622.858510 1377.220845 1302530845
2597.205868 1375.331958 1302530848
2572.380731 1373.998626 1302530852
2550.534610 1373.109738 1302530876
2526.371476 1372.554183 1302530881
2503.615101 1372.331961 1302530884
2483.589490 1371.998628 1302530887
2461.991620 1370.443074 1302530906
2436.421729 1369.776408 1302530910
2406.797065 1368.331965 1302530913
2383.461436 1367.443077 1302530915
2357.395042 1366.776411 1302530917
2330.170141 1366.220856 1302530919
2302.448738 1366.220856 1302530921
2274.727334 1365.998634 1302530923
2247.171432 1365.331968 1302530925
2220.443034 1364.776413 1302530927
2196.197150 1364.109747 1302530929
2174.599280 1363.776414 1302530931
2148.036383 1363.331970 1302530934
2124.866255 1362.443082 1302530938
2104.178641 1360.887528 1302530964
2066.278931 1359.776418 1302530969
2046.170570 1359.443085 1302530971
2023.993447 1358.887530 1302530973
2000.078565 1358.554197 1302530975
1975.253428 1358.887530 1302530977
1950.097288 1359.665307 1302530979
1925.023900 1360.554195 1302530981
1900.778016 1361.331972 1302530983
1877.525137 1361.887527 1302530985
1855.099763 1362.554193 1302530987
1833.419143 1362.998637 1302530989
1812.566027 1362.998637 1302530991
1784.182620 1362.443082 1302530994
1759.522984 1361.776416 1302530997
1737.097610 1360.887528 1302531001
