912.406548 810.554745 1302538506
912.406548 832.221390 1302538509
912.572049 861.888027 1302538512
912.654799 882.221340 1302538514
911.992795 902.999097 1302538517
911.413542 925.665741 1302538532
910.586038 953.776824 1302538536
910.503287 983.665683 1302538539
910.420537 1005.443439 1302538541
909.675783 1032.110079 1302538544
921.757349 1051.665615 1302538549
942.858716 1051.665615 1302538553
968.097606 1050.776727 1302538556
991.019483 1050.443394 1302538560
1014.851614 1053.776724 1302538575
1040.918009 1055.110056 1302538578
1069.053164 1055.887833 1302538581
1091.313037 1053.998946 1302538584
1116.220925 1051.776726 1302538590
1138.811800 1050.998949 1302538594
1163.802438 1051.332282 1302538616
1188.131073 1052.887836 1302538619
1215.604225 1055.332278 1302538622
1245.477140 1056.554499 1302538625
1265.751002 1057.221165 1302538627
1286.190365 1057.554498 1302538629
1307.043481 1058.221164 1302538631
1328.144848 1058.776719 1302538633
1348.915212 1059.887829 1302538635
1378.539876 1060.776717 1302538638
1406.509531 1061.110050 1302538641
1434.148184 1061.887827 1302538644
1462.283340 1063.110048 1302538647
1484.046710 1063.554492 1302538650
1504.486073 1073.110038 1302538656
1507.630591 1097.332236 1302538660
1507.382339 1122.554433 1302538663
1506.472084 1151.221071 1302538666
1506.472084 1171.776606 1302538668
1507.465090 1195.332138 1302538671
1502.169060 1216.109895 1302538677
1498.114288 1239.220983 1302538680
1495.880026 1267.776510 1302538683
1494.225016 1295.443149 1302538686
1491.908004 1317.998682 1302538689
1490.170244 1339.554216 1302538694
1511.271611 1350.443094 1302538700
1536.427750 1349.220873 1302538703
1562.494144 1346.776431 1302538706
1588.146786 1346.776431 1302538709
1612.475421 1348.109763 1302538712
1635.231796 1349.443095 1302538715
1658.567426 1353.998646 1302538719
1685.957827 1355.554200 1302538723
1711.941471 1355.998644 1302538726
1735.773603 1355.665311 1302538729
1766.225771 1354.776423 1302538732
1790.637156 1354.220868 1302538734
1817.448305 1353.887535 1302538736
1846.245464 1353.554202 1302538738
1876.366630 1352.665314 1302538740
1906.487797 1351.554204 1302538742
1935.698709 1350.109761 1302538744
1963.254611 1348.998651 1302538746
1988.576251 1348.554207 1302538748
2012.077381 1348.109763 1302538750
2033.178748 1348.554207 1302538752
2058.252137 1348.776429 1302538755
2079.850006 1348.776429 1302538760
2101.861628 1348.998651 1302538765
2128.341774 1349.887539 1302538768
2149.691393 1350.331983 1302538770
2172.778770 1351.109760 1302538772
2196.693653 1352.220870 1302538774
2221.270539 1352.443092 1302538776
2246.095676 1352.887536 1302538778
2271.831068 1353.220869 1302538780
2298.559466 1353.665313 1302538782
2325.784367 1353.887535 1302538784
2353.257519 1354.109757 1302538786
2380.068667 1354.109757 1302538788
2405.555808 1354.776423 1302538790
2428.891437 1355.331978 1302538792
2457.192094 1355.776422 1302538795
2481.686229 1356.554199 1302538799
2507.007869 1356.887532 1302538817
2530.757251 1357.998642 1302538820
2551.031113 1358.665308 1302538822
2573.290986 1358.887530 1302538824
2597.040367 1359.443085 1302538826
2622.279257 1359.665307 1302538828
2648.262901 1360.220862 1302538830
2674.577546 1360.776417 1302538832
2700.809441 1361.220861 1302538834
2726.627584 1361.998638 1302538836
2752.445727 1362.887526 1302538838
2777.932868 1363.443081 1302538840
2802.509754 1363.998636 1302538842
2825.679882 1364.331969 1302538844
2847.443253 1364.665302 1302538846
2873.592397 1365.109746 1302538849
2894.031760 1365.887523 1302538872
2914.388373 1366.776411 1302538881
2938.717008 1367.554188 1302538885
2962.052637 1368.554187 1302538888
2984.229759 1369.443075 1302538891
3007.979141 1371.998628 1302538894
3033.466282 1373.665293 1302538897
3060.773933 1374.554181 1302538900
3091.060600 1374.776403 1302538903
3113.154973 1374.331959 1302538905
3135.580347 1374.443070 1302538907
3158.005721 1374.665292 1302538909
3180.348344 1375.443069 1302538911
3202.690968 1375.554180 1302538913
3224.950841 1373.887515 1302538915
3246.300459 1369.554186 1302538917
3274.601116 1364.776413 1302538920
3297.191991 1360.331973 1302538923
3311.921572 1339.554216 1302538927
3313.245580 1312.443132 1302538930
3313.080079 1289.665377 1302538932
3312.666326 1263.776514 1302538934
3312.500825 1235.665431 1302538936
3312.666326 1207.998792 1302538938
3312.666326 1183.109928 1302538940
3313.245580 1161.221061 1302538942
3313.411080 1136.665530 1302538945
3313.162829 1114.665552 1302538966
3314.735088 1086.110025 1302538970
3315.397091 1056.887832 1302538973
3315.562592 1035.332298 1302538975
3315.810844 1012.665654 1302538977
3316.307347 989.665677 1302538979
3316.555598 967.110144 1302538981
3316.886600 945.665721 1302538983
3317.300352 917.110194 1302538986
3317.714104 893.332440 1302538990
3319.038112 872.776905 1302539008
3319.617365 847.443597 1302539011
3319.948367 826.665840 1302539013
3320.444869 802.888086 1302539015
3320.858622 776.332557 1302539017
3320.941372 749.221473 1302539019
3321.355124 722.888166 1302539021
3322.017128 697.777080 1302539023
3322.265379 675.665991 1302539025
3322.596381 648.554907 1302539028
3323.423886 624.332709 1302539032
3324.665143 600.999399 1302539041
3325.492647 577.110534 1302539045
3326.568403 554.443890 1302539048
3328.637165 529.443915 1302539051
3330.374924 499.555056 1302539054
3328.388913 426.777351 1302539073
3327.809660 405.777372 1302539089
3329.878422 378.221844 1302539093
3330.954178 349.221873 1302539096
3332.112684 326.777451 1302539099
3340.222229 306.555249 1302539114
3361.737348 307.444137 1302539120
3384.493724 309.888579 1302539123
3411.139371 310.555245 1302539126
3437.040264 311.333022 1302539129
3460.458644 312.444132 1302539132
3483.215020 309.666357 1302539136
3493.145075 288.444156 1302539142
3491.490066 268.444176 1302539145
3488.842051 246.555309 1302539149
3468.981941 242.444202 1302539153
3447.632323 244.333089 1302539156
3418.835164 245.333088 1302539159
3390.865509 245.555310 1302539162
3366.288623 245.777532 1302539165
3345.766509 244.333089 1302539170
3336.332957 263.999736 1302539180
3336.581209 285.333048 1302539184
