2522.151203 1367.554188 1303409343
2501.960091 1368.776409 1303409370
2481.768980 1368.998631 1303409373
2460.998615 1368.665298 1303409376
2436.918232 1367.887521 1303409380
2415.237612 1367.887521 1303409393
2390.081472 1367.554188 1303409396
2364.511581 1366.998633 1303409399
2342.582710 1366.887522 1303409402
2317.178319 1366.776411 1303409406
2295.663200 1366.776411 1303409409
2271.003564 1366.443078 1303409412
2244.523417 1365.331968 1303409415
2214.319500 1364.443080 1303409418
2193.300884 1362.665304 1303409420
2164.089972 1360.331973 1303409423
2139.099334 1359.220863 1303409426
2117.170463 1358.554197 1303409433
2096.482848 1357.331976 1303409437
2072.650716 1356.554199 1303409440
2044.019058 1355.554200 1303409443
2023.331443 1354.776423 1303409445
2001.402572 1354.220868 1303409447
1978.646196 1353.998646 1303409449
1954.896815 1353.998646 1303409451
1930.071678 1353.331980 1303409453
1906.818799 1354.331979 1303409455
1886.544937 1357.554198 1303409457
1857.251275 1360.665306 1303409460
1836.315409 1360.443084 1303409462
1806.938996 1360.331973 1303409465
1779.217593 1359.887529 1303409468
1757.288722 1362.109749 1303409471
1734.697847 1363.887525 1303409476
1712.189722 1361.665305 1303409480
1691.171106 1360.776417 1303409484
1668.911233 1351.665315 1303409488
1644.251596 1347.998652 1303409491
1618.847206 1340.887548 1303409494
1591.953307 1332.554223 1303409497
1570.355438 1331.776446 1303409499
1549.502322 1331.443113 1303409504
1556.205109 1307.776470 1303409514
1551.819335 1279.332054 1303409518
1543.627040 1253.887635 1303409521
1527.987203 1241.220981 1303409523
1519.712157 1220.109891 1303409527
1511.933614 1200.443244 1303409531
1500.679552 1179.443265 1303409534
1499.107293 1159.221063 1303409536
1496.955781 1134.887754 1303409538
1494.473268 1114.776663 1303409540
1493.066510 1091.443353 1303409543
1495.631774 1070.776707 1303409546
1490.087493 1049.776728 1303409550
1487.025727 1028.554527 1303409553
1489.094488 999.887889 1303409556
1490.997749 978.999021 1303409558
1491.163249 958.332375 1303409560
1490.252994 937.554618 1303409562
1489.094488 916.554639 1303409564
1489.011738 895.332438 1303409566
1489.590991 874.443570 1303409568
1490.997749 846.888042 1303409571
1488.680736 821.554734 1303409574
1482.639952 798.888090 1303409579
1462.035088 798.776979 1303409584
1440.768221 795.999204 1303409593
1430.010661 776.888112 1303409602
1411.557309 766.110345 1303409612
1390.952445 770.665896 1303409622
1371.919840 778.999221 1303409631
1351.976979 784.554771 1303409652
1332.282370 789.443655 1303409668
1312.918763 781.332552 1303409682
1288.838380 785.554770 1303409702
1268.233516 786.332547 1303409704
1246.883898 786.888102 1303409706
1225.948032 786.665880 1303409708
1201.205645 789.776988 1303409711
1180.600781 792.443652 1303409717
1158.175407 794.443650 1303409731
1137.570543 794.443650 1303409733
1116.717428 793.665873 1303409735
1095.698812 792.888096 1303409737
1072.445933 791.888097 1303409739
1048.696552 790.888098 1303409741
1025.526423 789.888099 1303409743
1003.183800 788.776989 1303409745
981.999683 787.999212 1303409747
953.616276 786.999213 1303409750
932.514909 785.221437 1303409754
913.234052 777.888111 1303409773
894.697950 787.443657 1303409795
895.608205 809.443635 1303409798
895.608205 836.110275 1303409801
895.690955 861.443583 1303409804
895.856456 883.110228 1303409807
896.104707 907.443537 1303409811
896.435709 933.110178 1303409814
898.173469 956.665710 1303409817
898.256219 983.665683 1303409820
897.676966 1010.554545 1303409823
902.724744 1030.221192 1303409826
922.171102 1043.221179 1303409830
946.582487 1044.998955 1303409834
967.766604 1044.998955 1303409837
987.461213 1049.998950 1303409843
1009.307334 1061.887827 1303409859
1036.614985 1063.887825 1303409863
1060.447117 1065.110046 1303409866
1083.948247 1066.110045 1303409870
1104.222109 1069.776708 1303409876
1116.800178 1085.554470 1303409902
1136.825789 1087.332246 1303409907
1157.513404 1087.554468 1303409910
1179.111273 1086.665580 1303409913
1206.667176 1081.443363 1303409916
1229.671803 1076.554479 1303409919
1249.862915 1070.221152 1303409925
1274.522551 1064.665602 1303409930
1296.285921 1065.332268 1303409933
1317.718290 1064.776713 1303409936
1337.743901 1064.221158 1303409939
1359.259020 1064.554491 1303409943
1384.415159 1065.332268 1303409947
1404.854522 1067.110044 1303409950
1427.610898 1069.887819 1303409954
1449.374268 1070.443374 1303409959
1470.723886 1072.110039 1303409968
1487.439479 1086.110025 1303409973
1493.976765 1106.776671 1303409977
1501.176055 1127.109984 1303409982
1497.617785 1149.887739 1303409990
1485.370717 1169.665497 1303409994
1474.199406 1186.665480 1303409997
1466.089861 1207.887681 1303410000
1461.207584 1234.665432 1303410003
1456.656309 1260.443184 1303410006
1452.684287 1283.332050 1303410009
1449.457019 1304.665362 1303410013
1448.712265 1329.109782 1303410017
1439.775215 1351.220871 1303410021
1417.929094 1348.220874 1303410041
1436.134195 1339.443105 1303410048
1461.455835 1337.220885 1303410051
1480.571191 1329.109782 1303410054
1512.430117 1336.887552 1303410057
1537.172504 1349.109762 1303410059
1557.032614 1357.554198 1303410061
1577.802979 1363.554192 1303410064
1599.649100 1364.776413 1303410089
1619.757461 1366.109745 1303410092
1648.885622 1365.554190 1303410095
1672.469502 1365.665301 1303410097
1695.225878 1366.998633 1303410099
1717.982254 1367.554188 1303410101
1743.138393 1366.776411 1303410103
1769.618540 1366.220856 1303410105
1803.215226 1362.443082 1303410107
1835.818906 1358.776419 1303410109
1866.933078 1356.109755 1303410111
1894.819983 1354.776423 1303410113
1923.534391 1352.554203 1303410115
1950.097288 1350.887538 1303410117
1975.253428 1350.331983 1303410119
1999.747563 1350.887538 1303410121
2022.090187 1350.998649 1303410123
2042.281298 1351.554204 1303410125
2066.692683 1351.443093 1303410128
2090.773067 1352.109759 1303410147
2112.701938 1354.109757 1303410150
2133.306802 1354.887534 1303410152
2156.642431 1354.998645 1303410154
2181.302067 1355.331978 1303410156
2206.871959 1355.554200 1303410158
2232.193599 1355.887533 1303410160
2257.101487 1355.665311 1303410162
2282.919630 1356.331977 1303410164
2308.324020 1356.887532 1303410166
2333.066407 1357.331976 1303410168
2357.477792 1357.109754 1303410170
2380.813421 1357.220865 1303410172
2403.404296 1357.331976 1303410174
2424.505663 1358.109753 1303410176
2444.945026 1358.998641 1303410178
2470.514917 1359.554196 1303410181
2495.091803 1362.776415 1303410202
2515.862168 1364.109747 1303410205
2545.321331 1365.109746 1303410208
2568.243208 1365.776412 1303410210
2591.992589 1366.665300 1303410212
2616.155723 1367.220855 1303410214
2640.318857 1367.998632 1303410216
2665.474996 1368.887520 1303410218
2690.465634 1369.443075 1303410220
2715.208021 1369.554186 1303410222
2739.702157 1369.109742 1303410224
2763.699789 1368.887520 1303410226
2787.366420 1369.554186 1303410228
2809.709044 1370.776407 1303410230
2831.141412 1371.554184 1303410232
2851.249774 1371.887517 1303410234
2876.902416 1372.109739 1303410237
2897.176278 1371.998628 1303410265
2919.601652 1375.998624 1303410277
2945.171543 1379.220843 1303410281
2974.051453 1380.331953 1303410284
2995.070069 1379.554176 1303410286
3016.419687 1379.443065 1303410288
3037.024551 1379.331954 1303410290
3061.849689 1378.220844 1303410293
3085.764571 1378.220844 1303410299
3109.017450 1382.443062 1303410303
3133.428835 1384.109727 1303410306
3162.887998 1384.776393 1303410309
3192.016159 1384.554171 1303410312
3217.999803 1381.554174 1303410315
3245.472955 1378.776399 1303410318
3274.187363 1374.665292 1303410321
3295.040479 1364.776413 1303410324
3303.232774 1346.109765 1303410327
3303.812027 1321.776456 1303410330
3302.239769 1291.776486 1303410333
3300.336508 1270.109841 1303410335
3298.267747 1247.554308 1303410337
3296.778238 1226.443218 1303410339
3291.316708 1197.776580 1303410342
3293.219969 1168.665498 1303410345
3297.191991 1143.665523 1303410348
3303.894778 1123.554432 1303410354
3312.418075 1102.776675 1303410369
3312.500825 1077.776700 1303410373
3311.921572 1049.776728 1303410376
3311.590570 1028.221194 1303410378
3311.590570 1005.110106 1303410380
3311.756071 982.332351 1303410382
3312.004323 960.221262 1303410384
3312.831827 938.332395 1303410386
3313.659332 917.443527 1303410388
3315.231591 896.665770 1303410390
3316.721099 874.999125 1303410392
3316.721099 851.443593 1303410394
3316.638348 826.888062 1303410396
3316.969350 801.221421 1303410398
3317.714104 774.665892 1303410400
3317.879605 748.110363 1303410402
3317.714104 722.665944 1303410404
3318.210607 698.110413 1303410406
3318.955361 673.665993 1303410408
3319.369113 651.666015 1303410410
3320.941372 628.110483 1303410413
