1666.759721 1359.665307 1302549683
1691.998610 1358.665308 1302549699
1715.416990 1358.331975 1302549702
1744.214149 1358.554197 1302549705
1765.315516 1358.665308 1302549707
1788.899397 1357.887531 1302549709
1814.634789 1357.443087 1302549711
1841.363187 1356.554199 1302549713
1868.339836 1355.554200 1302549715
1896.061239 1354.220868 1302549717
1923.534391 1353.109758 1302549719
1950.511041 1352.109759 1302549721
1976.742936 1351.443093 1302549723
2001.568073 1351.443093 1302549725
2024.655451 1351.776426 1302549727
2045.094814 1352.331981 1302549729
2069.754450 1352.998647 1302549732
2091.600571 1354.998645 1302549749
2120.232230 1355.665311 1302549753
2140.671593 1355.887533 1302549755
2163.345218 1356.109755 1302549757
2187.508352 1356.887532 1302549759
2212.829992 1357.220865 1302549761
2238.896386 1357.665309 1302549763
2265.542033 1357.998642 1302549765
2292.601433 1357.887531 1302549767
2319.743583 1358.220864 1302549769
2346.389231 1358.220864 1302549771
2372.207374 1358.331975 1302549773
2396.453258 1357.887531 1302549775
2419.209634 1357.554198 1302549777
2439.400745 1357.887531 1302549779
2462.570873 1358.443086 1302549782
2484.334244 1359.665307 1302549799
2511.890146 1362.776415 1302549803
2538.535794 1363.887525 1302549806
2559.306159 1364.443080 1302549808
2581.400531 1365.331968 1302549810
2604.322408 1365.665301 1302549812
2627.492536 1365.887523 1302549814
2651.324668 1366.220856 1302549816
2676.646308 1366.443078 1302549818
2701.967948 1366.665300 1302549820
2726.958586 1366.554189 1302549822
2751.204470 1365.887523 1302549824
2774.291848 1366.331967 1302549826
2796.882723 1365.887523 1302549828
2819.225347 1365.109746 1302549830
2840.574965 1365.220857 1302549832
2867.137862 1365.665301 1302549835
2889.066733 1365.776412 1302549839
2909.092344 1366.554189 1302549867
2934.744986 1367.998632 1302549886
2962.962892 1368.665298 1302549889
2984.064258 1369.331964 1302549891
3005.910379 1369.887519 1302549893
3028.087502 1370.443074 1302549895
3049.519871 1370.776407 1302549897
3070.538487 1371.331962 1302549899
3091.557103 1371.998628 1302549901
3113.485974 1372.887516 1302549903
3136.573352 1373.331960 1302549905
3160.074482 1373.887515 1302549907
3183.658363 1374.443070 1302549909
3206.331988 1374.443070 1302549911
3228.012608 1372.776405 1302549913
3248.120969 1370.331963 1302549915
3272.780606 1367.998632 1302549918
3296.116235 1365.109746 1302549922
3306.625543 1345.554210 1302549926
3306.625543 1321.220901 1302549929
3306.542792 1300.776477 1302549931
3306.460042 1278.776499 1302549933
3306.542792 1254.776523 1302549935
3306.708293 1230.220992 1302549937
3307.122046 1207.109904 1302549939
3307.039295 1186.109925 1302549941
3304.556782 1158.887730 1302549944
3304.639532 1137.332196 1302549947
3308.032301 1116.776661 1302549953
3312.335325 1088.665578 1302549957
3313.080079 1067.998932 1302549959
3313.576581 1044.554511 1302549961
3314.652337 1019.665647 1302549963
3315.231591 994.554561 1302549965
3315.645343 968.999031 1302549967
3316.307347 945.110166 1302549969
3316.803849 923.999076 1302549971
3317.217602 900.332433 1302549974
3318.624359 877.665789 1302549979
3320.196618 854.999145 1302550007
3320.362119 828.776949 1302550010
3320.610370 808.110303 1302550012
3321.189624 787.221435 1302550014
3321.768877 766.443678 1302550016
3322.844633 744.888144 1302550018
3323.672137 722.332611 1302550020
3324.582392 699.888189 1302550022
3325.327146 678.221544 1302550024
3326.154651 650.777127 1302550027
3326.816655 626.999373 1302550031
3327.395908 606.332727 1302550042
3328.388913 579.888309 1302550047
3329.133667 555.999444 1302550050
3330.126673 528.666138 1302550053
3331.533431 501.999498 1302550056
3332.029933 476.110635 1302550059
3333.519442 455.110656 1302550062
3332.443686 434.888454 1302550067
3330.043923 410.332923 1302550087
3332.774688 389.888499 1302550090
3333.684943 367.221855 1302550093
3334.015944 346.555209 1302550096
