3330.705926 326.777451 1302551956
3350.731537 313.888575 1302551962
3377.211683 313.888575 1302551966
3401.788569 314.110797 1302551969
3425.206949 314.333019 1302551972
3446.556567 314.221908 1302551975
3467.326932 313.444131 1302551978
3487.021541 308.110803 1302551988
3485.366532 282.999717 1302551993
3486.111286 254.555301 1302551998
3466.333926 245.777532 1302552004
3440.929536 247.221975 1302552008
3415.690646 248.555307 1302552012
3393.927276 249.444195 1302552029
3371.419151 249.555306 1302552033
3349.655781 246.999753 1302552038
3336.332957 263.666403 1302552062
3339.063722 285.888603 1302552076
3334.429697 305.666361 1302552097
3331.698932 333.999666 1302552101
3330.292174 362.888526 1302552104
3329.133667 389.555166 1302552107
3328.140662 411.777366 1302552111
3329.878422 434.221788 1302552135
3328.554414 455.110656 1302552139
3326.816655 475.221747 1302552156
3327.644159 497.777280 1302552160
3329.133667 520.666146 1302552163
3329.712921 542.332791 1302552166
3329.961172 565.777212 1302552169
3331.036928 591.888297 1302552172
3330.705926 620.888268 1302552175
3330.954178 641.666025 1302552177
3331.864433 661.999338 1302552179
3332.029933 681.999318 1302552181
3332.278185 711.221511 1302552184
3332.443686 738.332595 1302552187
3332.278185 763.221459 1302552190
3331.781682 786.776991 1302552194
3331.036928 806.999193 1302552204
3331.367930 832.999167 1302552210
3330.954178 856.332477 1302552213
3330.209423 883.999116 1302552216
3329.712921 904.665762 1302552218
3329.299168 926.332407 1302552220
3328.885416 948.110163 1302552222
3328.471664 969.554586 1302552224
3327.975161 990.110121 1302552226
3327.064906 1017.332316 1302552229
3327.147656 1041.332292 1302552233
3328.388913 1061.443383 1302552246
3326.982156 1082.554473 1302552270
3325.244396 1106.554449 1302552273
3322.844633 1136.554419 1302552276
3321.603376 1158.221064 1302552278
3320.858622 1181.221041 1302552280
3319.865616 1204.776573 1302552282
3318.707110 1228.443216 1302552284
3316.969350 1251.220971 1302552286
3314.404086 1279.776498 1302552289
3311.921572 1301.554254 1302552292
3310.928567 1321.554234 1302552296
3310.266563 1343.554212 1302552320
3306.542792 1365.665301 1302552324
3287.096435 1380.998619 1302552328
3261.857545 1385.443059 1302552331
3241.749184 1388.220834 1302552333
3219.820313 1390.998609 1302552335
3196.898436 1392.109719 1302552337
3172.983554 1392.554163 1302552339
3148.572169 1392.776385 1302552341
3124.243534 1391.554164 1302552343
3098.590892 1390.331943 1302552346
3078.482531 1389.665277 1302552362
3054.733149 1389.109722 1302552365
3034.624788 1388.443056 1302552367
3006.241381 1388.109723 1302552370
2981.829996 1388.887500 1302552374
2961.307883 1389.776388 1302552388
2940.041015 1389.443055 1302552410
2912.485112 1389.109722 1302552414
2886.170467 1388.998611 1302552417
2856.132051 1388.554167 1302552420
2834.865183 1388.665278 1302552422
2812.936312 1389.998610 1302552424
2790.593688 1389.887499 1302552426
2767.589061 1389.220833 1302552428
2743.508678 1388.887500 1302552430
2719.759296 1388.331945 1302552432
2696.423667 1387.665279 1302552434
2674.081044 1387.220835 1302552436
2652.483174 1387.109724 1302552438
2631.795560 1386.109725 1302552440
2603.494903 1385.220837 1302552443
2581.979784 1383.776394 1302552446
2560.547415 1381.331952 1302552451
2540.687306 1377.776400 1302552477
2515.034664 1376.554179 1302552483
2493.933297 1376.443068 1302552486
2467.453150 1375.443069 1302552489
2447.179288 1374.554181 1302552491
2424.174661 1373.887515 1302552493
2399.349524 1373.443071 1302552495
2374.027884 1372.887516 1302552497
2348.292491 1372.443072 1302552499
2322.308848 1371.776406 1302552501
2295.745951 1370.998629 1302552503
2268.686551 1370.331963 1302552505
2241.958153 1369.665297 1302552507
2216.471012 1368.776409 1302552509
2193.962887 1368.331965 1302552511
2166.158734 1367.665299 1302552514
2144.560864 1367.220855 1302552517
2123.707749 1366.109745 1302552522
2099.213613 1365.665301 1302552548
2075.546982 1365.554190 1302552551
2045.839568 1364.443080 1302552554
2023.496944 1363.665303 1302552556
1999.168310 1363.220859 1302552558
1973.267417 1363.776414 1302552560
1946.787270 1364.776413 1302552562
1920.141623 1365.443079 1302552564
1893.578726 1366.220856 1302552566
1867.264080 1366.665300 1302552568
1841.611438 1367.220855 1302552570
1816.951802 1367.443077 1302552572
1794.278176 1367.554188 1302552574
1774.004314 1367.331966 1302552576
1750.254933 1366.109745 1302552579
1729.732819 1363.998636 1302552585
