108.237599 786.110325 1302307663
89.039493 791.776986 1302307691
86.805230 813.332520 1302307713
85.894975 835.443609 1302307717
85.398472 863.665803 1302307720
83.826214 886.332447 1302307722
82.336706 909.332424 1302307724
81.260950 934.332399 1302307726
80.929948 957.999042 1302307728
79.440439 984.221238 1302307731
78.612935 1006.221216 1302307736
79.192188 1031.554524 1302307740
78.281933 1052.110059 1302307742
77.619929 1075.221147 1302307744
76.130421 1101.221121 1302307746
75.054665 1130.109981 1302307748
74.558162 1161.109950 1302307750
74.475412 1193.109918 1302307752
73.647907 1225.443219 1302307754
73.068654 1256.220966 1302307756
72.241150 1283.443161 1302307758
71.661896 1308.109803 1302307760
72.406651 1328.443116 1302307762
89.618746 1341.220881 1302307766
109.892608 1342.554213 1302307769
137.696762 1341.109770 1302307772
161.197892 1340.220882 1302307774
187.016035 1340.109771 1302307776
212.254924 1339.776438 1302307778
236.252557 1339.887549 1302307780
258.760682 1340.220882 1302307782
281.103305 1339.998660 1302307784
304.935437 1339.776438 1302307786
330.588079 1339.665327 1302307788
357.647479 1339.998660 1302307790
384.789629 1340.109771 1302307792
410.938773 1339.887549 1302307794
433.033146 1339.443105 1302307796
455.293019 1340.109771 1302307799
478.876899 1340.665326 1302307805
502.047027 1340.887548 1302307808
523.810398 1341.665325 1302307810
549.463040 1342.443102 1302307812
577.929197 1343.331990 1302307814
607.222859 1343.776434 1302307816
635.771767 1343.331990 1302307818
663.327670 1342.887546 1302307820
689.890567 1342.776435 1302307822
715.377708 1343.776434 1302307824
740.037344 1344.665322 1302307826
763.621225 1344.998655 1302307828
786.294850 1344.998655 1302307830
806.899714 1345.443099 1302307832
831.973103 1348.220874 1302307835
853.901974 1346.220876 1302307839
874.920590 1342.998657 1302307845
881.209625 1316.554239 1302307849
882.202631 1295.665371 1302307851
883.774889 1270.443174 1302307853
885.512649 1241.554314 1302307855
886.671155 1210.109901 1302307857
887.664161 1177.665489 1302307859
888.739917 1146.109965 1302307861
891.056930 1117.221105 1302307863
892.711939 1092.998907 1302307865
895.277203 1069.221153 1302307868
916.709571 1058.554497 1302307872
944.348224 1059.110052 1302307875
964.622086 1059.110052 1302307877
988.123217 1058.554497 1302307880
1008.397079 1059.887829 1302307900
1036.035732 1060.776717 1302307904
1061.688373 1064.443380 1302307907
1082.789740 1070.665596 1302307910
1107.035624 1072.554483 1302307917
1128.550743 1073.776704 1302307921
1152.796628 1078.110033 1302307943
1181.924789 1079.665587 1302307946
1207.163678 1080.554475 1302307948
1234.885082 1081.443363 1302307950
1263.433990 1081.665585 1302307952
1290.410639 1080.776697 1302307954
1315.732279 1079.887809 1302307956
1339.729912 1079.443365 1302307958
1362.569038 1078.776699 1302307960
1383.835906 1078.221144 1302307962
1412.550315 1076.554479 1302307965
1436.961700 1075.998924 1302307968
1457.401063 1080.332253 1302307988
1477.674925 1082.776695 1302307993
1490.749497 1065.887823 1302308005
1491.742503 1041.221181 1302308008
1493.149260 1018.554537 1302308010
1495.052521 992.554563 1302308012
1497.535035 963.443481 1302308014
1499.024543 934.332399 1302308016
1499.603796 907.443537 1302308018
1499.769297 883.443561 1302308020
1499.686547 862.332471 1302308022
1499.852047 838.888050 1302308025
1502.169060 813.332520 1302308033
1504.320572 787.110324 1302308036
1504.899825 763.221459 1302308038
1506.058332 735.777042 1302308040
1506.968587 704.443740 1302308042
1507.216838 670.888218 1302308044
1507.382339 639.332694 1302308046
1507.961592 613.110498 1302308048
1508.540846 586.110525 1302308051
