2536.384282 1376.109735 1302620955
2511.393644 1377.443067 1302620978
2489.630273 1379.109732 1302620981
2467.535901 1379.887509 1302620984
2444.200272 1378.776399 1302620999
2420.781892 1376.998623 1302621002
2400.508030 1375.998624 1302621004
2377.420652 1374.998625 1302621006
2352.099012 1374.331959 1302621008
2325.287864 1373.665293 1302621010
2297.980213 1373.109738 1302621012
2270.176059 1372.887516 1302621014
2242.040903 1372.109739 1302621016
2214.319500 1371.554184 1302621018
2188.501357 1370.776407 1302621020
2165.413980 1370.443074 1302621022
2145.222868 1369.887519 1302621024
2122.714743 1368.665298 1302621027
2100.785872 1367.776410 1302621052
2079.601755 1367.220855 1302621055
2049.894340 1366.887522 1302621058
2026.310460 1366.887522 1302621060
2000.244066 1366.887522 1302621062
1971.860659 1368.887520 1302621064
1943.394501 1370.665296 1302621066
1915.921349 1372.109739 1302621068
1887.537942 1372.554183 1302621070
1857.416776 1373.331960 1302621072
1826.385354 1373.220849 1302621074
1796.843441 1371.776406 1302621076
1769.535789 1371.331962 1302621078
1742.641891 1370.443074 1302621080
1716.823748 1369.998630 1302621082
1693.653620 1369.554186 1302621084
1671.476497 1368.665298 1302621086
1648.058117 1368.109743 1302621088
1622.984729 1368.109743 1302621090
1599.400848 1369.554186 1302621092
1576.147970 1369.220853 1302621094
1552.398588 1367.776410 1302621096
1529.807713 1366.554189 1302621098
1504.320572 1365.554190 1302621101
1484.212211 1360.443084 1302621115
1484.046710 1336.554219 1302621121
1484.874215 1305.554250 1302621124
1484.874215 1281.332052 1302621126
1486.198222 1254.776523 1302621129
1489.590991 1232.220990 1302621133
1493.066510 1205.554350 1302621138
1494.473268 1176.332157 1302621141
1494.969770 1152.665514 1302621143
1495.135271 1128.665538 1302621145
1495.383523 1100.332233 1302621148
1495.962776 1078.110033 1302621153
1495.052521 1051.887837 1302621158
1494.969770 1023.221199 1302621161
1495.300772 1000.665666 1302621163
1496.045526 975.443469 1302621165
1496.376528 947.999052 1302621167
1496.211027 920.110191 1302621169
1496.211027 894.221328 1302621171
1495.962776 870.443574 1302621173
1495.962776 849.443595 1302621175
1496.624780 825.665841 1302621178
1494.721519 804.776973 1302621186
1470.889387 799.110312 1302621192
1445.898749 797.221425 1302621195
1424.466380 796.443648 1302621197
1402.868511 796.554759 1302621199
1375.974612 798.776979 1302621202
1353.549238 800.443644 1302621206
1331.537616 804.776973 1302621211
1311.925758 811.221411 1302621224
1291.320894 803.776974 1302621230
1271.460784 786.332547 1302621233
1246.801148 778.110333 1302621235
1217.424735 780.221442 1302621237
1191.275590 783.221439 1302621239
1166.946956 784.665882 1302621241
1141.956318 788.554767 1302621244
1125.654477 801.776976 1302621249
1104.966863 801.554754 1302621267
1080.307226 799.888089 1302621270
1050.517062 799.554756 1302621273
1028.919192 799.110312 1302621275
1005.583563 798.443646 1302621277
983.158189 798.332535 1302621279
962.553325 799.554756 1302621281
938.059190 802.332531 1302621284
918.281830 805.443639 1302621292
903.469498 821.776956 1302621299
905.124507 845.888043 1302621302
906.531265 866.332467 1302621304
906.614016 889.999110 1302621306
906.365764 915.776862 1302621308
905.952012 942.554613 1302621310
905.290008 967.110144 1302621312
904.710755 994.332339 1302621315
904.628005 1014.665652 1302621320
904.959006 1038.554517 1302621339
910.337786 1058.554497 1302621343
935.824927 1061.221161 1302621347
962.967077 1059.110052 1302621350
985.475202 1058.443386 1302621353
