1714.754986 1362.776415 1302711248
1690.757354 1361.331972 1302711257
1667.007972 1361.331972 1302711261
1643.010339 1360.220862 1302711264
1621.660721 1359.665307 1302711266
1598.573344 1358.998641 1302711268
1575.899718 1359.220863 1302711270
1553.308843 1360.220862 1302711272
1531.959225 1361.887527 1302711274
1506.472084 1361.554194 1302711277
1488.349734 1349.887539 1302711283
1488.597985 1326.998673 1302711291
1489.673741 1302.887586 1302711294
1490.004743 1272.109839 1302711297
1490.335745 1245.443199 1302711300
1490.418495 1225.332108 1302711304
1500.265800 1207.109904 1302711309
1503.989570 1182.887706 1302711312
1512.099115 1154.887734 1302711315
1510.940609 1127.109984 1302711318
1509.533851 1104.887784 1302711321
1509.285600 1082.554473 1302711327
1511.188860 1055.554500 1302711331
1512.512868 1024.554531 1302711334
1513.340372 1001.110110 1302711336
1513.671374 977.332356 1302711338
1514.333378 955.221267 1302711340
1514.664379 933.887955 1302711342
1514.829880 912.221310 1302711344
1514.912631 890.887998 1302711346
1514.747130 870.554685 1302711348
1514.416128 844.888044 1302711351
1511.602613 822.888066 1302711361
1486.611974 814.776963 1302711366
1459.966327 813.665853 1302711369
1439.444213 812.665854 1302711371
1410.233302 810.554745 1302711374
1387.807928 809.110302 1302711377
1365.051552 805.332528 1302711399
1343.288181 805.665861 1302711403
1322.517816 806.554749 1302711408
1301.995703 810.554745 1302711418
1281.473589 810.332523 1302711421
1260.951476 809.999190 1302711423
1237.284845 809.665857 1302711425
1213.452713 809.221413 1302711427
1191.772093 809.110302 1302711429
1164.960945 806.221416 1302711432
1142.949323 798.888090 1302711436
1119.613694 794.554761 1302711455
1092.802546 794.332539 1302711458
1071.121926 794.221428 1302711460
1046.545040 793.999206 1302711462
1019.899392 793.221429 1302711464
993.832998 792.554763 1302711466
969.007861 792.443652 1302711468
948.320246 793.554762 1302711470
925.729371 793.221429 1302711474
910.834289 806.999193 1302711482
910.172285 830.776947 1302711485
910.337786 861.665805 1302711488
909.344781 883.554672 1302711490
908.269025 905.887983 1302711492
907.855272 929.443515 1302711494
907.027768 954.665712 1302711496
907.524271 979.665687 1302711498
909.013779 1001.443443 1302711500
910.337786 1028.221194 1302711503
913.813305 1050.221172 1302711508
938.638443 1053.221169 1302711512
965.863343 1052.665614 1302711515
988.371468 1051.776726 1302711518
1014.851614 1052.554503 1302711536
1041.662763 1052.887836 1302711539
1062.019375 1053.776724 1302711541
1087.258265 1054.221168 1302711544
1107.366626 1055.110056 1302711550
1129.874751 1054.776723 1302711554
1153.789633 1053.887835 1302711571
1174.146246 1053.443391 1302711574
1194.420108 1054.221168 1302711577
1219.824498 1056.221166 1302711581
1244.649636 1059.221163 1302711585
1269.392023 1058.554497 1302711588
1299.513189 1057.998942 1302711591
1320.614556 1059.332274 1302711593
1341.798673 1060.332273 1302711595
1362.403537 1060.443384 1302711597
1391.862700 1060.554495 1302711600
1418.922100 1062.998937 1302711603
1445.319496 1064.443380 1302711606
1466.255362 1067.443377 1302711609
1487.770481 1067.776710 1302711613
1501.920809 1089.443355 1302711618
1501.838058 1116.887772 1302711621
1499.852047 1144.109967 1302711624
1497.866037 1166.776611 1302711627
1497.783286 1190.998809 1302711631
1493.894015 1215.443229 1302711636
1490.997749 1236.665430 1302711639
1488.349734 1265.776512 1302711642
1486.115472 1293.776484 1302711645
1482.474451 1314.998685 1302711648
1476.847420 1336.109775 1302711656
1493.232011 1348.665318 1302711662
1517.808897 1349.331984 1302711665
1538.331010 1345.443099 1302711667
1559.846129 1340.665326 1302711669
1588.395037 1334.998665 1302711672
1609.992907 1335.443109 1302711674
1630.846022 1337.665329 1302711676
1656.002161 1343.331990 1302711679
1676.689776 1349.109762 1302711692
1697.460141 1349.887539 1302711696
1718.644258 1350.887538 1302711700
1738.669869 1350.776427 1302711703
1768.294533 1351.443093 1302711706
1791.381910 1352.331981 1302711708
1816.455299 1352.331981 1302711710
1842.107941 1352.220870 1302711712
1868.008834 1351.776426 1302711714
1894.075228 1351.109760 1302711716
1920.058872 1350.220872 1302711718
1957.710330 1348.554207 1302711721
1981.873464 1348.220874 1302711723
2005.457345 1348.665318 1302711725
2028.958475 1349.443095 1302711727
2052.459605 1349.998650 1302711729
2075.629733 1350.443094 1302711731
2099.130863 1350.776427 1302711733
2122.714743 1351.443093 1302711735
2147.457130 1352.220870 1302711737
2186.598097 1352.998647 1302711740
2213.243744 1353.220869 1302711742
2240.634146 1352.109759 1302711744
2268.190048 1351.998648 1302711746
2295.828701 1352.220870 1302711748
2323.798356 1352.887536 1302711750
2351.106007 1353.887535 1302711752
2377.503403 1354.776423 1302711754
2402.907793 1355.109756 1302711756
2425.664169 1355.665311 1302711758
2454.130327 1355.998644 1302711761
2477.714207 1356.887532 1302711765
2500.305082 1357.665309 1302711770
2525.461221 1357.998642 1302711773
2545.900584 1358.109753 1302711775
2567.994957 1359.220863 1302711777
2591.827089 1360.331973 1302711779
2617.065978 1360.998639 1302711781
2642.801371 1361.443083 1302711783
2668.785014 1362.109749 1302711785
2695.596163 1363.331970 1302711787
2722.903814 1364.554191 1302711789
2748.887457 1365.776412 1302711791
2774.291848 1366.665300 1302711793
2798.454982 1366.998633 1302711795
2830.810411 1368.220854 1302711798
2851.167023 1368.998631 1302711800
2877.150667 1367.331966 1302711803
2897.176278 1368.776409 1302711822
2923.490923 1369.665297 1302711826
2952.867336 1370.554185 1302711829
2975.209959 1371.220851 1302711831
2998.131836 1371.109740 1302711833
3020.888212 1371.554184 1302711835
3042.651583 1372.331961 1302711837
3064.332203 1372.887516 1302711839
3087.667832 1373.776404 1302711841
3112.741220 1374.998625 1302711843
3138.393862 1375.776402 1302711845
3163.550001 1376.554179 1302711847
3187.299383 1377.331956 1302711849
3214.193282 1376.443068 1302711852
3233.970641 1372.887516 1302711855
3253.913501 1368.109743 1302711879
3277.911134 1366.443078 1302711907
3299.674504 1361.109750 1302711911
3307.784049 1337.554218 1302711915
3307.287547 1310.109801 1302711918
3307.039295 1287.554268 1302711920
3306.708293 1262.109849 1302711922
3306.956545 1234.998765 1302711924
3307.370297 1209.109902 1302711926
3307.701299 1185.776592 1302711928
3308.363303 1165.443279 1302711930
3309.273558 1141.887747 1302711933
3309.770060 1120.221102 1302711953
3311.425070 1096.554459 1302711956
3312.997328 1076.332257 1302711958
3313.576581 1053.110058 1302711960
3313.742082 1027.887861 1302711962
3314.073084 1002.110109 1302711964
3314.486836 977.221245 1302711966
3314.983339 954.443490 1302711968
3315.562592 934.221288 1302711970
3316.224596 909.443535 1302711973
3316.307347 889.110222 1302711977
3316.224596 866.665800 1302711994
3316.803849 841.443603 1302711997
3317.217602 820.110291 1302711999
3317.631354 795.554760 1302712001
3318.127857 768.888120 1302712003
3318.624359 741.777036 1302712005
3319.038112 715.777062 1302712007
3319.451864 691.554864 1302712009
3319.782866 670.332663 1302712011
3320.527620 643.777134 1302712014
3321.355124 620.999379 1302712018
3321.603376 597.999402 1302712041
3322.761882 573.999426 1302712045
3323.837638 553.555002 1302712048
3324.830644 532.555023 1302712051
3327.230407 508.666158 1302712054
3329.133667 483.221739 1302712057
3329.795671 458.110653 1302712060
3327.644159 432.777345 1302712064
3326.982156 410.332923 1302712084
3330.126673 386.666280 1302712088
3329.299168 366.666300 1302712102
3332.112684 343.666323 1302712110
3334.346946 322.110789 1302712115
3351.890043 310.110801 1302712123
3373.736164 308.666358 1302712138
3396.740791 312.666354 1302712147
3418.504162 310.333023 1302712156
3444.074053 312.999687 1302712161
3464.513416 313.221909 1302712164
3484.373526 305.333028 1302712168
3484.870029 283.444161 1302712174
3484.208025 258.110853 1302712178
3466.499427 246.999753 1302712183
3445.480811 248.444196 1302712186
3415.938898 249.444195 1302712189
3386.645236 249.555306 1302712192
3362.233851 249.444195 1302712195
3342.125489 247.777530 1302712208
3335.257201 267.110844 1302712222
3334.015944 287.666379 1302712238
3337.574214 308.333025 1302712253
3336.167456 329.221893 1302712257
3335.588203 352.999647 1302712260
3335.091700 379.221843 1302712263
3334.595198 404.666262 1302712266
3334.015944 425.221797 1302712287
3333.105689 446.555109 1302712292
3332.360935 466.555089 1302712295
3332.112684 487.221735 1302712298
3330.954178 511.332822 1302712302
