2287.719156 1371.665295 1302714646
2259.004747 1370.665296 1302714648
2229.545584 1369.998630 1302714650
2199.341667 1369.665297 1302714652
2169.717003 1369.331964 1302714654
2141.499097 1368.776409 1302714656
2115.184452 1368.443076 1302714658
2088.373303 1367.776410 1302714660
2060.569150 1367.220855 1302714662
2031.771990 1366.554189 1302714664
2001.981825 1366.109745 1302714666
1971.198655 1365.887523 1302714668
1940.415485 1366.331967 1302714670
1908.639309 1367.220855 1302714672
1876.863133 1368.109743 1302714674
1845.997212 1368.776409 1302714676
1814.552038 1368.998631 1302714678
1782.858613 1368.887520 1302714680
1752.406445 1368.220854 1302714682
1725.926298 1367.554188 1302714684
1704.080177 1367.887521 1302714686
1676.689776 1367.554188 1302714689
1654.926405 1366.776411 1302714693
1629.853017 1365.331968 1302714698
1603.207369 1364.220858 1302714701
1581.775001 1363.887525 1302714703
1560.094381 1362.998637 1302714705
1538.744763 1362.331971 1302714707
1510.361356 1361.443083 1302714710
1489.342739 1352.331981 1302714714
1489.094488 1332.220890 1302714718
1489.921993 1309.554246 1302714721
1490.997749 1287.220935 1302714723
1491.742503 1267.109844 1302714725
1492.156255 1241.665425 1302714728
1491.825253 1220.221002 1302714734
1500.183049 1198.221024 1302714738
1511.519862 1174.332159 1302714741
1512.099115 1154.109957 1302714743
1506.058332 1126.665540 1302714746
1495.962776 1107.776670 1302714751
1480.736692 1089.110022 1302714759
1474.530407 1065.887823 1302714763
1471.551391 1040.332293 1302714767
1468.820626 1015.998984 1302714770
1465.924360 995.999004 1302714772
1463.524597 972.999027 1302714774
1460.959332 938.887950 1302714777
1459.469824 917.554638 1302714779
1457.897565 892.110219 1302714782
1462.531591 871.776906 1302714790
1448.546764 857.332476 1302714798
1424.797382 854.332479 1302714801
1395.255469 849.888039 1302714804
1372.912845 843.999156 1302714806
1351.314976 840.776937 1302714808
1324.255576 837.110274 1302714811
1303.319710 834.332499 1302714815
1283.459600 824.110287 1302714831
1263.268489 823.554732 1302714834
1241.174116 825.665841 1302714837
1221.231256 824.110287 1302714839
1198.061128 819.888069 1302714841
1174.973750 817.776960 1302714843
1153.955134 817.332516 1302714845
1131.447009 815.443629 1302714848
1110.097391 813.110298 1302714867
1086.596261 809.443635 1302714871
1062.515878 804.110307 1302714874
1039.676752 802.888086 1302714876
1015.679119 801.999198 1302714878
992.260739 801.554754 1302714880
969.918116 801.221421 1302714882
949.230501 801.776976 1302714884
926.556876 803.221419 1302714887
906.365764 804.888084 1302714903
900.490482 827.443617 1302714908
902.559243 852.443592 1302714911
903.055746 876.110235 1302714915
903.552249 896.332437 1302714921
906.614016 920.776857 1302714941
906.945017 943.332390 1302714944
906.696766 972.776805 1302714947
906.448515 994.554561 1302714949
906.531265 1016.332317 1302714951
906.200263 1038.554517 1302714954
921.426348 1056.221166 1302714967
945.423980 1055.998944 1302714970
971.490374 1052.998947 1302714973
993.501996 1052.110059 1302714977
1018.575385 1057.443387 1302715001
1043.731524 1059.221163 1302715004
1065.825896 1058.887830 1302715007
1088.085770 1061.443383 1302715015
1110.759395 1062.221160 1302715022
1132.109013 1060.443384 1302715027
1154.037884 1063.110048 1302715047
1178.201018 1062.887826 1302715050
1201.453897 1060.887828 1302715053
1224.541274 1060.887828 1302715058
1249.035410 1064.110047 1302715062
1273.198544 1063.776714 1302715066
1295.127415 1065.332268 1302715084
1318.463044 1065.554490 1302715087
1347.011952 1066.332267 1302715090
1372.168091 1065.776712 1302715093
1395.255469 1063.665603 1302715097
1418.094595 1066.110045 1302715101
1442.588731 1067.998932 1302715104
1466.089861 1065.887823 1302715107
1487.191227 1066.332267 1302715113
1502.996565 1080.887808 1302715120
1502.003559 1102.332231 1302715123
1501.176055 1132.665534 1302715126
1500.100299 1154.554401 1302715128
1499.107293 1181.109930 1302715131
1498.776292 1202.665464 1302715136
1499.107293 1223.220999 1302715140
1498.776292 1251.332082 1302715143
1497.866037 1272.109839 1302715145
1497.121282 1300.220922 1302715148
1494.638769 1321.332012 1302715151
1497.286783 1343.776434 1302715160
1516.733141 1351.220871 1302715164
1540.068770 1354.443090 1302715167
1568.865929 1355.665311 1302715170
1599.069846 1351.220871 1302715173
1623.315731 1350.109761 1302715176
1642.679338 1345.109766 1302715179
1663.201451 1345.554210 1302715207
1687.199084 1347.776430 1302715211
1715.168739 1348.776429 1302715214
1736.601107 1349.331984 1302715216
1760.515990 1350.554205 1302715218
1786.168631 1351.554204 1302715220
1814.303787 1351.331982 1302715222
1843.514699 1351.109760 1302715224
1871.649854 1349.776428 1302715226
1898.295502 1349.220873 1302715228
1923.948144 1348.887540 1302715230
1948.276778 1348.331985 1302715232
1971.612407 1348.331985 1302715234
1996.106543 1347.443097 1302715236
2021.510933 1347.220875 1302715238
2047.080825 1347.776430 1302715240
2071.243959 1348.331985 1302715242
2094.248586 1349.109762 1302715244
2117.749716 1350.331983 1302715246
2142.326602 1351.554204 1302715248
2168.392996 1352.331981 1302715250
2195.038643 1353.220869 1302715252
2221.849792 1354.109757 1302715254
2249.074692 1354.998645 1302715256
2276.961597 1355.554200 1302715258
2318.998829 1356.887532 1302715261
2346.058229 1357.776420 1302715263
2371.048867 1358.554197 1302715265
2393.805243 1359.665307 1302715267
2414.658358 1360.331973 1302715269
2443.538268 1360.776417 1302715272
2472.418178 1360.331973 1302715275
2494.098798 1359.887529 1302715277
2517.186176 1360.554195 1302715279
2541.680311 1361.331972 1302715281
2567.084702 1361.665305 1302715283
2593.316597 1361.998638 1302715285
2619.382991 1362.554193 1302715287
2644.787382 1362.998637 1302715289
2669.860770 1363.665303 1302715291
2694.603157 1364.443080 1302715293
2719.180043 1364.998635 1302715295
2744.087931 1364.998635 1302715297
2768.747567 1365.554190 1302715299
2793.241703 1366.220856 1302715301
