910.751538 771.665895 1303411789
902.807495 790.443654 1303411794
901.483487 810.999189 1303411797
901.152485 834.443610 1303411800
901.483487 855.332478 1303411803
902.062740 879.888009 1303411807
902.559243 906.999093 1303411811
901.897239 930.332403 1303411814
901.400737 952.332381 1303411817
903.800500 977.776800 1303411820
903.634999 1001.665665 1303411823
908.931028 1024.221198 1303411827
928.460136 1030.110081 1303411831
950.058006 1034.110077 1303411834
973.062633 1035.332298 1303411837
994.412251 1037.887851 1303411841
1017.830631 1042.887846 1303411869
1038.352744 1046.110065 1303411872
1064.005386 1050.332283 1303411875
1087.423766 1053.221169 1303411878
1107.697628 1056.887832 1303411884
1129.626499 1056.443388 1303411889
1150.231363 1061.332272 1303411910
1170.753477 1058.776719 1303411915
1192.185845 1058.665608 1303411918
1217.921238 1057.887831 1303411921
1241.505118 1056.998943 1303411924
1263.102988 1058.665608 1303411929
1284.783608 1063.332270 1303411942
1304.891969 1064.110047 1303411945
1330.627361 1065.665601 1303411948
1360.914029 1065.998934 1303411951
1382.511898 1065.998934 1303411953
1404.440770 1066.665600 1303411955
1426.038639 1067.110044 1303411957
1454.670298 1068.221154 1303411960
1477.178422 1069.110042 1303411963
1497.369534 1072.443372 1303411968
1505.230827 1091.998908 1303411972
1504.568824 1112.665554 1303411975
1498.031537 1133.665533 1303411980
1505.065326 1153.665513 1303411987
1501.093304 1176.554379 1303411993
1499.024543 1203.665463 1303411996
1496.955781 1224.332109 1303411998
1494.721519 1245.443199 1303412000
1492.404506 1268.109843 1303412002
1498.941792 1295.109816 1303412005
1507.547840 1313.776464 1303412008
1512.761119 1335.331998 1303412013
1512.761119 1356.109755 1303412024
1529.642212 1368.776409 1303412029
1546.937058 1380.998619 1303412032
1565.059408 1391.109720 1303412036
1581.940502 1411.554144 1303412040
1602.793617 1413.554142 1303412044
1619.922962 1402.109709 1303412048
1638.293563 1390.887498 1303412055
1660.387936 1383.887505 1303412062
1680.661798 1377.776400 1303412069
1706.728192 1376.109735 1303412075
1733.208338 1378.220844 1303412079
1760.929742 1378.220844 1303412082
1781.617356 1377.554178 1303412084
1806.856246 1376.109735 1303412086
1834.743150 1374.887514 1303412088
1862.878306 1373.109738 1303412090
1890.765210 1371.665295 1303412092
1918.652114 1370.109741 1303412094
1946.373518 1369.443075 1303412096
1974.012171 1369.554186 1303412098
2000.078565 1369.776408 1303412100
2024.489950 1370.443074 1303412102
2048.570333 1370.887518 1303412104
2072.816217 1371.331962 1303412106
2096.896600 1371.443073 1303412108
2121.556237 1371.776406 1303412110
2146.133123 1373.220849 1303412112
2170.958260 1373.776404 1303412114
2195.700647 1373.998626 1303412116
2221.353289 1373.554182 1303412118
2247.419683 1373.220849 1303412120
2273.237826 1373.109738 1303412122
2298.973218 1372.887516 1303412124
2324.625860 1372.887516 1303412126
2350.278502 1373.109738 1303412128
2375.351891 1373.220849 1303412130
2398.687520 1373.554182 1303412132
2420.699142 1373.776404 1303412134
2441.469507 1374.109737 1303412136
2467.370400 1374.554181 1303412139
2487.561512 1374.665292 1303412144
2510.400638 1375.665291 1303412170
2535.970530 1375.887513 1303412173
2556.078891 1375.998624 1303412175
2578.090513 1376.331957 1303412177
2601.426142 1376.554179 1303412179
2625.175523 1376.443068 1303412181
2648.345651 1376.443068 1303412183
2672.095033 1375.998624 1303412185
2696.589168 1375.998624 1303412187
2721.414305 1375.776402 1303412189
2746.156692 1375.331958 1303412191
2770.154325 1375.220847 1303412193
2792.662450 1375.443069 1303412195
2814.508570 1375.998624 1303412197
2834.947934 1376.331957 1303412199
2863.331341 1376.887512 1303412202
2884.101705 1377.109734 1303412205
