2530.012497 1381.331952 1302889260
2507.338871 1382.109729 1302889274
2487.313260 1381.554174 1302889277
2464.805136 1380.665286 1302889281
2440.393751 1378.554177 1302889304
2416.478868 1377.443067 1302889307
2386.440452 1375.887513 1302889310
2364.428831 1375.220847 1302889312
2341.010451 1374.776403 1302889314
2316.599066 1374.554181 1302889316
2291.194675 1374.109737 1302889318
2265.707534 1373.665293 1302889320
2239.972142 1372.887516 1302889322
2213.905748 1372.443072 1302889324
2187.425601 1372.220850 1302889326
2161.441958 1371.554184 1302889328
2136.285818 1370.554185 1302889330
2111.460681 1370.220852 1302889332
2086.056291 1369.554186 1302889334
2059.989896 1368.554187 1302889336
2033.426999 1367.554188 1302889338
2006.615851 1366.665300 1302889340
1979.639202 1366.331967 1302889342
1952.910804 1366.109745 1302889344
1927.009911 1366.554189 1302889346
1901.771021 1367.220855 1302889348
1877.194135 1367.776410 1302889350
1853.031001 1368.554187 1302889352
1829.860873 1369.443075 1302889354
1802.884224 1369.220853 1302889357
1782.279360 1368.443076 1302889361
1761.012492 1366.443078 1302889370
1733.953093 1366.998633 1302889375
1710.203711 1366.776411 1302889378
1684.302818 1362.554193 1302889381
1659.063928 1361.220861 1302889384
1634.073290 1361.443083 1302889387
1609.413654 1361.220861 1302889390
1584.754017 1360.554195 1302889393
1561.914891 1360.109751 1302889396
1542.220282 1366.331967 1302889415
1522.608423 1374.443070 1302889420
1500.845053 1373.443071 1302889424
1491.659752 1355.331978 1302889428
1494.142266 1334.998665 1302889433
1500.348550 1307.220915 1302889437
1500.431301 1280.220942 1302889440
1495.797275 1259.776518 1302889443
1487.108477 1235.998764 1302889448
1499.355545 1213.332120 1302889454
1504.155071 1189.109922 1302889457
1502.003559 1166.554389 1302889459
1497.204033 1139.887749 1302889462
1491.742503 1120.554435 1302889464
1483.384706 1099.221123 1302889469
1481.398695 1075.221147 1302889473
1481.398695 1044.998955 1302889476
1483.136455 1021.110090 1302889478
1484.956965 995.332338 1302889480
1486.363723 969.999030 1302889482
1487.108477 945.443499 1302889484
1485.122466 921.443523 1302889486
1485.370717 899.999100 1302889488
1485.701719 873.888015 1302889491
1486.529224 852.776925 1302889494
1489.177238 830.665836 1302889503
1468.406874 825.110286 1302889507
1441.264723 822.999177 1302889510
1415.694832 821.221401 1302889513
1392.524704 818.665848 1302889517
1370.182080 814.110297 1302889530
1347.425704 814.221408 1302889535
1326.324338 814.888074 1302889540
1305.140220 816.221406 1302889553
1282.549345 810.221412 1302889560
1257.310456 824.554731 1302889566
1235.878087 834.776943 1302889572
1211.135700 830.554725 1302889575
1187.634570 827.999172 1302889579
1162.561182 823.110288 1302889583
1141.294314 819.110292 1302889586
1121.930707 808.776969 1302889614
1095.698812 806.221416 1302889619
1073.769940 804.554751 1302889622
1050.268810 803.888085 1302889625
1027.677935 803.332530 1302889628
1003.845803 802.888086 1302889631
977.613908 801.999198 1302889634
950.058006 801.554754 1302889637
926.474125 802.221420 1302889640
905.869261 812.776965 1302889645
905.372759 837.221385 1302889649
905.455509 865.332468 1302889652
905.124507 888.665778 1302889654
904.628005 915.221307 1302889656
904.048751 943.443501 1302889658
903.386748 971.332362 1302889660
903.717750 995.665671 1302889662
903.800500 1017.554538 1302889664
903.221247 1041.665625 1302889667
916.709571 1059.776718 1302889672
943.355219 1057.443387 1302889676
967.187351 1055.887833 1302889679
989.943727 1054.665612 1302889683
