2438.821492 1374.331959 1302891115
2413.499852 1373.665293 1302891118
2393.308740 1372.443072 1302891120
2370.304113 1370.887518 1302891122
2345.147974 1369.443075 1302891124
2318.998829 1368.554187 1302891126
2291.773929 1367.776410 1302891128
2264.052525 1367.109744 1302891130
2235.751869 1366.665300 1302891132
2206.954709 1365.665301 1302891134
2178.323051 1364.998635 1302891136
2150.270646 1364.443080 1302891138
2123.376747 1363.887525 1302891140
2096.979351 1363.109748 1302891142
2069.671700 1362.554193 1302891144
2041.619295 1361.776416 1302891146
2013.235888 1361.109750 1302891148
1984.355978 1360.998639 1302891150
1955.227817 1361.331972 1302891152
1926.016905 1361.998638 1302891154
1897.054245 1362.665304 1302891156
1868.588087 1363.331970 1302891158
1840.701183 1363.776414 1302891160
1814.303787 1363.998636 1302891162
1789.809652 1363.776414 1302891164
1766.391272 1363.554192 1302891166
1743.303894 1362.998637 1302891168
1721.788775 1362.331971 1302891170
1692.495113 1360.887528 1302891173
1666.511469 1360.554195 1302891176
1639.452070 1359.887529 1302891179
1615.537187 1357.998642 1302891182
1594.435821 1357.443087 1302891187
1568.865929 1353.554202 1302891192
1543.461539 1354.443090 1302891195
1516.236638 1356.443088 1302891198
1497.038532 1362.998637 1302891203
1512.099115 1347.998652 1302891211
1511.933614 1320.554235 1302891214
1504.982576 1282.998717 1302891217
1504.320572 1262.665404 1302891220
1500.017548 1241.554314 1302891226
1501.755308 1220.221002 1302891230
1506.968587 1194.332139 1302891233
1505.975581 1172.332161 1302891235
1497.783286 1142.332191 1302891237
1493.480262 1119.332214 1302891239
1492.404506 1097.221125 1302891243
1491.080499 1074.332259 1302891250
1491.246000 1051.221171 1302891253
1491.328750 1020.665646 1302891256
1491.990754 998.221224 1302891258
1492.901009 974.332359 1302891260
1493.976765 950.554605 1302891262
1494.887020 927.999072 1302891264
1495.135271 906.443538 1302891266
1495.383523 885.332448 1302891268
1494.887020 858.110253 1302891271
1494.638769 835.110276 1302891275
1488.266983 813.443631 1302891282
1467.827620 808.999191 1302891286
1444.409241 811.110300 1302891290
1424.383630 815.443629 1302891294
1397.158729 814.776963 1302891298
1375.064357 813.999186 1302891301
1354.045741 813.554742 1302891304
1332.282370 811.999188 1302891309
1310.187998 809.999190 1302891324
1289.665885 811.665855 1302891329
1263.185738 814.110297 1302891333
1240.677614 813.888075 1302891335
1218.252240 814.665852 1302891337
1198.061128 815.665851 1302891339
1171.746482 817.332516 1302891342
1150.314114 813.999186 1302891347
1125.240725 810.554745 1302891367
1099.505333 806.888082 1302891370
1078.486716 805.443639 1302891372
1055.233838 804.665862 1302891374
1035.125477 803.443641 1302891376
1007.569574 802.221420 1302891379
986.633708 801.332532 1302891382
966.442597 800.110311 1302891389
943.272468 800.776977 1302891417
921.260847 800.776977 1302891421
903.717750 815.665851 1302891426
905.455509 836.554719 1302891429
906.779516 866.665800 1302891432
906.283014 889.999110 1302891434
905.786511 915.999084 1302891436
904.710755 943.554612 1302891438
903.221247 970.332363 1302891440
902.476493 994.443450 1302891442
902.310992 1015.554540 1302891444
902.310992 1038.998961 1302891447
917.371575 1052.332281 1302891452
942.527714 1049.554506 1302891456
966.028844 1049.998950 1302891459
986.799209 1052.776725 1302891464
1012.120849 1052.998947 1302891487
1037.856242 1055.332278 1302891490
1065.163893 1055.998944 1302891493
1085.686006 1055.776722 1302891496
1108.690634 1055.221167 1302891502
1128.964496 1055.665611 1302891506
