3826.050167 1923.775854 1302902456
3805.693554 1913.775864 1302902479
3784.592187 1913.664753 1302902482
3757.119035 1914.442530 1302902485
3733.369654 1915.886973 1302902488
3712.930291 1918.442526 1302902491
3688.767157 1917.998082 1302902498
3664.604023 1917.998082 1302902501
3644.661163 1919.775858 1302902503
3621.822037 1923.442521 1302902505
3598.320907 1925.775852 1302902507
3575.812782 1926.886962 1302902509
3553.387408 1927.553628 1302902511
3530.051779 1927.886961 1302902513
3506.798900 1927.775850 1302902515
3483.463271 1927.775850 1302902517
3460.955147 1926.998073 1302902519
3437.867769 1925.998074 1302902521
3414.366639 1925.553630 1302902523
3390.782759 1925.331408 1302902525
3367.116128 1925.331408 1302902527
3343.945999 1924.886964 1302902529
3321.851627 1924.220298 1302902531
3300.915761 1923.442521 1302902533
3280.807400 1922.998077 1302902535
3253.830751 1925.109186 1302902538
3233.060386 1924.998075 1302902540
3209.724757 1924.331409 1302902542
3187.878636 1923.442521 1302902544
3167.853025 1922.220300 1302902546
3144.186394 1921.220301 1302902549
3123.829782 1919.775858 1302902553
3102.066411 1920.664746 1302902567
3076.993023 1920.109191 1302902570
3050.430126 1919.220303 1302902573
3026.680744 1918.331415 1302902577
3000.779851 1916.664750 1302902584
2980.092236 1918.886970 1302902587
2956.673857 1921.664745 1302902591
2936.565496 1916.664750 1302902597
2909.919848 1915.331418 1302902625
2880.874438 1914.331419 1302902628
2859.028317 1913.553642 1302902630
2837.099445 1912.775865 1302902632
2815.005073 1912.220310 1302902634
2793.158952 1911.442533 1302902636
2771.561083 1910.442534 1302902638
2750.542467 1909.442535 1302902640
2724.310571 1908.331425 1302902643
2703.788458 1909.109202 1302902648
2680.287328 1909.109202 1302902653
2652.152172 1908.442536 1302902656
2622.362007 1907.331426 1302902659
2602.253646 1906.553649 1302902661
2582.145285 1905.886983 1302902663
2553.679127 1905.331428 1302902666
2529.102242 1904.775873 1302902669
2508.828379 1904.442540 1302902676
2488.223515 1903.442541 1302902682
2462.322622 1902.664764 1302902685
2441.552257 1901.553654 1302902687
2419.126883 1900.553655 1302902689
2395.791254 1899.220323 1302902691
2372.290124 1897.998102 1302902693
2349.533748 1896.886992 1302902695
2322.722600 1895.775882 1302902698
2300.959229 1894.553661 1302902704
2274.065331 1893.220329 1302902709
2253.956969 1892.664774 1302902711
2230.538590 1891.442553 1302902713
2205.547952 1890.775887 1302902715
2179.978060 1889.998110 1302902717
2153.994416 1889.442555 1302902719
2128.093523 1888.442556 1302902721
2102.192630 1887.553668 1302902723
2076.291736 1886.442558 1302902725
2050.639095 1885.887003 1302902727
2025.069203 1885.553670 1302902729
1999.499312 1885.442559 1302902731
1974.012171 1885.775892 1302902733
1950.676542 1885.887003 1302902735
1924.527397 1885.664781 1302902738
1903.508781 1885.998114 1302902745
1880.917906 1886.442558 1302902752
1855.265264 1886.220336 1302902755
1827.212859 1886.220336 1302902758
1798.994952 1886.998113 1302902761
1778.969342 1885.109226 1302902763
1752.985698 1883.553672 1302902766
1731.967082 1882.553673 1302902771
1710.203711 1878.331455 1302902798
1687.861088 1873.331460 1302902806
1683.392563 1849.109262 1302902810
1683.392563 1828.887060 1302902812
1684.302818 1804.998195 1302902814
1685.544075 1779.887109 1302902816
1686.454330 1753.331580 1302902818
1687.116333 1725.331608 1302902820
1687.199084 1696.553859 1302902822
1687.281834 1668.442776 1302902824
1686.454330 1643.998356 1302902826
1684.302818 1619.776158 1302902829
