1728.988065 546.888342 1302311111
1706.976443 549.221673 1302311132
1676.689776 550.777227 1302311135
1650.375130 551.443893 1302311137
1620.833217 551.888337 1302311139
1592.615311 552.443892 1302311141
1567.790173 552.999447 1302311143
1546.440555 552.888336 1302311145
1523.435928 552.332781 1302311148
1500.762303 559.332774 1302311162
1501.424306 582.888306 1302311166
1502.996565 608.777169 1302311169
1502.913814 631.110480 1302311171
1502.582813 658.110453 1302311173
1501.589807 688.221534 1302311175
1500.100299 717.999282 1302311177
1499.355545 746.999253 1302311179
1498.528040 772.110339 1302311181
1497.452284 792.110319 1302311183
1494.887020 815.332518 1302311187
1478.833431 827.332506 1302311194
1458.559569 826.110285 1302311197
1430.672665 823.776954 1302311200
1408.578293 820.776957 1302311202
1385.656416 818.665848 1302311204
1364.637799 816.776961 1302311206
1336.668145 814.332519 1302311209
1316.228782 811.888077 1302311214
1293.968909 814.332519 1302311231
1281.970092 831.554724 1302311235
1265.088999 847.332486 1302311238
1249.697414 862.554693 1302311241
1226.361784 863.332470 1302311243
1204.929416 860.110251 1302311245
1179.111273 852.332481 1302311248
1148.741855 849.221373 1302311251
1125.654477 846.221376 1302311253
1098.926079 842.999157 1302311255
1069.549667 839.110272 1302311257
1039.676752 834.110277 1302311259
1012.286350 829.443615 1302311261
988.371468 825.888063 1302311263
960.484564 822.665844 1302311266
941.203707 814.999185 1302311273
920.267841 806.665860 1302311300
895.525454 803.443641 1302311303
874.506838 800.999199 1302311305
850.591956 799.443645 1302311307
824.194560 798.221424 1302311309
797.217910 797.443647 1302311311
771.565268 796.776981 1302311313
746.243628 795.888093 1302311315
720.342735 794.332539 1302311317
692.621332 793.776984 1302311319
664.817178 793.443651 1302311321
638.254281 792.332541 1302311323
603.250837 790.776987 1302311326
577.680946 788.888100 1302311329
556.083076 788.443656 1302311334
532.912948 792.776985 1302311358
511.315079 792.443652 1302311361
485.662437 790.888098 1302311364
464.478320 789.110322 1302311366
441.721944 787.888101 1302311368
420.372326 786.665880 1302311370
392.733673 785.888103 1302311373
368.984291 785.443659 1302311376
348.379427 785.999214 1302311379
327.278061 786.888102 1302311382
307.252450 788.221434 1302311386
285.158078 790.332543 1302311400
260.663942 796.110315 1302311403
240.638331 798.776979 1302311405
214.737438 796.554759 1302311408
192.477565 788.888100 1302311415
171.458949 790.221432 1302311418
147.792318 796.332537 1302311421
124.042936 801.110310 1302311424
101.286560 803.776974 1302311428
98.804047 824.221398 1302311434
95.328527 848.999151 1302311438
93.590768 869.221353 1302311440
91.770258 907.887981 1302311443
90.529001 935.332398 1302311445
88.791241 960.332373 1302311447
88.791241 982.665684 1302311449
89.039493 1006.443438 1302311452
84.819219 1026.887862 1302311474
83.495212 1050.554505 1302311479
82.419456 1073.554482 1302311482
81.840203 1094.887794 1302311484
81.674702 1118.332215 1302311486
81.922953 1143.998856 1302311488
82.005704 1170.443274 1302311490
81.509201 1197.554358 1302311492
80.681696 1224.776553 1302311494
80.267944 1251.665415 1302311496
79.854192 1276.887612 1302311498
79.523190 1299.665367 1302311500
80.681696 1322.332011 1302311503
102.031314 1327.776450 1302311511
127.518455 1328.665338 1302311516
157.722373 1328.887560 1302311519
182.630260 1328.776449 1302311521
208.034651 1328.998671 1302311523
230.542775 1329.665337 1302311525
260.250190 1329.887559 1302311528
280.689553 1330.109781 1302311530
301.708169 1329.998670 1302311532
322.644035 1329.887559 1302311534
343.910903 1329.776448 1302311536
365.177770 1329.998670 1302311538
386.113636 1330.554225 1302311540
414.993546 1330.665336 1302311543
438.411925 1330.665336 1302311546
461.002800 1330.998669 1302311551
488.393202 1331.665335 1302311563
508.501563 1331.887557 1302311565
530.926937 1331.998668 1302311567
554.179816 1332.220890 1302311569
579.004953 1333.109778 1302311571
606.809107 1333.887555 1302311573
637.261275 1334.554221 1302311575
667.630693 1335.443109 1302311577
696.924356 1335.887553 1302311579
725.059511 1336.220886 1302311581
751.787909 1336.998663 1302311583
777.357801 1337.554218 1302311585
800.941681 1337.998662 1302311587
828.911336 1337.998662 1302311590
852.081464 1335.331998 1302311594
