2499.229326 1378.554177 1303135878
2477.548706 1377.776400 1303135881
2457.026593 1376.887512 1303135885
2431.539452 1374.998625 1303135902
2404.811054 1373.220849 1303135905
2383.875188 1372.665294 1303135907
2360.870561 1372.109739 1303135909
2336.872928 1372.331961 1303135911
2311.882290 1372.109739 1303135913
2286.477899 1371.665295 1303135915
2261.073509 1371.331962 1303135917
2234.924364 1370.665296 1303135919
2209.023471 1370.331963 1303135921
2182.708825 1369.776408 1303135923
2157.138934 1369.220853 1303135925
2132.065545 1368.665298 1303135927
2106.743905 1368.220854 1303135929
2080.346509 1367.220855 1303135931
2053.783612 1366.887522 1303135933
2027.220715 1366.220856 1303135935
1999.913064 1365.776412 1303135937
1971.943409 1365.776412 1303135939
1944.056505 1366.554189 1303135941
1916.500602 1367.443077 1303135943
1889.523953 1368.109743 1303135945
1863.126557 1368.776409 1303135947
1837.391165 1369.331964 1303135949
1813.310782 1369.331964 1303135951
1789.644151 1368.887520 1303135953
1766.474023 1368.665298 1303135955
1744.627902 1368.331965 1303135957
1724.023038 1367.665299 1303135959
1696.301634 1366.776411 1303135962
1674.372763 1366.554189 1303135965
1651.368136 1365.443079 1303135968
1623.067479 1363.887525 1303135971
1602.462615 1362.887526 1303135973
1580.616494 1358.554197 1303135975
1557.529117 1348.887540 1303135977
1535.434744 1341.331992 1303135979
1509.037348 1336.887552 1303135982
1493.811264 1351.220871 1303135986
1495.135271 1379.665287 1303135996
1480.322939 1361.887527 1303136014
1482.722703 1341.220881 1303136020
1491.577002 1360.331973 1303136026
1518.139899 1351.109760 1303136030
1546.688807 1347.665319 1303136034
1551.322832 1324.332009 1303136035
1553.308843 1303.109808 1303136036
1554.384599 1268.109843 1303136038
1550.660829 1243.665423 1303136040
1546.937058 1218.554337 1303136042
1543.627040 1195.221027 1303136045
1539.820519 1174.332159 1303136047
1536.676001 1153.776624 1303136049
1532.786730 1122.998877 1303136052
1529.642212 1097.332236 1303136054
1529.311210 1073.443371 1303136055
1529.393961 1037.443407 1303136056
1528.731957 1013.221209 1303136057
1532.041976 985.110126 1303136058
1528.483706 956.110155 1303136060
1526.994198 929.887959 1303136062
1525.918442 905.776872 1303136064
1523.104926 884.554671 1303136066
1518.222649 860.999139 1303136069
1512.016365 837.110274 1303136071
1507.465090 817.221405 1303136086
1492.239005 802.776975 1303136095
1470.806637 803.110308 1303136099
1447.057255 802.443642 1303136102
1416.439586 802.665864 1303136105
1393.186707 802.554753 1303136107
1370.347581 802.776975 1303136109
1350.321970 802.776975 1303136111
1327.151842 803.221419 1303136114
1305.719474 802.332531 1303136126
1280.894336 791.443653 1303136131
1251.848925 781.443663 1303136134
1229.175300 777.332556 1303136136
1204.681165 778.665888 1303136138
1180.931783 780.554775 1303136140
1159.830416 780.665886 1303136142
1135.336281 781.776996 1303136145
1116.220925 792.888096 1303136149
1090.651034 794.665872 1303136176
1064.832891 793.776984 1303136179
1035.373728 793.665873 1303136182
1014.437862 793.554762 1303136184
964.539336 793.443651 1303136189
915.633815 798.221424 1303136199
896.932212 822.332511 1303136217
900.738733 882.888006 1303136223
901.483487 906.776871 1303136225
901.814489 965.110146 1303136230
902.145491 985.999014 1303136232
902.724744 1041.443403 1303136240
918.530082 1057.332276 1303136247
991.846987 1055.221167 1303136257
1017.747880 1055.554500 1303136283
1077.162709 1056.332277 1303136290
1097.353821 1055.998944 1303136301
1121.682455 1055.776722 1303136306
