2953.198338 1389.331944 1303141154
2931.269466 1388.887500 1303141183
2904.789320 1388.331945 1303141187
2874.916405 1387.554168 1303141190
2852.904783 1387.220835 1303141192
2829.734655 1386.554169 1303141194
2804.992268 1385.998614 1303141196
2779.256875 1385.443059 1303141198
2752.611228 1384.776393 1303141200
2725.634579 1383.998616 1303141202
2698.078676 1382.998617 1303141204
2670.357273 1382.220840 1303141206
2642.056616 1381.443063 1303141208
2613.011206 1380.554175 1303141210
2584.131296 1379.998620 1303141212
2556.658144 1379.331954 1303141214
2530.508999 1378.776399 1303141216
2505.932113 1378.331955 1303141218
2484.582495 1377.776400 1303141220
2456.612840 1376.998623 1303141223
2433.028960 1376.331957 1303141226
2407.128067 1375.776402 1303141230
2380.151417 1373.887515 1303141233
2359.298302 1372.554183 1303141235
2337.203930 1371.331962 1303141237
2314.116552 1370.220852 1303141239
2290.780923 1369.554186 1303141241
2267.114292 1369.220853 1303141243
2243.199410 1368.665298 1303141245
2219.450028 1368.109743 1303141247
2195.535146 1367.776410 1303141249
2172.116767 1367.443077 1303141251
2149.360391 1366.887522 1303141253
2127.100518 1366.554189 1303141255
2105.171646 1366.220856 1303141257
2082.829023 1365.776412 1303141259
2060.155397 1365.665301 1303141261
2036.571517 1365.331968 1303141263
2011.829130 1364.887524 1303141265
1985.597235 1364.665302 1303141267
1958.868837 1364.887524 1303141269
1932.636942 1365.220857 1303141271
1907.149801 1365.887523 1303141273
1883.234918 1366.887522 1303141275
1860.395792 1367.331966 1303141277
1837.142913 1367.887521 1303141279
1813.145281 1367.887521 1303141281
1788.568395 1367.776410 1303141283
1764.157010 1367.331966 1303141285
1741.317883 1366.554189 1303141287
1720.713019 1365.998634 1303141289
1692.495113 1365.776412 1303141292
1667.090723 1365.665301 1303141295
1639.452070 1365.665301 1303141298
1618.681705 1365.554190 1303141300
1596.421832 1364.665302 1303141302
1573.830957 1363.776414 1303141304
1552.564089 1364.331969 1303141306
1524.759935 1366.887522 1303141309
1504.568824 1366.109745 1303141312
1487.273978 1354.220868 1303141333
1488.763486 1333.220889 1303141337
1488.597985 1306.998693 1303141340
1488.763486 1277.998722 1303141343
1488.928987 1251.109860 1303141346
1488.846237 1229.887659 1303141351
1492.901009 1209.776568 1303141355
1498.941792 1185.665481 1303141358
1513.505873 1159.109952 1303141361
1516.898642 1130.221092 1303141364
1515.243633 1105.554450 1303141367
1513.257622 1084.332249 1303141372
1512.347367 1062.998937 1303141376
1513.092121 1036.332297 1303141379
1513.836875 1015.554540 1303141381
1515.078132 993.554562 1303141383
1516.153888 970.332363 1303141385
1517.395145 947.110164 1303141387
1518.305400 924.665742 1303141389
1518.470901 903.665763 1303141391
1516.733141 875.443569 1303141394
1515.409134 852.776925 1303141397
1514.747130 831.999168 1303141402
1506.223833 812.776965 1303141410
1481.895198 809.443635 1303141415
1455.332301 807.332526 1303141418
1434.810188 806.221416 1303141420
1414.619076 805.332528 1303141422
1385.077163 804.888084 1303141425
1357.438510 804.776973 1303141428
1336.337143 804.332529 1303141431
1313.498017 804.443640 1303141442
1302.740457 786.665880 1303141450
1276.177560 782.221440 1303141453
1255.489946 781.776996 1303141455
1233.395573 782.443662 1303141457
1212.625208 783.888105 1303141459
1186.062312 784.554771 1303141462
1163.802438 789.888099 1303141465
1143.942329 796.443648 1303141469
1121.847956 795.888093 1303141492
1098.760579 794.332539 1303141495
1069.135915 793.332540 1303141498
1047.372544 793.332540 1303141500
1025.526423 793.443651 1303141502
1005.252561 793.332540 1303141504
976.869154 793.443651 1303141507
952.126767 794.554761 1303141510
932.101157 796.999203 1303141514
912.241047 809.332524 1303141521
911.661794 830.554725 1303141524
911.827294 859.999140 1303141527
911.827294 880.665786 1303141529
911.744544 910.332423 1303141532
911.330792 930.332403 1303141534
910.337786 950.665716 1303141536
909.179280 970.999029 1303141538
909.924034 999.443445 1303141541
910.172285 1025.332308 1303141544
912.241047 1046.998953 1303141548
932.183907 1052.110059 1303141553
952.954272 1050.887838 1303141556
975.379646 1050.443394 1303141559
996.150011 1050.998949 1303141563
