1729.319067 1365.331968 1303144699
1708.052199 1363.554192 1303144704
1683.640814 1362.220860 1303144708
1655.753910 1359.331974 1303144712
1626.460248 1358.331975 1303144715
1606.269136 1357.665309 1303144717
1579.044236 1357.220865 1303144720
1554.467350 1356.554199 1303144724
1535.020992 1361.331972 1303144737
1514.167877 1364.331969 1303144743
1491.825253 1364.554191 1303144747
1482.557202 1346.220876 1303144754
1488.763486 1323.332010 1303144762
1489.839242 1301.998698 1303144764
1491.328750 1273.109838 1303144766
1492.652758 1248.332085 1303144769
1496.624780 1227.887661 1303144775
1497.038532 1203.221019 1303144790
1503.244816 1183.998816 1303144793
1518.470901 1165.109946 1303144796
1528.235455 1144.776633 1303144799
1526.083943 1121.887767 1303144802
1520.705163 1099.887789 1303144806
1511.437112 1076.887812 1303144812
1508.623596 1051.332282 1303144815
1508.292594 1030.665636 1303144817
1508.954598 1008.443436 1303144819
1509.533851 986.332347 1303144821
1509.285600 965.776812 1303144823
1508.375345 938.776839 1303144826
1506.389334 912.332421 1303144829
1504.403323 884.221338 1303144832
1503.906820 857.332476 1303144835
1505.727330 836.665830 1303144838
1506.058332 814.332519 1303144845
1482.308950 807.999192 1303144850
1457.566564 809.888079 1303144853
1429.348657 810.110301 1303144856
1405.847527 808.888080 1303144859
1380.360386 807.443637 1303144863
1357.107508 806.443638 1303144867
1332.944374 807.443637 1303144871
1312.174009 807.999192 1303144876
1291.155393 806.332527 1303144889
1265.337250 804.221418 1303144892
1243.656630 801.999198 1303144894
1219.741748 801.554754 1303144896
1196.985372 801.221421 1303144898
1175.553003 800.665866 1303144900
1148.079851 801.443643 1303144903
1127.392237 803.110308 1303144906
1100.994841 804.776973 1303144919
1076.914458 804.332529 1303144922
1049.275805 803.776974 1303144925
1022.133655 803.554752 1303144928
993.584747 802.999197 1303144931
965.201340 802.443642 1303144934
939.631448 804.221418 1303144937
914.971812 802.554753 1303144941
903.717750 820.999179 1303144945
904.959006 847.332486 1303144948
904.876256 868.776909 1303144950
904.628005 893.443551 1303144952
904.214252 920.443524 1303144954
903.717750 947.221275 1303144956
903.469498 972.999027 1303144958
903.552249 996.776781 1303144960
904.131502 1024.443420 1303144963
903.386748 1046.998953 1303144967
917.454326 1061.221161 1303144971
942.775966 1063.110048 1303144974
970.166367 1060.665606 1303144977
993.832998 1060.665606 1303144981
1016.175622 1062.221160 1303145009
1042.904020 1062.221160 1303145012
1070.294421 1058.887830 1303145015
1090.485533 1057.998942 1303145018
1111.255898 1060.221162 1303145022
1132.191764 1060.554495 1303145026
1156.272147 1062.665604 1303145052
1176.380508 1063.665603 1303145055
1201.122895 1064.110047 1303145059
1226.941038 1067.998932 1303145063
1248.207905 1066.998933 1303145066
1274.026048 1065.221157 1303145070
1301.085448 1066.665600 1303145074
1327.234593 1068.332265 1303145077
1356.280003 1068.887820 1303145080
1383.670405 1068.665598 1303145083
1409.985050 1068.887820 1303145086
1436.216945 1070.110041 1303145089
1463.359096 1066.665600 1303145092
1485.701719 1064.332269 1303145096
1501.755308 1080.998919 1303145103
1498.941792 1103.887785 1303145107
1497.948787 1127.443317 1303145111
1498.031537 1147.998852 1303145114
1498.445290 1171.665495 1303145117
1499.272794 1191.887697 1303145120
1498.693541 1216.443228 1303145127
1499.355545 1240.776537 1303145130
1498.031537 1268.443176 1303145133
1497.369534 1293.665373 1303145136
1496.873031 1316.998683 1303145140
1494.638769 1336.887552 1303145146
1513.257622 1345.776432 1303145151
1538.910264 1348.331985 1303145155
1562.411394 1350.998649 1303145158
1588.146786 1353.331980 1303145161
1617.605949 1352.776425 1303145164
1642.348336 1350.776427 1303145167
1665.270213 1354.331979 1303145171
