2522.151203 1369.776408 1303413147
2500.884335 1370.776407 1303413169
2478.376211 1369.887519 1303413172
2456.116338 1370.331963 1303413176
2431.042949 1370.665296 1303413191
2401.418285 1368.665298 1303413194
2377.668904 1366.776411 1303413196
2351.685260 1364.665302 1303413198
2325.122363 1362.998637 1303413200
2298.476716 1361.998638 1303413202
2271.334566 1360.998639 1303413204
2244.109665 1360.443084 1303413206
2217.298517 1360.109751 1303413208
2190.404618 1359.887529 1303413210
2164.007222 1360.443084 1303413212
2137.278824 1361.331972 1303413214
2110.136674 1361.776416 1303413216
2083.656527 1361.887527 1303413218
2058.252137 1361.776416 1303413220
2034.006253 1361.331972 1303413222
2010.753374 1360.554195 1303413224
1988.079748 1360.109751 1303413226
1965.737125 1359.776418 1303413228
1942.318745 1359.331974 1303413230
1917.741859 1358.220864 1303413232
1892.585720 1357.554198 1303413234
1867.760583 1357.665309 1303413236
1843.100946 1358.665308 1303413238
1819.020563 1359.331974 1303413240
1796.015936 1359.331974 1303413242
1773.921564 1359.109752 1303413244
1753.151199 1358.998641 1303413246
1727.829559 1357.443087 1303413249
1707.307445 1355.220867 1303413253
1683.558064 1362.665304 1303413258
1658.236424 1355.443089 1303413262
1637.300558 1350.665316 1303413264
1614.295931 1345.998654 1303413266
1591.043052 1336.998663 1303413268
1567.624672 1328.554227 1303413270
1544.868297 1321.776456 1303413272
1522.608423 1316.776461 1303413274
1502.500062 1314.665352 1303413276
1485.122466 1304.443140 1303413279
1483.136455 1278.776499 1303413286
1484.046710 1254.776523 1303413289
1485.536218 1232.998767 1303413292
1487.191227 1209.443235 1303413298
1487.935982 1187.554368 1303413301
1494.804270 1162.332171 1303413304
1500.265800 1136.109975 1303413307
1499.603796 1111.221111 1303413310
1496.211027 1091.443353 1303413314
1497.204033 1064.665602 1303413320
1499.272794 1036.443408 1303413323
1501.424306 1013.776764 1303413325
1504.237822 990.332343 1303413327
1507.713341 966.887922 1303413329
1509.037348 944.110167 1303413331
1509.699352 921.887967 1303413333
1509.864853 900.776877 1303413335
1510.444106 880.665786 1303413337
1510.692357 853.999146 1303413340
1512.099115 833.999166 1303413347
1495.549024 822.554733 1303413360
1475.771664 825.888063 1303413365
1451.856782 826.221396 1303413368
1422.066617 825.443619 1303413371
1400.799750 826.332507 1303413373
1379.863884 827.443617 1303413375
1354.293992 828.443616 1303413378
1332.778873 825.554730 1303413382
1322.766068 847.110264 1303413399
1304.560967 856.554699 1303413401
1285.445611 863.999136 1303413403
1264.178744 872.332461 1303413405
1245.146138 879.221343 1303413407
1225.120528 883.332450 1303413410
1201.122895 886.665780 1303413427
1177.704515 879.443565 1303413430
1151.638121 874.332459 1303413433
1123.254714 872.554683 1303413436
1101.491344 871.776906 1303413438
1066.901652 860.110251 1303413440
1036.201232 850.332483 1303413442
1010.714091 842.776935 1303413444
990.274728 838.665828 1303413446
969.256112 835.665831 1303413449
949.065000 827.221395 1303413453
927.880883 826.443618 1303413458
924.653615 849.554706 1303413462
921.509098 877.888011 1303413465
919.605837 899.999100 1303413467
917.288825 922.665744 1303413469
914.806311 946.332387 1303413471
912.737549 970.776807 1303413473
911.910045 996.110115 1303413475
911.910045 1020.221202 1303413477
912.406548 1042.221180 1303413479
912.820300 1064.998935 1303413482
933.176913 1074.887814 1303413487
955.271285 1074.110037 1303413490
977.779409 1071.998928 1303413493
997.556769 1065.665601 1303413513
1021.554401 1070.221152 1303413519
1043.566023 1071.332262 1303413522
1065.577645 1072.998927 1303413525
1089.575278 1072.665594 1303413529
1114.483166 1072.887816 1303413535
1136.660288 1074.443370 1303413540
1160.078668 1075.998924 1303413552
1183.993550 1076.887812 1303413555
1211.383952 1078.776699 1303413558
1237.698597 1077.776700 1303413561
1263.102988 1074.221148 1303413564
1292.975903 1071.776706 1303413567
1314.822024 1071.665595 1303413569
1336.750895 1072.332261 1303413571
1358.514266 1072.776705 1303413573
1380.608638 1073.665593 1303413575
1402.703010 1074.110037 1303413577
1424.549131 1074.554481 1303413579
1445.650498 1074.554481 1303413581
1473.537402 1075.221147 1303413584
1493.563013 1073.776704 1303413591
1506.306583 1090.332243 1303413596
1506.058332 1111.221111 1303413599
1505.230827 1138.998861 1303413602
1505.313578 1168.221054 1303413605
1504.817075 1197.887691 1303413608
1507.547840 1225.998774 1303413611
1505.892831 1248.665418 1303413615
1511.768113 1269.776508 1303413622
1509.285600 1292.776485 1303413641
1504.486073 1320.887568 1303413645
1507.547840 1345.998654 1303413647
1513.754124 1366.887522 1303413649
1537.172504 1379.443065 1303413653
1557.777368 1382.887506 1303413655
1579.292487 1387.554168 1303413657
1599.731850 1387.887501 1303413659
1620.171213 1385.109726 1303413661
1640.527826 1379.998620 1303413663
1667.090723 1380.109731 1303413666
1688.936844 1375.665291 1303413670
1711.693219 1369.331964 1303413693
1737.511362 1367.776410 1303413698
1759.688485 1368.665298 1303413701
1786.251382 1370.109741 1303413704
1807.766501 1370.331963 1303413706
1833.170891 1368.887520 1303413708
1860.726794 1368.220854 1303413710
1889.192951 1366.998633 1303413712
1917.328107 1365.887523 1303413714
1944.718509 1364.554191 1303413716
1971.115905 1363.554192 1303413718
1996.934047 1363.220859 1303413720
2023.827946 1363.665303 1303413722
2050.887346 1363.776414 1303413724
2078.029496 1364.220858 1303413726
2104.840644 1364.665302 1303413728
2132.231046 1364.887524 1303413730
2160.117950 1364.776413 1303413732
2188.004855 1364.887524 1303413734
2215.478006 1365.220857 1303413736
2242.454656 1365.220857 1303413738
2269.762307 1364.776413 1303413740
2296.738956 1364.665302 1303413742
2323.715605 1364.331969 1303413744
2349.699249 1364.220858 1303413746
2374.855388 1363.331970 1303413748
2398.853021 1362.665304 1303413750
2421.526646 1362.776415 1303413752
2442.545263 1362.665304 1303413754
2469.356411 1362.331971 1303413757
2490.623279 1364.776413 1303413761
2511.972897 1366.331967 1303413769
2533.405265 1368.443076 1303413772
2560.712916 1371.554184 1303413775
2582.062535 1372.665294 1303413777
2604.984411 1373.109738 1303413779
2629.478547 1373.998626 1303413781
2654.551936 1374.887514 1303413783
2680.204577 1375.331958 1303413785
2706.188221 1375.443069 1303413787
2732.337366 1375.776402 1303413789
2759.148514 1375.443069 1303413791
2784.966657 1375.554180 1303413793
2809.791794 1375.887513 1303413795
2833.210174 1376.331957 1303413797
2855.552798 1376.665290 1303413799
2882.777698 1376.554179 1303413802
2905.203072 1375.998624 1303413805
2933.420978 1376.220846 1303413808
2955.680851 1376.331957 1303413810
2979.181981 1376.443068 1303413812
3002.269359 1376.887512 1303413814
3024.942985 1376.887512 1303413816
3046.706355 1377.220845 1303413818
3069.379980 1377.109734 1303413820
3091.805355 1377.776400 1303413822
3114.975483 1377.776400 1303413824
3139.055866 1378.331955 1303413826
3162.887998 1378.998621 1303413828
3185.892625 1378.776399 1303413830
3207.573245 1378.887510 1303413832
3227.516105 1376.998623 1303413834
3255.982263 1372.443072 1303413837
3281.965907 1370.443074 1303413840
3303.894778 1368.109743 1303413844
3312.004323 1346.443098 1303413848
3311.756071 1317.665349 1303413851
3312.004323 1294.220928 1303413853
3311.673321 1268.887620 1303413855
3311.590570 1242.665424 1303413857
3311.425070 1216.554339 1303413859
3311.094068 1191.554364 1303413861
3310.597565 1168.332165 1303413863
3311.259569 1140.998859 1303413866
