1715.913493 1367.776410 1303225868
1694.812126 1366.998633 1303225890
1674.372763 1368.443076 1303225893
1644.996350 1369.109742 1303225896
1621.660721 1368.887520 1303225898
1595.346076 1368.665298 1303225900
1569.693434 1367.331966 1303225902
1547.433561 1369.220853 1303225904
1520.622412 1369.109742 1303225907
1500.679552 1367.443077 1303225913
1488.928987 1347.554208 1303225929
1490.170244 1325.776452 1303225932
1490.666747 1295.443149 1303225935
1491.246000 1273.332060 1303225937
1491.990754 1247.887641 1303225940
1494.638769 1225.998774 1303225945
1497.121282 1196.665470 1303225949
1498.114288 1175.109936 1303225951
1498.528040 1149.998850 1303225953
1498.031537 1125.332208 1303225955
1497.204033 1100.221122 1303225958
1497.369534 1076.998923 1303225967
1498.776292 1054.332279 1303225970
1499.686547 1023.776754 1303225973
1500.265800 1000.332333 1303225975
1500.514051 975.776802 1303225977
1500.845053 950.443494 1303225979
1501.093304 925.665741 1303225981
1501.341556 901.887987 1303225983
1501.589807 880.776897 1303225985
1501.507057 857.110254 1303225988
1501.672558 837.110274 1303225992
1502.748314 816.999183 1303226010
1482.639952 807.332526 1303226024
1460.545580 804.776973 1303226029
1438.947711 802.776975 1303226039
1418.342847 807.776970 1303226048
1396.579476 808.443636 1303226068
1372.912845 808.888080 1303226072
1349.742717 809.554746 1303226076
1318.959547 811.665855 1303226095
1294.465411 809.443635 1303226106
1277.253316 796.776981 1303226109
1253.007432 786.443658 1303226112
1227.520291 789.443655 1303226114
1202.033150 789.776988 1303226116
1179.276774 790.221432 1303226118
1156.768649 792.888096 1303226120
1133.681272 798.776979 1303226123
1110.593894 800.110311 1303226146
1084.858502 799.110312 1303226149
1063.674384 799.110312 1303226151
1039.594001 799.221423 1303226153
1014.520613 799.110312 1303226155
990.274728 799.221423 1303226157
966.939099 799.443645 1303226159
945.423980 799.888089 1303226161
920.598843 801.332532 1303226164
905.786511 816.888072 1303226172
906.034762 838.665828 1303226175
906.117513 868.443576 1303226178
906.034762 891.665775 1303226180
905.621010 915.443529 1303226182
905.041757 940.443504 1303226184
904.628005 965.999034 1303226186
904.214252 990.776787 1303226188
903.386748 1012.221210 1303226190
902.807495 1037.110074 1303226193
909.262030 1057.332276 1303226197
935.493925 1059.332274 1303226201
963.960083 1058.776719 1303226204
985.144200 1057.998942 1303226207
1011.293345 1056.554499 1303226227
1037.607990 1056.332277 1303226230
1058.130104 1057.110054 1303226232
1083.699995 1057.443387 1303226235
1105.463366 1056.110055 1303226242
1129.792000 1055.443389 1303226246
1154.286136 1058.998941 1303226274
1178.118268 1060.776717 1303226277
1198.474880 1060.332273 1303226279
1219.576247 1060.110051 1303226281
1248.042404 1060.332273 1303226284
1284.866358 1060.332273 1303226294
1305.140220 1060.221162 1303226311
1332.447871 1060.554495 1303226314
1354.376743 1060.776717 1303226316
1376.802117 1060.887828 1303226318
1399.061990 1061.665605 1303226320
1421.818366 1062.776715 1303226322
1444.905744 1063.887825 1303226324
1466.751864 1064.110047 1303226326
1489.921993 1064.332269 1303226330
1503.906820 1080.110031 1303226336
1503.575818 1101.776676 1303226339
1502.169060 1128.443316 1303226342
1501.589807 1149.998850 1303226344
1501.258805 1171.887717 1303226346
1501.838058 1194.776583 1303226349
1499.769297 1215.221007 1303226354
1498.031537 1240.332093 1303226357
1496.955781 1262.109849 1303226359
1494.556018 1283.776494 1303226361
1492.404506 1305.887583 1303226363
1489.839242 1333.332000 1303226366
1502.086310 1351.109760 1303226372
1528.235455 1349.776428 1303226376
1558.439372 1349.443095 1303226379
1581.278498 1349.109762 1303226381
1603.372870 1349.220873 1303226383
1629.687516 1348.776429 1303226386
1652.940394 1345.887543 1303226390
1674.952016 1343.443101 1303226409
1696.963638 1343.331990 1303226412
1723.692036 1344.665322 1303226415
1752.075443 1345.776432 1303226418
1774.004314 1346.331987 1303226420
1796.843441 1346.887542 1303226422
1819.765317 1346.887542 1303226424
1843.680200 1346.665320 1303226426
1868.174335 1346.443098 1303226428
1892.668471 1345.776432 1303226430
1917.245357 1344.998655 1303226432
1941.491241 1344.331989 1303226434
1965.571624 1343.776434 1303226436
1989.486506 1343.665323 1303226438
2012.325633 1343.887545 1303226440
2033.426999 1344.220878 1303226442
2058.500388 1344.998655 1303226445
2078.939751 1345.887543 1303226452
2105.088896 1346.665320 1303226467
2132.231046 1347.776430 1303226470
2154.739170 1348.443096 1303226472
2179.067805 1349.220873 1303226474
2203.561941 1349.220873 1303226476
2228.883581 1349.554206 1303226478
2254.784474 1349.331984 1303226480
2280.519866 1349.665317 1303226482
2306.420760 1350.331983 1303226484
2332.569904 1350.665316 1303226486
2359.298302 1351.220871 1303226488
2385.943950 1351.554204 1303226490
2411.762092 1352.331981 1303226492
2437.331984 1353.220869 1303226494
2462.488123 1353.776424 1303226496
2487.809763 1354.443090 1303226498
2513.710656 1355.443089 1303226500
2540.852807 1355.998644 1303226502
2569.153463 1356.220866 1303226504
2597.619621 1356.443088 1303226506
2625.837527 1356.887532 1303226508
2653.476180 1358.109753 1303226510
2681.280333 1358.998641 1303226512
2709.084487 1359.887529 1303226514
2736.309388 1359.998640 1303226516
2762.375782 1360.776417 1303226518
2787.531921 1361.443083 1303226520
2811.198552 1361.776416 1303226522
2832.630921 1362.109749 1303226524
2860.517825 1362.554193 1303226527
2884.101705 1363.665303 1303226531
