2525.957724 1383.887505 1303301249
2502.208343 1383.887505 1303301274
2474.073187 1382.887506 1303301277
2452.558068 1382.331951 1303301279
2429.056938 1381.776396 1303301281
2404.149050 1381.220841 1303301283
2378.082656 1380.443064 1303301285
2350.775005 1379.887509 1303301287
2323.219103 1379.220843 1303301289
2295.332198 1378.776399 1303301291
2267.197043 1377.998622 1303301293
2239.392889 1377.331956 1303301295
2212.912742 1376.665290 1303301297
2187.342851 1376.109735 1303301299
2162.021211 1375.443069 1303301301
2136.782321 1374.665292 1303301303
2111.708932 1374.109737 1303301305
2086.966546 1373.443071 1303301307
2061.893157 1372.887516 1303301309
2037.481772 1372.331961 1303301311
2012.491134 1371.443073 1303301313
1986.755741 1370.776407 1303301315
1960.772097 1370.220852 1303301317
1935.615958 1369.998630 1303301319
1911.287324 1369.998630 1303301321
1887.537942 1370.220852 1303301323
1864.698816 1370.554185 1303301325
1842.273442 1370.776407 1303301327
1821.089325 1370.887518 1303301329
1793.367921 1370.998629 1303301332
1770.777046 1370.554185 1303301335
1748.765425 1369.331964 1303301339
1727.664058 1369.331964 1303301351
1706.728192 1368.220854 1303301356
1680.992800 1366.331967 1303301360
1655.505659 1365.998634 1303301364
1629.356514 1364.887524 1303301367
1608.586149 1363.887525 1303301369
1586.657278 1359.220863 1303301371
1559.846129 1356.220866 1303301374
1539.075764 1355.331978 1303301377
1519.050154 1357.109754 1303301381
1498.610791 1358.443086 1303301386
1491.659752 1335.665331 1303301393
1491.163249 1311.443133 1303301396
1492.487257 1284.443160 1303301399
1494.804270 1258.998741 1303301402
1495.714525 1237.776540 1303301407
1494.556018 1212.887676 1303301413
1492.487257 1187.776590 1303301417
1492.156255 1163.887725 1303301420
1492.570007 1136.221086 1303301423
1491.494251 1113.554442 1303301426
1490.418495 1092.776685 1303301434
1490.749497 1066.887822 1303301439
1494.142266 1038.665628 1303301442
1495.880026 1017.221205 1303301444
1497.369534 994.776783 1303301446
1498.197038 972.221250 1303301448
1498.693541 949.999050 1303301450
1499.355545 928.999071 1303301452
1500.017548 902.999097 1303301455
1499.603796 880.554675 1303301459
1500.762303 856.999143 1303301464
1501.341556 836.888052 1303301476
1494.721519 815.554740 1303301486
1468.075872 811.554744 1303301491
1438.947711 811.888077 1303301494
1414.867327 812.776965 1303301496
1394.676216 812.332521 1303301498
1364.968801 815.110296 1303301501
1342.295176 815.554740 1303301504
1320.283554 814.554741 1303301508
1300.257943 810.443634 1303301517
1307.953736 791.554764 1303301520
1332.282370 775.332558 1303301523
1349.577216 762.221460 1303301525
1322.435066 754.888134 1303301529
1297.113426 755.665911 1303301531
1276.012059 756.554799 1303301533
1248.290656 760.777017 1303301535
1208.073933 773.665893 1303301536
1184.903805 780.443664 1303301538
1162.147429 786.888102 1303301540
1141.873567 790.776987 1303301542
1120.772200 792.554763 1303301544
1100.415588 793.443651 1303301546
1079.396971 793.888095 1303301548
1048.531051 798.999201 1303301550
1023.540412 800.888088 1303301552
1002.770048 800.999199 1303301554
977.613908 801.332532 1303301557
952.540520 802.554753 1303301561
931.190902 803.554752 1303301567
908.931028 806.110305 1303301587
904.297003 831.554724 1303301593
905.538260 857.665809 1303301596
905.621010 878.221344 1303301598
905.538260 899.332434 1303301600
905.538260 919.887969 1303301602
905.041757 939.999060 1303301604
903.966001 969.443475 1303301607
903.717750 994.665672 1303301610
904.710755 1018.887870 1303301614
