3311.921572 1342.220880 1303302904
3308.032301 1364.776413 1303302919
3294.212974 1379.887509 1303302923
3265.746817 1385.331948 1303302927
3245.472955 1387.998612 1303302929
3225.364593 1390.443054 1303302931
3197.477689 1392.887496 1303302934
3171.990548 1393.331940 1303302937
3151.468435 1393.220829 1303302942
3128.050055 1393.554162 1303302959
3106.534936 1392.998607 1303302965
3086.426575 1392.109719 1303302976
3066.235463 1391.220831 1303302979
3029.577010 1391.331942 1303302983
3003.924368 1391.109720 1303302986
2980.836991 1390.998609 1303302989
2957.666862 1390.887498 1303302993
2936.151743 1390.443054 1303303013
2912.816114 1390.331943 1303303016
2883.936205 1389.665277 1303303019
2856.959555 1389.443055 1303303022
2827.914145 1388.554167 1303303025
2806.730027 1388.665278 1303303027
2784.635655 1388.109723 1303303029
2761.631028 1387.331946 1303303031
2738.460900 1386.665280 1303303033
2715.456272 1386.331947 1303303035
2692.865397 1386.220836 1303303037
2671.267528 1385.887503 1303303039
2650.828165 1385.331948 1303303041
2622.444758 1384.331949 1303303044
2597.288619 1383.554172 1303303047
2577.097507 1383.109728 1303303050
2554.754883 1382.998617 1303303055
2530.012497 1382.109729 1303303077
2503.780601 1381.443063 1303303080
2483.506739 1380.776397 1303303082
2461.660618 1380.443064 1303303084
2438.655991 1379.776398 1303303086
2414.244606 1379.331954 1303303088
2388.509214 1378.887510 1303303090
2361.532564 1378.443066 1303303092
2334.142163 1376.998623 1303303094
2306.255259 1376.109735 1303303096
2278.451105 1375.665291 1303303098
2251.060703 1374.443070 1303303100
2224.580557 1372.887516 1303303102
2198.927915 1371.331962 1303303104
2173.440774 1370.220852 1303303106
2147.953633 1369.443075 1303303108
2122.797494 1369.109742 1303303110
2097.972356 1368.554187 1303303112
2072.733467 1368.331965 1303303114
2047.246326 1367.776410 1303303116
2020.931680 1367.220855 1303303118
1993.789530 1366.776411 1303303120
1966.233628 1366.776411 1303303122
1938.925977 1366.887522 1303303124
1912.280329 1367.443077 1303303126
1886.710438 1367.998632 1303303128
1862.216302 1368.554187 1303303130
1838.880673 1368.998631 1303303132
1817.944807 1368.998631 1303303134
1790.802657 1368.776409 1303303137
1769.701290 1368.443076 1303303140
1749.013676 1367.998632 1303303147
1724.602291 1366.998633 1303303161
1702.507919 1365.665301 1303303164
1678.510286 1364.554191 1303303167
1650.788883 1363.776414 1303303170
1622.901978 1361.443083 1303303173
1595.925329 1358.887530 1303303176
1569.279682 1360.220862 1303303179
1549.171320 1362.887526 1303303182
1528.069954 1365.443079 1303303188
1508.127093 1367.443077 1303303205
1480.240189 1321.443123 1303303227
1472.461646 1296.109815 1303303230
1472.378896 1268.887620 1303303233
1478.005927 1246.998753 1303303236
1486.611974 1225.443219 1303303241
1502.665563 1209.109902 1303303245
1521.036165 1189.554366 1303303248
1529.807713 1167.443277 1303303251
1538.331010 1142.554413 1303303254
1540.068770 1118.776659 1303303258
1532.207476 1098.998901 1303303263
1527.656201 1072.554483 1303303267
1525.587440 1044.998955 1303303270
1525.421939 1022.665644 1303303272
1525.587440 999.221223 1303303274
1525.339188 975.554580 1303303276
1525.421939 952.332381 1303303278
1525.587440 929.776848 1303303280
1525.090937 908.443536 1303303282
1522.194671 885.110226 1303303285
1518.470901 864.332469 1303303294
1518.801902 840.332493 1303303302
1517.808897 818.776959 1303303320
1499.521046 809.221413 1303303324
1473.951154 808.110303 1303303327
1453.760043 807.554748 1303303329
1431.665670 805.888083 1303303331
1410.978056 805.221417 1303303333
1384.332408 804.332529 1303303336
1361.824284 804.888084 1303303340
1341.715923 807.554748 1303303349
1321.028308 808.221414 1303303360
1297.940930 808.776969 1303303371
1276.177560 807.443637 1303303375
1255.738197 805.776972 1303303378
1232.568069 805.332528 1303303381
1203.439908 805.776972 1303303384
1174.808249 805.221417 1303303387
1150.645116 805.332528 1303303390
1130.454004 807.665859 1303303394
1106.621872 807.110304 1303303411
1085.768757 805.110306 1303303414
1061.440122 804.443640 1303303417
1032.973965 803.332530 1303303420
1012.286350 802.999197 1303303422
983.158189 802.554753 1303303425
959.408808 803.665863 1303303428
935.907678 803.554752 1303303432
914.475309 803.999196 1303303459
901.979990 822.776955 1303303466
904.379753 846.888042 1303303469
905.041757 874.443570 1303303472
905.124507 902.110209 1303303475
904.628005 929.665737 1303303478
904.131502 957.554598 1303303481
903.303997 985.665681 1303303484
903.386748 1010.332323 1303303487
903.303997 1030.776747 1303303491
904.710755 1051.332282 1303303501
925.729371 1060.554495 1303303507
947.740993 1058.665608 1303303510
970.911121 1056.665610 1303303513
991.350484 1057.887831 1303303517
1011.293345 1060.110051 1303303543
