2528.357487 1380.220842 1303315853
2507.338871 1378.998621 1303315873
2484.913497 1377.998622 1303315876
2462.239872 1377.443067 1303315880
2438.324989 1375.887513 1303315894
2411.679342 1375.443069 1303315898
2386.192201 1375.220847 1303315901
2365.670087 1374.998625 1303315903
2343.079212 1374.998625 1303315905
2318.088574 1374.554181 1303315907
2291.525677 1373.998626 1303315909
2264.466278 1373.220849 1303315911
2236.827625 1372.331961 1303315913
2208.857970 1371.665295 1303315915
2181.136567 1370.887518 1303315917
2153.994416 1370.109741 1303315919
2127.679771 1369.331964 1303315921
2102.275380 1368.443076 1303315923
2077.946746 1367.665299 1303315925
2053.700862 1367.109744 1303315927
2029.372227 1366.665300 1303315929
2004.878091 1366.443078 1303315931
1981.211460 1366.331967 1303315933
1957.875831 1366.443078 1303315935
1935.533208 1366.665300 1303315937
1914.018089 1366.998633 1303315939
1893.164973 1367.554188 1303315941
1872.642860 1367.887521 1303315943
1851.955245 1367.887521 1303315945
1831.267631 1367.998632 1303315947
1802.056719 1367.554188 1303315950
1775.576573 1366.331967 1303315953
1754.640707 1364.887524 1303315956
1734.201344 1364.331969 1303315966
1709.707208 1363.887525 1303315970
1688.192089 1363.220859 1303315973
1662.291196 1364.331969 1303315977
1633.825039 1363.331970 1303315980
1612.558171 1361.109750 1303315982
1591.787806 1360.220862 1303315984
1562.990647 1359.776418 1303315987
1536.758752 1360.109751 1303315990
1516.567640 1360.109751 1303316008
1496.293778 1354.554201 1303316018
1496.045526 1326.665340 1303316023
1497.783286 1298.554257 1303316026
1500.927803 1270.887618 1303316029
1502.996565 1248.332085 1303316032
1504.651574 1228.109883 1303316038
1509.947603 1206.887682 1303316042
1515.409134 1185.554370 1303316046
1517.312394 1162.665504 1303316049
1515.326383 1133.998866 1303316052
1514.581629 1110.776667 1303316055
1505.892831 1092.332241 1303316061
1502.251811 1064.665602 1303316065
1501.424306 1037.110074 1303316068
1501.258805 1007.443437 1303316071
1502.500062 987.332346 1303316073
1503.989570 967.110144 1303316075
1505.230827 946.999053 1303316077
1506.968587 918.554637 1303316080
1508.044343 891.665775 1303316083
1505.065326 865.776912 1303316086
1505.148077 844.554711 1303316089
1502.748314 824.332509 1303316095
1478.916182 819.443625 1303316101
1454.835798 816.332517 1303316104
1434.644687 814.888074 1303316106
1413.295069 814.554741 1303316108
1392.607454 813.665853 1303316110
1366.872062 812.443632 1303316113
1344.363937 812.443632 1303316118
1321.690312 810.221412 1303316123
1299.182187 809.776968 1303316134
1272.288289 805.888083 1303316138
1246.304645 806.332527 1303316141
1219.410746 805.443639 1303316144
1193.427102 804.999195 1303316147
1169.594970 804.888084 1303316150
1144.604332 805.110306 1303316154
1121.351454 806.888082 1303316174
1100.084586 804.665862 1303316178
1073.438938 803.443641 1303316181
1052.834075 802.999197 1303316183
1031.318955 802.443642 1303316185
1009.721086 801.888087 1303316187
989.116222 801.443643 1303316189
960.650065 800.999199 1303316192
939.134945 802.554753 1303316195
918.199080 802.776975 1303316200
907.689772 823.554732 1303316209
907.358770 849.110262 1303316212
907.358770 869.999130 1303316214
907.110518 892.665774 1303316216
906.365764 915.110196 1303316218
905.786511 936.665730 1303316220
905.455509 956.999043 1303316222
904.545254 983.999016 1303316225
904.048751 1009.887879 1303316228
901.400737 1034.665632 1303316231
904.214252 1056.665610 1303316235
927.384380 1060.776717 1303316239
952.457769 1059.443385 1303316242
975.545147 1058.887830 1303316245
995.736259 1060.332273 1303316266
1023.126660 1060.887828 1303316271
1051.013564 1061.332272 1303316274
1077.493711 1061.665605 1303316277
1099.174331 1062.332271 1303316281
1123.420215 1062.665604 1303316286
1144.356081 1061.221161 1303316313
1168.353714 1062.443382 1303316318
1193.261601 1063.221159 1303316321
1219.907249 1063.665603 1303316324
1245.146138 1063.332270 1303316327
1267.075010 1063.221159 1303316330
1289.748635 1062.998937 1303316333
1316.146031 1063.554492 1303316336
1343.950185 1064.998935 1303316339
1369.933829 1064.443380 1303316342
1394.841717 1064.887824 1303316346
1419.335852 1067.110044 1303316350
1442.836982 1068.665598 1303316353
1463.524597 1067.887821 1303316356
1483.384706 1070.443374 1303316367
1504.072321 1079.332254 1303316374
1504.899825 1104.221118 1303316378
1503.575818 1129.554426 1303316381
1502.913814 1157.443287 1303316384
1502.169060 1182.221040 1303316387
1500.845053 1202.443242 1303316394
1497.617785 1225.332108 1303316401
1497.038532 1253.887635 1303316404
1495.631774 1282.554273 1303316407
1491.577002 1306.998693 1303316410
1490.418495 1329.998670 1303316414
1497.866037 1350.665316 1303316421
1522.525673 1355.220867 1303316425
1550.826329 1357.554198 1303316428
1573.996458 1358.776419 1303316430
1597.828590 1359.776418 1303316432
1619.426459 1359.665307 1303316434
1645.741105 1356.109755 1303316437
1666.263218 1353.331980 1303316440
