1726.671052 1365.665301 1303475922
1705.486935 1363.887525 1303475949
1683.640814 1362.443082 1303475952
1657.905422 1361.665305 1303475955
1628.860011 1361.220861 1303475958
1600.807606 1362.998637 1303475961
1574.079208 1361.776416 1303475964
1548.343816 1363.887525 1303475967
1525.670190 1365.998634 1303475970
1502.334561 1363.443081 1303475974
1489.590991 1346.109765 1303475979
1487.025727 1320.443124 1303475983
1484.129461 1293.776484 1303475986
1484.874215 1266.109845 1303475989
1488.515235 1242.109869 1303475992
1492.735508 1219.665447 1303475999
1509.120099 1203.443241 1303476003
1522.442922 1183.221039 1303476007
1523.849680 1160.221062 1303476010
1526.663196 1134.221088 1303476013
1525.918442 1111.776666 1303476017
1523.104926 1089.110022 1303476023
1523.849680 1062.332271 1303476027
1525.421939 1033.998966 1303476030
1526.083943 1012.221210 1303476032
1526.580445 989.554566 1303476034
1527.490700 968.332365 1303476036
1528.566456 941.999058 1303476039
1527.573451 917.887971 1303476043
1524.925436 895.999104 1303476051
1525.173688 874.332459 1303476056
1526.663196 853.221369 1303476066
1528.400955 831.554724 1303476073
1509.616602 816.110295 1303476085
1487.108477 813.999186 1303476088
1458.145817 812.332521 1303476091
1430.920916 808.776969 1303476094
1405.599276 808.888080 1303476098
1383.835906 805.221417 1303476118
1357.852262 804.554751 1303476122
1336.585394 804.665862 1303476125
1315.980530 806.443638 1303476132
1295.127415 804.554751 1303476137
1272.702041 801.443643 1303476140
1252.593680 800.888088 1303476142
1229.754553 801.554754 1303476144
1207.991183 801.888087 1303476146
1179.276774 801.221421 1303476149
1154.534387 801.665865 1303476152
1130.785006 802.665864 1303476156
1106.539122 803.221419 1303476162
1081.134731 802.110309 1303476165
1052.916825 801.332532 1303476168
1023.457662 800.110311 1303476171
994.246750 798.888090 1303476174
965.780593 798.221424 1303476177
942.031212 798.776979 1303476180
921.012595 799.221423 1303476185
906.034762 817.776960 1303476193
907.938023 841.554714 1303476196
909.096529 870.999129 1303476199
909.427531 898.999101 1303476202
909.510282 924.221298 1303476205
908.434526 948.776829 1303476208
906.614016 974.443470 1303476211
905.786511 998.221224 1303476214
904.710755 1021.665645 1303476218
902.890245 1043.221179 1303476226
917.785327 1058.332275 1303476233
941.120956 1056.221166 1303476237
962.470575 1054.776723 1303476240
987.047461 1054.887834 1303476244
1007.817825 1055.776722 1303476273
1029.332944 1055.665611 1303476276
1052.916825 1055.665611 1303476279
1074.018192 1054.998945 1303476282
1095.367810 1054.665612 1303476286
1118.620688 1054.998945 1303476292
1140.384059 1055.443389 1303476297
1161.319925 1055.110056 1303476324
1182.090290 1055.110056 1303476327
1203.357157 1057.221165 1303476330
1224.955027 1058.776719 1303476333
1246.470146 1059.665607 1303476337
1266.495757 1060.221162 1303476348
1287.431622 1063.998936 1303476359
1302.492206 1078.443366 1303476368
1301.250949 1098.887790 1303476371
1299.761441 1127.554428 1303476374
1298.602934 1147.554408 1303476376
1298.106431 1168.109943 1303476378
1297.361677 1188.332145 1303476380
1296.368672 1208.332125 1303476382
1295.292916 1228.332105 1303476384
1294.134409 1257.554298 1303476387
1293.141404 1283.332050 1303476390
1293.389655 1306.998693 1303476394
1293.306905 1327.332006 1303476402
1300.588945 1348.220874 1303476410
1323.262571 1350.220872 1303476415
1346.184447 1349.998650 1303476418
1371.257836 1350.665316 1303476421
1392.855706 1350.887538 1303476424
1413.295069 1349.998650 1303476427
1434.810188 1348.998651 1303476430
1457.483813 1343.776434 1303476433
1483.467457 1346.887542 1303476436
1509.782102 1348.998651 1303476439
1535.682996 1354.443090 1303476442
1562.494144 1358.776419 1303476445
1592.367059 1358.887530 1303476448
1612.558171 1359.109752 1303476450
1640.279574 1360.776417 1303476453
1668.166479 1362.887526 1303476456
1693.488119 1364.443080 1303476459
1719.637263 1366.776411 1303476462
1739.993876 1367.554188 1303476464
1762.833002 1368.109743 1303476466
1786.251382 1368.331965 1303476468
1810.166264 1368.331965 1303476470
1834.494899 1367.887521 1303476472
1858.823533 1367.109744 1303476474
1882.986667 1365.998634 1303476476
1906.984300 1364.887524 1303476478
1930.899182 1363.776414 1303476480
1954.234811 1362.887526 1303476482
1976.163683 1362.109749 1303476484
1996.851297 1361.887527 1303476486
2024.903702 1361.998638 1303476489
2048.818584 1362.331971 1303476492
2072.236964 1362.887526 1303476496
2094.496837 1361.665305 1303476510
2119.735727 1361.665305 1303476514
2150.767148 1361.887527 1303476517
2174.764781 1361.998638 1303476519
2199.341667 1362.331971 1303476521
2224.084054 1362.665304 1303476523
2248.826441 1362.887526 1303476525
2272.989575 1362.443082 1303476527
2296.490705 1362.109749 1303476529
2319.412581 1362.554193 1303476531
2341.837956 1363.220859 1303476533
2363.766827 1363.109748 1303476535
2392.563986 1364.109747 1303476538
2417.223623 1364.220858 1303476541
2438.407740 1364.665302 1303476544
2461.495118 1365.109746 1303476548
2481.520728 1365.998634 1303476554
2502.870346 1365.331968 1303476567
2524.385465 1365.554190 1303476570
2550.534610 1366.665300 1303476573
2590.172079 1367.665299 1303476577
2610.694193 1367.998632 1303476579
2631.630059 1368.665298 1303476581
2652.731425 1369.109742 1303476583
2673.998293 1369.220853 1303476585
2695.430662 1369.554186 1303476587
2717.442283 1370.220852 1303476589
2739.867658 1370.887518 1303476591
2762.624033 1371.554184 1303476593
2784.139152 1372.331961 1303476595
2804.495765 1372.665294 1303476597
2832.548170 1372.998627 1303476600
2856.545803 1374.665292 1303476603
2878.391924 1375.331958 1303476606
2899.493291 1376.109735 1303476626
