3316.472847 1122.998877 1303413896
3314.652337 1098.554457 1303413921
3314.486836 1069.554486 1303413924
3313.907583 1041.332292 1303413927
3315.810844 1004.998995 1303413931
3318.045106 975.110136 1303413934
3318.955361 951.554604 1303413936
3319.700115 926.776851 1303413938
3319.700115 901.999098 1303413940
3320.196618 876.443568 1303413942
3320.196618 849.221373 1303413944
3320.775871 820.888068 1303413946
3322.844633 790.665876 1303413948
3324.251390 759.443685 1303413950
3325.327146 728.221494 1303413952
3326.154651 697.777080 1303413954
3327.395908 668.665998 1303413956
3328.306163 640.110471 1303413958
3328.885416 612.554943 1303413960
3329.299168 585.777192 1303413962
3329.133667 559.221663 1303413964
3329.547420 533.332800 1303413966
3331.698932 508.332825 1303413968
3332.857438 484.888404 1303413970
3333.271190 463.777314 1303413972
3332.443686 439.777338 1303413975
3331.616181 416.221806 1303413991
3335.836455 387.777390 1303413995
3338.318968 361.888527 1303413998
3338.318968 338.555217 1303414001
3344.856254 317.110794 1303414006
3367.364379 319.221903 1303414026
3387.472740 321.110790 1303414030
3412.215127 320.888568 1303414034
3437.785019 319.555236 1303414038
3458.969136 315.555240 1303414042
3474.443471 298.221924 1303414050
3475.353726 272.221950 1303414054
3470.140448 252.333081 1303414059
3447.466822 252.110859 1303414063
3421.814180 251.777526 1303414066
3393.182522 249.777528 1303414069
3366.123122 247.666419 1303414072
3345.766509 245.110866 1303414076
3335.753704 262.777515 1303414099
3332.278185 283.666383 1303414107
3333.271190 305.333028 1303414131
3332.443686 329.333004 1303414136
3330.623176 353.444091 1303414140
3330.126673 375.110736 1303414144
3328.968167 399.999600 1303414151
3328.223412 421.666245 1303414156
3328.388913 442.221780 1303414159
3328.719915 463.666203 1303414161
3330.043923 488.443956 1303414163
3331.698932 516.443928 1303414165
3333.519442 542.332791 1303414167
3334.677948 568.221654 1303414169
3334.843449 594.221628 1303414171
3335.091700 620.554935 1303414173
3334.760699 647.777130 1303414175
3334.264196 676.332657 1303414177
3333.767693 702.554853 1303414179
3332.857438 729.110382 1303414181
3333.022939 749.443695 1303414183
3333.022939 769.999230 1303414187
3332.278185 792.888096 1303414205
3331.202429 814.332519 1303414208
3330.705926 842.221380 1303414211
3330.292174 863.999136 1303414213
3329.299168 886.888002 1303414215
3327.975161 911.554644 1303414217
3327.230407 936.554619 1303414219
3326.899405 961.443483 1303414221
3326.982156 985.776792 1303414223
3326.651154 1008.776769 1303414225
3326.320152 1034.554521 1303414228
3326.568403 1059.665607 1303414232
3325.823649 1086.998913 1303414236
3322.513631 1121.887767 1303414240
3320.113868 1151.221071 1303414243
3319.451864 1171.776606 1303414245
3318.293357 1192.332141 1303414247
3317.300352 1212.998787 1303414249
3315.976345 1234.554321 1303414251
3314.238585 1257.109854 1303414253
3312.004323 1279.554276 1303414255
3310.432064 1301.220921 1303414257
3310.018312 1321.443123 1303414259
3309.852811 1347.998652 1303414262
3306.046290 1367.776410 1303414265
3288.503193 1381.331952 1303414268
3262.685050 1388.109723 1303414271
3242.493938 1390.443054 1303414273
3222.302826 1392.665274 1303414275
3194.250421 1394.776383 1303414278
3169.425284 1394.776383 1303414281
3145.924154 1394.220828 1303414284
3118.782004 1393.998606 1303414287
3097.680637 1392.665274 1303414289
3075.172513 1389.998610 1303414291
3052.250636 1388.220834 1303414293
3029.246008 1386.443058 1303414295
3007.317137 1384.554171 1303414297
2986.298521 1383.776394 1303414299
2960.066626 1382.998617 1303414302
2938.882509 1378.887510 1303414325
