1721.375023 1371.220851 1303477848
1699.032399 1370.331963 1303477853
1675.283018 1364.998635 1303477858
1655.340158 1362.331971 1303477861
1630.680521 1355.443089 1303477864
1606.103635 1343.665323 1303477867
1578.133981 1339.887549 1303477870
1551.240082 1341.220881 1303477873
1526.580445 1343.665323 1303477876
1506.637585 1348.554207 1303477881
1493.563013 1331.665335 1303477896
1491.246000 1306.220916 1303477899
1491.577002 1280.109831 1303477902
1493.894015 1257.665409 1303477905
1494.804270 1237.220985 1303477910
1512.761119 1220.665446 1303477917
1523.601429 1196.221026 1303477921
1520.787913 1174.332159 1303477923
1520.374161 1147.332186 1303477925
1518.057148 1127.443317 1303477927
1511.437112 1107.332226 1303477931
1505.479079 1083.332250 1303477936
1504.486073 1055.332278 1303477939
1503.989570 1029.776748 1303477941
1503.658569 1004.776773 1303477943
1503.824069 982.332351 1303477945
1503.741319 961.443483 1303477947
1503.824069 940.887948 1303477949
1504.072321 911.999088 1303477952
1504.155071 885.665781 1303477955
1503.079315 863.110248 1303477958
1502.996565 840.332493 1303477962
1499.438295 818.221404 1303477970
1475.440662 813.554742 1303477975
1454.753048 813.665853 1303477978
1428.521153 814.888074 1303477982
1403.530515 815.443629 1303477986
1381.518893 813.443631 1303477990
1358.597016 812.443632 1303477995
1335.923391 815.665851 1303478002
1315.484028 814.776963 1303478021
1293.555156 814.332519 1303478032
1273.943298 820.776957 1303478036
1252.345428 820.332513 1303478038
1229.837304 818.110293 1303478040
1201.867649 816.776961 1303478043
1176.132257 817.888071 1303478046
1150.314114 816.554739 1303478049
1129.295498 811.332522 1303478069
1108.607883 807.110304 1303478072
1077.741962 805.776972 1303478075
1055.482089 805.554750 1303478077
1032.477462 804.999195 1303478079
1008.645330 803.443641 1303478081
986.633708 802.221420 1303478083
958.912305 801.776976 1303478086
936.735182 802.554753 1303478089
915.468315 804.332529 1303478096
909.344781 825.554730 1303478102
909.675783 851.443593 1303478105
909.344781 872.665794 1303478107
908.765527 893.887995 1303478109
908.269025 914.554641 1303478111
907.772522 934.887954 1303478113
907.524271 964.999035 1303478116
906.531265 985.110126 1303478118
905.538260 1011.221211 1303478121
904.793506 1031.554524 1303478124
906.365764 1051.776726 1303478130
928.129135 1059.776718 1303478135
951.051011 1057.998942 1303478138
972.979883 1057.332276 1303478141
995.239756 1057.554498 1303478157
1022.299156 1060.110051 1303478161
1051.261816 1060.221162 1303478164
1077.824713 1060.221162 1303478167
1099.588083 1060.443384 1303478172
1121.351454 1059.998940 1303478176
1142.039068 1056.554499 1303478199
1165.871200 1056.554499 1303478207
1191.854844 1057.887831 1303478211
1212.459708 1057.998942 1303478214
1236.622841 1059.110052 1303478217
1259.627469 1059.998940 1303478221
1279.735830 1059.998940 1303478238
1297.940930 1069.332264 1303478245
1298.106431 1091.110020 1303478249
1297.444428 1113.221109 1303478252
1295.541167 1137.887751 1303478255
1294.382661 1167.332166 1303478258
1294.548162 1188.887700 1303478260
1294.548162 1210.443234 1303478262
1294.382661 1232.109879 1303478264
1294.465411 1253.220969 1303478266
1293.637907 1280.665386 1303478269
1292.975903 1305.776472 1303478273
1292.396650 1326.220896 1303478281
1298.023681 1345.443099 1303478294
1321.193809 1349.331984 1303478299
1345.522444 1349.443095 1303478302
1371.423337 1349.665317 1303478305
1394.262463 1350.443094 1303478308
1418.756599 1348.887540 1303478312
1438.864960 1346.998653 1303478315
1460.793831 1351.109760 1303478318
1487.687730 1354.776423 1303478321
1508.789097 1357.220865 1303478323
1530.800719 1358.554197 1303478325
1552.481339 1359.887529 1303478327
1572.755201 1360.443084 1303478329
1602.876367 1361.554194 1303478332
1624.391486 1363.220859 1303478334
1646.485859 1365.331968 1303478336
1667.918227 1366.443078 1303478338
1688.026589 1365.776412 1303478340
1717.816753 1365.776412 1303478343
1739.745625 1366.109745 1303478345
1764.405261 1366.331967 1303478347
1789.975153 1366.109745 1303478349
1815.710545 1365.554190 1303478351
1841.694189 1364.109747 1303478353
1867.677832 1362.776415 1303478355
1893.909728 1361.109750 1303478357
1920.472624 1359.776418 1303478359
1946.704520 1358.443086 1303478361
1971.943409 1357.554198 1303478363
1996.272044 1357.220865 1303478365
2018.697418 1356.776421 1303478367
2046.501572 1355.998644 1303478370
2067.520188 1354.998645 1303478373
2088.621555 1353.665313 1303478394
2116.425709 1354.109757 1303478399
2136.534070 1354.220868 1303478401
2159.786948 1353.998646 1303478403
2184.777587 1354.109757 1303478405
2210.099227 1354.331979 1303478407
2235.503617 1354.554201 1303478409
2260.742507 1354.887534 1303478411
2285.815896 1354.887534 1303478413
2310.558282 1354.887534 1303478415
2335.797172 1354.887534 1303478417
2361.036062 1354.887534 1303478419
2385.116445 1354.998645 1303478421
2406.962566 1355.554200 1303478423
2434.187466 1355.443089 1303478426
2455.537085 1354.109757 1303478429
2476.803952 1352.331981 1303478433
