2528.191986 1377.998622 1303494047
2507.421622 1378.887510 1303494070
2487.313260 1377.998622 1303494073
2463.398378 1376.998623 1303494077
2437.911237 1376.109735 1303494081
2412.341346 1375.776402 1303494084
2392.067483 1375.554180 1303494086
2371.297119 1374.776403 1303494088
2349.781999 1373.554182 1303494090
2328.349631 1372.554183 1303494092
2306.669011 1371.331962 1303494094
2285.319393 1369.887519 1303494096
2264.052525 1368.665298 1303494098
2243.116659 1367.776410 1303494100
2223.008298 1367.109744 1303494102
2194.790392 1366.665300 1303494105
2169.551502 1366.331967 1303494108
2146.629626 1365.776412 1303494112
2126.107512 1365.887523 1303494127
2100.951373 1365.109746 1303494132
2078.194997 1364.776413 1303494135
2049.977091 1365.887523 1303494138
2026.889713 1366.331967 1303494140
2002.809330 1365.998634 1303494142
1979.308200 1365.887523 1303494144
1955.972571 1366.443078 1303494146
1932.388690 1367.109744 1303494148
1909.053061 1367.331966 1303494150
1885.634682 1367.776410 1303494152
1862.795555 1368.109743 1303494154
1840.618433 1368.776409 1303494156
1819.682567 1368.998631 1303494158
1790.471655 1368.220854 1303494161
1762.833002 1367.665299 1303494164
1736.270105 1367.331966 1303494167
1713.596480 1365.887523 1303494171
1691.253856 1365.554190 1303494178
1667.669976 1360.665306 1303494181
1637.797061 1358.331975 1303494184
1614.792433 1357.443087 1303494186
1590.298298 1356.554199 1303494188
1566.217915 1354.998645 1303494190
1542.303032 1354.331979 1303494192
1518.222649 1353.220869 1303494194
1496.376528 1354.776423 1303494197
1488.266983 1330.665336 1303494212
1493.894015 1305.554250 1303494215
1492.404506 1282.109829 1303494217
1490.832248 1255.220967 1303494220
1493.066510 1231.665435 1303494225
1495.135271 1207.109904 1303494229
1497.948787 1178.665488 1303494232
1491.825253 1146.887742 1303494234
1488.680736 1119.332214 1303494236
1491.908004 1094.998905 1303494239
1492.570007 1072.776705 1303494245
1492.487257 1048.998951 1303494250
1492.983760 1023.332310 1303494253
1493.728514 994.887894 1303494256
1494.225016 974.221248 1303494258
1494.969770 951.443493 1303494260
1495.797275 928.221294 1303494262
1496.128277 905.776872 1303494264
1496.128277 884.332449 1303494266
1496.211027 863.999136 1303494268
1495.631774 838.665828 1303494271
1495.383523 818.110293 1303494277
1473.454651 805.888083 1303494284
1447.884760 804.221418 1303494287
1421.321863 804.888084 1303494290
1396.082973 807.221415 1303494293
1370.844084 807.999192 1303494296
1347.839457 808.110303 1303494299
1324.172826 807.888081 1303494303
1303.816213 806.332527 1303494311
1283.542351 811.443633 1303494319
1262.440984 810.999189 1303494321
1237.698597 811.332522 1303494323
1214.445719 812.110299 1303494325
1185.814060 810.999189 1303494328
1164.050690 812.999187 1303494331
1141.211563 811.888077 1303494336
1116.386426 808.443636 1303494354
1092.388793 806.332527 1303494357
1062.184876 805.110306 1303494360
1039.842253 804.443640 1303494362
1017.168627 803.776974 1303494364
995.570758 803.554752 1303494366
974.800393 803.776974 1303494368
948.485747 804.776973 1303494371
926.805127 804.554751 1303494376
908.186274 815.221407 1303494398
908.765527 837.332496 1303494401
909.262030 865.888023 1303494404
907.358770 890.221332 1303494407
904.959006 911.554644 1303494413
904.462504 937.221285 1303494418
906.531265 964.332369 1303494421
907.441520 993.999006 1303494424
906.531265 1019.887869 1303494427
908.103524 1043.776734 1303494431
930.611648 1049.998950 1303494435
955.933288 1052.110059 1303494438
979.930921 1052.998947 1303494441
1001.363290 1053.887835 1303494447
