2497.574317 1373.220849 1303495973
2470.597668 1373.554182 1303495980
2450.572057 1375.998624 1303496000
2422.602402 1373.443071 1303496005
2393.225990 1372.443072 1303496008
2370.055862 1371.998628 1303496010
2344.816972 1371.776406 1303496012
2318.916079 1371.220851 1303496014
2292.187681 1370.665296 1303496016
2265.293782 1370.331963 1303496018
2238.482634 1369.554186 1303496020
2212.085238 1368.998631 1303496022
2186.101594 1368.331965 1303496024
2160.448952 1367.554188 1303496026
2135.954817 1366.776411 1303496028
2112.122685 1366.331967 1303496030
2088.207802 1365.887523 1303496032
2062.886162 1364.776413 1303496034
2036.571517 1364.109747 1303496036
2009.677618 1363.665303 1303496038
1982.121716 1363.443081 1303496040
1954.069310 1363.554192 1303496042
1926.016905 1364.331969 1303496044
1898.130001 1365.220857 1303496046
1870.325847 1365.665301 1303496048
1842.687194 1366.443078 1303496050
1814.469288 1366.887522 1303496052
1786.665134 1366.776411 1303496054
1761.260744 1366.109745 1303496056
1741.152382 1365.554190 1303496058
1716.906498 1364.887524 1303496062
1695.308629 1363.776414 1303496066
1668.828482 1364.887524 1303496070
1647.230613 1364.443080 1303496073
1622.984729 1363.776414 1303496076
1593.194564 1362.220860 1303496079
1572.258698 1361.554194 1303496081
1550.164326 1361.665305 1303496083
1528.814708 1361.109750 1303496085
1500.679552 1361.887527 1303496088
1492.404506 1342.109769 1303496097
1495.052521 1316.220906 1303496100
1496.542029 1287.665379 1303496103
1499.190044 1263.554292 1303496106
1497.204033 1241.109870 1303496111
1499.272794 1221.109890 1303496115
1517.064143 1208.887680 1303496117
1534.358988 1196.887692 1303496119
1546.606056 1172.332161 1303496122
1545.613051 1152.332181 1303496124
1541.806530 1128.221094 1303496127
1532.041976 1109.665557 1303496131
1518.967403 1089.998910 1303496141
1512.926620 1065.887823 1303496145
1511.933614 1038.332295 1303496148
1510.609607 1016.110095 1303496150
1509.864853 991.999008 1303496152
1507.051337 969.443475 1303496154
1506.306583 945.887943 1303496156
1506.058332 922.776855 1303496158
1505.892831 901.332432 1303496160
1504.320572 874.776903 1303496163
1502.831064 853.221369 1303496166
1502.086310 832.110279 1303496170
1496.955781 812.110299 1303496187
1474.613158 808.888080 1303496192
1453.760043 806.221416 1303496196
1433.486180 805.776972 1303496199
1411.060806 805.776972 1303496202
1388.387181 806.332527 1303496205
1365.879056 807.776970 1303496208
1343.784684 808.332525 1303496212
1322.600567 810.221412 1303496216
1301.168198 809.888079 1303496225
1280.066832 802.221420 1303496229
1255.655447 803.999196 1303496232
1230.168306 804.110307 1303496234
1204.598414 802.443642 1303496236
1181.262785 800.999199 1303496238
1150.810617 801.332532 1303496241
1130.040252 804.999195 1303496245
1109.600889 806.443638 1303496270
1085.851507 802.776975 1303496275
1061.440122 802.999197 1303496278
1032.973965 802.665864 1303496281
1003.680303 801.776976 1303496284
975.048644 801.665865 1303496287
951.133762 802.221420 1303496290
929.701393 802.999197 1303496294
908.765527 807.554748 1303496320
905.124507 829.888059 1303496325
905.952012 855.888033 1303496328
906.200263 876.999123 1303496330
906.283014 899.887989 1303496332
906.034762 924.665742 1303496334
905.207258 950.332383 1303496336
904.628005 975.443469 1303496338
905.041757 996.665670 1303496340
905.290008 1023.554532 1303496343
905.290008 1047.665619 1303496347
926.556876 1055.554500 1303496353
947.161740 1054.221168 1303496356
967.849354 1054.665612 1303496359
989.778226 1055.443389 1303496364
