3323.672137 429.110682 1303511999
3327.313157 406.888482 1303512023
3329.878422 383.221839 1303512026
3331.533431 361.888527 1303512029
3331.781682 339.332994 1303512033
3330.788677 319.110792 1303512053
3331.285179 293.444151 1303512057
3332.112684 273.444171 1303512060
3332.940189 251.110860 1303512064
3333.353941 227.333106 1303512074
3334.015944 201.666465 1303512077
3334.015944 181.333152 1303512079
3334.512447 159.666507 1303512081
3334.677948 136.222086 1303512083
3334.512447 112.999887 1303512085
3334.677948 91.222131 1303512087
3335.588203 66.333267 1303512090
3333.933194 44.111067 1303512098
3313.080079 37.888851 1303512103
3289.909950 39.111072 1303512106
3261.774795 40.222182 1303512109
3232.977636 40.888848 1303512112
3207.821496 41.222181 1303512115
3183.989364 42.222180 1303512119
3163.881003 43.111068 1303512124
3139.883370 43.111068 1303512127
3112.492969 43.111068 1303512130
3091.639854 43.222179 1303512132
3058.870672 42.888846 1303512135
3030.901018 42.666624 1303512138
3009.716900 42.888846 1303512143
2998.793840 62.555493 1303512159
2998.876590 86.555469 1303512163
2999.042091 114.333219 1303512166
2999.207592 137.666529 1303512169
2998.793840 158.444286 1303512174
2998.462838 180.777597 1303512180
2997.883585 206.555349 1303512183
2997.387082 226.666440 1303512185
2996.890579 255.444189 1303512188
2996.559578 278.555277 1303512191
2996.559578 299.999700 1303512201
2995.897574 320.333013 1303512206
2995.152820 345.999654 1303512210
2994.573567 369.110742 1303512213
2994.077064 392.888496 1303512216
2993.828812 416.777361 1303512219
2993.497811 438.332895 1303512222
2993.249559 458.443986 1303512225
2992.835807 482.110629 1303512229
2992.173803 505.888383 1303512235
2991.429049 527.221695 1303512240
2990.601545 547.555008 1303512249
2988.946535 569.221653 1303512274
2964.783402 576.554979 1303512280
2935.158738 576.332757 1303512283
2910.830103 576.110535 1303512285
2885.342962 575.999424 1303512287
2859.442069 575.666091 1303512289
2833.210174 575.332758 1303512291
2806.812778 575.110536 1303512293
2780.829134 574.443870 1303512295
2754.597239 573.554982 1303512297
2727.620590 572.888316 1303512299
2698.657930 573.110538 1303512301
2669.281517 573.554982 1303512303
2641.063611 573.221649 1303512305
2613.093956 572.888316 1303512307
2587.193063 572.554983 1303512309
2564.271186 572.332761 1303512311
2538.784045 572.110539 1303512314
2520.827196 580.888308 1303512319
2519.916941 604.999395 1303512324
2518.758434 629.777148 1303512327
2518.013680 655.221567 1303512330
2518.179181 682.665984 1303512333
2517.765429 710.554845 1303512336
2517.351677 736.665930 1303512339
2517.186176 760.554795 1303512342
2517.434427 780.554775 1303512345
2518.592933 802.665864 1303512350
2518.510183 822.776955 1303512364
2517.351677 850.221372 1303512369
2515.613917 875.443569 1303512372
2514.207159 903.110208 1303512375
2513.793407 931.887957 1303512378
2513.627906 951.887937 1303512380
2513.214154 972.110139 1303512382
2512.634900 993.221229 1303512384
2512.138398 1015.110096 1303512386
2511.807396 1037.554518 1303512388
2511.476394 1059.443385 1303512390
2511.724645 1079.998920 1303512392
2512.469400 1107.332226 1303512395
2514.289910 1129.332204 1303512399
2514.869163 1154.443290 1303512405
2514.620911 1182.443262 1303512408
2515.282915 1203.332130 1303512410
2516.358671 1224.220998 1303512412
2518.013680 1245.443199 1303512414
2519.254937 1267.554288 1303512416
2519.337688 1288.220934 1303512418
2519.089436 1312.665354 1303512421
2518.923935 1335.109776 1303512425
2519.006686 1357.443087 1303512430
2537.873790 1367.998632 1303512436
2560.216414 1368.109743 1303512439
2580.573026 1368.109743 1303512441
2602.336397 1367.998632 1303512443
2624.927272 1368.665298 1303512445
2647.931899 1368.998631 1303512447
2671.102027 1369.109742 1303512449
2694.437656 1369.443075 1303512451
2719.262794 1369.887519 1303512453
2744.832685 1370.109741 1303512455
2770.237076 1370.776407 1303512457
2795.144963 1371.443073 1303512459
2818.977095 1371.220851 1303512461
2839.830211 1369.887519 1303512463
2866.806860 1368.776409 1303512466
2888.073727 1369.109742 1303512470
2915.133127 1369.776408 1303512496
2945.999048 1371.331962 1303512499
2968.424422 1371.998628 1303512501
2991.098047 1372.998627 1303512503
3014.019924 1373.331960 1303512505
3036.859051 1373.443071 1303512507
3058.539670 1373.331960 1303512509
3088.081584 1373.665293 1303512512
3109.927705 1374.331959 1303512514
3132.766831 1374.665292 1303512516
3155.771458 1374.998625 1303512518
3178.527834 1375.776402 1303512520
3200.622207 1376.109735 1303512522
3221.971825 1374.998625 1303512524
3250.603483 1371.331962 1303512527
3272.863356 1368.220854 1303512530
3293.799222 1361.220861 1303512541
3304.887783 1341.220881 1303512546
3305.218785 1314.776463 1303512549
3305.715288 1291.998708 1303512551
3306.377292 1265.776512 1303512553
3307.784049 1239.443205 1303512555
3308.528803 1213.109898 1303512557
3308.694304 1188.998811 1303512559
3309.439059 1166.887722 1303512561
3309.687310 1146.554409 1303512563
3310.597565 1123.221099 1303512566
3312.500825 1100.332233 1303512569
3312.418075 1068.998931 1303512572
3311.921572 1044.443400 1303512574
3311.921572 1018.554537 1303512576
3312.335325 991.443453 1303512578
3313.080079 963.332370 1303512580
3313.824833 934.999065 1303512582
3314.321336 907.665759 1303512584
3314.652337 882.332451 1303512586
3314.735088 859.110252 1303512588
3315.148840 836.221386 1303512590
3315.479842 814.110297 1303512592
3315.645343 791.443653 1303512594
3316.141846 768.110343 1303512596
3316.555598 743.777034 1303512598
3317.134851 719.110392 1303512600
3317.631354 695.554860 1303512602
3318.210607 674.554881 1303512604
3318.872611 649.110462 1303512607
3319.617365 627.110484 1303512611
3320.941372 605.777172 1303512619
3321.024123 585.666081 1303512623
3321.520625 560.332773 1303512627
3322.265379 537.777240 1303512631
3325.161645 516.888372 1303512634
3327.644159 492.443952 1303512637
3328.554414 468.110643 1303512640
3327.147656 443.777334 1303512644
