2988.450033 550.777227 1303514690
2979.761235 571.999428 1303514701
2952.867336 575.110536 1303514705
2923.987426 574.554981 1303514708
2903.630813 574.221648 1303514710
2882.198445 573.888315 1303514712
2859.938572 573.666093 1303514714
2836.851194 573.554982 1303514716
2813.432815 573.110538 1303514718
2788.359426 572.554983 1303514720
2762.955035 571.777206 1303514722
2738.129898 571.332762 1303514724
2712.891008 570.666096 1303514726
2688.314122 569.999430 1303514728
2664.233739 569.110542 1303514730
2640.318857 568.221654 1303514732
2617.645231 567.666099 1303514734
2589.510076 567.110544 1303514737
2567.250203 565.999434 1303514741
2545.238581 567.888321 1303514757
2524.302715 567.777210 1303514765
2520.413443 590.110521 1303514770
2518.592933 615.221607 1303514773
2517.103425 637.110474 1303514775
2516.689673 660.332673 1303514777
2516.358671 683.999316 1303514779
2516.110420 707.443737 1303514781
2515.531166 730.777047 1303514783
2515.117414 753.554802 1303514785
2514.951913 775.221447 1303514787
2514.869163 795.443649 1303514789
2514.703662 823.665843 1303514792
2513.876157 852.110259 1303514795
2513.627906 872.665794 1303514797
2512.469400 894.110217 1303514799
2511.724645 915.665751 1303514801
2511.476394 937.887951 1303514803
2510.814390 961.665705 1303514805
2509.986886 986.221236 1303514807
2509.324882 1011.332322 1303514809
2509.242132 1035.776742 1303514811
2509.242132 1059.221163 1303514813
2509.407633 1081.998918 1303514815
2510.152387 1103.998896 1303514817
2510.814390 1126.776651 1303514820
2513.793407 1151.665515 1303514826
2514.207159 1178.776599 1303514829
2514.703662 1198.998801 1303514831
2515.365666 1219.665447 1303514833
2515.862168 1241.220981 1303514835
2516.358671 1264.109847 1303514837
2517.103425 1286.109825 1303514839
2517.682678 1306.998693 1303514841
2516.937924 1332.554223 1303514844
2518.013680 1355.443089 1303514849
2539.777051 1365.109746 1303514865
2562.947179 1364.776413 1303514869
2586.365558 1365.220857 1303514872
2614.417964 1366.220856 1303514875
2644.539130 1367.331966 1303514878
2666.054249 1367.665299 1303514880
2688.727875 1368.220854 1303514882
2711.898003 1368.776409 1303514884
2735.730135 1369.220853 1303514886
2759.976019 1369.998630 1303514888
2784.470154 1370.665296 1303514890
2807.888534 1370.776407 1303514892
2830.479409 1369.887519 1303514894
2852.656531 1369.554186 1303514896
2874.171651 1369.887519 1303514898
2895.521269 1370.443074 1303514900
2916.705386 1370.998629 1303514902
2938.468756 1371.554184 1303514904
2960.976881 1371.998628 1303514906
2984.064258 1372.665294 1303514908
3007.399888 1372.998627 1303514910
3029.825262 1373.220849 1303514912
3050.843878 1373.665293 1303514914
3071.117740 1373.887515 1303514916
3092.136356 1374.665292 1303514918
3114.561730 1374.998625 1303514920
3136.407851 1375.109736 1303514922
3158.419473 1375.443069 1303514924
3181.175849 1375.887513 1303514926
3203.683973 1375.776402 1303514928
3224.785340 1373.665293 1303514930
3252.423993 1369.665297 1303514933
3274.270114 1366.331967 1303514936
3294.709477 1363.331970 1303514941
3306.377292 1346.998653 1303514946
3306.542792 1323.665343 1303514949
3306.791044 1296.109815 1303514952
3306.956545 1275.443169 1303514954
3306.542792 1253.554302 1303514956
3306.542792 1231.443213 1303514958
3306.791044 1209.109902 1303514960
3306.873794 1188.776589 1303514962
3308.032301 1161.443283 1303514965
3308.777055 1134.776643 1303514968
3308.611554 1107.554448 1303514971
3309.273558 1078.554477 1303514974
3309.604559 1057.332276 1303514976
3309.935561 1034.998965 1303514978
3310.266563 1011.332322 1303514980
3310.845816 987.110124 1303514982
3311.094068 962.999037 1303514984
3311.259569 940.110171 1303514986
3311.838822 918.887970 1303514988
3312.666326 897.887991 1303514990
3313.411080 876.332457 1303514992
3313.742082 854.776923 1303514994
3314.404086 832.665834 1303514996
3314.652337 808.999191 1303514998
3315.231591 785.554770 1303515000
3315.976345 763.665903 1303515002
3316.224596 742.332591 1303515004
3316.638348 721.110390 1303515006
3317.134851 701.110410 1303515008
3317.465853 673.443771 1303515011
3318.045106 651.554904 1303515014
3318.789860 627.443817 1303515018
3316.472847 604.888284 1303515022
3306.873794 583.888305 1303515026
3288.006690 576.666090 1303515029
3259.375032 576.888312 1303515032
3238.108164 577.554978 1303515034
3218.082553 577.999422 1303515036
3190.443900 577.666089 1303515039
3166.032515 577.221645 1303515042
3144.434646 576.777201 1303515046
3123.002277 576.110535 1303515069
3102.480164 575.888313 1303515072
3074.345008 575.110536 1303515075
3046.540854 574.888314 1303515078
3024.446482 573.221649 1303515081
3004.420871 571.554984 1303515088
2984.147009 568.554987 1303515113
