1253.421184 806.999193 1303733622
1231.078561 806.443638 1303733650
1202.860654 806.221416 1303733653
1181.345535 805.554750 1303733655
1152.548376 804.888084 1303733658
1131.695261 804.110307 1303733661
1106.456371 805.221417 1303733668
1080.969230 805.332528 1303733671
1057.302599 804.554751 1303733673
1030.160449 803.999196 1303733675
1001.115038 803.665863 1303733677
972.979883 803.888085 1303733679
949.147751 804.554751 1303733681
922.833105 804.776973 1303733684
903.634999 811.332522 1303733688
902.062740 836.110275 1303733692
902.476493 865.888023 1303733695
902.145491 890.665776 1303733697
902.145491 917.887971 1303733699
902.145491 944.221278 1303733701
901.814489 968.887920 1303733703
901.317986 990.887898 1303733705
900.655983 1019.443425 1303733708
899.911228 1042.887846 1303733711
910.999790 1060.443384 1303733715
938.059190 1061.554494 1303733719
966.442597 1058.998941 1303733722
987.957716 1058.554497 1303733725
1011.789847 1061.332272 1303733744
1038.269994 1063.221159 1303733747
1066.818902 1064.554491 1303733750
1087.589267 1063.887825 1303733753
1108.690634 1064.554491 1303733759
1131.695261 1065.776712 1303733762
1151.969123 1066.332267 1303733764
1174.725499 1066.887822 1303733766
1199.798888 1067.443377 1303733768
1226.196284 1067.665599 1303733770
1251.931676 1067.554488 1303733772
1278.411822 1066.998933 1303733774
1305.388472 1066.887822 1303733776
1331.620367 1067.332266 1303733778
1356.942007 1067.887821 1303733780
1382.098146 1068.221154 1303733782
1408.164540 1067.776710 1303733784
1432.824177 1068.443376 1303733786
1455.746053 1069.110042 1303733788
1477.592174 1068.998931 1303733790
1498.528040 1065.998934 1303733794
1508.375345 1087.221135 1303733800
1507.796091 1113.776664 1303733803
1507.796091 1134.554421 1303733805
1507.051337 1156.221066 1303733807
1505.727330 1177.109934 1303733809
1504.320572 1199.332134 1303733812
1506.720335 1219.443225 1303733818
1508.209844 1241.109870 1303733821
1507.878842 1261.998738 1303733823
1506.885836 1283.220939 1303733825
1503.989570 1309.998690 1303733828
1498.693541 1332.887556 1303733832
1499.521046 1353.998646 1303733845
1526.497695 1357.220865 1303733849
1554.881102 1360.109751 1303733852
1579.871740 1359.998640 1303733854
1606.682889 1360.554195 1303733856
1631.756277 1358.331975 1303733858
1656.002161 1359.109752 1303733860
1679.586042 1360.109751 1303733862
1704.576680 1361.554194 1303733864
1730.394823 1362.443082 1303733866
1758.364478 1362.776415 1303733868
1786.996136 1362.665304 1303733870
1815.958796 1363.220859 1303733872
1845.004207 1362.887526 1303733874
1874.546120 1361.887527 1303733876
1904.253535 1361.109750 1303733878
1934.540202 1360.109751 1303733880
1965.075121 1358.887530 1303733882
1995.113537 1357.998642 1303733884
2021.924686 1357.998642 1303733886
2044.598311 1357.776420 1303733888
2068.264942 1356.554199 1303733891
2090.276564 1354.109757 1303733918
2117.501464 1355.331978 1303733922
2146.546875 1356.109755 1303733925
2168.641247 1356.665310 1303733927
2191.728625 1357.331976 1303733929
2216.222761 1357.776420 1303733931
2241.544401 1358.331975 1303733933
2267.776296 1358.443086 1303733935
2294.835696 1358.887530 1303733937
2322.226097 1359.554196 1303733939
2349.781999 1359.776418 1303733941
2375.351891 1360.554195 1303733943
2399.184023 1360.998639 1303733945
2420.616391 1360.887528 1303733947
2446.269033 1359.220863 1303733950
2469.025409 1359.443085 1303733954
2489.547523 1359.665307 1303733976
2510.483389 1360.109751 1303733979
2538.784045 1361.554194 1303733982
2560.464665 1362.109749 1303733984
2584.048546 1362.776415 1303733986
2608.956433 1363.776414 1303733988
2635.353829 1364.998635 1303733990
2662.164978 1366.331967 1303733992
2688.893376 1367.554188 1303733994
2716.449278 1369.665297 1303733996
2745.329188 1371.665295 1303733998
2774.871101 1372.554183 1303734000
2804.661266 1373.331960 1303734002
2834.699682 1373.887515 1303734004
2863.414091 1374.443070 1303734006
2890.142489 1375.220847 1303734008
2916.622635 1376.220846 1303734010
2944.675041 1376.776401 1303734012
2974.051453 1377.776400 1303734014
3003.676117 1378.331955 1303734016
3033.218030 1378.776399 1303734018
3062.346192 1379.665287 1303734020
3091.474353 1380.887508 1303734022
3120.768015 1381.665285 1303734024
3149.647925 1381.443063 1303734026
3177.617579 1381.220841 1303734028
3204.263227 1381.109730 1303734030
3228.012608 1379.554176 1303734032
3250.686233 1376.665290 1303734034
3271.291097 1373.776404 1303734036
3292.971717 1370.109741 1303734039
3308.777055 1355.220867 1303734045
3311.342319 1331.443113 1303734048
3311.756071 1310.220912 1303734050
3312.666326 1286.332047 1303734052
3313.576581 1260.776517 1303734054
3314.321336 1233.887655 1303734056
3314.569587 1206.443238 1303734058
3315.314341 1179.554376 1303734060
3315.397091 1156.332177 1303734062
3315.231591 1131.887757 1303734065
3312.252574 1111.443333 1303734079
3312.914578 1088.665578 1303734082
3314.983339 1058.110053 1303734085
3316.555598 1034.332299 1303734087
3316.969350 1007.110104 1303734089
3317.962356 978.110133 1303734091
3318.707110 948.554607 1303734093
3319.451864 919.887969 1303734095
3319.865616 894.887994 1303734097
3320.444869 872.999127 1303734099
3320.693121 850.776927 1303734101
3321.272374 826.221396 1303734103
3322.182629 798.665868 1303734105
3322.596381 768.777009 1303734107
3323.423886 738.110373 1303734109
3324.168640 708.665958 1303734111
3323.837638 680.999319 1303734113
3323.092884 656.666010 1303734115
3322.761882 635.666031 1303734117
3322.761882 611.888277 1303734120
3320.858622 589.888299 1303734126
3307.453048 574.888314 1303734137
3284.779422 573.332760 1303734140
3255.485760 573.888315 1303734143
3234.798146 574.443870 1303734145
3214.524283 574.888314 1303734147
3186.223627 575.221647 1303734150
3161.894992 575.554980 1303734154
3140.876376 575.554980 1303734179
3116.878743 576.110535 1303734182
3096.356630 576.110535 1303734184
3073.434753 575.777202 1303734186
3051.174880 575.554980 1303734188
3022.708722 572.777205 1303734191
3000.283348 571.443873 1303734194
2979.926736 568.666098 1303734204
2982.740251 546.888342 1303734210
2985.305515 521.666145 1303734214
2987.291526 491.221731 1303734217
2988.450033 467.110644 1303734219
2989.443038 440.555115 1303734221
2990.684295 412.110699 1303734223
2991.677301 384.332949 1303734225
2992.670306 360.444084 1303734227
2993.415060 332.777445 1303734230
2994.490816 308.444136 1303734236
2995.980324 286.221936 1303734239
2997.387082 254.999745 1303734242
2997.718084 231.555324 1303734244
2999.455844 204.555351 1303734247
2999.621345 184.110927 1303734252
3016.005935 172.444272 1303734261
3036.528049 173.555382 1303734264
3058.539670 173.555382 1303734267
3078.730782 177.888711 1303734271
3083.778560 202.110909 1303734276
3064.497703 211.777566 1303734281
3042.982584 211.777566 1303734285
