2559.554410 1372.998627 1303734973
2536.549783 1372.554183 1303734983
2509.904135 1372.220850 1303734986
2481.106976 1373.220849 1303734989
2460.750363 1373.331960 1303734991
2438.407740 1372.887516 1303734993
2412.837848 1372.554183 1303734995
2385.033695 1372.220850 1303734997
2355.243530 1370.887518 1303734999
2325.205114 1369.220853 1303735001
2295.083947 1368.220854 1303735003
2265.045531 1367.443077 1303735005
2236.248371 1366.998633 1303735007
2209.768225 1366.331967 1303735009
2186.184344 1365.887523 1303735011
2158.462941 1365.109746 1303735014
2138.437330 1364.887524 1303735018
2115.680954 1364.109747 1303735028
2090.773067 1363.443081 1303735031
2060.486399 1362.665304 1303735034
2039.054030 1362.109749 1303735036
2016.297655 1361.443083 1303735038
1992.217271 1360.998639 1303735040
1967.226633 1361.665305 1303735042
1941.573991 1362.331971 1303735044
1915.507597 1362.998637 1303735046
1889.027450 1363.665303 1303735048
1863.871311 1364.554191 1303735050
1839.294425 1365.443079 1303735052
1814.303787 1366.665300 1303735054
1788.568395 1367.443077 1303735056
1763.412256 1367.331966 1303735058
1741.897137 1366.665300 1303735060
1715.085988 1364.665302 1303735063
1691.171106 1362.331971 1303735066
1669.242235 1361.443083 1303735069
1643.837844 1358.998641 1303735072
1622.074474 1356.331977 1303735074
1600.476604 1345.998654 1303735076
1575.568716 1342.665324 1303735078
1551.653834 1345.887543 1303735080
1531.214471 1348.887540 1303735082
1509.451101 1350.220872 1303735085
1492.487257 1338.665328 1303735092
1490.501246 1316.220906 1303735095
1490.087493 1285.887603 1303735098
1491.494251 1264.332069 1303735100
1493.232011 1238.220984 1303735103
1495.300772 1217.998782 1303735111
1490.997749 1193.109918 1303735116
1493.314761 1171.887717 1303735119
1493.149260 1145.554410 1303735122
1495.383523 1116.443328 1303735125
1497.204033 1092.221130 1303735129
1500.431301 1067.665599 1303735134
1502.417312 1041.443403 1303735137
1503.410317 1019.998980 1303735139
1504.734325 996.332337 1303735141
1505.892831 969.887919 1303735143
1506.968587 941.221281 1303735145
1506.968587 910.776867 1303735147
1506.472084 883.110228 1303735149
1507.051337 860.332473 1303735151
1508.044343 836.332497 1303735154
1504.734325 814.443630 1303735162
1479.412684 809.221413 1303735166
1451.774032 807.443637 1303735169
1430.672665 806.110305 1303735171
1405.516526 805.221417 1303735173
1379.946634 804.221418 1303735175
1357.024757 803.665863 1303735177
1329.386104 803.776974 1303735180
1305.636723 807.221415 1303735191
1278.660074 805.443639 1303735195
1257.724208 805.776972 1303735197
1230.664808 803.999196 1303735199
1202.860654 803.332530 1303735201
1178.201018 803.110308 1303735203
1158.092657 803.221419 1303735205
1136.825789 807.332526 1303735208
1111.917901 804.776973 1303735225
1085.768757 802.554753 1303735228
1064.501889 801.221421 1303735230
1040.504256 800.221422 1303735232
1015.182616 799.554756 1303735234
989.943727 799.332534 1303735236
965.697842 799.999200 1303735238
944.017223 801.332532 1303735240
918.695582 802.221420 1303735243
899.993979 814.665852 1303735248
900.490482 837.554718 1303735251
900.904234 857.999142 1303735253
899.993979 881.332452 1303735255
899.497476 906.776871 1303735257
899.083724 933.999066 1303735259
898.421720 960.887928 1303735261
898.007968 985.332348 1303735263
897.842467 1005.776772 1303735265
898.421720 1026.110085 1303735268
898.752722 1046.443398 1303735290
915.302814 1057.665609 1303735298
936.404180 1057.998942 1303735302
961.229318 1056.998943 1303735305
981.834182 1057.221165 1303735308
