2525.461221 1380.331953 1303738650
2505.352860 1379.443065 1303738676
2482.182732 1378.331955 1303738679
2458.019598 1377.220845 1303738683
2435.759725 1376.331957 1303738701
2413.251601 1374.887514 1303738704
2382.385680 1372.554183 1303738707
2358.719049 1371.443073 1303738709
2334.059413 1370.998629 1303738711
2309.234275 1370.554185 1303738713
2284.491888 1369.887519 1303738715
2259.252999 1369.220853 1303738717
2233.517606 1368.331965 1303738719
2208.609718 1367.220855 1303738721
2186.101594 1366.443078 1303738723
2158.462941 1365.665301 1303738726
2138.106328 1365.443079 1303738729
2117.335964 1364.665302 1303738732
2093.503832 1364.109747 1303738735
2066.278931 1363.665303 1303738738
2045.839568 1363.331970 1303738740
2023.993447 1362.998637 1303738742
2001.402572 1362.331971 1303738744
1976.660185 1361.998638 1303738746
1949.352534 1362.554193 1303738748
1921.962133 1363.220859 1303738750
1894.323480 1363.776414 1303738752
1866.436576 1364.554191 1303738754
1839.046174 1366.554189 1303738756
1811.573022 1368.443076 1303738758
1785.175626 1368.887520 1303738760
1759.936736 1368.665298 1303738762
1736.352856 1367.887521 1303738764
1715.416990 1366.109745 1303738766
1690.260851 1364.443080 1303738769
1669.573236 1361.220861 1303738772
1643.755094 1359.554196 1303738775
1622.653727 1358.220864 1303738777
1600.973107 1356.443088 1303738779
1577.968480 1352.776425 1303738781
1555.129353 1348.887540 1303738783
1533.614234 1346.331987 1303738785
1506.720335 1343.776434 1303738788
1484.956965 1336.665330 1303738793
1484.874215 1314.109797 1303738798
1485.205216 1289.220933 1303738801
1485.949971 1260.220962 1303738804
1485.618969 1237.998762 1303738807
1487.108477 1215.221007 1303738814
1487.770481 1191.665475 1303738817
1486.280972 1165.221057 1303738819
1486.280972 1141.887747 1303738821
1487.604980 1121.665545 1303738823
1488.515235 1099.332234 1303738826
1489.756492 1078.110033 1303738832
1489.425490 1052.776725 1303738836
1489.259989 1024.110087 1303738839
1490.170244 1003.665663 1303738841
1491.659752 980.887908 1303738843
1488.515235 957.332376 1303738845
1490.583996 933.554622 1303738847
1490.914998 911.443533 1303738849
1491.411501 890.110221 1303738851
1491.411501 870.110241 1303738853
1489.011738 844.554711 1303738856
1493.811264 823.110288 1303738861
1481.315945 807.443637 1303738869
1460.297329 806.332527 1303738872
1431.251918 805.776972 1303738875
1403.861516 805.554750 1303738878
1381.601643 806.110305 1303738881
1360.996779 807.221415 1303738887
1338.736906 810.443634 1303738902
1314.987525 812.888076 1303738907
1292.065648 809.888079 1303738921
1270.302278 805.888083 1303738925
1244.153133 804.554751 1303738928
1221.148506 804.554751 1303738930
1197.564625 803.665863 1303738932
1177.042512 804.110307 1303738934
1153.541382 802.110309 1303738937
1130.371253 801.776976 1303738941
1109.269887 803.665863 1303738960
1086.596261 801.554754 1303738963
1056.723346 798.665868 1303738966
1033.884220 797.888091 1303738968
1010.631341 797.554758 1303738970
988.454218 797.443647 1303738972
967.766604 798.332535 1303738974
942.693215 800.888088 1303738977
921.922850 803.443641 1303738986
903.055746 816.665850 1303739015
903.138496 838.776939 1303739018
904.628005 867.776910 1303739021
905.290008 887.776890 1303739023
905.372759 908.110203 1303739025
905.124507 929.332404 1303739027
905.041757 951.665715 1303739029
905.290008 972.443472 1303739031
905.372759 1000.554555 1303739034
904.628005 1024.887864 1303739037
904.297003 1045.554510 1303739042
920.102340 1059.443385 1303739049
944.182723 1057.887831 1303739052
969.752615 1056.665610 1303739055
991.764237 1054.443390 1303739059
1012.617352 1056.665610 1303739087
1036.201232 1058.665608 1303739091
1060.033364 1058.887830 1303739099
1081.962236 1056.110055 1303739103
1102.070597 1055.665611 1303739110
1122.096208 1054.221168 1303739114
1142.370070 1052.998947 1303739119
