2536.798034 1386.443058 1303416244
2513.876157 1383.109728 1303416271
2488.058014 1379.887509 1303416275
2467.039398 1379.220843 1303416278
2445.358778 1379.109732 1303416291
2422.519652 1377.776400 1303416295
2394.715498 1375.887513 1303416298
2372.372874 1375.443069 1303416300
2348.292491 1374.554181 1303416302
2323.301853 1373.554182 1303416304
2298.559466 1372.887516 1303416306
2274.644584 1372.554183 1303416308
2251.226204 1372.220850 1303416310
2228.304327 1372.109739 1303416312
2206.706458 1371.776406 1303416314
2186.598097 1370.887518 1303416316
2158.959444 1369.776408 1303416319
2134.796310 1369.554186 1303416322
2110.881428 1369.220853 1303416325
2084.815034 1369.998630 1303416328
2053.452610 1369.665297 1303416331
2029.454977 1368.998631 1303416333
2003.802335 1368.776409 1303416335
1977.156688 1368.443076 1303416337
1950.014538 1368.776409 1303416339
1922.955138 1369.220853 1303416341
1896.392241 1369.998630 1303416343
1871.732605 1370.220852 1303416345
1849.555482 1371.443073 1303416347
1828.867868 1372.331961 1303416349
1799.905207 1371.665295 1303416352
1771.521800 1369.443075 1303416355
1750.668685 1367.554188 1303416357
1730.146572 1365.776412 1303416359
1701.183911 1365.554190 1303416362
1675.945022 1366.220856 1303416365
1650.209629 1360.331973 1303416368
1625.218991 1350.776427 1303416371
1598.738845 1340.109771 1303416374
1579.954491 1333.109778 1303416376
1555.791357 1324.220898 1303416379
1537.834508 1337.220885 1303416384
1526.828697 1356.220866 1303416390
1509.699352 1374.443070 1303416394
1492.073504 1359.665307 1303416401
1488.680736 1336.554219 1303416404
1485.039716 1311.443133 1303416406
1481.315945 1287.443157 1303416408
1477.261173 1266.776511 1303416410
1474.282156 1243.443201 1303416413
1476.930171 1222.221000 1303416417
1477.426673 1197.443247 1303416421
1475.026910 1174.554381 1303416425
1461.207584 1155.887733 1303416429
1465.345107 1135.443309 1303416432
1477.674925 1119.443325 1303416434
1488.597985 1095.443349 1303416439
1495.631774 1069.332264 1303416443
1502.003559 1049.332284 1303416445
1507.878842 1026.443418 1303416447
1512.347367 1003.110108 1303416449
1517.560645 979.221243 1303416451
1521.118915 954.887934 1303416453
1522.029170 931.665735 1303416455
1521.863669 910.999089 1303416457
1519.960409 887.665779 1303416460
1522.939425 866.776911 1303416463
1526.414944 845.665821 1303416472
1522.194671 824.221398 1303416479
1499.355545 816.888072 1303416483
1474.199406 816.110295 1303416486
1445.236745 814.888074 1303416489
1415.529331 814.999185 1303416492
1387.476926 814.665852 1303416495
1364.555049 814.776963 1303416499
1344.446688 816.443628 1303416519
1323.510822 820.110291 1303416542
1302.243954 820.776957 1303416550
1278.080821 819.554736 1303416554
1253.917687 817.665849 1303416556
1230.085555 817.332516 1303416558
1208.653187 815.999184 1303416560
1185.731310 823.332510 1303416564
1166.946956 833.110278 1303416584
1141.459815 829.776948 1303416589
1113.159158 828.999171 1303416592
1091.726790 828.665838 1303416594
1067.563656 827.554728 1303416596
1041.331761 824.665842 1303416598
1016.175622 820.888068 1303416600
993.419246 818.332515 1303416602
967.932105 817.221405 1303416605
946.003233 812.443632 1303416617
925.067368 820.665846 1303416622
920.929845 846.776931 1303416626
918.530082 876.332457 1303416629
916.875072 897.221325 1303416631
914.392559 917.110194 1303416633
912.820300 939.332394 1303416635
910.668788 962.776815 1303416637
908.682777 984.776793 1303416639
908.517276 1006.443438 1303416641
909.758533 1034.110077 1303416644
918.778333 1052.998947 1303416648
939.962450 1054.665612 1303416652
964.291085 1052.554503 1303416655
986.468207 1052.221170 1303416658
1004.756059 1062.887826 1303416683
1012.203600 1082.554473 1303416689
1030.656952 1096.332237 1303416697
1051.096315 1094.998905 1303416701
1071.866680 1090.443354 1303416715
1103.642856 1086.332247 1303416718
1128.302492 1082.998917 1303416720
1152.134624 1081.332252 1303416722
1175.056501 1080.776697 1303416724
1195.661365 1081.665585 1303416726
1222.638014 1081.221141 1303416729
1244.401384 1079.998920 1303416733
1264.923498 1079.221143 1303416753
1288.424628 1082.776695 1303416757
1312.174009 1081.665585 1303416759
1337.412899 1081.221141 1303416761
1362.734539 1079.665587 1303416763
1388.387181 1078.110033 1303416765
1412.550315 1077.110034 1303416767
1436.465197 1076.221146 1303416769
1459.635325 1074.110037 1303416771
1485.701719 1070.554485 1303416774
1505.644580 1078.332255 1303416779
1506.389334 1099.332234 1303416782
1504.486073 1128.109983 1303416785
1504.320572 1149.665517 1303416787
1504.568824 1169.998830 1303416789
1505.313578 1194.109917 1303416792
1503.906820 1215.332118 1303416797
1504.817075 1241.998758 1303416801
1504.320572 1262.109849 1303416803
1503.410317 1283.887605 1303416805
1501.507057 1305.109806 1303416807
1498.610791 1333.998666 1303416810
1508.209844 1353.554202 1303416817
1524.677185 1369.109742 1303416822
1547.185309 1367.776410 1303416826
1569.279682 1374.331959 1303416830
1588.064036 1389.220833 1303416837
1608.834400 1392.554163 1303416840
1631.756277 1393.998606 1303416843
1659.725932 1394.220828 1303416846
1682.482308 1393.554162 1303416848
1709.045205 1391.998608 1303416850
1736.932109 1390.776387 1303416852
1765.481017 1389.443055 1303416854
1794.278176 1388.220834 1303416856
1825.226848 1386.220836 1303416858
1857.168524 1382.887506 1303416860
1894.323480 1377.998622 1303416862
1916.748854 1374.443070 1303416863
1939.505230 1370.443074 1303416864
1975.667180 1365.443079 1303416866
2008.270860 1362.109749 1303416868
2038.143775 1360.887528 1303416870
2069.588949 1359.331974 1303416872
2099.296364 1359.109752 1303416874
2129.169279 1359.331974 1303416876
2159.538697 1359.443085 1303416878
2190.073616 1359.554196 1303416880
2221.353289 1360.220862 1303416882
2253.377716 1360.554195 1303416884
2283.829885 1360.776417 1303416886
2314.199303 1361.109750 1303416888
2344.320469 1360.776417 1303416890
2373.945133 1360.554195 1303416892
2401.749287 1360.887528 1303416894
2427.981182 1360.887528 1303416896
2451.151310 1360.665306 1303416898
2475.976448 1359.109752 1303416901
