1734.201344 1366.998633 1303744275
1708.548702 1365.331968 1303744284
1680.496297 1363.443081 1303744287
1657.988172 1363.554192 1303744289
1632.997534 1365.109746 1303744291
1608.255147 1366.887522 1303744293
1586.243525 1367.109744 1303744295
1565.721412 1367.220855 1303744297
1538.331010 1370.998629 1303744300
1512.347367 1369.887519 1303744303
1491.328750 1363.554192 1303744308
1492.735508 1341.554214 1303744313
1496.955781 1320.665346 1303744317
1501.920809 1296.998703 1303744320
1500.183049 1267.776510 1303744322
1499.024543 1241.776536 1303744325
1501.093304 1221.776556 1303744330
1504.651574 1198.776579 1303744333
1512.678368 1179.998820 1303744335
1525.835691 1159.776618 1303744337
1532.041976 1138.332195 1303744339
1530.635218 1118.109993 1303744341
1524.015181 1095.554460 1303744345
1516.402139 1071.221151 1303744352
1516.071137 1044.443400 1303744355
1516.981392 1022.443422 1303744357
1518.470901 997.332336 1303744359
1519.629407 969.999030 1303744361
1520.622412 941.110170 1303744363
1520.953414 913.332420 1303744365
1520.374161 887.665779 1303744367
1519.132904 864.665802 1303744369
1517.146893 839.110272 1303744372
1516.402139 818.110293 1303744380
1493.645763 809.999190 1303744385
1465.758859 810.554745 1303744388
1443.333485 810.110301 1303744390
1419.666854 809.554746 1303744392
1397.158729 808.999191 1303744394
1376.388364 809.110302 1303744396
1349.742717 808.554747 1303744399
1326.489838 808.888080 1303744403
1303.898963 808.221414 1303744411
1281.721841 803.110308 1303744414
1256.069199 801.554754 1303744416
1229.340801 800.999199 1303744418
1207.329179 800.888088 1303744420
1181.924789 799.776978 1303744423
1159.664916 798.776979 1303744426
1138.315297 801.110310 1303744431
1112.828156 799.665867 1303744449
1084.941252 799.332534 1303744452
1062.515878 798.999201 1303744454
1037.359739 798.554757 1303744456
1011.045093 797.776980 1303744458
985.144200 797.332536 1303744460
961.312068 797.776980 1303744462
935.576676 799.999200 1303744465
914.640810 803.221419 1303744482
910.751538 823.999176 1303744486
911.910045 850.888038 1303744489
912.489298 873.110238 1303744491
912.241047 897.554658 1303744493
911.992795 923.665743 1303744495
911.330792 950.110161 1303744497
910.834289 974.776803 1303744499
910.834289 994.999005 1303744501
911.082540 1018.554537 1303744504
910.586038 1039.776738 1303744521
921.426348 1057.332276 1303744526
943.024217 1056.998943 1303744529
969.504364 1055.443389 1303744532
990.936732 1055.332278 1303744535
1015.927370 1061.554494 1303744559
1042.490267 1063.554492 1303744562
1070.211671 1063.776714 1303744565
1092.719795 1062.554493 1303744569
1114.565916 1059.776718 1303744575
1135.088030 1054.443390 1303744586
1155.941145 1058.776719 1303744613
1176.380508 1058.554497 1303744616
1199.881638 1055.887833 1303744619
1223.631019 1055.998944 1303744623
1244.318634 1059.221163 1303744627
1266.413006 1058.332275 1303744630
1293.968909 1057.332276 1303744633
1315.235776 1057.998942 1303744635
1339.150658 1058.665608 1303744637
1362.320787 1059.110052 1303744639
1384.166908 1059.554496 1303744641
1405.351025 1059.998940 1303744643
1425.707637 1060.554495 1303744645
1452.601536 1064.998935 1303744648
1473.620152 1067.221155 1303744651
1494.059515 1066.110045 1303744660
1507.878842 1085.332248 1303744669
1507.796091 1110.665556 1303744672
1506.803086 1131.554424 1303744674
1505.975581 1153.443291 1303744676
1506.968587 1181.776596 1303744679
1509.782102 1202.109909 1303744683
1495.880026 1219.776558 1303744691
1490.914998 1243.665423 1303744694
1490.583996 1271.998728 1303744697
1487.687730 1298.443146 1303744700
1483.715708 1320.332013 1303744704
1485.287967 1340.554215 1303744715
1500.183049 1354.887534 1303744735
1525.256438 1352.443092 1303744740
1553.722596 1350.220872 1303744743
1574.989463 1348.776429 1303744745
1596.008079 1348.331985 1303744747
1624.308736 1348.220874 1303744750
1648.223618 1346.443098 1303744753
1668.497480 1348.109763 1303744756
