1502.913814 1352.665314 1303751447
1521.946420 1340.776437 1303751471
1544.289043 1341.443103 1303751475
1543.792541 1319.220903 1303751481
1536.924253 1299.887589 1303751483
1538.165509 1276.554279 1303751486
1544.537295 1253.665413 1303751489
1549.336821 1224.887664 1303751492
1545.613051 1201.665465 1303751494
1519.794908 1144.554411 1303751496
1510.609607 1125.221097 1303751497
1502.169060 1106.332227 1303751499
1492.404506 1081.332252 1303751501
1491.825253 1058.332275 1303751504
1492.156255 1027.554528 1303751507
1492.652758 1003.665663 1303751509
1492.818259 976.887912 1303751511
1491.246000 949.221273 1303751513
1491.825253 921.665745 1303751515
1492.901009 894.999105 1303751517
1492.818259 870.776907 1303751519
1491.659752 850.554705 1303751521
1492.818259 828.776949 1303751524
1492.073504 806.999193 1303751531
1468.903376 804.221418 1303751535
1439.609714 801.443643 1303751538
1417.929094 800.776977 1303751540
1394.510715 800.332533 1303751542
1371.671588 799.999200 1303751544
1350.321970 799.999200 1303751546
1324.586578 799.665867 1303751549
1304.064464 795.999204 1303751553
1302.905958 818.554737 1303751562
1279.818580 817.999182 1303751568
1257.393206 817.776960 1303751570
1235.547085 816.999183 1303751572
1207.908432 817.332516 1303751575
1182.090290 815.332518 1303751578
1158.589160 818.665848 1303751581
1135.501782 817.110294 1303751598
1115.145169 812.665854 1303751601
1088.996025 808.999191 1303751604
1058.709357 806.554749 1303751607
1036.449484 804.999195 1303751609
1013.775858 803.999196 1303751611
991.929738 803.665863 1303751613
971.573125 804.999195 1303751615
949.313252 805.888083 1303751618
927.715382 804.999195 1303751623
909.758533 815.776962 1303751629
909.758533 837.554718 1303751632
909.675783 864.999135 1303751635
908.351775 891.665775 1303751638
907.772522 913.443531 1303751641
906.365764 940.554615 1303751645
906.614016 961.999038 1303751648
910.337786 984.221238 1303751652
909.427531 1005.110106 1303751658
909.510282 1030.665636 1303751669
911.992795 1053.776724 1303751674
934.252668 1059.443385 1303751680
956.181540 1058.776719 1303751683
978.275912 1058.887830 1303751686
998.136022 1064.776713 1303751691
1019.982143 1067.110044 1303751718
1040.173254 1066.998933 1303751721
1060.943619 1067.665599 1303751724
1080.389977 1062.887826 1303751728
1100.912090 1062.332271 1303751739
1124.909723 1063.998936 1303751744
1145.183585 1062.443382 1303751763
1165.126446 1063.887825 1303751767
1190.696337 1063.665603 1303751770
1219.410746 1063.332270 1303751773
1239.519107 1063.443381 1303751775
1261.034226 1065.443379 1303751777
1281.473589 1067.332266 1303751779
1303.071459 1066.998933 1303751781
1327.069092 1066.665600 1303751783
1349.990968 1067.554488 1303751785
1370.182080 1068.776709 1303751787
1390.704194 1068.443376 1303751789
1412.384814 1066.998933 1303751791
1434.727437 1067.332266 1303751793
1455.332301 1069.443375 1303751795
1476.185417 1070.443374 1303751798
1498.197038 1077.332256 1303751811
1504.403323 1096.332237 1303751815
1503.989570 1122.443322 1303751818
1503.079315 1143.221079 1303751820
1502.334561 1165.665501 1303751822
1500.845053 1186.665480 1303751824
1492.321756 1205.221017 1303751828
1492.156255 1229.109882 1303751835
1490.418495 1256.443188 1303751838
1488.432484 1285.776492 1303751841
1486.860226 1309.220913 1303751844
1476.185417 1326.665340 1303751860
1503.824069 1337.109774 1303751878
1536.593251 1348.776429 1303751880
1559.846129 1352.776425 1303751882
1581.195748 1354.776423 1303751884
1602.131613 1358.554197 1303751886
1628.446259 1360.887528 1303751889
1649.795877 1358.665308 1303751892
1670.235240 1354.331979 1303751897
1697.129139 1354.776423 1303751921
1724.023038 1354.998645 1303751924
1744.958903 1355.665311 1303751926
1768.294533 1356.331977 1303751928
1793.533422 1356.665310 1303751930
1820.096319 1356.887532 1303751932
1847.983223 1356.443088 1303751934
1877.194135 1355.554200 1303751936
1907.729054 1354.998645 1303751938
1939.091477 1353.998646 1303751940
1970.784903 1353.331980 1303751942
2002.643829 1353.331980 1303751944
2033.758001 1353.887535 1303751946
2063.548166 1354.998645 1303751948
2090.855817 1355.776422 1303751950
2117.253213 1356.331977 1303751952
2144.891866 1356.776421 1303751954
2174.599280 1356.998643 1303751956
2205.961704 1357.443087 1303751958
2238.068881 1357.998642 1303751960
2270.341560 1358.554197 1303751962
2302.862490 1359.109752 1303751964
2335.383420 1359.887529 1303751966
2367.821599 1360.331973 1303751968
2399.349524 1361.220861 1303751970
2427.898432 1361.443083 1303751972
2451.151310 1360.443084 1303751974
2474.735191 1359.776418 1303751977
2497.657068 1360.109751 1303751997
2520.496194 1362.331971 1303752000
2550.534610 1364.331969 1303752003
2573.539237 1365.220857 1303752005
2598.447125 1365.998634 1303752007
2624.348018 1366.665300 1303752009
2651.738420 1367.220855 1303752011
2679.790825 1367.665299 1303752013
2709.084487 1368.220854 1303752015
2754.597239 1369.331964 1303752018
2785.628661 1370.220852 1303752020
2815.749827 1370.665296 1303752022
2843.305730 1371.331962 1303752024
2873.757898 1370.220852 1303752027
2894.859265 1369.220853 1303752032
