2557.485649 1379.998620 1303754775
2534.067269 1379.331954 1303754782
2511.890146 1378.887510 1303754786
2489.051020 1375.554180 1303754791
2468.280655 1374.776403 1303754795
2447.841292 1377.776400 1303754802
2419.871637 1376.443068 1303754818
2391.239979 1376.331957 1303754821
2369.228357 1375.998624 1303754823
2346.389231 1375.665291 1303754825
2322.888101 1375.109736 1303754827
2298.890468 1374.331959 1303754829
2274.975586 1373.665293 1303754831
2251.308955 1372.998627 1303754833
2227.973326 1372.776405 1303754835
2205.961704 1372.220850 1303754837
2177.495546 1371.665295 1303754840
2157.221684 1371.776406 1303754843
2133.968806 1370.887518 1303754848
2113.694943 1370.887518 1303754852
2090.193813 1370.443074 1303754856
2068.844195 1369.554186 1303754859
2044.184559 1369.220853 1303754862
2015.552900 1368.331965 1303754865
1994.534284 1368.220854 1303754867
1972.853664 1368.220854 1303754869
1951.504046 1368.776409 1303754871
1930.733681 1369.220853 1303754873
1910.708070 1369.554186 1303754875
1881.579909 1370.109741 1303754878
1860.892295 1370.220852 1303754880
1840.204680 1370.887518 1303754882
1811.821273 1371.109740 1303754885
1787.823641 1370.109741 1303754888
1766.722274 1369.665297 1303754891
1743.469395 1368.776409 1303754895
1722.202528 1368.220854 1303754902
1696.218884 1367.331966 1303754907
1675.448519 1366.998633 1303754911
1653.685149 1367.331966 1303754915
1629.273763 1366.331967 1303754918
1602.876367 1363.554192 1303754921
1575.816968 1362.665304 1303754924
1549.585073 1361.998638 1303754927
1529.228460 1361.331972 1303754930
1506.968587 1363.554192 1303754957
1506.637585 1339.109772 1303754971
1510.361356 1314.998685 1303754974
1510.940609 1286.665380 1303754977
1510.113104 1260.109851 1303754980
1507.299589 1238.665428 1303754985
1508.044343 1218.554337 1303754989
1517.560645 1194.109917 1303754992
1531.297221 1171.332162 1303754995
1541.558278 1143.998856 1303754998
1544.620045 1119.776658 1303755001
1537.089754 1098.554457 1303755006
1528.814708 1073.776704 1303755010
1525.173688 1044.887844 1303755013
1523.435928 1021.887867 1303755015
1522.608423 996.443448 1303755017
1521.698168 969.443475 1303755019
1521.118915 941.887947 1303755021
1520.456911 915.554640 1303755023
1520.125910 890.443554 1303755025
1519.546656 867.888021 1303755027
1515.326383 844.888044 1303755030
1513.092121 823.110288 1303755041
1494.804270 814.110297 1303755044
1470.227384 812.332521 1303755047
1440.437219 810.888078 1303755050
1417.515342 810.776967 1303755052
1385.987418 810.443634 1303755054
1360.665777 807.888081 1303755056
1340.309165 808.221414 1303755058
1320.118053 809.443635 1303755061
1301.912952 799.443645 1303755069
1281.721841 780.999219 1303755072
1253.007432 772.221450 1303755075
1227.851293 772.665894 1303755077
1202.198651 773.332560 1303755079
1178.780271 774.554781 1303755081
1158.258158 774.888114 1303755083
1136.494787 778.554777 1303755086
1123.502965 793.999206 1303755093
1097.767573 795.888093 1303755113
1069.466917 797.110314 1303755116
1047.289794 797.332536 1303755118
1024.698919 797.443647 1303755120
1001.859792 797.110314 1303755122
979.434418 796.999203 1303755124
954.609281 797.443647 1303755127
931.521903 802.665864 1303755133
910.834289 803.110308 1303755139
906.034762 829.554726 1303755144
906.283014 857.888031 1303755147
906.365764 880.110231 1303755149
905.786511 904.999095 1303755151
904.628005 930.887958 1303755153
903.717750 955.887933 1303755155
904.628005 978.887910 1303755157
905.290008 1002.110109 1303755159
904.628005 1023.665643 1303755161
905.041757 1046.221176 1303755164
925.729371 1057.110054 1303755169
948.320246 1055.221167 1303755172
973.807387 1055.221167 1303755175
