2524.219965 1380.998619 1303906149
2499.808579 1380.443064 1303906176
2476.969453 1379.887509 1303906179
2451.151310 1379.220843 1303906182
2421.278395 1378.887510 1303906185
2400.425280 1378.665288 1303906187
2379.158412 1378.998621 1303906189
2357.974295 1377.887511 1303906191
2336.376425 1375.331958 1303906193
2313.868301 1373.998626 1303906195
2289.953419 1373.554182 1303906197
2266.617789 1372.887516 1303906199
2243.613162 1372.554183 1303906201
2221.518790 1372.554183 1303906203
2201.493179 1372.109739 1303906205
2175.840537 1371.665295 1303906208
2154.821921 1371.109740 1303906211
2133.389552 1370.665296 1303906215
2108.481665 1369.109742 1303906235
2083.573777 1368.109743 1303906238
2061.644905 1367.331966 1303906240
2037.316271 1366.554189 1303906242
2011.994631 1366.109745 1303906244
1986.010987 1365.776412 1303906246
1959.613591 1365.776412 1303906248
1932.719692 1366.109745 1303906250
1905.494792 1366.776411 1303906252
1878.021640 1367.665299 1303906254
1850.134735 1368.443076 1303906256
1822.330582 1368.665298 1303906258
1794.195426 1368.331965 1303906260
1766.474023 1367.665299 1303906262
1741.317883 1366.665300 1303906264
1718.975260 1366.220856 1303906266
1691.005605 1365.443079 1303906269
1661.960194 1365.109746 1303906272
1640.031323 1364.665302 1303906274
1615.702688 1363.554192 1303906276
1589.388043 1361.554194 1303906278
1563.073397 1362.109749 1303906280
1538.248260 1361.887527 1303906282
1516.650390 1360.109751 1303906284
1495.135271 1358.776419 1303906287
1484.377712 1340.109771 1303906292
1481.150444 1316.776461 1303906295
1476.599169 1295.332038 1303906297
1472.709897 1273.220949 1303906299
1473.454651 1253.220969 1303906301
1484.377712 1228.332105 1303906304
1492.901009 1207.665459 1303906308
1492.570007 1183.221039 1303906312
1489.177238 1157.665509 1303906316
1498.114288 1136.776641 1303906319
1508.292594 1114.554441 1303906322
1509.699352 1091.776686 1303906328
1508.209844 1065.887823 1303906332
1508.871847 1034.998965 1303906335
1509.699352 1009.443435 1303906337
1510.692357 983.887905 1303906339
1512.099115 959.887929 1303906341
1513.588623 931.332402 1303906344
1513.174871 903.665763 1303906347
1511.354361 875.665791 1303906350
1508.871847 852.221370 1303906354
1509.533851 828.776949 1303906359
1501.010554 808.665858 1303906367
1477.923176 806.888082 1303906370
1457.814815 805.665861 1303906372
1433.817182 804.999195 1303906374
1408.164540 803.888085 1303906376
1385.159913 803.110308 1303906378
1364.637799 802.554753 1303906380
1338.323154 803.554752 1303906383
1317.139037 804.665862 1303906387
1293.803408 812.443632 1303906395
1265.585501 806.999193 1303906398
1241.422368 805.221417 1303906400
1215.852476 804.999195 1303906402
1193.344352 804.999195 1303906404
1172.987739 803.888085 1303906406
1147.004095 802.776975 1303906409
1125.240725 805.332528 1303906415
1103.808357 805.999194 1303906419
1073.935441 805.999194 1303906422
1049.193054 806.110305 1303906424
1023.292161 806.221416 1303906426
997.887771 805.999194 1303906428
975.462396 805.888083 1303906430
948.154745 807.665859 1303906433
926.060373 807.999192 1303906437
906.696766 814.110297 1303906454
905.372759 838.221384 1303906458
906.945017 866.110245 1303906461
907.027768 889.776888 1303906464
907.276019 912.999087 1303906468
906.531265 933.443511 1303906471
906.117513 961.776816 1303906474
905.455509 982.554573 1303906476
904.710755 1011.887877 1303906479
904.131502 1036.776741 1303906482
910.420537 1057.554498 1303906487
934.004417 1057.332276 1303906492
955.436786 1055.221167 1303906495
980.179173 1054.110057 1303906499
1000.701286 1054.332279 1303906522
1022.299156 1054.776723 1303906538
1044.641779 1056.221166 1303906541
1068.804913 1056.332277 1303906544
1090.651034 1055.332278 1303906548
1111.255898 1054.443390 1303906553
1134.839778 1052.221170 1303906557
1158.920161 1053.110058 1303906577
1180.104279 1053.332280 1303906580
1206.998177 1054.332279 1303906583
1227.354790 1056.221166 1303906585
1255.324445 1058.332275 1303906588
1277.418817 1060.110051 1303906592
1302.409455 1066.110045 1303906599
1329.386104 1068.110043 1303906602
1352.059730 1068.887820 1303906604
1375.891862 1068.443376 1303906606
1401.213502 1068.554487 1303906608
1426.204140 1068.998931 1303906610
1449.457019 1069.887819 1303906612
1470.227384 1069.887819 1303906614
1491.246000 1068.554487 1303906618
1506.885836 1087.443357 1303906625
1505.644580 1114.554441 1303906628
1504.568824 1136.665530 1303906630
1503.989570 1160.109951 1303906632
1503.410317 1180.887708 1303906634
1503.575818 1201.221021 1303906637
1505.148077 1227.220995 1303906645
1504.568824 1255.220967 1303906648
1503.658569 1276.109835 1303906650
1500.927803 1304.776473 1303906653
1497.452284 1327.554228 1303906656
1496.873031 1348.554207 1303906661
1520.705163 1351.887537 1303906665
1550.164326 1353.331980 1303906668
1574.492960 1353.665313 1303906670
1598.904345 1353.554202 1303906672
1622.819228 1354.109757 1303906674
1643.341341 1353.443091 1303906676
1666.842471 1354.109757 1303906679
