2440.890254 1375.554180 1303917017
2416.644369 1373.998626 1303917022
2389.667720 1372.109739 1303917025
2359.132801 1372.109739 1303917028
2337.121179 1371.998628 1303917030
2313.785550 1371.776406 1303917032
2289.622417 1371.443073 1303917034
2265.293782 1370.998629 1303917036
2240.137643 1370.443074 1303917038
2214.236750 1369.887519 1303917040
2188.004855 1369.443075 1303917042
2161.855710 1368.665298 1303917044
2136.451319 1368.109743 1303917046
2111.460681 1367.554188 1303917048
2086.883795 1366.776411 1303917050
2061.148403 1366.220856 1303917052
2035.082009 1365.887523 1303917054
2008.436361 1365.554190 1303917056
1981.211460 1365.443079 1303917058
1953.738308 1365.665301 1303917060
1927.009911 1366.331967 1303917062
1901.191768 1366.887522 1303917064
1876.118379 1367.220855 1303917066
1851.789744 1367.998632 1303917068
1827.378359 1368.443076 1303917070
1803.794479 1368.665298 1303917072
1782.196609 1368.776409 1303917074
1755.385461 1366.220856 1303917077
1732.463584 1363.109748 1303917081
1711.279467 1361.887527 1303917088
1688.688592 1363.331970 1303917093
1665.518464 1364.887524 1303917096
1644.996350 1364.554191 1303917098
1622.819228 1363.554192 1303917100
1601.883362 1363.665303 1303917102
1576.313470 1365.109746 1303917105
1552.812340 1366.443078 1303917108
1533.448733 1372.443072 1303917135
1509.782102 1369.331964 1303917140
1501.755308 1347.554208 1303917144
1500.265800 1326.220896 1303917147
1501.424306 1305.998694 1303917150
1501.589807 1282.554273 1303917152
1500.679552 1254.887634 1303917155
1499.852047 1234.665432 1303917159
1501.258805 1211.998788 1303917164
1501.589807 1190.332143 1303917167
1502.334561 1163.443281 1303917170
1504.320572 1143.109968 1303917172
1504.734325 1114.332219 1303917175
1503.906820 1091.554464 1303917178
1502.086310 1069.998930 1303917186
1503.989570 1045.221177 1303917190
1505.230827 1017.221205 1303917193
1506.141082 995.443449 1303917195
1507.051337 971.443473 1303917197
1507.961592 946.332387 1303917199
1508.623596 920.776857 1303917201
1508.458095 895.221327 1303917203
1507.961592 872.443572 1303917205
1506.968587 846.443598 1303917208
1509.120099 824.665842 1303917212
1498.776292 806.554749 1303917226
1472.958149 804.443640 1303917230
1442.671481 804.999195 1303917233
1420.659859 804.999195 1303917235
1398.399986 805.554750 1303917237
1377.712372 805.332528 1303917239
1350.652972 805.110306 1303917242
1327.731095 804.888084 1303917246
1307.622734 805.888083 1303917254
1283.294099 807.332526 1303917259
1263.185738 805.999194 1303917261
1239.601858 804.888084 1303917263
1217.921238 804.443640 1303917265
1197.812877 804.110307 1303917267
1176.628759 804.665862 1303917269
1150.810617 805.110306 1303917272
1130.454004 803.665863 1303917277
1110.180142 801.443643 1303917301
1085.355004 799.443645 1303917304
1064.915641 798.999201 1303917306
1042.738519 798.665868 1303917308
1019.320139 798.332535 1303917310
996.398262 798.110313 1303917312
974.717642 797.665869 1303917314
946.665237 797.221425 1303917317
926.060373 797.888091 1303917321
907.772522 812.554743 1303917327
907.276019 835.665831 1303917330
908.269025 865.554690 1303917333
908.269025 886.554669 1303917335
908.186274 909.554646 1303917337
907.607021 933.110178 1303917339
906.779516 955.221267 1303917341
907.855272 983.332350 1303917344
908.931028 1005.443439 1303917347
909.096529 1025.998974 1303917352
908.600027 1048.221174 1303917357
931.356402 1057.221165 1303917362
954.112778 1055.887833 1303917365
974.717642 1055.110056 1303917368
995.157005 1055.554500 1303917373
1019.816642 1058.665608 1303917400
1046.876042 1060.110051 1303917403
1073.107937 1060.554495 1303917406
1095.864313 1059.221163 1303917410
1120.192947 1057.887831 1303917416
1141.542565 1057.443387 1303917421
1166.698704 1057.665609 1303917438
1191.358341 1059.998940 1303917441
1215.190473 1061.776716 1303917444
1236.953843 1062.887826 1303917447
1257.641458 1063.554492 1303917452
1279.073826 1063.332270 1303917458
1299.844191 1064.887824 1303917466
1324.586578 1064.443380 1303917471
1349.163464 1064.110047 1303917474
1374.816106 1064.776713 1303917477
1403.447764 1064.776713 1303917480
1423.969878 1065.443379 1303917482
1444.326490 1066.332267 1303917484
1471.303140 1065.665601 1303917487
1493.066510 1064.998935 1303917492
1505.975581 1081.110030 1303917498
1504.072321 1104.110007 1303917501
1502.748314 1124.332209 1303917503
1501.093304 1146.443298 1303917505
1497.617785 1168.554387 1303917507
1493.645763 1188.776589 1303917509
1491.990754 1210.221012 1303917514
1485.701719 1231.443213 1303917518
1483.798459 1261.443183 1303917521
1482.639952 1282.776495 1303917523
1478.667930 1309.554246 1303917526
1472.047894 1331.776446 1303917530
1486.529224 1348.220874 1303917540
1508.375345 1348.554207 1303917543
1536.262249 1348.331985 1303917546
1556.536111 1347.776430 1303917548
1585.416021 1348.331985 1303917551
1613.302925 1350.998649 1303917554
1638.293563 1355.665311 1303917557
1658.401925 1357.443087 1303917560
