2200.500174 1372.220850 1303920461
2176.502541 1372.109739 1303920463
2156.228679 1371.665295 1303920465
2129.334780 1370.998629 1303920468
2109.309169 1370.220852 1303920470
2086.221791 1369.554186 1303920472
2059.824395 1369.220853 1303920474
2032.185742 1368.554187 1303920476
2002.809330 1367.665299 1303920478
1971.364156 1367.220855 1303920480
1938.015722 1368.109743 1303920482
1904.253535 1368.887520 1303920484
1871.401603 1369.998630 1303920486
1839.459926 1370.665296 1303920488
1809.918013 1370.443074 1303920490
1784.761874 1369.998630 1303920492
1757.950725 1369.665297 1303920495
1734.863348 1369.109742 1303920501
1707.638447 1368.331965 1303920505
1686.040578 1366.665300 1303920508
1661.877444 1364.665302 1303920511
1633.990540 1364.109747 1303920514
1609.082652 1362.776415 1303920517
1585.995274 1362.331971 1303920520
1561.087386 1361.443083 1303920523
1537.751757 1361.443083 1303920526
1517.395145 1361.331972 1303920529
1496.293778 1364.109747 1303920535
1488.349734 1345.443099 1303920553
1490.004743 1320.332013 1303920555
1491.080499 1293.109818 1303920557
1491.577002 1267.109844 1303920560
1492.239005 1247.109864 1303920564
1490.170244 1225.220997 1303920578
1494.721519 1205.332128 1303920583
1498.528040 1180.554375 1303920586
1501.258805 1151.332182 1303920589
1499.934798 1122.998877 1303920592
1496.128277 1102.221120 1303920596
1480.488440 1083.887805 1303920609
1480.322939 1057.887831 1303920612
1480.819442 1036.332297 1303920614
1481.150444 1011.776766 1303920616
1481.646947 984.999015 1303920618
1482.226200 957.776820 1303920620
1483.136455 932.443512 1303920622
1483.963960 910.887978 1303920624
1483.881209 885.999114 1303920627
1482.970954 865.332468 1303920643
1488.763486 845.776932 1303920658
1469.979132 833.665833 1303920670
1449.208767 831.776946 1303920673
1421.487364 830.999169 1303920676
1401.213502 829.332504 1303920678
1376.719366 824.221398 1303920681
1356.776506 822.888066 1303920684
1336.916396 818.888070 1303920691
1315.484028 816.332517 1303920713
1290.245138 815.443629 1303920723
1262.192733 813.776964 1303920726
1240.429362 813.665853 1303920728
1216.679981 812.888076 1303920730
1191.937594 812.221410 1303920732
1168.105462 811.443633 1303920734
1142.039068 809.554746 1303920737
1122.178958 807.110304 1303920743
1097.850324 804.665862 1303920757
1071.701179 804.221418 1303920760
1049.937808 803.888085 1303920762
1026.602179 803.110308 1303920764
1003.680303 802.888086 1303920766
983.075439 802.665864 1303920768
956.512542 803.110308 1303920771
932.432158 804.443640 1303920775
911.992795 804.332529 1303920784
904.048751 829.999170 1303920789
904.959006 857.888031 1303920792
904.628005 878.999121 1303920794
904.297003 903.332430 1303920796
904.214252 927.887961 1303920798
903.966001 951.999048 1303920800
903.883250 972.443472 1303920802
904.628005 995.332338 1303920805
905.124507 1015.776762 1303920815
905.372759 1038.665628 1303920821
910.917039 1058.887830 1303920826
936.238679 1061.332272 1303920831
961.229318 1059.998940 1303920835
981.916932 1058.665608 1303920839
1003.018299 1062.332271 1303920860
1029.581196 1064.221158 1303920865
1056.971597 1065.110046 1303920868
1080.307226 1063.998936 1303920871
1100.746590 1063.110048 1303920880
1124.164969 1063.554492 1303920884
1147.666099 1065.776712 1303920905
1170.836227 1068.332265 1303920908
1201.702148 1070.887818 1303920911
1225.865282 1071.443373 1303920913
1252.428179 1072.443372 1303920915
1280.977087 1073.110038 1303920917
1311.098253 1073.332260 1303920919
1341.798673 1073.443371 1303920921
1370.844084 1074.665592 1303920923
1397.986234 1075.887813 1303920925
1424.052628 1077.776700 1303920927
1447.305507 1079.221143 1303920929
1474.447657 1077.110034 1303920932
1493.645763 1082.998917 1303920938
1497.204033 1109.110002 1303920942
1496.790281 1137.887751 1303920945
1496.790281 1159.665507 1303920947
1497.204033 1187.443257 1303920950
1497.617785 1210.109901 1303920955
1495.466273 1237.776540 1303920960
1494.887020 1266.887622 1303920963
1494.473268 1294.665372 1303920966
1495.880026 1318.332015 1303920970
1495.052521 1339.331994 1303920976
1515.988387 1347.554208 1303921000
1539.406766 1349.109762 1303921003
1568.865929 1347.220875 1303921006
1589.553544 1348.554207 1303921008
1618.185202 1348.554207 1303921011
1642.762088 1342.998657 1303921014
1663.449703 1346.331987 1303921019
1683.227062 1350.109761 1303921028
1707.390196 1351.776426 1303921031
1738.173366 1353.109758 1303921034
1762.170999 1353.776424 1303921036
1788.568395 1354.554201 1303921038
1816.455299 1354.554201 1303921040
1844.507704 1353.776424 1303921042
1873.884117 1351.998648 1303921044
1904.501786 1350.998649 1303921046
1935.119455 1350.220872 1303921048
1965.571624 1350.331983 1303921050
1997.265049 1350.998649 1303921052
2029.951480 1352.665314 1303921054
2062.968913 1353.887535 1303921056
2095.158841 1354.665312 1303921058
2127.017767 1355.331978 1303921060
2159.455947 1356.220866 1303921062
2192.887132 1357.331976 1303921064
2226.897570 1358.331975 1303921066
2260.825257 1358.776419 1303921068
2294.173692 1359.998640 1303921070
2326.446370 1360.887528 1303921072
2358.139796 1360.443084 1303921074
2387.433458 1362.443082 1303921076
2414.989360 1363.665303 1303921078
2439.483496 1363.220859 1303921080
2466.046393 1361.887527 1303921083
2486.899508 1359.109752 1303921100
2513.462405 1360.109751 1303921104
2543.087069 1360.998639 1303921107
2566.588199 1361.443083 1303921109
2592.489092 1362.554193 1303921111
2620.293246 1363.887525 1303921113
2649.917910 1364.887524 1303921115
2681.197583 1366.331967 1303921117
2714.049515 1367.331966 1303921119
2746.818696 1367.776410 1303921121
2777.932868 1368.554187 1303921123
2806.564527 1370.109741 1303921125
2833.872178 1370.998629 1303921127
2859.276568 1370.887518 1303921129
2879.550430 1369.887519 1303921131
2899.907043 1369.109742 1303921149
