1753.730452 550.555005 1302322284
1732.215333 552.666114 1302322290
1707.803948 553.777224 1302322293
1680.165295 553.332780 1302322296
1659.725932 553.221669 1302322298
1636.473053 553.555002 1302322300
1610.572160 554.221668 1302322302
1583.926513 554.555001 1302322304
1559.846129 554.221668 1302322306
1533.365983 553.777224 1302322309
1511.602613 558.777219 1302322320
1508.871847 581.332752 1302322324
1508.458095 608.332725 1302322327
1508.044343 631.554924 1302322329
1507.299589 658.666008 1302322331
1506.472084 687.221535 1302322333
1505.561829 715.110396 1302322335
1504.155071 740.332593 1302322337
1503.244816 762.110349 1302322339
1503.327567 787.332546 1302322342
1499.934798 809.443635 1302322350
1473.785653 814.554741 1302322355
1446.064250 816.332517 1302322358
1423.969878 817.443627 1302322360
1401.048001 818.110293 1302322362
1380.525887 817.554738 1302322364
1356.362754 815.999184 1302322367
1335.261387 814.110297 1302322372
1323.676323 834.332499 1302322386
1294.134409 838.443606 1302322390
1269.805775 837.443607 1302322392
1244.484135 836.110275 1302322394
1222.141511 834.554721 1302322396
1200.212640 833.665833 1302322399
1177.870016 831.999168 1302322403
1147.169596 828.554727 1302322406
1121.351454 825.110286 1302322408
1091.230287 821.110290 1302322410
1060.116115 817.554738 1302322412
1031.318955 815.443629 1302322414
1006.493818 813.443631 1302322416
980.592925 810.665856 1302322419
959.739809 805.888083 1302322427
939.548698 804.999195 1302322430
918.530082 803.332530 1302322432
894.118696 800.999199 1302322434
867.969552 799.221423 1302322436
840.661901 798.221424 1302322438
812.774996 797.665869 1302322440
786.212099 797.443647 1302322442
759.400951 796.776981 1302322444
731.265796 796.443648 1302322446
701.972133 796.221426 1302322448
673.174974 795.888093 1302322450
646.115574 795.554760 1302322452
622.035191 795.110316 1302322454
593.982786 794.443650 1302322457
572.467667 792.776985 1302322461
544.994515 791.999208 1302322489
513.466591 792.110319 1302322492
486.903694 790.665876 1302322494
459.513292 789.110322 1302322496
431.874639 787.888101 1302322498
405.477243 786.888102 1302322500
380.321104 786.110325 1302322502
357.481978 785.554770 1302322504
332.243088 785.665881 1302322507
311.472723 785.443659 1302322515
291.116111 785.665881 1302322519
264.966966 784.776993 1302322522
240.638331 783.665883 1302322525
218.130207 780.554775 1302322529
195.870334 780.999219 1302322544
171.458949 780.888108 1302322548
146.799312 780.221442 1302322551
124.622189 779.554776 1302322554
102.196815 781.443663 1302322560
92.349511 799.110312 1302322568
87.880986 823.999176 1302322591
85.232972 852.776925 1302322594
84.405467 877.110234 1302322596
83.908964 901.887987 1302322598
84.322716 926.554629 1302322600
85.729474 950.887938 1302322602
87.549984 972.332361 1302322604
90.280749 995.221227 1302322607
89.453245 1016.110095 1302322612
86.722480 1043.554512 1302322616
83.991715 1069.443375 1302322619
81.840203 1099.221123 1302322622
81.178199 1120.665546 1302322624
80.681696 1142.554413 1302322626
81.012698 1164.109947 1302322628
81.343700 1185.776592 1302322630
81.426450 1206.998793 1302322632
80.764447 1235.776542 1302322635
79.936942 1260.998739 1302322638
79.192188 1285.443159 1302322642
77.702680 1305.554250 1302322657
80.847197 1327.443117 1302322663
103.189821 1332.443112 1302322667
133.228237 1330.776447 1302322670
157.391371 1330.332003 1302322672
181.968257 1329.220893 1302322674
205.717638 1328.776449 1302322676
227.812010 1328.109783 1302322678
252.719898 1327.109784 1302322681
272.745509 1326.554229 1302322704
294.012377 1327.332006 1302322707
315.113743 1327.332006 1302322709
339.525128 1327.665339 1302322711
365.922524 1327.665339 1302322713
391.906168 1327.554228 1302322715
416.317553 1327.220895 1302322717
437.336169 1326.998673 1302322719
459.927044 1326.665340 1302322722
483.179923 1327.665339 1302322728
509.080816 1328.887560 1302322731
532.664697 1329.109782 1302322733
560.055098 1329.776448 1302322735
589.928014 1330.554225 1302322737
620.380182 1331.554224 1302322739
650.253097 1332.332001 1302322741
678.719255 1333.443111 1302322743
705.861405 1333.998666 1302322745
732.010550 1334.331999 1302322747
757.166689 1334.665332 1302322749
780.998821 1335.554220 1302322751
803.755197 1336.109775 1302322753
824.773813 1336.109775 1302322755
851.253959 1335.998664 1302322758
871.941574 1335.665331 1302322763
881.788878 1316.665350 1302322768
883.526638 1288.665378 1302322771
884.767895 1266.998733 1302322773
886.009152 1240.665426 1302322776
