2521.654700 1382.109729 1303933154
2495.422805 1381.776396 1303933178
2469.770163 1380.443064 1303933182
2448.668797 1379.554176 1303933204
2421.526646 1375.554180 1303933209
2392.563986 1374.887514 1303933212
2369.476608 1374.554181 1303933214
2344.982473 1373.998626 1303933216
2319.826334 1373.554182 1303933218
2294.008191 1373.331960 1303933220
2267.362544 1372.554183 1303933222
2240.054892 1371.776406 1303933224
2212.250739 1371.331962 1303933226
2184.446585 1370.554185 1303933228
2157.387185 1369.776408 1303933230
2131.238040 1368.887520 1303933232
2105.006145 1368.220854 1303933234
2078.443248 1367.443077 1303933236
2052.045852 1367.109744 1303933238
2024.986453 1366.554189 1303933240
1997.761552 1365.887523 1303933242
1970.040149 1365.887523 1303933244
1942.401496 1366.443078 1303933246
1914.597342 1367.109744 1303933248
1887.786194 1367.998632 1303933250
1862.795555 1368.443076 1303933252
1838.715172 1368.998631 1303933254
1815.296793 1369.443075 1303933256
1792.623167 1369.443075 1303933258
1772.597556 1368.887520 1303933260
1752.489195 1368.443076 1303933263
1728.574313 1367.443077 1303933280
1706.397190 1367.331966 1303933284
1679.337790 1367.776410 1303933288
1654.595404 1366.220856 1303933291
1625.632743 1364.665302 1303933294
1604.696878 1363.665303 1303933296
1583.264509 1362.220860 1303933298
1554.053597 1362.887526 1303933301
1531.793724 1364.665302 1303933304
1520.043159 1383.443061 1303933315
1497.783286 1382.443062 1303933321
1488.515235 1361.665305 1303933340
1488.680736 1334.554221 1303933343
1489.094488 1306.332027 1303933346
1489.673741 1280.109831 1303933349
1491.328750 1256.332077 1303933353
1490.170244 1233.887655 1303933363
1490.335745 1208.887680 1303933366
1490.501246 1178.443266 1303933369
1491.163249 1156.109955 1303933371
1491.577002 1135.221087 1303933373
1494.556018 1102.110009 1303933377
1497.038532 1082.221140 1303933389
1498.114288 1059.887829 1303933393
1498.859042 1032.221190 1303933396
1500.265800 1011.776766 1303933398
1500.100299 989.999010 1303933400
1500.183049 968.221254 1303933402
1500.265800 946.443498 1303933404
1500.845053 924.776853 1303933406
1500.845053 904.221318 1303933408
1500.927803 877.221345 1303933411
1500.514051 853.332480 1303933415
1500.017548 832.888056 1303933423
1498.941792 811.999188 1303933444
1477.426673 805.221417 1303933449
1452.353285 804.110307 1303933452
1427.610898 802.776975 1303933455
1402.620260 802.332531 1303933459
1380.939640 804.221418 1303933464
1360.583027 804.554751 1303933468
1339.398910 806.221416 1303933474
1319.207798 808.110303 1303933488
1299.099437 808.776969 1303933504
1274.191549 820.110291 1303933511
1242.911876 819.221403 1303933514
1220.652003 817.776960 1303933516
1200.212640 816.665850 1303933518
1172.904989 815.443629 1303933521
1152.217374 815.776962 1303933524
1131.364259 815.221407 1303933543
1109.518138 811.665855 1303933549
1088.416771 809.888079 1303933552
1061.688373 808.999191 1303933555
1041.083509 808.554747 1303933557
1018.906387 807.665859 1303933559
994.908754 806.776971 1303933561
970.745620 806.554749 1303933563
948.816749 807.110304 1303933565
925.481120 807.776970 1303933568
908.269025 820.665846 1303933592
907.607021 842.332491 1303933595
907.689772 870.221352 1303933598
906.779516 896.665770 1303933601
906.365764 924.554631 1303933604
905.455509 944.887944 1303933606
904.462504 977.332356 1303933609
903.883250 997.443447 1303933611
904.628005 1021.110090 1303933614
904.959006 1043.554512 1303933625
917.537076 1060.998939 1303933630
938.472942 1060.776717 1303933633
963.877332 1057.998942 1303933636
984.730448 1058.110053 1303933639
1009.224583 1059.221163 1303933668
1031.401706 1060.332273 1303933671
1058.543856 1061.110050 1303933674
1079.976225 1061.110050 1303933677
1103.146353 1060.554495 1303933684
1125.323476 1058.998941 1303933689
