1498.693541 1357.665309 1303935211
1488.846237 1339.443105 1303935215
1482.970954 1310.998689 1303935218
1480.902193 1288.554267 1303935220
1479.660936 1268.554287 1303935222
1479.991938 1244.998755 1303935225
1480.571191 1222.665444 1303935230
1481.315945 1202.443242 1303935233
1482.474451 1172.887716 1303935236
1483.384706 1150.443294 1303935238
1483.550207 1128.665538 1303935240
1489.590991 1100.998899 1303935243
1494.059515 1080.887808 1303935247
1496.128277 1060.221162 1303935253
1497.204033 1035.221187 1303935257
1498.031537 1010.554545 1303935260
1499.190044 983.110128 1303935263
1500.845053 962.887926 1303935265
1501.672558 942.332391 1303935267
1502.169060 921.999078 1303935269
1502.831064 900.776877 1303935271
1503.575818 880.332453 1303935273
1504.651574 853.443591 1303935276
1505.561829 833.221389 1303935280
1506.968587 811.665855 1303935302
1483.715708 804.443640 1303935311
1461.042083 802.776975 1303935314
1430.755415 801.888087 1303935317
1408.826544 801.888087 1303935319
1387.063174 801.999198 1303935321
1364.803300 803.332530 1303935323
1338.157653 805.554750 1303935326
1316.559783 807.443637 1303935331
1290.327888 807.110304 1303935342
1264.261494 806.443638 1303935345
1234.388579 805.110306 1303935348
1211.383952 804.554751 1303935350
1189.455080 804.332529 1303935352
1168.767466 803.999196 1303935354
1142.701072 804.665862 1303935357
1121.020452 808.221414 1303935362
1095.698812 806.443638 1303935385
1071.287427 806.332527 1303935389
1049.110304 806.332527 1303935392
1018.161633 805.554750 1303935395
995.570758 805.221417 1303935397
973.641886 804.999195 1303935399
953.285274 804.554751 1303935401
932.101157 805.888083 1303935404
911.910045 807.554748 1303935424
900.986984 829.776948 1303935431
902.145491 854.443590 1303935434
899.580227 879.110232 1303935437
899.993979 909.665757 1303935440
899.580227 933.332400 1303935442
898.752722 958.554597 1303935444
898.421720 984.554571 1303935446
898.669972 1008.887880 1303935448
898.918223 1036.443408 1303935451
906.034762 1057.332276 1303935455
930.280647 1059.221163 1303935459
956.347041 1058.110053 1303935462
980.923927 1057.887831 1303935465
1003.101049 1058.554497 1303935484
1029.829447 1061.776716 1303935488
1057.550851 1061.887827 1303935491
1083.617245 1061.665605 1303935494
1104.387610 1059.776718 1303935499
1124.661472 1059.554496 1303935503
1147.417848 1059.110052 1303935529
1172.491236 1062.887826 1303935533
1202.198651 1064.332269 1303935536
1226.113533 1064.665602 1303935538
1251.021421 1063.887825 1303935540
1275.763808 1062.887826 1303935542
1299.844191 1062.332271 1303935544
1324.917580 1063.221159 1303935546
1350.983974 1063.776714 1303935548
1376.719366 1063.554492 1303935550
1402.537509 1062.776715 1303935552
1426.204140 1063.221159 1303935554
1451.691281 1067.110044 1303935557
1473.868404 1067.998932 1303935560
1495.135271 1067.221155 1303935569
1504.651574 1089.554466 1303935575
1503.493068 1116.109995 1303935578
1503.162066 1136.221086 1303935580
1501.010554 1164.443280 1303935583
1497.948787 1185.109926 1303935586
1502.582813 1207.443237 1303935595
1501.341556 1231.665435 1303935599
1500.679552 1259.998740 1303935602
1500.348550 1285.776492 1303935605
1500.845053 1308.109803 1303935608
1503.741319 1331.887557 1303935612
1483.963960 1323.109788 1303935634
1510.195855 1324.776453 1303935643
1530.883469 1330.443114 1303935645
1558.935874 1333.998666 1303935647
1591.870557 1340.220882 1303935649
1621.081468 1342.554213 1303935651
1646.072106 1336.776441 1303935653
1670.648992 1337.109774 1303935655
1693.239867 1339.554216 1303935657
1716.989249 1341.331992 1303935659
1742.890142 1343.220879 1303935661
1770.363294 1344.887544 1303935663
1799.160453 1345.887543 1303935665
1829.612622 1347.443097 1303935667
1860.478543 1347.443097 1303935669
1891.427214 1347.220875 1303935671
1921.051878 1346.776431 1303935673
1949.683536 1346.554209 1303935675
1976.494684 1346.220876 1303935677
2001.402572 1345.109766 1303935679
2022.834941 1344.331989 1303935681
2046.005069 1345.554210 1303935684
2066.278931 1347.554208 1303935687
2089.531810 1349.554206 1303935690
2117.666965 1350.776427 1303935693
2138.354580 1351.665315 1303935695
2160.366202 1352.331981 1303935697
2183.619080 1352.554203 1303935699
2208.113216 1353.109758 1303935701
2233.683107 1353.776424 1303935703
2259.997753 1354.665312 1303935705
2287.222653 1355.109756 1303935707
2315.606060 1355.998644 1303935709
2344.899722 1356.998643 1303935711
2373.945133 1357.665309 1303935713
2401.749287 1358.331975 1303935715
2426.491674 1358.776419 1303935717
2446.517285 1358.220864 1303935719
2469.025409 1357.887531 1303935722
