3681.898869 1448.220774 1303426417
3679.416355 1475.665191 1303426424
3680.492111 1500.442944 1303426426
3683.553878 1528.776249 1303426429
3683.471128 1553.442891 1303426432
3678.919853 1586.887302 1303426435
3677.347594 1610.776167 1303426437
3675.858086 1634.776143 1303426439
3676.354588 1664.220558 1303426441
3676.437339 1687.553868 1303426448
3678.506100 1715.109396 1303426464
3683.305627 1737.553818 1303426467
3688.436155 1757.220465 1303426471
3692.408177 1777.442667 1303426484
3699.441966 1796.775981 1303426499
3699.276465 1820.220402 1303426505
3693.814935 1840.887048 1303426512
3697.786957 1862.998137 1303426518
3703.910491 1882.775895 1303426525
3716.736812 1902.775875 1303426531
3724.680856 1921.553634 1303426540
3730.307887 1940.998059 1303426557
3710.282276 1948.109163 1303426569
3687.856902 1948.442496 1303426574
3667.583040 1950.220272 1303426578
3642.840653 1947.331386 1303426582
3619.505024 1942.664724 1303426586
3599.562164 1937.331396 1303426606
3583.012072 1925.886963 1303426614
3581.274312 1898.109213 1303426619
3582.267318 1877.775900 1303426622
3584.005077 1853.887035 1303426626
3584.253329 1832.109279 1303426630
3575.978283 1813.442631 1303426647
3572.254512 1791.109320 1303426664
3574.323274 1769.887119 1303426667
3576.392035 1747.998252 1303426670
3575.481780 1724.109387 1303426674
3575.233529 1704.109407 1303426677
3578.295296 1680.220542 1303426680
3579.702054 1654.220568 1303426683
3580.198556 1625.331708 1303426686
3580.281307 1605.331728 1303426688
3580.364057 1584.331749 1303426690
3582.019066 1562.220660 1303426692
3584.915333 1539.887349 1303426694
3589.052855 1517.331816 1303426696
3590.790615 1494.442950 1303426698
3590.542364 1471.665195 1303426700
3589.301107 1443.331890 1303426703
3588.473602 1422.776355 1303426706
3586.735843 1402.665264 1303426725
3567.868738 1389.776388 1303426744
3543.788355 1389.665277 1303426747
3522.769739 1389.220833 1303426749
3500.013363 1388.220834 1303426751
3476.512233 1387.109724 1303426753
3454.004108 1386.331947 1303426755
3427.358461 1384.887504 1303426758
3402.450573 1383.554172 1303426762
3381.680208 1382.665284 1303426768
3360.413341 1382.554173 1303426777
3338.649970 1382.443062 1303426780
3310.101062 1382.887506 1303426783
3289.082446 1384.443060 1303426785
3266.905323 1386.554169 1303426787
3245.141953 1388.776389 1303426789
3216.344793 1391.443053 1303426792
3190.526651 1392.665274 1303426795
3167.687524 1391.220831 1303426798
3143.689892 1390.554165 1303426801
3116.299490 1389.554166 1303426804
3094.205118 1388.443056 1303426806
3071.283241 1386.998613 1303426808
3047.947612 1385.665281 1303426810
3024.280981 1384.554171 1303426812
3000.035097 1383.998616 1303426814
2975.375460 1383.665283 1303426816
2950.715824 1383.109728 1303426818
2925.890687 1382.887506 1303426820
2900.569047 1382.443062 1303426822
2874.668153 1381.443063 1303426824
2849.263763 1380.220842 1303426826
2824.521376 1379.554176 1303426828
2800.440993 1379.554176 1303426830
2775.946857 1379.109732 1303426832
2751.038969 1378.220844 1303426834
2728.034342 1377.331956 1303426836
2706.353722 1376.554179 1303426838
2685.666108 1376.109735 1303426840
2657.944704 1375.665291 1303426843
2633.285068 1375.220847 1303426846
2611.769949 1375.220847 1303426849
2589.592826 1374.554181 1303426853
2568.077707 1371.665295 1303426873
2547.803845 1371.776406 1303426878
2524.881968 1373.220849 1303426882
2500.967086 1373.776404 1303426885
2476.969453 1373.887515 1303426888
2448.255044 1376.998623 1303426891
2425.829670 1377.443067 1303426893
2402.411291 1377.443067 1303426895
2378.661909 1376.331957 1303426897
2355.409031 1374.887514 1303426899
2322.474348 1373.776404 1303426902
2301.124730 1373.220849 1303426904
2271.582817 1373.109738 1303426907
2243.530412 1372.109739 1303426910
2217.546768 1370.776407 1303426913
2194.128388 1369.109742 1303426916
2170.379007 1367.887521 1303426920
2144.478114 1367.331966 1303426924
2123.045745 1367.554188 1303426927
2099.875617 1368.109743 1303426930
2070.995707 1367.665299 1303426933
2048.818584 1366.998633 1303426935
2026.558711 1365.887523 1303426937
2005.291844 1364.887524 1303426939
1983.611224 1363.776414 1303426941
1961.765103 1362.887526 1303426943
1939.753481 1361.998638 1303426945
1917.659109 1361.887527 1303426947
1896.309491 1361.776416 1303426949
1875.787377 1361.665305 1303426951
1855.679016 1362.109749 1303426953
1834.577649 1362.331971 1303426955
1813.476283 1362.443082 1303426957
1792.126664 1362.443082 1303426959
1770.115043 1361.998638 1303426961
1748.599924 1362.109749 1303426963
1725.264295 1365.554190 1303426966
