1315.649528 809.999190 1303940453
1307.622734 830.332503 1303940464
1307.208982 850.554705 1303940468
1301.085448 873.332460 1303940471
1299.016686 903.665763 1303940474
1299.595940 931.110180 1303940477
1309.774246 948.665718 1303940485
1309.360494 976.332357 1303940489
1307.705485 1005.110106 1303940492
1305.719474 1032.221190 1303940495
1306.795229 1054.887834 1303940499
1329.551605 1059.554496 1303940504
1351.066724 1057.998942 1303940507
1378.870878 1059.998940 1303940510
1402.454759 1059.776718 1303940513
1427.114395 1061.776716 1303940516
1449.539769 1063.110048 1303940519
1469.068877 1069.443375 1303940527
1492.983760 1071.110040 1303940538
1513.919625 1071.221151 1303940541
1544.123542 1071.665595 1303940544
1568.121175 1071.665595 1303940546
1591.622305 1071.776706 1303940548
1612.227169 1071.998928 1303940550
1636.059301 1071.443373 1303940553
1656.415914 1071.110040 1303940557
1677.020778 1069.443375 1303940566
1700.439157 1070.554485 1303940573
1712.686225 1090.665576 1303940577
1712.355223 1119.887769 1303940580
1711.858720 1144.332189 1303940582
1711.113966 1171.109940 1303940584
1710.369212 1197.443247 1303940586
1709.624458 1222.443222 1303940588
1709.541708 1247.220975 1303940590
1709.210706 1270.776507 1303940592
1708.962454 1292.887596 1303940594
1708.796953 1312.887576 1303940596
1706.645442 1334.443110 1303940599
1718.065005 1355.776422 1303940604
1745.207155 1356.776421 1303940608
1775.990325 1357.109754 1303940611
1801.311965 1357.220865 1303940613
1829.033369 1357.109754 1303940615
1858.492532 1356.109755 1303940617
1889.358452 1355.109756 1303940619
1920.969127 1354.443090 1303940621
1953.986560 1353.887535 1303940623
1988.162499 1353.443091 1303940625
2022.255688 1353.998646 1303940627
2057.010880 1354.554201 1303940629
2091.848823 1355.443089 1303940631
2126.852266 1356.331977 1303940633
2162.352213 1357.109754 1303940635
2198.100410 1358.109753 1303940637
2234.427861 1358.887530 1303940639
2271.003564 1359.443085 1303940641
2307.744767 1360.220862 1303940643
2343.906717 1360.776417 1303940645
2377.586153 1361.331972 1303940647
2407.293568 1361.776416 1303940649
2431.870454 1361.887527 1303940651
2456.943842 1362.776415 1303940654
2477.631457 1362.887526 1303940659
2500.884335 1362.887526 1303940677
2527.695484 1362.998637 1303940680
2550.782861 1363.109748 1303940682
2577.594010 1363.554192 1303940684
2606.722171 1364.220858 1303940686
2637.257090 1364.887524 1303940688
2668.040260 1365.443079 1303940690
2698.988931 1366.443078 1303940692
2730.185854 1367.554188 1303940694
2762.375782 1368.331965 1303940696
2794.731211 1368.776409 1303940698
2826.921139 1369.109742 1303940700
2858.531814 1369.998630 1303940702
2889.232234 1371.109740 1303940704
2919.436151 1371.443073 1303940706
2949.060815 1372.220850 1303940708
2978.023475 1372.331961 1303940710
3002.352110 1372.998627 1303940712
3022.791473 1373.776404 1303940714
3049.437120 1374.776403 1303940717
3074.924261 1375.443069 1303940720
3096.273879 1376.109735 1303940723
3117.209745 1374.665292 1303940727
3141.290128 1374.776403 1303940731
3166.611768 1375.443069 1303940734
3187.547634 1375.665291 1303940736
3208.400750 1375.331958 1303940738
3235.625650 1373.109738 1303940741
3259.871534 1370.776407 1303940745
3282.876162 1367.665299 1303940772
3304.805033 1358.220864 1303940776
3309.687310 1337.998662 1303940779
3308.942556 1307.998692 1303940782
3308.363303 1282.220940 1303940784
3308.446053 1253.776524 1303940786
3308.777055 1224.554331 1303940788
3309.356308 1197.221025 1303940790
3309.770060 1173.665493 1303940792
3309.687310 1147.443297 1303940795
3308.446053 1126.665540 1303940824
3307.701299 1103.887785 1303940832
3308.446053 1077.554478 1303940835
3309.025306 1055.887833 1303940837
3309.770060 1032.443412 1303940839
3310.514814 1009.332324 1303940841
3311.425070 987.999012 1303940843
3313.411080 960.221262 1303940846
3315.893594 937.999062 1303940849
3318.293357 916.110195 1303940853
3318.624359 894.110217 1303940857
3318.872611 873.443571 1303940860
3323.258385 853.554702 1303940872
3342.704743 846.999153 1303940876
3370.095144 848.665818 1303940879
3392.024015 849.888039 1303940881
3412.380628 851.332482 1303940883
3434.061248 852.110259 1303940886
