1381.353392 814.776963 1303945216
1356.859256 814.443630 1303945219
1332.778873 815.888073 1303945222
1310.353499 814.776963 1303945227
1299.099437 831.776946 1303945236
1298.768435 854.554701 1303945240
1296.947925 882.443562 1303945243
1295.458417 903.887985 1303945245
1294.713663 930.887958 1303945248
1295.541167 952.443492 1303945254
1297.858180 974.554581 1303945270
1297.444428 999.999000 1303945274
1296.616923 1022.443422 1303945277
1296.120420 1045.110066 1303945281
1306.050475 1065.665601 1303945293
1330.048108 1066.221156 1303945297
1354.955996 1065.332268 1303945300
1379.367381 1066.110045 1303945304
1400.054995 1066.998933 1303945312
1427.610898 1067.998932 1303945316
1449.622520 1069.998930 1303945319
1470.475635 1070.665596 1303945327
1494.390517 1073.332260 1303945340
1514.416128 1073.443371 1303945343
1540.730774 1073.554482 1303945346
1568.369427 1073.332260 1303945349
1596.504582 1073.554482 1303945352
1619.674710 1073.332260 1303945355
1640.196824 1073.443371 1303945361
1660.718937 1072.887816 1303945370
1686.868082 1073.332260 1303945374
1706.810942 1077.554478 1303945377
1718.396007 1098.443346 1303945381
1717.403001 1124.998875 1303945384
1716.906498 1147.443297 1303945386
1716.409996 1172.109939 1303945388
1716.078994 1196.887692 1303945390
1715.582491 1220.554335 1303945392
1715.003238 1243.443201 1303945394
1714.506735 1265.887623 1303945396
1714.010232 1287.998712 1303945398
1713.679230 1316.443128 1303945401
1712.934476 1339.665327 1303945404
1725.429795 1356.220866 1303945408
1754.144204 1357.776420 1303945412
1774.500817 1357.887531 1303945414
1798.084697 1357.554198 1303945416
1824.647594 1357.443087 1303945418
1852.617249 1357.665309 1303945420
1881.331658 1356.998643 1303945422
1910.294318 1356.109755 1303945424
1939.505230 1355.109756 1303945426
1969.212644 1354.443090 1303945428
1999.416561 1354.109757 1303945430
2030.282482 1354.665312 1303945432
2061.479405 1355.665311 1303945434
2092.262575 1356.776421 1303945436
2122.714743 1357.220865 1303945438
2153.415163 1357.887531 1303945440
2185.191339 1358.109753 1303945442
2217.215766 1358.443086 1303945444
2248.826441 1358.776419 1303945446
2280.188864 1358.998641 1303945448
2312.130541 1359.776418 1303945450
2344.237719 1360.220862 1303945452
2376.096645 1360.554195 1303945454
2405.555808 1361.109750 1303945456
2431.456701 1361.887527 1303945458
2452.971820 1362.554193 1303945460
2473.907686 1362.554193 1303945463
2498.153570 1363.220859 1303945475
2521.654700 1364.443080 1303945478
2541.845812 1364.776413 1303945480
2565.181441 1364.776413 1303945482
2590.834083 1365.776412 1303945484
2618.969239 1366.665300 1303945486
2648.842154 1367.109744 1303945488
2680.370078 1367.331966 1303945490
2711.649751 1367.554188 1303945492
2742.681173 1367.998632 1303945494
2774.374598 1368.776409 1303945496
2805.985273 1369.665297 1303945498
2837.513198 1370.776407 1303945500
2868.792871 1371.998628 1303945502
2899.162289 1372.776405 1303945504
2928.042199 1372.998627 1303945506
2954.770596 1372.998627 1303945508
2978.519978 1372.776405 1303945510
3005.744878 1373.554182 1303945513
3029.411509 1373.998626 1303945517
3049.519871 1374.887514 1303945523
3070.455736 1376.331957 1303945533
3094.039617 1377.554178 1303945537
3119.030255 1377.554178 1303945540
3147.082660 1377.331956 1303945543
3174.804064 1377.554178 1303945546
3203.435722 1377.220845 1303945550
3223.709584 1372.554183 1303945576
3247.045213 1369.220853 1303945582
3269.801589 1366.331967 1303945585
3293.302719 1361.554194 1303945588
3306.625543 1340.220882 1303945592
3306.625543 1315.443129 1303945595
3306.708293 1293.887595 1303945597
3306.873794 1269.887619 1303945599
3307.122046 1244.332089 1303945601
3307.204796 1219.221003 1303945603
3307.535798 1196.221026 1303945605
3307.618548 1169.665497 1303945608
3307.949550 1149.332184 1303945612
3307.122046 1124.887764 1303945633
3307.122046 1098.554457 1303945637
3308.611554 1073.443371 1303945640
3310.018312 1052.998947 1303945642
3311.507820 1030.443414 1303945644
3312.666326 1006.776771 1303945646
3313.576581 981.665685 1303945648
3314.486836 955.443489 1303945650
3316.390097 930.887958 1303945652
3318.293357 909.554646 1303945654
3319.286363 887.110224 1303945657
