1393.269458 813.888075 1303947567
1369.437326 809.221413 1303947582
1344.943191 808.221414 1303947586
1324.834829 808.332525 1303947589
1303.319710 811.332522 1303947595
1300.588945 832.110279 1303947602
1299.430439 857.776920 1303947606
1298.271932 884.221338 1303947609
1298.023681 913.110198 1303947612
1297.030675 934.221288 1303947615
1300.092442 955.776822 1303947622
1298.933936 980.665686 1303947625
1299.182187 1000.776777 1303947627
1299.182187 1021.443423 1303947629
1298.602934 1043.887845 1303947632
1307.539984 1064.221158 1303947640
1333.937380 1063.776714 1303947644
1363.893045 1063.332270 1303947647
1384.001407 1062.887826 1303947649
1413.708821 1062.776715 1303947652
1433.899933 1063.998936 1303947654
1454.753048 1064.665602 1303947656
1480.322939 1064.554491 1303947659
1504.568824 1064.887824 1303947665
1527.573451 1065.110046 1303947668
1548.095564 1064.776713 1303947670
1571.679445 1065.110046 1303947672
1597.828590 1065.221157 1303947674
1625.963745 1065.665601 1303947676
1654.429903 1065.332268 1303947678
1679.503291 1064.887824 1303947680
1711.113966 1074.776703 1303947684
1717.320251 1098.221124 1303947687
1716.492746 1119.221103 1303947689
1715.416990 1143.443301 1303947691
1714.672236 1170.332163 1303947693
1714.423985 1199.221023 1303947695
1713.844731 1227.443217 1303947697
1713.099977 1252.443192 1303947699
1712.851726 1274.443170 1303947701
1712.520724 1299.665367 1303947704
1712.355223 1319.665347 1303947710
1711.031216 1342.998657 1303947720
1727.498557 1356.331977 1303947725
1752.240944 1356.665310 1303947728
1773.176810 1356.554199 1303947730
1797.008941 1356.220866 1303947732
1823.489088 1356.109755 1303947734
1851.955245 1355.776422 1303947736
1881.745410 1354.776423 1303947738
1912.197579 1353.331980 1303947740
1942.566997 1352.109759 1303947742
1972.026160 1351.554204 1303947744
1998.671807 1351.554204 1303947746
2022.669440 1351.665315 1303947748
2043.605306 1352.220870 1303947750
2066.444432 1352.887536 1303947753
2087.214797 1354.776423 1303947766
2114.936200 1355.887533 1303947771
2144.726365 1356.665310 1303947774
2168.475746 1357.109754 1303947776
2194.707642 1357.554198 1303947778
2237.241377 1357.776420 1303947781
2266.617789 1358.220864 1303947783
2296.904457 1358.220864 1303947785
2327.604877 1358.887530 1303947787
2358.553548 1359.331974 1303947789
2389.833221 1359.554196 1303947791
2421.361145 1359.887529 1303947793
2452.723569 1360.443084 1303947795
2483.258488 1361.331972 1303947797
2512.965902 1361.554194 1303947799
2543.004318 1361.998638 1303947801
2573.125485 1362.665304 1303947803
2603.412153 1363.331970 1303947805
2633.533319 1363.887525 1303947807
2663.571735 1364.443080 1303947809
2692.948148 1365.220857 1303947811
2722.076309 1366.443078 1303947813
2750.542467 1366.998633 1303947815
2779.008624 1367.554188 1303947817
2808.302286 1368.220854 1303947819
2838.009700 1368.887520 1303947821
2867.717115 1369.887519 1303947823
2896.597025 1370.887518 1303947825
2924.649430 1371.109740 1303947827
2952.039831 1371.220851 1303947829
2978.850980 1371.554184 1303947831
3003.841618 1371.998628 1303947833
3025.604988 1373.220849 1303947835
3053.574643 1374.554181 1303947838
3080.551292 1375.554180 1303947841
3111.334463 1375.998624 1303947844
3135.414846 1376.109735 1303947846
3161.481240 1376.109735 1303947848
3187.547634 1375.331958 1303947850
3211.297016 1373.665293 1303947852
3231.570878 1371.443073 1303947854
3254.161753 1368.331965 1303947857
3274.187363 1365.554190 1303947864
3299.509004 1359.998640 1303947881
3308.694304 1340.998659 1303947884
3308.611554 1312.220910 1303947887
3308.280552 1288.998711 1303947889
3308.446053 1263.443181 1303947891
3308.528803 1237.109874 1303947893
3308.777055 1211.332122 1303947895
3308.859805 1187.554368 1303947897
3308.859805 1167.332166 1303947899
3309.108057 1146.554409 1303947902
3308.611554 1126.332207 1303947930
3308.197802 1099.776678 1303947934
3308.280552 1069.665597 1303947937
3308.611554 1045.998954 1303947939
3308.859805 1019.665647 1303947941
3309.439059 991.554564 1303947943
3309.935561 962.110149 1303947945
3310.514814 932.221290 1303947947
3311.342319 905.332428 1303947949
3312.252574 883.776894 1303947951
3310.928567 863.776914 1303947955
3291.978712 857.332476 1303947963
3270.711844 857.110254 1303947968
3243.652445 856.221366 1303947971
3223.626834 855.443589 1303947973
3201.615212 854.110257 1303947976
