902.145491 900.554655 1303993023
901.648988 927.887961 1303993025
900.986984 956.887932 1303993027
900.573232 984.776793 1303993029
900.159480 1008.887880 1303993031
900.159480 1035.443409 1303993034
906.448515 1057.665609 1303993040
926.308625 1061.554494 1303993043
955.685037 1059.998940 1303993046
982.247934 1058.776719 1303993049
1001.859792 1050.443394 1303993062
1022.878409 1050.998949 1303993071
1048.531051 1055.887833 1303993074
1075.011197 1059.887829 1303993077
1096.857318 1061.221161 1303993081
1119.779195 1063.443381 1303993086
1140.632310 1064.998935 1303993091
1165.291947 1062.665604 1303993108
1189.537831 1065.221157 1303993111
1211.052950 1066.776711 1303993113
1235.216083 1067.665599 1303993115
1258.717213 1067.776710 1303993117
1280.894336 1067.887821 1303993119
1303.319710 1068.221154 1303993121
1327.151842 1070.221152 1303993123
1351.066724 1071.887817 1303993125
1373.988601 1072.221150 1303993127
1395.503720 1071.887817 1303993129
1415.860333 1071.665595 1303993131
1444.078239 1072.443372 1303993134
1468.820626 1070.887818 1303993137
1491.825253 1068.332265 1303993141
1505.892831 1085.776692 1303993150
1507.216838 1108.776669 1303993153
1506.141082 1129.665537 1303993155
1504.817075 1151.887737 1303993157
1503.906820 1172.998827 1303993159
1503.741319 1198.887690 1303993162
1504.734325 1218.887670 1303993169
1504.403323 1241.554314 1303993172
1502.086310 1270.887618 1303993175
1498.859042 1299.443145 1303993178
1494.969770 1321.443123 1303993181
1487.853231 1340.776437 1303993198
1506.306583 1352.887536 1303993212
1527.242449 1354.998645 1303993215
1554.136348 1359.887529 1303993218
1574.575711 1359.998640 1303993220
1595.263325 1359.998640 1303993222
1622.322725 1361.554194 1303993225
1642.348336 1363.665303 1303993228
1664.111706 1371.554184 1303993240
1683.723565 1376.220846 1303993243
1712.520724 1377.109734 1303993246
1735.690852 1376.776401 1303993248
1761.012492 1376.443068 1303993250
1787.575389 1375.887513 1303993252
1828.288614 1374.554181 1303993255
1855.596266 1373.331960 1303993257
1882.986667 1372.220850 1303993259
1910.377069 1371.220851 1303993261
1937.270967 1370.109741 1303993263
1963.668363 1369.220853 1303993265
1990.727763 1368.665298 1303993267
2018.366416 1368.443076 1303993269
2045.674067 1368.665298 1303993271
2071.905962 1368.998631 1303993273
2098.137857 1369.220853 1303993275
2125.445508 1369.331964 1303993277
2153.911666 1369.443075 1303993279
2183.288078 1369.665297 1303993281
2213.078243 1369.665297 1303993283
2243.447661 1369.554186 1303993285
2274.396332 1369.887519 1303993287
2306.007007 1369.665297 1303993289
2337.700433 1369.220853 1303993291
2368.566353 1369.109742 1303993293
2398.108267 1368.665298 1303993295
2426.574424 1368.109743 1303993297
2452.971820 1367.887521 1303993299
2476.307449 1367.998632 1303993301
2496.581312 1367.443077 1303993303
2516.937924 1365.998634 1303993305
2538.535794 1367.109744 1303993307
2563.029929 1369.776408 1303993309
2603.329402 1372.109739 1303993312
2631.464558 1372.443072 1303993314
2660.427218 1372.665294 1303993316
2690.134632 1373.220849 1303993318
2720.173049 1373.665293 1303993320
2750.790718 1374.443070 1303993322
2780.994635 1375.443069 1303993324
2809.709044 1375.998624 1303993326
2835.692688 1375.998624 1303993328
2856.794054 1375.109736 1303993330
2878.391924 1374.331959 1303993333
2899.079538 1373.665293 1303993354
2923.325422 1374.887514 1303993383
2945.088793 1377.109734 1303993386
2974.465205 1378.331955 1303993389
2995.814823 1378.776399 1303993391
3017.991946 1379.331954 1303993393
3040.417320 1379.887509 1303993395
3062.677193 1379.887509 1303993397
3084.275063 1380.776397 1303993399
3106.700437 1381.554174 1303993401
3129.539563 1382.109729 1303993403
3153.454446 1382.665284 1303993405
3176.624574 1382.998617 1303993407
3197.229438 1382.776395 1303993409
3217.751551 1382.109729 1303993411
3238.190914 1379.331954 1303993413
3264.753811 1375.554180 1303993416
3285.275925 1370.998629 1303993420
3305.632537 1360.443084 1303993448
3309.770060 1340.887548 1303993451
3311.590570 1320.887568 1303993453
3312.583576 1297.332036 1303993455
3313.245580 1271.998728 1303993457
3313.411080 1245.665421 1303993459
3312.252574 1218.776559 1303993461
3311.921572 1191.998808 1303993463
3312.749077 1167.443277 1303993465
3312.666326 1147.332186 1303993467
3312.169824 1126.332207 1303993470
3312.997328 1099.665567 1303993487
3314.238585 1070.665596 1303993490
3314.652337 1046.110065 1303993492
3315.893594 1003.665663 1303993495
3316.555598 971.999028 1303993497
3316.141846 940.110171 1303993499
3315.562592 911.887977 1303993501
3315.231591 889.110222 1303993503
3315.893594 866.665800 1303993507
