3334.512447 1069.332264 1304003017
3332.195434 1091.776686 1304003028
3331.450680 1117.109994 1304003031
3330.871427 1137.332196 1304003033
3330.540425 1158.665508 1304003035
3330.043923 1180.221042 1304003037
3329.299168 1202.221020 1304003039
3327.644159 1224.443220 1304003041
3325.244396 1247.220975 1304003043
3322.265379 1270.776507 1304003045
3319.203613 1292.776485 1304003047
3317.134851 1318.443126 1304003050
3316.472847 1342.220880 1304003054
3315.479842 1363.331970 1304003058
3304.060279 1380.776397 1304003062
3283.951918 1386.109725 1304003065
3255.651261 1389.331944 1304003068
3234.136142 1391.443053 1304003070
3212.869274 1393.220829 1304003072
3186.058126 1393.887495 1304003075
3160.570985 1393.220829 1304003079
3139.304117 1392.665274 1304003083
3114.147978 1391.220831 1304003087
3089.157340 1390.443054 1304003090
3067.807722 1390.109721 1304003092
3045.630599 1389.776388 1304003094
3024.280981 1389.331944 1304003096
3003.014113 1388.220834 1304003098
2981.912747 1387.998612 1304003100
2958.908119 1388.554167 1304003103
2934.496734 1386.887502 1304003122
2911.161105 1384.443060 1304003125
2891.135494 1383.554172 1304003127
2868.048117 1382.887506 1304003129
2843.388480 1382.220840 1304003131
2817.404836 1381.443063 1304003133
2790.345437 1380.998619 1304003135
2762.955035 1379.998620 1304003137
2736.061136 1379.443065 1304003139
2709.746491 1379.109732 1304003141
2684.176599 1378.887510 1304003143
2659.268712 1377.998622 1304003145
2633.616070 1377.109734 1304003147
2608.873683 1376.998623 1304003149
2585.869056 1377.331956 1304003151
2564.519437 1377.998622 1304003153
2540.521805 1378.331955 1304003156
2517.020675 1377.443067 1304003174
2492.278288 1376.776401 1304003178
2466.791147 1375.998624 1304003182
2444.117521 1375.109736 1304003199
2422.767903 1374.665292 1304003202
2393.805243 1372.665294 1304003205
2371.214368 1371.331962 1304003207
2347.051234 1370.554185 1304003209
2321.315842 1369.998630 1304003211
2293.925440 1369.665297 1304003213
2265.790285 1369.331964 1304003215
2237.158626 1368.665298 1304003217
2209.933726 1367.998632 1304003219
2182.957077 1367.109744 1304003221
2156.311429 1366.443078 1304003223
2130.989789 1365.998634 1304003225
2106.578404 1365.443079 1304003227
2081.753267 1364.665302 1304003229
2056.266126 1363.998636 1304003231
2029.620478 1363.443081 1304003233
2002.064576 1362.998637 1304003235
1973.681169 1362.998637 1304003237
1945.049510 1363.554192 1304003239
1916.500602 1364.331969 1304003241
1888.861950 1364.998635 1304003243
1862.464554 1365.998634 1304003245
1836.811912 1366.554189 1304003247
1812.483277 1366.665300 1304003249
1790.637156 1366.443078 1304003251
1764.736263 1366.109745 1304003254
1741.897137 1365.443079 1304003259
1720.713019 1364.998635 1304003281
1698.370396 1364.776413 1304003285
1674.703765 1364.665302 1304003289
1648.637371 1362.665304 1304003293
1626.129246 1363.776414 1304003296
1602.959118 1370.443074 1304003299
1581.775001 1371.665295 1304003302
1561.252887 1371.109740 1304003305
1540.317021 1372.554183 1304003310
1519.546656 1372.109739 1304003327
1504.320572 1354.887534 1304003347
1506.389334 1334.331999 1304003351
1510.195855 1308.332025 1304003355
1509.782102 1282.220940 1304003357
1508.292594 1258.109853 1304003359
1507.382339 1234.332099 1304003363
1505.479079 1209.554346 1304003368
1506.472084 1182.776595 1304003371
1507.878842 1162.109949 1304003373
1509.782102 1140.554415 1304003375
1509.202849 1112.109999 1304003378
1506.885836 1092.110019 1304003381
1501.507057 1072.443372 1304003389
1501.341556 1045.443399 1304003393
1501.093304 1016.665650 1304003396
1500.927803 994.221228 1304003398
1500.845053 969.110142 1304003400
1500.927803 942.776835 1304003402
1500.762303 916.887972 1304003404
1500.679552 892.110219 1304003406
1500.183049 869.888019 1304003408
1499.769297 842.888046 1304003411
1502.169060 820.888068 1304003415
1488.515235 804.443640 1304003423
1468.324123 803.776974 1304003426
1439.278712 802.443642 1304003429
1416.191335 802.554753 1304003431
1393.103957 802.888086 1304003433
1372.747344 802.776975 1304003435
1346.763701 802.221420 1304003438
1326.489838 801.999198 1304003441
1304.395466 801.332532 1304003451
1283.542351 802.776975 1304003456
1255.489946 801.776976 1304003459
1231.078561 800.554755 1304003461
1207.411930 799.776978 1304003463
1185.896811 799.110312 1304003465
1162.892183 800.554755 1304003467
1132.274514 802.888086 1304003472
1110.676644 802.554753 1304003491
1064.915641 799.554756 1304003496
1041.828264 799.332534 1304003498
1019.154638 798.888090 1304003500
997.391268 798.554757 1304003502
967.270101 797.888091 1304003505
936.238679 799.776978 1304003509
915.882067 800.443644 1304003515
906.365764 827.776950 1304003522
906.283014 904.776873 1304003529
905.869261 980.443464 1304003535
905.786511 1028.110083 1304003542
906.365764 1048.443396 1304003556
937.397186 1056.776721 1304003562
984.813198 1055.554500 1304003569
