991.764237 1055.221167 1304003669
1014.437862 1061.110050 1304003694
1045.883036 1062.332271 1304003699
1076.748957 1062.776715 1304003703
1097.436571 1062.332271 1304003707
1120.606699 1061.221161 1304003713
1146.590343 1061.443383 1304003716
1166.946956 1061.998938 1304003718
1188.710326 1062.443382 1304003720
1220.734753 1062.554493 1304003723
1252.097177 1062.665604 1304003726
1286.273116 1061.443383 1304003730
1317.883791 1062.332271 1304003734
1359.093519 1063.554492 1304003739
1383.835906 1063.776714 1304003742
1406.261280 1063.443381 1304003745
1427.941900 1064.221158 1304003748
1453.346290 1065.221157 1304003752
1476.185417 1064.776713 1304003757
1496.624780 1066.776711 1304003764
1505.065326 1086.665580 1304003769
1503.079315 1109.887779 1304003772
1502.251811 1139.554416 1304003775
1502.334561 1159.887729 1304003777
1503.989570 1186.332147 1304003780
1499.686547 1210.221012 1304003787
1496.211027 1231.443213 1304003790
1495.466273 1260.109851 1304003793
1493.645763 1287.220935 1304003796
1491.080499 1307.998692 1304003799
1487.439479 1329.109782 1304003804
1501.258805 1346.554209 1304003818
1522.608423 1344.331989 1304003821
1554.467350 1344.220878 1304003824
1580.533744 1344.220878 1304003826
1606.682889 1343.776434 1304003828
1631.756277 1344.220878 1304003830
1654.843655 1344.665322 1304003832
1677.269029 1345.554210 1304003834
1700.356407 1346.998653 1304003836
1724.602291 1348.443096 1304003838
1750.337683 1349.665317 1304003840
1776.817830 1350.665316 1304003842
1803.711729 1351.331982 1304003844
1831.350381 1351.554204 1304003846
1859.154535 1351.443093 1304003848
1887.206940 1350.998649 1304003850
1915.507597 1350.776427 1304003852
1943.808254 1350.109761 1304003854
1971.115905 1349.776428 1304003856
1997.016798 1349.887539 1304003858
2019.607673 1350.443094 1304003860
2048.156581 1351.443093 1304003863
2074.305725 1352.220870 1304003866
2102.027129 1353.331980 1304003869
2122.135490 1353.776424 1304003871
2144.312613 1354.331979 1304003873
2167.979244 1354.998645 1304003875
2192.887132 1355.443089 1304003877
2218.953526 1355.776422 1304003879
2246.012925 1355.887533 1304003881
2273.651578 1356.443088 1304003883
2302.117736 1356.887532 1304003885
2331.494148 1357.220865 1304003887
2361.532564 1358.109753 1304003889
2390.991727 1358.443086 1304003891
2419.126883 1358.443086 1304003893
2445.110527 1357.887531 1304003895
2468.859908 1357.776420 1304003897
2490.623279 1357.887531 1304003899
2512.469400 1359.665307 1304003901
2535.722278 1361.887527 1304003903
2560.464665 1363.109748 1304003905
2586.696560 1363.665303 1304003907
2614.831716 1364.109747 1304003909
2644.373629 1364.665302 1304003911
2674.329295 1365.554190 1304003913
2704.533212 1366.331967 1304003915
2734.737129 1367.331966 1304003917
2764.361793 1367.887521 1304003919
2792.414198 1368.998631 1304003921
2817.984090 1368.998631 1304003923
2841.898972 1367.887521 1304003925
2863.910594 1367.554188 1304003927
2884.432707 1367.887521 1304003930
2904.541069 1367.887521 1304003957
2926.635441 1368.554187 1304003985
2949.722818 1368.998631 1304003988
2978.850980 1369.776408 1304003991
2999.042091 1369.887519 1304003993
3025.522238 1370.331963 1304003996
3049.106118 1371.109740 1304004000
3072.772749 1372.331961 1304004005
3093.460364 1372.776405 1304004008
3114.313479 1372.776405 1304004011
3138.062860 1376.554179 1304004021
3162.639746 1377.220845 1304004024
3193.091915 1377.109734 1304004027
3214.772535 1374.887514 1304004029
3236.866907 1371.998628 1304004031
3264.919312 1368.331965 1304004034
3285.606927 1365.443079 1304004037
3305.053284 1354.443090 1304004041
3308.777055 1327.332006 1304004045
3309.190807 1307.332026 1304004047
3309.521809 1284.665382 1304004049
3309.770060 1259.332074 1304004051
3310.349314 1232.887656 1304004053
3310.928567 1207.221015 1304004055
3310.928567 1182.221040 1304004057
3310.018312 1160.776617 1304004059
3308.611554 1139.332194 1304004062
