2536.632533 1381.776396 1304006851
2515.696667 1381.665285 1304006877
2494.429800 1380.887508 1304006880
2473.659435 1380.109731 1304006883
2453.385573 1379.665287 1304006902
2431.373951 1378.776399 1304006907
2405.804059 1376.443068 1304006910
2385.364696 1375.554180 1304006912
2362.856572 1374.776403 1304006914
2338.693438 1374.109737 1304006916
2313.289048 1373.554182 1304006918
2286.643400 1373.220849 1304006920
2259.335749 1372.443072 1304006922
2231.117843 1371.776406 1304006924
2201.824181 1371.331962 1304006926
2173.192523 1370.887518 1304006928
2146.215873 1370.331963 1304006930
2123.128496 1369.665297 1304006932
2101.696127 1369.220853 1304006934
2079.767256 1368.665298 1304006936
2055.686872 1367.887521 1304006938
2029.123976 1367.443077 1304006940
2002.478328 1367.109744 1304006942
1976.411934 1366.998633 1304006944
1951.007543 1367.331966 1304006946
1926.182406 1367.998632 1304006948
1901.853771 1368.665298 1304006950
1877.690638 1369.109742 1304006952
1853.775755 1369.776408 1304006954
1830.440126 1370.331963 1304006956
1807.932002 1370.331963 1304006958
1786.085881 1369.998630 1304006960
1765.812019 1369.331964 1304006962
1742.145388 1368.887520 1304006965
1719.389012 1368.887520 1304006988
1694.812126 1369.220853 1304006992
1670.731743 1367.554188 1304006995
1642.182835 1366.220856 1304006998
1620.253964 1364.998635 1304007000
1598.242342 1364.109747 1304007002
1577.637478 1363.220859 1304007004
1552.067586 1362.443082 1304007007
1531.545473 1362.998637 1304007011
1512.099115 1368.443076 1304007028
1490.749497 1367.887521 1304007032
1484.377712 1346.443098 1304007037
1484.874215 1324.332009 1304007040
1486.529224 1294.998705 1304007043
1487.522229 1271.220951 1304007045
1487.770481 1248.998751 1304007048
1486.611974 1228.776549 1304007053
1490.749497 1208.665458 1304007057
1500.017548 1185.554370 1304007060
1503.575818 1164.109947 1304007062
1504.237822 1140.887748 1304007064
1503.162066 1120.332213 1304007066
1501.755308 1099.332234 1304007069
1499.190044 1078.332255 1304007075
1496.873031 1057.221165 1304007081
1496.293778 1033.332300 1304007086
1496.707530 1006.665660 1304007089
1497.204033 984.554571 1304007091
1497.617785 959.554596 1304007093
1497.948787 932.665734 1304007095
1498.279789 906.665760 1304007097
1498.528040 883.999116 1304007099
1497.535035 863.776914 1304007101
1495.714525 841.665825 1304007104
1497.617785 820.221402 1304007122
1477.012921 814.665852 1304007126
1451.774032 812.443632 1304007129
1430.920916 811.110300 1304007131
1407.502537 809.999190 1304007133
1382.263647 809.332524 1304007135
1358.845267 807.888081 1304007137
1331.785868 807.110304 1304007140
1310.105248 807.443637 1304007144
1289.086631 796.221426 1304007151
1264.840747 801.888087 1304007155
1237.615847 805.443639 1304007158
1214.942221 806.999193 1304007160
1190.696337 807.110304 1304007162
1167.608959 805.665861 1304007164
1140.963312 805.999194 1304007167
1122.261709 813.776964 1304007176
1097.271070 814.888074 1304007190
1070.873674 812.332521 1304007193
1041.166260 811.110300 1304007196
1019.485640 808.776969 1304007198
996.481013 807.221415 1304007200
972.648881 806.332527 1304007202
952.457769 805.776972 1304007204
932.101157 807.554748 1304007207
911.248041 809.776968 1304007229
899.331975 830.110281 1304007235
901.152485 866.999133 1304007239
901.566238 896.443548 1304007242
901.814489 925.110186 1304007245
901.648988 945.887943 1304007247
901.400737 968.887920 1304007249
900.986984 992.776785 1304007251
900.490482 1015.332318 1304007253
899.580227 1042.665624 1304007256
909.841283 1062.554493 1304007261
929.866894 1062.110049 1304007264
955.850538 1057.887831 1304007267
978.606914 1055.998944 1304007270
