1302.740457 661.777116 1302269786
1305.636723 636.666030 1302269795
1306.298727 613.999386 1302269798
1306.464228 593.666073 1302269801
1305.553973 573.666093 1302269818
1305.719474 553.443891 1302269837
1314.987525 533.443911 1302269845
1336.502644 531.332802 1302269849
1360.665777 532.110579 1302269852
1390.869695 533.443911 1302269855
1413.377819 534.110577 1302269857
1437.623703 534.777243 1302269859
1462.945343 534.999465 1302269861
1489.342739 534.999465 1302269863
1516.733141 534.666132 1302269865
1543.461539 534.666132 1302269867
1568.783179 534.332799 1302269869
1593.608316 534.777243 1302269871
1619.012707 535.999464 1302269873
1644.830850 537.443907 1302269875
1670.317991 538.666128 1302269877
1696.384385 539.332794 1302269879
1722.781781 539.666127 1302269881
1749.592929 539.999460 1302269883
1776.321327 540.888348 1302269885
1803.546228 542.110569 1302269887
1830.853879 542.666124 1302269889
1857.499526 543.221679 1302269891
1884.062423 543.888345 1302269893
1910.294318 544.777233 1302269895
1936.029711 545.555010 1302269897
1961.185850 545.999454 1302269899
1986.755741 546.777231 1302269901
2012.573884 547.777230 1302269903
2038.805779 548.332785 1302269905
2065.616927 548.777229 1302269907
2093.007329 549.777228 1302269909
2121.059734 550.332783 1302269911
2150.105145 550.443894 1302269913
2180.391812 550.888338 1302269915
2211.505985 551.443893 1302269917
2242.620157 551.999448 1302269919
2272.989575 552.443892 1302269921
2303.027991 553.110558 1302269923
2332.652655 553.777224 1302269925
2362.194568 554.221668 1302269927
2391.405480 554.999445 1302269929
2420.202639 555.777222 1302269931
2448.503296 556.443888 1302269933
2477.217704 557.666109 1302269935
2505.601112 558.666108 1302269937
2534.315520 559.443885 1302269939
2563.774683 559.888329 1302269941
2591.413336 560.221662 1302269943
2614.583464 560.443884 1302269945
2640.484358 560.888328 1302269948
2662.247728 560.888328 1302269951
2683.928348 560.888328 1302269954
2709.911992 561.443883 1302269957
2730.020353 562.221660 1302269959
2751.700973 562.888326 1302269961
2773.464343 563.443881 1302269963
2795.641466 564.110547 1302269965
2818.894345 564.332769 1302269967
2841.650721 564.332769 1302269969
2864.241596 564.554991 1302269971
2887.494474 564.777213 1302269973
2910.664602 565.554990 1302269975
2932.593474 566.554989 1302269977
2952.536334 568.443876 1302269979
2974.382455 570.999429 1302269982
2988.201781 588.221634 1302269986
2989.277537 611.221611 1302269989
2988.698284 640.666026 1302269992
2988.201781 663.110448 1302269994
2987.870780 686.777091 1302269996
2987.291526 710.110401 1302269998
2986.215770 732.221490 1302270000
2985.057264 752.888136 1302270002
2983.319504 781.999218 1302270005
2981.664495 808.110303 1302270008
2980.423238 828.443616 1302270011
2995.318321 842.221380 1302270015
3017.743695 841.221381 1302270018
3047.285608 840.776937 1302270021
3069.793733 840.332493 1302270023
3093.791366 840.332493 1302270025
3118.120000 840.999159 1302270027
3141.621130 841.443603 1302270029
3162.474245 841.999158 1302270031
3190.857652 842.776935 1302270034
3218.330804 843.110268 1302270037
3242.990441 844.999155 1302270040
3263.595305 847.554708 1302270043
3286.268930 848.221374 1302270047
3308.115051 849.888039 1302270063
3324.996145 860.888028 1302270069
3330.292174 887.221335 1302270073
3331.119678 915.110196 1302270076
3330.209423 935.665731 1302270078
3329.133667 956.665710 1302270080
3328.719915 978.110133 1302270082
3328.471664 1001.221221 1302270084
3328.223412 1024.776753 1302270086
3327.644159 1047.221175 1302270088
3326.651154 1069.332264 1302270090
3325.906400 1092.554463 1302270092
3325.078895 1116.332217 1302270094
3324.168640 1141.443303 1302270096
3324.085890 1166.443278 1302270098
3324.251390 1190.887698 1302270100
3323.920389 1214.332119 1302270102
3323.672137 1236.665430 1302270104
3322.513631 1257.332076 1302270106
3319.286363 1284.887604 1302270109
3317.134851 1308.998691 1302270113
3321.768877 1329.443115 1302270126
3319.617365 1350.998649 1302270129
3322.513631 1370.998629 1302270132
3344.442502 1379.776398 1302270136
3371.253650 1377.887511 1302270139
3392.603269 1376.665290 1302270141
3415.276894 1375.554180 1302270143
3438.612523 1375.443069 1302270145
3463.023908 1376.109735 1302270147
3487.021541 1376.554179 1302270149
3510.357170 1376.665290 1302270151
3534.437553 1376.554179 1302270153
3559.593692 1375.998624 1302270155
3585.163584 1376.331957 1302270157
3610.071472 1376.665290 1302270159
3633.407101 1376.887512 1302270161
3653.846464 1377.776400 1302270163
3674.699579 1378.443066 1302270166
