292.191866 789.888099 1303431116
268.442485 792.776985 1303431127
244.527603 795.221427 1303431130
218.957711 794.665872 1303431133
197.194341 793.554762 1303431139
172.534704 795.110316 1303431143
145.227053 795.888093 1303431146
117.919402 794.999205 1303431149
97.893792 788.776989 1303431152
81.922953 805.888083 1303431168
81.922953 826.665840 1303431170
82.419456 851.776926 1303431172
81.840203 880.221342 1303431174
81.426450 910.887978 1303431176
82.005704 942.554613 1303431178
82.584957 973.221249 1303431180
82.584957 1002.776775 1303431182
81.509201 1033.221189 1303431184
80.019693 1064.554491 1303431186
78.612935 1096.332237 1303431188
77.950931 1128.887760 1303431190
77.206177 1161.332172 1303431192
76.957926 1193.443251 1303431194
76.792425 1224.109887 1303431196
76.461423 1252.443192 1303431198
75.468418 1276.998723 1303431200
74.806414 1297.665369 1303431202
79.605940 1318.665348 1303431205
104.679329 1324.443120 1303431209
125.449694 1323.443121 1303431211
150.192081 1323.220899 1303431213
192.063813 1323.554232 1303431216
220.447220 1323.220899 1303431218
247.341118 1323.109788 1303431220
273.076511 1323.220899 1303431222
299.556657 1324.109787 1303431224
328.022815 1324.665342 1303431226
358.557734 1325.332008 1303431228
390.499410 1326.109785 1303431230
420.206825 1326.220896 1303431232
445.445714 1325.887563 1303431234
470.436353 1325.776452 1303431237
491.041217 1326.998673 1303431241
512.225334 1330.220892 1303431244
543.753258 1333.332000 1303431247
570.564406 1334.665332 1303431249
600.768324 1335.887553 1303431251
631.882496 1336.554219 1303431253
663.575921 1336.554219 1303431255
694.524592 1336.665330 1303431257
726.218018 1337.331996 1303431259
758.242445 1337.776440 1303431261
788.446362 1337.998662 1303431263
815.505762 1337.887551 1303431265
837.931136 1336.331997 1303431267
860.191009 1331.443113 1303431270
882.037130 1330.665336 1303431296
886.505654 1307.109804 1303431300
888.077913 1276.443168 1303431303
888.988168 1248.665418 1303431306
889.319170 1227.887661 1303431311
891.139680 1205.109906 1303431327
892.049935 1174.887714 1303431330
891.801684 1151.109960 1303431332
891.967185 1127.221095 1303431334
892.380937 1104.554451 1303431336
891.967185 1076.887812 1303431339
904.628005 1059.665607 1303431343
929.039390 1058.776719 1303431346
949.809755 1058.443386 1303431348
977.117406 1056.665610 1303431351
997.391268 1053.221169 1303431356
1020.892398 1046.221176 1303431374
1042.159265 1048.221174 1303431377
1068.722162 1050.443394 1303431380
1090.071781 1049.998950 1303431384
1115.889923 1051.110060 1303431390
1140.301308 1050.332283 1303431394
1153.375881 1032.665634 1303431421
1180.766282 1034.221188 1303431425
1202.033150 1035.221187 1303431427
1225.534280 1035.665631 1303431429
1248.042404 1036.332297 1303431431
1273.281294 1037.443407 1303431434
1296.203171 1037.887851 1303431445
1319.538800 1041.776736 1303431448
1347.922207 1045.443399 1303431451
1374.898856 1045.998954 1303431454
1398.979239 1045.332288 1303431457
1424.383630 1046.998953 1303431460
1452.353285 1047.221175 1303431463
1475.606163 1045.887843 1303431466
1493.645763 1036.665630 1303431475
1502.417312 1017.110094 1303431482
1501.838058 993.887895 1303431485
1501.672558 965.999034 1303431488
1504.237822 936.554619 1303431491
1505.313578 908.110203 1303431494
1504.651574 881.332452 1303431497
1502.500062 855.999144 1303431500
1499.934798 834.221388 1303431503
1497.866037 812.665854 1303431508
1495.300772 787.443657 1303431527
1494.307767 766.665900 1303431529
1492.818259 742.110369 1303431531
1495.300772 721.665945 1303431533
1498.114288 700.332633 1303431535
1499.355545 676.665990 1303431537
1499.934798 652.110459 1303431539
1499.603796 628.999371 1303431541
1498.031537 602.999397 1303431544
1481.812448 591.221631 1303431570
1472.461646 573.554982 1303431592
1479.495435 550.332783 1303431597
1504.486073 544.777233 1303431601
1534.358988 541.999458 1303431604
1557.198115 539.332794 1303431606
1581.775001 538.443906 1303431608
1605.358881 537.888351 1303431610
1626.874000 537.666129 1303431612
1650.954383 536.443908 1303431615
1674.372763 534.443910 1303431618
1701.928665 533.443911 1303431621
1722.699030 532.666134 1303431623
1745.538157 532.332801 1303431625
1770.611545 531.666135 1303431627
1797.753696 531.888357 1303431629
1824.813095 531.999468 1303431631
1852.865500 532.110579 1303431633
1880.835155 532.555023 1303431635
1909.797815 532.999467 1303431637
1938.925977 533.888355 1303431639
1967.557635 534.777243 1303431641
1996.520295 535.110576 1303431643
2028.544722 534.221688 1303431645
2060.569150 532.777245 1303431647
2091.104068 530.777247 1303431649
2122.052740 529.110582 1303431651
2152.091156 529.221693 1303431653
2181.798570 529.777248 1303431655
2210.761230 530.443914 1303431657
2238.730885 530.999469 1303431659
2265.542033 531.555024 1303431661
2291.939429 532.332801 1303431663
2318.502326 532.999467 1303431665
2345.809978 533.777244 1303431667
2373.779632 535.221687 1303431669
2402.328540 536.666130 1303431671
2430.049944 537.666129 1303431673
2457.771347 538.666128 1303431675
2485.823752 539.666127 1303431677
2513.627906 540.777237 1303431679
2541.432060 541.443903 1303431681
2569.815467 541.555014 1303431683
2599.440131 542.221680 1303431685
2628.899294 543.332790 1303431687
2657.448202 543.666123 1303431689
2684.921354 544.443900 1303431691
2709.994742 545.666121 1303431693
2731.178859 546.332787 1303431695
2759.065764 546.777231 1303431698
2782.153141 548.110563 1303431701
2807.392031 550.555005 1303431704
2827.914145 551.888337 1303431706
2851.415275 552.999447 1303431708
2876.488663 553.888335 1303431710
2900.569047 554.666112 1303431712
2921.256661 555.443889 1303431714
2945.254294 557.999442 1303431717
2966.272910 559.888329 1303431721
2987.374277 559.443885 1303431745
2996.476827 582.777195 1303431749
2994.987319 611.888277 1303431752
2994.573567 636.332697 1303431754
2993.828812 663.888225 1303431756
2992.256554 691.554864 1303431758
2991.346299 719.110392 1303431760
2991.015297 746.554809 1303431762
2989.856791 772.332561 1303431764
2988.119031 794.999205 1303431766
2987.953530 819.110292 1303431769
3005.827629 831.332502 1303431773
3029.163258 830.999169 1303431776
3049.850872 830.999169 1303431778
3074.345008 831.221391 1303431780
3100.659654 831.554724 1303431782
3127.967305 832.110279 1303431784
3154.530202 831.999168 1303431786
3176.955576 831.888057 1303431788
3198.718946 831.554724 1303431791
