3313.411080 865.332468 1304009783
3314.073084 842.221380 1304009807
3314.569587 814.443630 1304009810
3314.983339 792.221430 1304009812
3315.397091 767.999232 1304009814
3316.141846 742.888146 1304009816
3316.721099 717.999282 1304009818
3317.217602 693.665973 1304009820
3317.962356 671.110440 1304009822
3320.610370 642.777135 1304009825
3322.099879 622.332711 1304009828
3322.513631 599.332734 1304009843
3323.010134 578.221644 1304009846
3323.589387 549.555006 1304009849
3323.920389 528.777249 1304009851
3324.830644 507.777270 1304009853
3326.402902 478.443966 1304009856
3327.064906 455.555100 1304009859
3328.140662 431.555124 1304009880
3328.057912 408.999591 1304009883
3329.464669 378.999621 1304009886
3329.630170 352.332981 1304009889
3327.975161 331.666335 1304009908
3330.457675 311.221911 1304009932
3356.110317 309.999690 1304009938
3379.528696 310.555245 1304009941
3404.436584 309.444135 1304009944
3429.592723 308.999691 1304009947
3450.859591 308.555247 1304009950
3470.719701 314.888574 1304009954
3483.546022 294.777483 1304009962
3481.560011 274.333059 1304009965
3481.973763 252.888636 1304009969
3460.127642 246.666420 1304009974
3437.950519 246.110865 1304009977
3416.766402 245.888643 1304009980
3392.603269 245.221977 1304009984
3368.191884 243.666423 1304009988
3345.849260 242.110869 1304009993
3332.195434 258.777519 1304010008
3333.188440 281.999718 1304010012
3338.153467 303.888585 1304010029
3337.077711 327.999672 1304010033
3336.663959 358.110753 1304010036
3336.084706 380.444064 1304010038
3336.001955 401.332932 1304010040
3336.001955 422.666244 1304010042
3335.588203 444.555111 1304010044
3334.760699 466.555089 1304010046
3334.098695 488.221734 1304010048
3334.429697 508.999491 1304010050
3334.843449 530.332803 1304010052
3335.008950 552.443892 1304010054
3336.167456 575.888313 1304010056
3338.236218 601.666065 1304010058
3338.898221 628.332705 1304010060
3338.401719 656.221566 1304010062
3338.070717 684.332649 1304010064
3337.822466 711.443733 1304010066
3337.491464 735.888153 1304010068
3337.325963 757.110354 1304010070
3337.491464 783.221439 1304010073
3337.325963 807.554748 1304010077
3337.408713 827.776950 1304010104
3336.746710 854.665812 1304010109
3336.167456 881.999118 1304010112
3336.001955 903.221319 1304010114
3334.926200 926.110185 1304010116
3334.264196 950.332383 1304010118
3333.767693 974.554581 1304010120
3333.519442 998.110113 1304010122
3332.940189 1019.665647 1304010124
3332.360935 1046.776731 1304010127
3332.112684 1067.554488 1304010132
3332.691937 1091.443353 1304010151
3331.947183 1119.221103 1304010154
3332.278185 1139.443305 1304010156
3330.540425 1162.665504 1304010158
3328.471664 1188.554367 1304010160
3327.313157 1216.887672 1304010162
3325.906400 1246.554309 1304010164
3324.168640 1274.443170 1304010166
3322.017128 1299.443145 1304010168
3320.362119 1319.887569 1304010170
3318.955361 1341.998658 1304010173
3315.893594 1365.331968 1304010177
3297.191991 1380.665286 1304010181
3272.366853 1385.220837 1304010184
3250.934485 1387.776390 1304010186
3227.847107 1390.887498 1304010188
3204.097726 1393.220829 1304010190
3179.686341 1392.887496 1304010192
3155.771458 1391.665275 1304010194
3132.849582 1390.220832 1304010196
3110.589708 1389.331944 1304010198
3088.164334 1388.331945 1304010200
3065.076957 1386.887502 1304010202
3043.810089 1385.776392 1304010204
3019.398704 1385.109726 1304010207
2999.455844 1383.331950 1304010212
2977.692473 1383.998616 1304010222
2955.515351 1384.554171 1304010227
