2944.178538 1387.443057 1304013853
2923.242672 1387.998612 1304013882
2901.975804 1387.331946 1304013885
2872.351140 1386.443058 1304013888
2849.181012 1385.665281 1304013890
2823.693871 1384.220838 1304013892
2797.461976 1382.887506 1304013894
2770.568077 1381.443063 1304013896
2742.598423 1380.220842 1304013898
2713.470261 1378.887510 1304013900
2683.349095 1377.887511 1304013902
2652.069422 1378.109733 1304013904
2619.051989 1378.109733 1304013906
2586.613810 1377.887511 1304013908
2555.251386 1377.220845 1304013910
2525.792223 1376.331957 1304013912
2500.718835 1375.109736 1304013914
2474.155938 1374.887514 1304013917
2450.158305 1373.998626 1304013933
2425.829670 1373.665293 1304013936
2405.142056 1373.665293 1304013938
2381.640926 1373.554182 1304013940
2356.071034 1373.109738 1304013942
2328.184130 1372.443072 1304013944
2298.393965 1371.776406 1304013946
2269.265804 1371.220851 1304013948
2241.544401 1370.887518 1304013950
2216.057260 1370.554185 1304013952
2193.466385 1370.220852 1304013954
2172.613269 1369.776408 1304013956
2143.402358 1368.998631 1304013959
2113.943195 1367.220855 1304013962
2093.338331 1365.887523 1304013964
2071.823212 1364.887524 1304013966
2049.563339 1363.776414 1304013968
2026.310460 1363.331970 1304013970
2001.816324 1362.998637 1304013972
1975.749930 1362.998637 1304013974
1948.690531 1363.443081 1304013976
1920.720876 1363.554192 1304013978
1892.751221 1364.109747 1304013980
1865.857322 1364.665302 1304013982
1840.204680 1365.665301 1304013984
1815.214042 1366.220856 1304013986
1791.133659 1366.109745 1304013988
1770.528795 1365.665301 1304013990
1746.944914 1365.887523 1304013994
1723.774786 1365.220857 1304014013
1698.453146 1364.665302 1304014017
1677.931033 1363.554192 1304014021
1652.774893 1363.443081 1304014025
1631.673527 1363.331970 1304014029
1611.978918 1359.109752 1304014034
1587.733034 1355.776422 1304014038
1561.501139 1354.887534 1304014041
1538.993014 1354.109757 1304014044
1516.981392 1353.665313 1304014049
1496.707530 1344.887544 1304014054
1497.369534 1321.109790 1304014059
1500.679552 1297.887591 1304014062
1502.831064 1277.220945 1304014064
1501.341556 1249.998750 1304014067
1497.121282 1228.109883 1304014072
1505.644580 1203.998796 1304014077
1514.498879 1178.221044 1304014080
1512.099115 1156.443288 1304014082
1509.037348 1135.665531 1304014084
1505.313578 1112.776665 1304014087
1498.610791 1093.554462 1304014097
1498.941792 1069.221153 1304014106
1499.107293 1044.776733 1304014109
1499.686547 1024.554531 1304014111
1500.927803 1002.554553 1304014113
1502.748314 978.776799 1304014115
1503.493068 953.332380 1304014117
1503.244816 929.332404 1304014119
1503.493068 905.665761 1304014121
1503.658569 881.999118 1304014123
1503.989570 858.999141 1304014125
1504.734325 832.665834 1304014128
1500.183049 812.443632 1304014134
1475.357912 805.221417 1304014138
1446.560753 803.221419 1304014141
1425.045634 803.332530 1304014143
1404.358019 801.776976 1304014145
1376.719366 800.888088 1304014148
1351.728728 802.888086 1304014151
1329.551605 805.999194 1304014155
1308.532989 808.332525 1304014164
1287.100621 814.776963 1304014171
1260.372223 823.665843 1304014176
1233.726575 821.888067 1304014179
1206.005172 820.665846 1304014182
1176.711510 819.443625 1304014185
1150.727866 817.332516 1304014188
1128.136991 815.665851 1304014207
1105.049613 814.665852 1304014211
1084.196498 812.888076 1304014214
1058.957608 809.776968 1304014218
1033.139466 807.776970 1304014221
1002.770048 806.776971 1304014224
979.930921 806.221416 1304014226
957.505547 806.110305 1304014228
930.859900 806.999193 1304014231
910.834289 808.443636 1304014237
906.117513 828.554727 1304014241
906.531265 854.443590 1304014244
905.372759 884.554671 1304014247
903.221247 905.665761 1304014249
901.648988 926.332407 1304014251
901.814489 947.776830 1304014253
902.559243 968.887920 1304014255
904.379753 994.554561 1304014258
907.607021 1015.221207 1304014263
906.283014 1040.221182 1304014271
921.840100 1056.443388 1304014278
942.031212 1055.776722 1304014281
968.014855 1054.554501 1304014284
990.936732 1054.221168 1304014288
1014.934365 1055.332278 1304014308
1041.249010 1056.665610 1304014311
1069.549667 1056.332277 1304014314
1091.644039 1054.665612 1304014318
1114.648666 1054.998945 1304014324
1135.584532 1054.332279 1304014328
1158.671910 1048.776729 1304014356
1185.648559 1049.887839 1304014360
1208.404935 1050.554505 1304014363
1228.347795 1051.998948 1304014366
1252.924681 1053.887835 1304014371
1278.660074 1056.443388 1304014375
1302.657707 1058.554497 1304014378
1327.400093 1059.776718 1304014381
1349.163464 1059.998940 1304014384
1374.816106 1059.332274 1304014388
1397.572482 1058.998941 1304014392
1417.763593 1059.998940 1304014395
1439.030461 1060.665606 1304014398
1459.552575 1064.554491 1304014402
1479.991938 1069.665597 1304014415
1497.700536 1086.665580 1304014421
1497.866037 1107.332226 1304014424
1496.707530 1133.776644 1304014427
1495.880026 1154.221068 1304014429
1494.887020 1174.998825 1304014431
1493.811264 1199.998800 1304014434
1492.156255 1222.443222 1304014441
1491.742503 1247.220975 1304014444
1490.997749 1267.554288 1304014446
1489.839242 1289.220933 1304014448
1488.928987 1309.887579 1304014450
1488.763486 1332.332001 1304014453
1498.776292 1351.443093 1304014477
1506.885836 1370.443074 1304014483
1534.110737 1371.887517 1304014488
1560.590884 1376.554179 1304014491
1587.319281 1378.998621 1304014494
1615.619938 1377.665289 1304014497
1641.520831 1369.776408 1304014500
1662.125695 1362.887526 1304014504
