1723.195533 1366.887522 1304018032
1702.756170 1365.998634 1304018060
1679.337790 1360.443084 1304018064
1658.732926 1358.554197 1304018067
1633.411286 1356.998643 1304018070
1604.531377 1354.887534 1304018073
1575.320465 1354.887534 1304018076
1547.930063 1355.220867 1304018079
1524.842686 1354.998645 1304018082
1501.093304 1353.776424 1304018086
1488.597985 1337.554218 1304018093
1492.735508 1310.665356 1304018097
1493.563013 1284.332049 1304018100
1494.307767 1256.776521 1304018103
1497.700536 1234.109877 1304018107
1507.382339 1212.998787 1304018113
1520.953414 1190.109921 1304018116
1532.952231 1173.665493 1304018118
1545.695801 1149.221073 1304018121
1539.572267 1124.221098 1304018124
1530.800719 1104.554451 1304018127
1519.463906 1085.554470 1304018132
1516.567640 1060.998939 1304018136
1515.822886 1033.554522 1304018139
1514.747130 1011.665655 1304018141
1513.588623 988.554567 1304018143
1513.009370 963.665703 1304018145
1512.595618 937.221285 1304018147
1511.602613 911.221311 1304018149
1510.361356 887.665779 1304018151
1508.292594 859.332474 1304018154
1505.975581 839.221383 1304018157
1506.720335 819.110292 1304018164
1487.025727 808.776969 1304018169
1462.200589 807.554748 1304018172
1431.665670 806.332527 1304018175
1409.488548 806.110305 1304018177
1386.732172 806.110305 1304018179
1364.968801 805.888083 1304018181
1338.819657 805.221417 1304018184
1317.304538 806.554749 1304018189
1294.879164 806.110305 1304018203
1267.737013 802.888086 1304018206
1244.070382 801.665865 1304018208
1218.583241 801.221421 1304018210
1195.330363 801.443643 1304018212
1173.980745 801.554754 1304018214
1147.831600 802.221420 1304018217
1127.309487 804.776973 1304018222
1106.787373 804.888084 1304018241
1081.879485 801.888087 1304018244
1061.274621 800.776977 1304018246
1040.918009 800.554755 1304018248
1012.782853 800.665866 1304018251
986.964710 800.221422 1304018254
962.967077 799.999200 1304018257
942.196712 800.443644 1304018260
922.005601 804.110307 1304018265
904.628005 815.999184 1304018279
905.952012 843.665823 1304018283
906.283014 871.888017 1304018286
905.786511 892.665774 1304018288
905.207258 914.999085 1304018290
904.379753 939.776838 1304018292
903.552249 966.443478 1304018294
903.469498 990.443454 1304018296
902.890245 1012.443432 1304018298
902.310992 1037.665629 1304018301
910.999790 1057.110054 1304018306
935.907678 1057.221165 1304018310
962.553325 1056.110055 1304018313
983.489191 1054.554501 1304018316
1007.735075 1054.998945 1304018337
1028.008937 1056.443388 1304018340
1054.240832 1058.443386 1304018343
1079.396971 1059.554496 1304018346
1101.822346 1061.110050 1304018357
1123.502965 1059.332274 1304018361
1143.942329 1057.221165 1304018381
1169.098468 1057.443387 1304018386
1198.061128 1059.221163 1304018389
1218.996994 1059.665607 1304018391
1246.718397 1061.887827 1304018394
1268.233516 1062.887826 1304018397
1290.658890 1062.998937 1304018400
1317.056286 1063.443381 1304018403
1347.011952 1064.332269 1304018406
1367.699566 1065.443379 1304018408
1388.387181 1066.332267 1304018410
1409.074795 1067.110044 1304018412
1430.010661 1067.998932 1304018414
1450.201773 1068.554487 1304018416
1473.785653 1066.554489 1304018419
1495.218022 1071.110040 1304018425
1503.079315 1094.332239 1304018430
1501.755308 1122.776655 1304018433
1499.934798 1144.443300 1304018435
1499.521046 1165.332168 1304018437
1501.176055 1188.665478 1304018440
1502.169060 1210.665456 1304018446
1501.258805 1232.665434 1304018449
1500.431301 1261.887627 1304018452
1499.024543 1289.665377 1304018455
1496.873031 1311.998688 1304018458
1492.983760 1334.443110 1304018483
1518.057148 1340.887548 1304018487
1545.695801 1342.665324 1304018490
1570.603689 1344.443100 1304018493
1591.291303 1350.554205 1304018496
1619.095457 1353.776424 1304018500
1645.410103 1349.665317 1304018503
1673.793510 1350.998649 1304018506
1703.169922 1356.776421 1304018509
1724.023038 1358.554197 1304018511
1746.613913 1359.998640 1304018513
1770.859797 1360.554195 1304018515
1796.760690 1360.887528 1304018517
1823.737339 1361.331972 1304018519
1851.044990 1360.776417 1304018521
1878.518142 1359.776418 1304018523
1906.074045 1358.665308 1304018525
1932.967944 1357.220865 1304018527
1958.455085 1356.554199 1304018529
1982.452717 1356.220866 1304018531
2004.050587 1356.443088 1304018533
2031.440988 1357.220865 1304018536
2055.024869 1358.220864 1304018540
2077.946746 1358.776419 1304018559
2103.930389 1359.220863 1304018562
2124.618004 1359.776418 1304018564
2147.788132 1360.443084 1304018566
2171.537513 1360.887528 1304018568
2195.452396 1361.331972 1304018570
2219.532779 1361.554194 1304018572
2244.606168 1361.554194 1304018574
2270.838063 1361.776416 1304018576
2298.311215 1361.998638 1304018578
2326.446370 1362.109749 1304018580
2355.078029 1362.220860 1304018582
2382.220179 1361.665305 1304018584
2407.541819 1360.998639 1304018586
2430.711947 1361.220861 1304018588
2458.516101 1361.998638 1304018591
2479.369216 1361.998638 1304018595
2499.891330 1363.220859 1304018611
2523.392460 1365.109746 1304018614
2552.603372 1367.443077 1304018617
2574.532243 1368.554187 1304018619
2598.033373 1369.331964 1304018621
2622.196507 1369.443075 1304018623
2646.525141 1369.998630 1304018625
2671.267528 1370.554185 1304018627
2697.085671 1370.998629 1304018629
2723.317566 1370.887518 1304018631
2749.963213 1371.331962 1304018633
2775.864107 1372.331961 1304018635
2801.020246 1372.887516 1304018637
2824.769627 1372.776405 1304018639
2845.622743 1372.776405 1304018641
2869.372124 1372.665294 1304018644
2889.397735 1372.220850 1304018649
