2942.275277 1386.887502 1304079016
2916.705386 1386.331947 1304079019
2893.535258 1385.776392 1304079021
2867.137862 1385.220837 1304079023
2840.492214 1384.554171 1304079025
2813.267314 1383.665283 1304079027
2785.297659 1382.998617 1304079029
2757.162503 1382.554173 1304079031
2729.441100 1382.443062 1304079033
2701.885197 1382.109729 1304079035
2674.412045 1381.331952 1304079037
2647.104394 1380.998619 1304079039
2620.127745 1380.776397 1304079041
2594.723355 1380.443064 1304079043
2573.042735 1379.998620 1304079045
2550.038107 1379.443065 1304079048
2529.433243 1379.776398 1304079069
2508.166376 1379.443065 1304079073
2484.003242 1378.665288 1304079076
2457.688596 1378.109733 1304079079
2435.263222 1377.554178 1304079081
2410.686336 1377.109734 1304079083
2385.778449 1376.220846 1304079085
2360.043056 1375.665291 1304079087
2332.735405 1374.887514 1304079089
2303.524494 1374.109737 1304079091
2274.065331 1373.443071 1304079093
2244.937169 1372.887516 1304079095
2217.298517 1372.554183 1304079097
2192.473379 1372.331961 1304079099
2170.627258 1371.998628 1304079101
2144.643615 1371.665295 1304079104
2122.466492 1370.998629 1304079108
2099.958367 1370.331963 1304079130
2076.788239 1369.998630 1304079134
2053.783612 1368.998631 1304079137
2022.752190 1367.776410 1304079140
1997.678802 1365.887523 1304079142
1972.026160 1364.998635 1304079144
1945.215011 1365.776412 1304079146
1916.252351 1366.554189 1304079148
1885.220929 1367.331966 1304079150
1854.851511 1367.776410 1304079152
1825.640600 1368.220854 1304079154
1798.581200 1367.998632 1304079156
1774.087065 1367.554188 1304079158
1749.344678 1366.776411 1304079160
1726.505551 1366.331967 1304079162
1705.735186 1365.887523 1304079164
1685.130322 1364.331969 1304079166
1662.456697 1363.665303 1304079168
1636.886806 1362.665304 1304079170
1608.751650 1362.109749 1304079172
1580.202742 1361.443083 1304079174
1553.308843 1362.220860 1304079176
1529.724963 1364.220858 1304079178
1504.320572 1363.665303 1304079181
1485.122466 1352.998647 1304079185
1473.454651 1331.776446 1304079189
1458.559569 1307.220915 1304079192
1450.450024 1280.109831 1304079195
1454.256545 1258.776519 1304079198
1467.579369 1235.220987 1304079203
1482.805453 1213.554342 1304079205
1495.300772 1194.554361 1304079207
1508.458095 1177.887711 1304079209
1515.160882 1151.665515 1304079212
1516.898642 1131.665535 1304079214
1517.064143 1109.776668 1304079217
1516.071137 1083.554472 1304079222
1516.567640 1055.776722 1304079225
1517.560645 1033.998966 1304079227
1518.470901 1009.554546 1304079229
1519.215655 984.665682 1304079231
1520.043159 958.999041 1304079233
1520.043159 932.332401 1304079235
1519.050154 905.332428 1304079237
1517.808897 881.332452 1304079239
1516.153888 854.221368 1304079242
1516.484890 833.443611 1304079246
1505.644580 815.221407 1304079260
1481.315945 811.221411 1304079263
1450.863776 809.110302 1304079266
1426.535142 807.665859 1304079268
1400.716999 806.888082 1304079270
1377.960623 806.443638 1304079272
1351.232225 805.999194 1304079275
1328.475849 805.999194 1304079279
1306.877980 806.888082 1304079285
1284.866358 806.888082 1304079288
1264.840747 807.443637 1304079290
1241.008616 807.554748 1304079292
1214.776720 806.443638 1304079294
1189.703332 806.221416 1304079296
1168.022712 806.443638 1304079298
1142.370070 807.665859 1304079301
1121.765206 807.665859 1304079316
1093.547300 803.888085 1304079320
1072.363183 802.888086 1304079322
1048.613801 801.776976 1304079324
1025.278172 801.110310 1304079326
1001.528791 800.665866 1304079328
977.862160 800.665866 1304079330
955.519536 801.665865 1304079332
928.625637 802.888086 1304079335
907.772522 805.999194 1304079339
904.048751 828.776949 1304079343
905.207258 856.888032 1304079346
905.207258 879.999120 1304079348
904.628005 917.999082 1304079351
904.131502 943.554612 1304079353
903.717750 967.776810 1304079355
903.634999 988.999011 1304079357
904.131502 1012.776765 1304079360
903.717750 1034.443410 1304079368
909.510282 1055.887833 1304079374
929.949645 1057.887831 1304079377
957.174545 1056.665610 1304079380
980.675675 1056.443388 1304079383
1001.528791 1057.443387 1304079405
1029.415695 1059.443385 1304079409
1058.295605 1060.332273 1304079412
1083.534494 1060.443384 1304079415
1107.532127 1061.332272 1304079421
1136.329286 1065.332268 1304079425
1158.009906 1066.443378 1304079427
1183.083295 1067.332266 1304079429
1209.480691 1068.110043 1304079431
1236.126339 1067.998932 1304079433
1261.447979 1068.665598 1304079435
1286.190365 1069.221153 1304079437
1312.008508 1069.110042 1304079439
1338.985158 1069.554486 1304079441
1364.968801 1069.887819 1304079443
1388.718183 1069.998930 1304079445
1410.895305 1070.221152 1304079447
1431.334668 1071.443373 1304079449
1457.566564 1072.554483 1304079452
1478.171428 1071.665595 1304079455
1499.190044 1073.998926 1304079462
1502.500062 1096.221126 1304079466
1502.748314 1123.887765 1304079469
1503.658569 1144.443300 1304079471
1503.575818 1165.554390 1304079473
1503.493068 1186.109925 1304079475
1503.906820 1209.109902 1304079481
1505.727330 1231.220991 1304079485
1505.644580 1260.332073 1304079488
1505.313578 1282.776495 1304079490
1504.072321 1309.443135 1304079493
1496.955781 1330.443114 1304079497
1513.919625 1343.665323 1304079511
1538.496511 1345.109766 1304079514
1569.031430 1346.998653 1304079517
1591.787806 1348.109763 1304079519
1620.005712 1349.331984 1304079522
1640.362325 1350.998649 1304079525
1660.056934 1355.220867 1304079535
1683.392563 1362.665304 1304079541
1706.397190 1363.554192 1304079544
1734.118594 1363.998636 1304079547
1754.888958 1363.998636 1304079549
1775.990325 1363.998636 1304079551
1805.283987 1364.220858 1304079554
1834.081147 1363.554192 1304079557
1854.106757 1362.665304 1304079559
1874.877122 1361.887527 1304079561
1897.385247 1361.109750 1304079563
1921.382879 1360.220862 1304079565
1944.387507 1359.554196 1304079567
1965.157872 1359.109752 1304079569
1992.796525 1358.554197 1304079572
2017.042409 1358.776419 1304079575
2039.136781 1359.331974 1304079579
2060.734650 1359.776418 1304079593
2086.221791 1359.998640 1304079596
2115.680954 1360.554195 1304079599
2136.203068 1360.998639 1304079601
2157.221684 1361.443083 1304079603
2178.819554 1361.776416 1304079605
2201.493179 1362.109749 1304079607
2224.497806 1362.109749 1304079609
2247.998936 1362.331971 1304079611
2271.417316 1362.776415 1304079613
2296.407954 1362.998637 1304079615
2324.708611 1363.331970 1304079617
2354.581526 1363.776414 1304079619
2383.130434 1364.331969 1304079621
