2525.957724 1379.443065 1304080860
2499.477578 1377.220845 1304080875
2474.073187 1376.887512 1304080878
2446.351784 1376.443068 1304080881
2415.816865 1376.109735 1304080884
2393.474241 1375.331958 1304080886
2369.807610 1373.331960 1304080888
2345.147974 1371.776406 1304080890
2319.081580 1370.998629 1304080892
2292.022180 1370.554185 1304080894
2264.052525 1370.109741 1304080896
2235.503617 1369.331964 1304080898
2206.871959 1368.887520 1304080900
2179.150556 1368.443076 1304080902
2153.001411 1367.665299 1304080904
2128.921028 1366.998633 1304080906
2104.923395 1366.887522 1304080908
2079.850006 1366.665300 1304080910
2053.618111 1365.998634 1304080912
2026.475961 1365.331968 1304080914
1998.589057 1365.109746 1304080916
1969.874648 1365.109746 1304080918
1940.332734 1365.887523 1304080920
1911.618325 1366.998633 1304080922
1883.400419 1368.109743 1304080924
1856.010018 1368.998631 1304080926
1828.867868 1369.665297 1304080928
1802.801473 1369.776408 1304080930
1779.714096 1369.220853 1304080932
1752.323694 1368.554187 1304080935
1730.394823 1366.998633 1304080951
1706.479941 1367.331966 1304080955
1682.068556 1366.331967 1304080958
1659.063928 1354.776423 1304080961
1638.790066 1347.554208 1304080963
1616.530193 1334.998665 1304080965
1596.421832 1323.109788 1304080967
1575.734217 1320.776457 1304080969
1549.667823 1323.554232 1304080972
1529.393961 1322.665344 1304080977
1517.643396 1340.998659 1304080992
1499.603796 1350.887538 1304080996
1499.603796 1330.665336 1304081004
1497.866037 1306.776471 1304081007
1497.617785 1285.776492 1304081009
1498.610791 1258.220964 1304081012
1500.762303 1238.220984 1304081019
1511.106110 1217.554338 1304081030
1511.271611 1194.998805 1304081032
1509.947603 1168.887720 1304081034
1509.616602 1139.221083 1304081036
1505.230827 1115.665551 1304081039
1497.948787 1092.776685 1304081045
1497.617785 1070.443374 1304081049
1497.535035 1040.665626 1304081052
1497.452284 1016.665650 1304081054
1497.286783 990.665676 1304081056
1497.535035 962.999037 1304081058
1497.535035 936.221286 1304081060
1497.286783 908.776869 1304081062
1497.121282 884.332449 1304081064
1496.873031 863.776914 1304081066
1498.776292 841.665825 1304081069
1496.790281 820.888068 1304081075
1475.440662 815.888073 1304081080
1442.505980 813.665853 1304081084
1422.149368 813.999186 1304081086
1400.799750 814.554741 1304081088
1379.036379 814.776963 1304081090
1358.183264 814.554741 1304081092
1333.771879 814.443630 1304081095
1312.256760 814.110297 1304081100
1291.320894 812.776965 1304081107
1267.902514 820.665846 1304081111
1246.304645 820.999179 1304081113
1221.148506 819.221403 1304081115
1196.488869 818.221404 1304081117
1175.056501 817.665849 1304081119
1148.990106 816.221406 1304081122
1127.226736 811.888077 1304081141
1102.070597 806.665860 1304081146
1076.335205 805.443639 1304081149
1046.545040 803.999196 1304081152
1024.947170 803.554752 1304081154
1002.852798 803.110308 1304081156
981.420429 802.888086 1304081158
952.706021 804.332529 1304081161
932.101157 805.554750 1304081164
910.668788 805.888083 1304081174
905.372759 829.443615 1304081180
906.117513 850.776927 1304081184
906.614016 873.332460 1304081188
906.200263 895.665771 1304081192
905.041757 921.554634 1304081196
904.545254 949.332384 1304081199
904.462504 970.554585 1304081201
904.379753 991.999008 1304081203
904.297003 1020.776757 1304081206
903.221247 1044.554511 1304081210
918.695582 1058.665608 1304081218
944.596476 1056.665610 1304081222
966.442597 1056.554499 1304081225
987.874965 1056.998943 1304081229
