3312.997328 1354.665312 1304085991
3305.384286 1377.554178 1304086019
3283.620916 1385.220837 1304086023
3258.961279 1387.109724 1304086026
3238.604667 1388.887500 1304086028
3216.841296 1390.554165 1304086030
3194.415922 1391.443053 1304086032
3172.238799 1390.887498 1304086034
3151.468435 1390.331943 1304086036
3122.340273 1390.220832 1304086039
3101.238907 1389.665277 1304086042
3079.392786 1389.109722 1304086047
3054.402148 1389.665277 1304086050
3033.880034 1390.998609 1304086052
3013.440671 1391.331942 1304086054
2986.464022 1391.331942 1304086057
2963.955897 1391.554164 1304086061
2940.785769 1391.109720 1304086086
2919.436151 1390.887498 1304086089
2894.445513 1389.665277 1304086092
2866.889610 1387.665279 1304086095
2837.182196 1385.776392 1304086098
2816.246330 1384.887504 1304086100
2794.813962 1384.443060 1304086102
2772.885090 1384.220838 1304086104
2750.211465 1383.776394 1304086106
2727.537839 1382.998617 1304086108
2706.601973 1382.443062 1304086110
2676.646308 1381.887507 1304086113
2655.627691 1381.776396 1304086115
2635.353829 1381.331952 1304086117
2606.639420 1380.665286 1304086120
2580.076524 1380.220842 1304086123
2556.161641 1381.331952 1304086127
2536.053280 1382.554173 1304086154
2516.027669 1383.109728 1304086174
2493.933297 1383.109728 1304086177
2473.245683 1382.331951 1304086180
2452.392567 1381.776396 1304086185
2426.574424 1378.220844 1304086200
2399.515025 1376.554179 1304086203
2379.075662 1375.776402 1304086205
2357.146790 1374.998625 1304086207
2334.555915 1374.443070 1304086209
2311.468538 1374.109737 1304086211
2287.719156 1373.887515 1304086213
2263.059520 1373.443071 1304086215
2237.406878 1372.665294 1304086217
2211.919737 1372.220850 1304086219
2186.598097 1371.554184 1304086221
2161.276457 1370.554185 1304086223
2136.782321 1369.998630 1304086225
2112.867439 1369.443075 1304086227
2088.787056 1368.998631 1304086229
2063.796417 1368.443076 1304086231
2037.812774 1367.998632 1304086233
2011.249877 1367.331966 1304086235
1983.942226 1367.109744 1304086237
1956.303573 1367.220855 1304086239
1929.326923 1368.220854 1304086241
1903.177779 1368.554187 1304086243
1877.690638 1369.331964 1304086245
1838.963424 1370.443074 1304086248
1812.814279 1370.331963 1304086250
1786.996136 1369.776408 1304086252
1761.839997 1369.109742 1304086254
1738.669869 1368.331965 1304086256
1709.707208 1367.887521 1304086259
1683.392563 1369.109742 1304086262
1657.326169 1367.887521 1304086265
1629.273763 1366.109745 1304086268
1600.145602 1364.220858 1304086271
1570.272687 1363.109748 1304086274
1540.979025 1361.998638 1304086277
1514.829880 1361.109750 1304086280
1494.556018 1359.554196 1304086284
1490.335745 1335.554220 1304086291
1490.666747 1314.332019 1304086294
1490.087493 1287.998712 1304086297
1489.425490 1262.776515 1304086300
1490.418495 1239.554316 1304086304
1492.735508 1218.443226 1304086309
1495.714525 1194.776583 1304086312
1497.369534 1173.887715 1304086314
1498.031537 1151.443293 1304086316
1498.776292 1131.109980 1304086318
1499.438295 1107.665559 1304086321
1498.610791 1086.221136 1304086328
1498.941792 1066.221156 1304086334
1499.272794 1045.332288 1304086337
1499.355545 1018.998981 1304086340
1499.686547 988.887900 1304086343
1500.183049 966.999033 1304086345
1500.017548 943.999056 1304086347
1500.679552 921.776856 1304086349
1500.762303 901.332432 1304086351
1501.507057 874.443570 1304086354
1500.762303 853.776924 1304086357
1501.258805 830.443614 1304086362
1493.314761 810.776967 1304086371
1471.551391 809.443635 1304086374
1445.236745 815.999184 1304086377
1417.598092 823.110288 1304086380
1396.331225 821.221401 1304086382
1376.222864 819.888069 1304086384
1352.556233 818.999181 1304086387
1331.785868 821.221401 1304086391
1310.601751 818.999181 1304086408
1286.355866 810.665856 1304086414
1258.551713 808.443636 1304086417
1229.920054 807.554748 1304086420
1208.653187 807.999192 1304086422
1179.607776 807.999192 1304086425
1153.127629 808.332525 1304086428
1129.212747 809.888079 1304086432
1106.621872 809.999190 1304086438
1080.224476 809.888079 1304086441
1058.626607 809.332524 1304086443
1038.269994 808.554747 1304086445
1009.059082 807.776970 1304086448
981.916932 809.554746 1304086451
957.091795 808.888080 1304086454
934.500920 810.221412 1304086458
914.227058 809.554746 1304086465
905.703761 832.999167 1304086473
906.448515 859.888029 1304086476
906.200263 881.776896 1304086478
906.034762 905.554650 1304086480
905.538260 930.221292 1304086482
904.628005 955.443489 1304086484
903.966001 980.332353 1304086486
903.469498 1002.998997 1304086488
902.641994 1029.554526 1304086491
901.897239 1049.665617 1304086497
917.288825 1063.332270 1304086509
939.796949 1061.998938 1304086512
965.366841 1060.221162 1304086515
985.309701 1057.665609 1304086518
