3343.697748 167.444277 1301687988
3343.614998 143.666523 1301687990
3343.283996 119.222103 1301687992
3343.035744 93.777684 1301687994
3342.042739 71.555484 1301687996
3339.808477 48.333285 1301687999
3321.272374 37.222185 1301688011
3295.454231 41.111070 1301688015
3271.042846 43.555512 1301688018
3243.900696 44.444400 1301688021
3216.096542 45.111066 1301688024
3191.271405 45.999954 1301688027
3169.425284 47.333286 1301688031
3148.075666 48.777729 1301688034
3122.754026 48.888840 1301688037
3097.846138 47.333286 1301688040
3070.786738 45.777732 1301688043
3044.058340 44.111067 1301688046
3020.308959 42.777735 1301688049
2999.952346 44.444400 1301688061
2998.545589 67.666599 1301688069
2998.876590 91.555464 1301688073
2998.380088 115.110996 1301688076
2997.387082 140.999859 1301688079
2996.725079 161.555394 1301688082
2996.311326 182.444262 1301688086
2996.145825 204.333129 1301688089
2996.311326 231.221991 1301688092
2995.401071 258.999741 1301688095
2994.821818 284.777493 1301688098
2994.490816 306.555249 1301688102
2995.318321 330.110781 1301688107
2994.821818 356.110755 1301688110
2993.580561 377.888511 1301688112
2992.256554 400.666266 1301688114
2991.346299 423.332910 1301688116
2990.353293 445.888443 1301688118
2989.774040 467.777310 1301688120
2989.277537 488.110623 1301688122
2988.036280 515.888373 1301688125
2988.201781 536.555019 1301688128
2987.788029 557.554998 1301688151
2980.340488 577.777200 1301688166
2958.908119 580.666086 1301688170
2934.662235 580.221642 1301688173
2905.616824 578.777199 1301688176
2877.481669 577.888311 1301688179
2852.739282 577.666089 1301688182
2830.396658 578.443866 1301688186
2808.302286 577.777200 1301688212
2780.332631 576.110535 1301688216
2750.459716 574.666092 1301688219
2727.786091 574.332759 1301688221
2704.367711 574.554981 1301688223
2681.032082 574.888314 1301688225
2657.365451 574.777203 1301688227
2632.871316 574.666092 1301688229
2608.873683 574.110537 1301688231
2588.351569 573.443871 1301688233
2564.353937 572.554983 1301688236
2541.349309 572.888316 1301688240
2521.654700 582.332751 1301688254
2517.682678 605.554950 1301688258
2516.855174 630.999369 1301688261
2515.200165 659.443785 1301688264
2514.289910 679.777098 1301688266
2514.124409 702.777075 1301688268
2513.876157 727.332606 1301688270
2513.545155 751.665915 1301688272
2513.876157 774.888114 1301688274
2514.703662 797.554758 1301688276
2515.200165 818.554737 1301688278
2515.531166 838.888050 1301688280
2515.117414 859.221363 1301688282
2513.958908 879.776898 1301688284
2512.717651 901.221321 1301688286
2512.221148 923.110188 1301688288
2512.552150 946.554609 1301688290
2512.965902 970.332363 1301688292
2512.800401 993.887895 1301688294
2512.800401 1017.665649 1301688296
2512.469400 1041.665625 1301688298
2510.731640 1065.887823 1301688300
2509.986886 1088.998911 1301688302
2510.400638 1110.665556 1301688304
2511.972897 1135.665531 1301688307
2514.455410 1161.554394 1301688312
2515.862168 1186.332147 1301688315
2516.027669 1207.665459 1301688317
2517.351677 1229.998770 1301688319
2518.592933 1252.332081 1301688321
2519.585939 1274.998725 1301688323
2520.247943 1298.220924 1301688325
2520.578944 1319.109792 1301688327
2520.413443 1341.887547 1301688330
2519.751440 1361.887527 1301688338
2535.391276 1376.998623 1301688345
2561.292170 1373.887515 1301688348
2582.641788 1372.331961 1301688350
2606.556670 1371.109740 1301688352
2630.719804 1370.554185 1301688354
2655.379440 1370.554185 1301688356
2680.204577 1370.776407 1301688358
2706.188221 1370.998629 1301688360
2731.840863 1371.331962 1301688362
2757.162503 1371.220851 1301688364
2781.573888 1371.109740 1301688366
2805.075018 1371.443073 1301688368
2827.417642 1372.109739 1301688370
2848.353508 1372.220850 1301688372
2876.405913 1372.331961 1301688375
2897.424529 1371.331962 1301688380
