2538.784045 570.888318 1301707528
2518.510183 581.221641 1301707534
2516.937924 603.332730 1301707538
2516.606922 631.554924 1301707541
2516.275921 654.777123 1301707543
2515.365666 679.999320 1301707545
2514.869163 705.221517 1301707547
2514.455410 729.332604 1301707549
2514.207159 751.777026 1301707551
2514.455410 772.332561 1301707553
2514.124409 794.443650 1301707556
2517.020675 815.221407 1301707581
2516.855174 837.665829 1301707586
2516.027669 860.999139 1301707589
2514.869163 890.887998 1301707592
2514.455410 911.332422 1301707594
2514.620911 941.221281 1301707597
2513.710656 961.665705 1301707599
2513.214154 981.776796 1301707601
2513.048653 1002.332331 1301707603
2512.965902 1023.332310 1301707605
2512.138398 1043.998956 1301707607
2511.890146 1064.332269 1301707609
2511.890146 1093.221129 1301707612
2512.552150 1117.887771 1301707615
2513.462405 1139.998860 1301707622
2515.365666 1165.109946 1301707627
2516.689673 1187.998812 1301707630
2517.765429 1214.887674 1301707633
2519.668689 1242.998757 1301707636
2519.999691 1272.332061 1301707639
2520.909946 1299.665367 1301707642
2520.827196 1323.443121 1301707645
2519.999691 1343.554212 1301707648
2521.406449 1364.220858 1301707652
2545.817834 1367.665299 1301707657
2569.484465 1366.443078 1301707660
2596.461114 1366.887522 1301707663
2622.279257 1367.109744 1301707666
2649.338657 1367.554188 1301707669
2677.556563 1368.443076 1301707672
2707.512229 1369.443075 1301707675
2728.199843 1370.109741 1301707677
2748.721957 1371.331962 1301707679
2769.326820 1371.998628 1301707681
2798.703233 1372.443072 1301707684
2827.583143 1372.554183 1301707687
2856.132051 1372.443072 1301707690
2881.701942 1372.665294 1301707693
2904.292817 1372.998627 1301707696
2926.138938 1373.887515 1301707699
2951.295077 1374.665292 1301707702
2978.933730 1375.665291 1301707705
3007.482638 1376.443068 1301707708
3036.776300 1376.887512 1301707711
3064.332203 1376.665290 1301707714
3091.888105 1377.220845 1301707717
3132.849582 1378.887510 1301707721
3154.199200 1379.554176 1301707723
3175.300566 1380.220842 1301707725
3196.401933 1380.554175 1301707727
3216.758546 1379.998620 1301707729
3236.618656 1377.443067 1301707731
3265.333065 1373.554182 1301707734
3289.247947 1369.331964 1301707737
3307.122046 1354.887534 1301707741
3307.453048 1327.998672 1301707745
3306.542792 1302.443142 1301707748
3306.625543 1272.443172 1301707751
3306.625543 1250.109861 1301707753
3306.791044 1227.220995 1301707755
3307.039295 1203.887685 1301707757
3307.453048 1180.332153 1301707759
3308.032301 1157.221065 1301707761
3308.694304 1134.776643 1301707763
3309.273558 1112.221110 1301707765
3310.101062 1090.332243 1301707767
3310.432064 1069.443375 1301707769
3310.597565 1047.887841 1301707771
3310.266563 1026.221196 1301707773
3310.101062 1003.887885 1301707775
3310.183813 981.887907 1301707777
3310.349314 959.776818 1301707779
3310.266563 938.665728 1301707781
3311.176818 918.110193 1301707783
3312.335325 892.443552 1301707786
3312.749077 871.332462 1301707790
3312.252574 848.665818 1301707798
3311.590570 821.999178 1301707802
3312.335325 794.443650 1301707805
3312.914578 773.554782 1301707807
3313.328330 751.443693 1301707809
3313.742082 729.443715 1301707811
3314.073084 707.665959 1301707813
3314.238585 686.665980 1301707815
3313.411080 657.999342 1301707818
3314.486836 631.888257 1301707821
3315.893594 607.221615 1301707825
3315.976345 585.999414 1301707845
3315.562592 564.554991 1301707849
3317.879605 539.332794 1301707853
3318.293357 516.555039 1301707857
3321.603376 496.221726 1301707861
3324.334141 471.443973 1301707865
3324.416891 450.999549 1301707869
3321.355124 431.110680 1301707881
