1725.181544 814.221408 1301778387
1705.155933 815.443629 1301778416
1685.047572 814.665852 1301778420
1663.366952 813.554742 1301778434
1628.198008 808.332525 1301778439
1606.269136 807.665859 1301778441
1583.347259 806.665860 1301778443
1561.583889 805.665861 1301778445
1534.193487 803.665863 1301778448
1512.016365 801.110310 1301778453
1487.273978 800.665866 1301778457
1455.580553 799.554756 1301778460
1432.906927 799.665867 1301778462
1411.226307 799.443645 1301778464
1390.786944 799.443645 1301778466
1361.410532 802.999197 1301778469
1335.178636 803.332530 1301778472
1313.249765 801.999198 1301778476
1292.562151 801.110310 1301778481
1266.578507 798.776979 1301778486
1245.228889 798.110313 1301778488
1221.065755 796.665870 1301778490
1197.895627 794.999205 1301778492
1176.628759 794.221428 1301778494
1151.886372 792.443652 1301778497
1130.619505 795.221427 1301778502
1110.180142 796.443648 1301778505
1079.976225 797.443647 1301778508
1057.799102 797.554758 1301778510
1035.539229 797.776980 1301778512
1013.693108 797.776980 1301778514
991.846987 797.665869 1301778516
963.546331 797.554758 1301778519
941.120956 798.554757 1301778523
919.357586 799.110312 1301778527
893.539443 798.888090 1301778530
872.934579 799.221423 1301778532
849.929952 799.776978 1301778534
824.856563 799.888089 1301778536
798.955670 800.332533 1301778538
772.558274 800.221422 1301778540
745.581625 799.665867 1301778542
718.191223 798.665868 1301778544
691.131823 797.776980 1301778546
665.065429 797.110314 1301778548
640.074791 797.443647 1301778550
617.152914 798.110313 1301778552
584.962986 799.110312 1301778556
563.199616 800.110311 1301778585
538.539979 799.221423 1301778589
514.045844 798.888090 1301778592
488.144951 798.221424 1301778595
457.858283 796.999203 1301778598
436.177663 796.332537 1301778600
415.159047 795.776982 1301778602
394.388682 795.554760 1301778604
374.280321 794.999205 1301778606
346.145165 793.888095 1301778609
322.313033 792.554763 1301778612
300.135910 790.776987 1301778617
277.627786 790.332543 1301778624
250.816638 789.776988 1301778628
224.998495 789.554766 1301778632
204.393631 788.443656 1301778636
180.892501 788.888100 1301778643
159.211881 790.554765 1301778646
132.648984 790.332543 1301778649
109.644357 789.776988 1301778652
86.887981 787.776990 1301778657
87.632735 809.665857 1301778671
87.549984 835.554720 1301778675
87.053482 863.776914 1301778678
86.805230 885.221337 1301778680
86.639729 907.665759 1301778682
87.053482 929.332404 1301778684
87.384483 949.665717 1301778686
87.715485 977.332356 1301778689
87.467234 1001.887887 1301778692
86.474228 1024.887864 1301778695
85.977726 1052.665614 1301778698
85.067471 1082.554473 1301778701
84.405467 1103.110008 1301778703
83.991715 1123.332210 1301778705
83.908964 1151.221071 1301778708
81.922953 1175.221047 1301778711
79.357689 1198.665468 1301778714
79.026687 1222.221000 1301778717
80.433445 1246.220976 1301778720
80.185194 1267.776510 1301778723
81.343700 1292.776485 1301778727
80.929948 1314.776463 1301778743
93.508017 1331.776446 1301778754
116.595395 1334.331999 1301778764
138.938019 1334.998665 1301778767
158.963629 1335.665331 1301778769
180.975251 1336.665330 1301778771
202.159368 1337.443107 1301778773
231.204779 1338.443106 1301778776
255.285162 1338.554217 1301778779
281.351556 1338.665328 1301778782
301.377167 1337.998662 1301778784
323.802541 1337.776440 1301778786
347.303671 1337.776440 1301778788
371.549555 1337.443107 1301778790
395.050686 1337.554218 1301778792
417.393309 1337.220885 1301778794
438.411925 1336.887552 1301778796
463.319813 1337.220885 1301778799
484.834932 1337.109774 1301778805
512.970088 1337.665329 1301778809
543.670508 1337.887551 1301778812
567.337139 1338.443106 1301778814
592.245026 1338.998661 1301778816
617.814918 1339.554216 1301778818
643.715811 1339.554216 1301778820
669.451204 1340.443104 1301778822
695.103845 1340.665326 1301778824
720.011733 1340.998659 1301778826
744.836871 1341.220881 1301778828
768.751753 1341.443103 1301778830
791.508129 1341.776436 1301778832
812.857747 1343.998656 1301778834
839.586145 1345.331988 1301778837
861.101264 1345.331988 1301778841
