1705.073183 806.554749 1301782712
1725.512546 807.221415 1301782715
1754.144204 808.443636 1301782718
1775.411072 809.554746 1301782720
1795.850435 810.665856 1301782722
1824.647594 811.665855 1301782725
1850.796739 812.665854 1301782728
1872.560109 813.888075 1301782731
1893.578726 815.665851 1301782737
1915.093845 815.332518 1301782754
1938.594975 817.888071 1301782757
1969.047143 819.110292 1301782760
1991.638018 819.665847 1301782762
2013.980642 820.110291 1301782764
2035.164759 821.110290 1301782766
2060.982902 821.332512 1301782769
2081.091263 821.110290 1301782773
2106.247402 821.221401 1301782797
2127.928022 821.888067 1301782800
2157.056183 823.443621 1301782803
2178.323051 823.443621 1301782805
2200.003671 823.221399 1301782807
2221.105038 823.332510 1301782809
2241.958153 823.554732 1301782811
2261.983764 823.888065 1301782813
2290.698173 824.110287 1301782816
2317.674822 824.110287 1301782819
2344.982473 824.332509 1301782822
2374.772638 824.110287 1301782825
2403.735298 823.554732 1301782828
2432.284206 824.888064 1301782831
2459.343606 825.332508 1301782834
2484.996248 825.665841 1301782837
2506.345866 825.888063 1301782840
2523.888963 837.776940 1301782846
2518.675684 862.554693 1301782854
2516.772423 890.554665 1301782857
2516.110420 913.665753 1301782859
2515.531166 937.221285 1301782861
2514.455410 960.887928 1301782863
2513.462405 983.776794 1301782865
2513.214154 1006.665660 1301782867
2513.462405 1029.221193 1301782869
2513.793407 1050.554505 1301782871
2514.207159 1070.776707 1301782873
2515.365666 1097.665569 1301782876
2514.869163 1118.887770 1301782879
2514.207159 1143.221079 1301782886
2512.055647 1164.109947 1301782889
2512.303899 1193.665473 1301782892
2513.793407 1215.554340 1301782894
2515.531166 1236.665430 1301782896
2516.772423 1265.887623 1301782899
2517.517177 1292.776485 1301782902
2517.682678 1312.776465 1301782905
2518.179181 1336.331997 1301782910
2517.103425 1357.109754 1301782936
2539.115047 1362.554193 1301782942
2561.871423 1361.554194 1301782945
2591.330586 1361.554194 1301782948
2613.590459 1361.220861 1301782950
2636.595086 1361.443083 1301782952
2660.261717 1361.998638 1301782954
2684.093849 1362.887526 1301782956
2708.505234 1363.331970 1301782958
2732.999370 1363.665303 1301782960
2757.328004 1364.220858 1301782962
2781.077386 1364.887524 1301782964
2804.082013 1365.331968 1301782966
2825.845383 1365.554190 1301782968
2846.450247 1365.998634 1301782970
2874.254401 1367.665299 1301782973
2895.521269 1367.331966 1301782976
2917.450140 1367.998632 1301782981
2943.847536 1369.776408 1301782985
2973.885952 1371.443073 1301782988
2994.242565 1371.554184 1301782990
3015.095680 1371.554184 1301782992
3036.197047 1371.554184 1301782994
3057.794916 1371.554184 1301782996
3078.896283 1371.109740 1301782998
3099.583898 1371.443073 1301783000
3120.519763 1371.887517 1301783002
3141.538380 1371.665295 1301783004
3162.887998 1371.665295 1301783006
3184.816869 1371.554184 1301783008
3206.000986 1371.776406 1301783010
3226.936852 1371.109740 1301783012
3248.038219 1368.443076 1301783014
3268.725833 1365.776412 1301783016
3294.709477 1360.665306 1301783019
3311.176818 1343.331990 1301783023
3310.845816 1320.776457 1301783026
3309.273558 1293.887595 1301783029
3308.363303 1273.220949 1301783031
3307.949550 1250.443194 1301783033
3308.280552 1226.776551 1301783035
3308.115051 1202.776575 1301783037
3308.363303 1178.776599 1301783039
3307.453048 1155.887733 1301783041
3307.039295 1133.776644 1301783043
3307.122046 1111.110000 1301783045
3308.032301 1086.998913 1301783047
3309.025306 1062.332271 1301783049
3309.439059 1036.887852 1301783051
3309.521809 1010.443434 1301783053
3310.101062 983.887905 1301783055
3310.763066 958.332375 1301783057
3310.432064 934.110177 1301783059
3309.935561 911.110200 1301783061
3308.528803 883.443561 1301783064
3308.777055 863.332470 1301783068
