82.915959 1013.665653 1301798066
83.495212 1034.221188 1301798073
83.412461 1055.776722 1301798076
82.584957 1082.110029 1301798079
81.095449 1109.332224 1301798082
80.598946 1136.665530 1301798085
80.350695 1164.554391 1301798088
80.102443 1191.109920 1301798091
79.688691 1216.776561 1301798094
78.861186 1242.443202 1301798097
78.199183 1266.665400 1301798100
78.033682 1286.776491 1301798103
77.950931 1307.443137 1301798118
87.384483 1327.109784 1301798124
111.547617 1330.776447 1301798129
139.020769 1331.998668 1301798133
165.004413 1332.109779 1301798136
193.056818 1331.776446 1301798139
220.860972 1331.332002 1301798142
245.437858 1329.998670 1301798145
269.021738 1329.998670 1301798149
290.867859 1330.443114 1301798152
318.672013 1331.332002 1301798155
339.194126 1331.665335 1301798157
361.040247 1332.332001 1301798159
383.051869 1333.443111 1301798161
404.566988 1333.998666 1301798163
425.337353 1334.220888 1301798165
452.148501 1334.109777 1301798168
474.160123 1333.998666 1301798175
497.661253 1335.443109 1301798179
525.548157 1336.109775 1301798182
546.649524 1336.331997 1301798184
569.323150 1336.331997 1301798186
592.493278 1336.109775 1301798188
615.084153 1336.776441 1301798190
637.013024 1336.887552 1301798192
658.610894 1337.443107 1301798194
680.457014 1338.109773 1301798196
702.385886 1338.665328 1301798198
725.059511 1339.220883 1301798200
748.229639 1339.443105 1301798202
770.903265 1339.887549 1301798204
792.914887 1340.887548 1301798206
813.271499 1341.665325 1301798208
841.820407 1341.443103 1301798211
863.749278 1340.109771 1301798214
880.713122 1329.109782 1301798218
883.361137 1308.665358 1301798221
884.188642 1281.776496 1301798224
884.602394 1254.109857 1301798227
884.354142 1233.220989 1301798230
877.237603 1213.221009 1301798252
877.651355 1188.443256 1301798256
878.809862 1159.443285 1301798259
880.299370 1136.332197 1301798261
882.699133 1113.665553 1301798263
884.188642 1092.443352 1301798265
885.595399 1066.998933 1301798268
898.835473 1050.665616 1301798272
921.840100 1051.776726 1301798275
951.051011 1054.443390 1301798278
972.814382 1055.332278 1301798280
995.901760 1055.887833 1301798282
1018.823636 1055.887833 1301798284
1040.752508 1057.221165 1301798286
1061.936625 1057.221165 1301798288
1087.920269 1056.110055 1301798291
1112.828156 1055.332278 1301798296
1139.722055 1059.887829 1301798300
1160.740671 1062.110049 1301798302
1185.234807 1063.221159 1301798304
1209.232440 1063.443381 1301798306
1233.147322 1062.665604 1301798308
1254.331439 1061.887827 1301798310
1274.936303 1060.776717 1301798313
1295.044664 1062.443382 1301798323
1319.373299 1066.776711 1301798327
1343.453682 1071.554484 1301798330
1372.912845 1074.776703 1301798333
1393.021206 1075.776702 1301798335
1414.039823 1076.110035 1301798337
1435.389441 1075.776702 1301798339
1460.380079 1076.443368 1301798342
1481.895198 1075.332258 1301798347
1497.452284 1060.998939 1301798352
1497.535035 1038.998961 1301798355
1497.286783 1008.332325 1301798358
1498.776292 982.665684 1301798360
1499.934798 955.887933 1301798362
1500.762303 929.665737 1301798364
1501.258805 905.332428 1301798366
1501.920809 882.221340 1301798368
1501.838058 860.665806 1301798370
1501.424306 833.221389 1301798373
1501.838058 811.776966 1301798379
1524.180682 799.888089 1301798384
1550.412577 802.888086 1301798387
1572.341449 804.888084 1301798389
1595.594327 805.665861 1301798391
1617.936951 806.110305 1301798393
1638.872817 806.443638 1301798395
1665.849466 806.999193 1301798398
1687.447335 806.999193 1301798402
1709.624458 810.443634 1301798411
1733.953093 813.332520 1301798415
1758.612729 815.888073 1301798418
1786.499633 817.332516 1301798421
1815.379543 818.110293 1301798424
1841.445937 818.554737 1301798427
1863.871311 818.665848 1301798430
1884.393425 818.110293 1301798434
1904.419036 818.999181 1301798442
1931.395685 822.443622 1301798447
1956.303573 824.221398 1301798450
1982.287216 825.554730 1301798453
2006.864102 826.110285 1301798456
2029.537728 826.332507 1301798459
2052.211353 826.332507 1301798464
2072.402465 828.776949 1301798469
2093.586582 829.554726 1301798472
2118.246219 830.665836 1301798475
2145.967622 832.443612 1301798478
2167.068989 833.554722 1301798480
2189.411612 833.776944 1301798482
2211.340484 833.665833 1301798484
2232.607351 833.554722 1301798486
2253.791468 833.554722 1301798488
2275.720340 833.665833 1301798490
