1295.458417 826.888062 1301863119
1271.874536 838.665828 1301863122
1249.531913 840.443604 1301863124
1228.016794 841.554714 1301863126
1203.191656 844.332489 1301863129
1182.007539 844.221378 1301863133
1160.244169 850.332483 1301863141
1133.515771 851.443593 1301863144
1108.276881 851.110260 1301863146
1083.948247 850.443594 1301863148
1061.191871 849.443595 1301863150
1039.759502 849.776928 1301863152
1016.589374 848.554707 1301863154
993.832998 845.999154 1301863156
971.986877 843.776934 1301863158
950.140756 841.888047 1301863160
924.736366 838.554717 1301863162
897.594216 834.888054 1301863164
865.652539 829.110282 1301863166
833.545361 825.110286 1301863168
803.258694 821.888067 1301863170
774.461534 819.221403 1301863172
746.905632 815.443629 1301863174
719.432480 812.443632 1301863176
692.373080 809.999190 1301863178
666.720438 807.332526 1301863180
643.053808 805.443639 1301863182
622.448944 804.110307 1301863184
599.609817 802.221420 1301863187
578.756702 799.443645 1301863192
560.386100 789.332544 1301863213
537.215972 788.999211 1301863217
512.225334 789.110322 1301863220
490.627464 788.776989 1301863222
467.126334 787.665879 1301863224
442.880450 786.665880 1301863226
418.882817 786.221436 1301863228
395.629939 786.443658 1301863230
372.873563 786.110325 1301863232
351.854947 786.221436 1301863234
328.022815 786.665880 1301863237
306.176694 787.332546 1301863242
285.820081 786.888102 1301863247
262.153450 785.888103 1301863250
235.673304 784.554771 1301863253
211.923922 783.665883 1301863256
190.491554 782.999217 1301863263
168.728183 783.776994 1301863267
148.454321 783.332550 1301863270
124.456689 782.665884 1301863274
104.679329 777.332556 1301863288
87.880986 791.221431 1301863302
82.833208 811.554744 1301863329
82.998709 834.665832 1301863332
82.419456 856.332477 1301863334
82.502206 882.221340 1301863336
82.088454 907.665759 1301863338
82.005704 932.332401 1301863340
82.253955 955.443489 1301863342
82.584957 976.887912 1301863344
83.164210 1003.887885 1301863347
82.750458 1031.110080 1301863350
81.674702 1060.443384 1301863353
80.847197 1081.443363 1301863355
80.433445 1103.443341 1301863357
80.847197 1125.109986 1301863359
81.012698 1146.332187 1301863361
80.929948 1168.776609 1301863363
81.012698 1190.998809 1301863365
80.929948 1213.665453 1301863367
81.012698 1235.887653 1301863369
80.847197 1256.554299 1301863371
80.350695 1284.109827 1301863374
79.936942 1307.998692 1301863378
98.390294 1325.665341 1301863392
119.408911 1329.109782 1301863395
148.785323 1331.443113 1301863398
169.886690 1331.887557 1301863400
199.097601 1332.220890 1301863403
225.412247 1331.109780 1301863406
247.092867 1328.998671 1301863410
271.173250 1329.554226 1301863415
295.170883 1329.998670 1301863418
324.216294 1329.998670 1301863421
345.979664 1330.220892 1301863423
367.908535 1330.332003 1301863425
389.506405 1330.332003 1301863427
410.028518 1329.665337 1301863429
437.418920 1328.665338 1301863432
460.920050 1330.220892 1301863436
483.014422 1331.443113 1301863443
505.605297 1332.332001 1301863446
525.630908 1333.109778 1301863448
547.890781 1333.665333 1301863450
572.467667 1333.443111 1301863452
597.623806 1333.109778 1301863454
621.704189 1333.776444 1301863456
644.874318 1334.554221 1301863458
667.961695 1335.331998 1301863460
691.131823 1335.331998 1301863462
714.798454 1335.665331 1301863464
738.713337 1335.331998 1301863466
761.800714 1334.887554 1301863468
783.481334 1333.887555 1301863470
803.837947 1333.443111 1301863472
829.325088 1333.443111 1301863475
851.750462 1334.665332 1301863480
874.258587 1331.332002 1301863507
880.795873 1310.332023 1301863511
882.616383 1284.332049 1301863514
883.940390 1256.776521 1301863517
884.685144 1233.332100 1301863520
