552.276555 796.999203 1301865102
526.210161 796.999203 1301865106
497.826754 796.888092 1301865109
475.318630 795.665871 1301865111
451.403747 793.999206 1301865113
427.985368 792.665874 1301865115
405.063491 791.443653 1301865117
382.969119 791.110320 1301865119
362.198754 790.665876 1301865121
333.815347 788.888100 1301865124
311.720975 788.221434 1301865127
291.116111 787.443657 1301865133
270.262995 787.554768 1301865137
242.541592 786.665880 1301865140
215.647693 785.665881 1301865143
194.546326 783.443661 1301865147
174.272464 780.776997 1301865152
151.350587 780.554775 1301865155
127.601206 780.110331 1301865158
105.589584 780.221442 1301865162
85.232972 789.665877 1301865173
87.467234 811.443633 1301865197
87.632735 834.888054 1301865201
86.225977 863.332470 1301865204
85.481223 885.999114 1301865206
85.067471 909.332424 1301865208
84.322716 931.776846 1301865210
84.157216 953.554602 1301865212
83.826214 973.776804 1301865214
83.826214 1000.665666 1301865217
83.246961 1027.998972 1301865220
83.412461 1049.110062 1301865222
83.081460 1070.776707 1301865224
82.088454 1092.776685 1301865226
81.509201 1115.887773 1301865228
80.929948 1139.221083 1301865230
80.681696 1161.665505 1301865232
80.681696 1183.221039 1301865234
80.433445 1204.109907 1301865236
80.433445 1224.554331 1301865238
80.433445 1252.998747 1301865241
80.681696 1275.109836 1301865244
80.847197 1295.554260 1301865270
81.260950 1316.332017 1301865275
100.128054 1324.665342 1301865279
124.373938 1324.554231 1301865282
145.392554 1323.887565 1301865284
168.231681 1323.887565 1301865286
190.243302 1323.665343 1301865288
210.434414 1322.443122 1301865290
236.335307 1319.665347 1301865293
259.422685 1319.776458 1301865296
282.261812 1319.998680 1301865299
309.403962 1320.665346 1301865302
329.429572 1321.332012 1301865304
350.779191 1323.109788 1301865306
372.211559 1324.220898 1301865308
392.402671 1324.665342 1301865310
421.613582 1325.443119 1301865313
447.266224 1326.554229 1301865316
469.029595 1328.443116 1301865320
491.951472 1331.665335 1301865325
517.686864 1334.331999 1301865328
538.374478 1335.776442 1301865330
560.882603 1336.665330 1301865332
586.038742 1337.443107 1301865334
612.187887 1339.109772 1301865336
638.502532 1340.220882 1301865338
664.899928 1340.554215 1301865340
691.297324 1340.998659 1301865342
717.280968 1341.665325 1301865344
742.933610 1341.887547 1301865346
767.510496 1342.220880 1301865348
790.680624 1342.887546 1301865350
812.774996 1343.665323 1301865352
840.413649 1344.109767 1301865355
864.576783 1344.665322 1301865359
883.526638 1330.665336 1301865370
884.354142 1302.220920 1301865373
884.767895 1280.998719 1301865375
885.843651 1257.220965 1301865377
887.084908 1230.332103 1301865379
887.995163 1202.665464 1301865381
889.650172 1175.443269 1301865383
891.470682 1148.776629 1301865385
894.035946 1122.776655 1301865387
896.601210 1098.776679 1301865389
901.152485 1071.887817 1301865392
915.468315 1054.110057 1301865397
936.900683 1053.443391 1301865400
965.284090 1054.110057 1301865403
995.239756 1057.443387 1301865406
1016.341123 1059.665607 1301865408
1037.442489 1060.110051 1301865410
1066.818902 1060.776717 1301865413
1089.906280 1061.887827 1301865416
1110.428393 1063.665603 1301865422
1136.991290 1062.887826 1301865426
1157.016901 1063.110048 1301865428
1180.600781 1063.887825 1301865430
1205.177667 1064.887824 1301865432
1228.761548 1065.776712 1301865434
1250.607669 1066.665600 1301865436
1275.681057 1066.998933 1301865439
1295.127415 1056.998943 1301865468
1318.214793 1057.665609 1301865472
1347.425704 1057.110054 1301865475
1369.768328 1057.887831 1301865477
1391.697199 1058.554497 1301865479
1412.798566 1059.554496 1301865481
1433.899933 1060.221162 1301865483
1455.084050 1061.554494 1301865485
1482.226200 1062.776715 1301865488
1502.665563 1068.887820 1301865494
1509.699352 1047.110064 1301865499
1510.361356 1020.554535 1301865502
1511.602613 998.554557 1301865504
1512.926620 973.887915 1301865506
1514.333378 947.776830 1301865508
1515.574634 921.999078 1301865510
1517.146893 897.443547 1301865512
1519.463906 874.221348 1301865514
1521.036165 853.665813 1301865516
1519.629407 830.332503 1301865520
1524.428933 810.443634 1301865531
1552.729590 810.110301 1301865535
1574.410210 810.776967 1301865537
1598.656094 811.221411 1301865539
1622.736477 811.554744 1301865541
1645.741105 812.221410 1301865543
1666.263218 813.110298 1301865545
1689.185095 812.554743 1301865548
