1695.308629 814.888074 1301886298
1666.014967 813.665853 1301886301
1641.851833 812.665854 1301886303
1615.454437 811.999188 1301886305
1588.726039 811.665855 1301886307
1562.411394 811.554744 1301886309
1538.579262 811.221411 1301886311
1514.167877 811.221411 1301886314
1492.652758 810.999189 1301886319
1465.593358 809.443635 1301886322
1443.167984 809.776968 1301886324
1417.432592 809.332524 1301886326
1390.786944 807.999192 1301886328
1365.630805 807.332526 1301886330
1342.460677 807.110304 1301886332
1315.980530 808.110303 1301886335
1292.727652 808.443636 1301886341
1268.399017 804.888084 1301886347
1242.498124 800.665866 1301886350
1220.403752 800.221422 1301886352
1198.971383 800.332533 1301886354
1177.952767 800.665866 1301886356
1158.092657 804.665862 1301886359
1133.846773 807.776970 1301886364
1103.642856 809.999190 1301886367
1077.824713 810.999189 1301886369
1049.275805 811.776966 1301886371
1020.809647 812.554743 1301886373
993.005494 812.888076 1301886375
966.111595 813.332520 1301886377
938.472942 813.999186 1301886379
910.089535 814.665852 1301886381
880.547621 815.443629 1301886383
849.516200 816.110295 1301886385
817.491773 815.999184 1301886387
785.301844 816.110295 1301886389
753.939421 816.110295 1301886391
722.825249 815.888073 1301886393
692.290330 815.332518 1301886395
662.665666 814.665852 1301886397
634.861512 814.110297 1301886399
610.532878 812.999187 1301886401
584.383733 811.554744 1301886404
564.440873 804.665862 1301886419
537.712475 803.888085 1301886424
511.480580 802.554753 1301886427
490.875716 801.332532 1301886429
469.939850 799.776978 1301886431
449.500487 798.776979 1301886433
429.143874 797.776980 1301886435
408.787261 797.332536 1301886437
379.410849 796.221426 1301886440
351.854947 795.110316 1301886443
328.436567 794.332539 1301886446
307.748953 793.888095 1301886450
281.020555 792.665874 1301886456
255.947166 792.332541 1301886459
231.618531 792.888096 1301886462
211.427420 792.443652 1301886465
191.567310 789.888099 1301886471
166.907673 788.110323 1301886475
141.172281 787.554768 1301886478
118.498656 788.221434 1301886481
97.231788 797.888091 1301886498
95.990531 818.332515 1301886517
89.866997 842.110269 1301886536
86.060476 867.110244 1301886539
85.398472 888.110223 1301886541
85.315722 909.665757 1301886543
85.646724 930.887958 1301886545
85.894975 951.221271 1301886547
86.805230 977.887911 1301886550
88.129238 1003.110108 1301886554
87.218983 1030.443414 1301886558
85.398472 1053.110058 1301886561
83.081460 1079.776698 1301886564
82.171205 1101.221121 1301886566
82.253955 1124.554431 1301886568
82.419456 1148.665518 1301886570
82.915959 1172.221050 1301886572
82.833208 1194.221028 1301886574
82.584957 1215.554340 1301886576
82.171205 1244.776533 1301886579
83.081460 1268.109843 1301886582
85.150221 1288.109823 1301886593
82.336706 1308.332025 1301886608
100.293555 1320.665346 1301886613
121.394922 1322.554233 1301886616
150.936835 1323.665343 1301886619
173.693211 1323.443121 1301886621
196.615088 1322.887566 1301886623
219.950717 1323.220899 1301886625
243.120845 1321.332012 1301886627
267.035727 1318.776459 1301886629
291.447112 1317.443127 1301886631
317.430756 1317.665349 1301886633
344.903908 1318.998681 1301886635
373.121814 1319.443125 1301886637
400.760467 1320.443124 1301886639
426.082107 1320.776457 1301886641
446.438720 1320.776457 1301886643
466.464331 1320.554235 1301886647
491.868721 1325.665341 1301886656
530.595935 1327.554228 1301886660
554.510818 1328.332005 1301886662
579.170454 1329.665337 1301886664
603.995591 1331.109780 1301886666
629.151731 1331.887557 1301886668
653.645866 1332.443112 1301886670
677.229747 1333.332000 1301886672
700.317124 1334.554221 1301886674
723.321752 1335.109776 1301886676
745.747126 1335.331998 1301886678
767.758747 1335.554220 1301886680
789.522118 1335.776442 1301886682
810.788985 1335.665331 1301886684
839.255143 1335.776442 1301886687
859.942757 1335.109776 1301886691
879.554616 1323.443121 1301886706
881.871629 1302.554253 1301886709
882.616383 1274.665392 1301886712
883.361137 1249.220973 1301886715
