1732.960087 547.999452 1303432507
1706.479941 549.777228 1303432512
1679.420541 548.888340 1303432515
1656.167662 548.888340 1303432517
1630.101268 549.110562 1303432519
1603.372870 549.555006 1303432521
1577.637478 549.888339 1303432523
1556.122359 550.555005 1303432525
1535.186493 550.666116 1303432528
1514.664379 552.555003 1303432543
1504.899825 572.221650 1303432547
1506.389334 595.666071 1303432550
1506.968587 623.999376 1303432553
1507.299589 646.999353 1303432555
1506.885836 671.999328 1303432557
1506.306583 696.777081 1303432559
1505.810080 719.888169 1303432561
1504.403323 741.888147 1303432563
1503.658569 762.443682 1303432565
1502.334561 786.332547 1303432568
1495.631774 808.332525 1303432575
1473.785653 812.776965 1303432580
1447.305507 817.554738 1303432585
1420.411608 823.221399 1303432588
1398.730988 822.554733 1303432590
1378.126124 821.443623 1303432592
1351.232225 819.665847 1303432595
1331.951369 813.776964 1303432618
1311.594756 813.776964 1303432628
1291.072642 821.554734 1303432633
1273.281294 834.776943 1303432637
1242.415373 841.221381 1303432640
1210.804698 837.110274 1303432642
1190.530836 834.776943 1303432644
1170.836227 829.443615 1303432647
1150.810617 825.776952 1303432650
1128.964496 825.332508 1303432653
1100.332837 823.776954 1303432656
1077.410960 824.110287 1303432658
1049.358555 821.888067 1303432660
1020.726897 818.776959 1303432662
993.915749 815.443629 1303432664
970.745620 812.665854 1303432666
946.085984 808.110303 1303432669
924.901867 804.888084 1303432687
902.476493 803.665863 1303432690
866.645544 805.665861 1303432694
842.151409 806.443638 1303432696
811.947492 805.999194 1303432698
779.592063 804.665862 1303432700
746.740131 803.443641 1303432702
713.639948 802.443642 1303432704
681.036268 801.221421 1303432706
649.756595 799.888089 1303432708
621.455938 797.999202 1303432710
597.210054 796.665870 1303432712
569.405900 796.776981 1303432715
549.132038 795.221427 1303432744
525.796409 796.554759 1303432748
497.826754 796.776981 1303432751
475.070378 796.999203 1303432753
446.521470 795.999204 1303432755
417.145058 794.332539 1303432757
389.423654 792.443652 1303432759
363.936513 790.888098 1303432761
342.090393 789.776988 1303432763
316.355000 787.776990 1303432766
296.163888 785.665881 1303432783
272.993760 783.110328 1303432787
242.955344 782.999217 1303432790
222.681482 783.443661 1303432792
201.497365 781.888107 1303432796
174.686216 786.332547 1303432803
147.295815 787.999212 1303432806
121.477672 787.332546 1303432809
102.196815 779.332554 1303432816
90.777252 798.221424 1303432823
90.529001 820.443624 1303432828
88.956742 847.665819 1303432832
88.129238 874.332459 1303432835
86.639729 895.776882 1303432837
85.977726 919.887969 1303432839
85.315722 944.776833 1303432841
85.563973 965.999034 1303432843
85.812225 988.776789 1303432847
85.812225 1012.110099 1303432870
84.984720 1035.221187 1303432873
84.239966 1064.998935 1303432876
83.329711 1087.776690 1303432878
81.840203 1112.443332 1303432880
80.929948 1138.109973 1303432882
80.516195 1165.221057 1303432884
80.267944 1193.554362 1303432886
80.764447 1221.554334 1303432888
80.267944 1247.887641 1303432890
80.185194 1272.776505 1303432892
80.350695 1293.665373 1303432894
82.584957 1315.665351 1303432897
104.844830 1323.665343 1303432901
132.235232 1321.776456 1303432904
153.584850 1321.887567 1303432906
177.582482 1322.332011 1303432908
204.145379 1324.776453 1303432910
232.032284 1326.554229 1303432912
260.663942 1327.998672 1303432914
290.371356 1329.109782 1303432916
321.816530 1329.887559 1303432918
354.833963 1330.887558 1303432920
387.768645 1330.998669 1303432922
418.138063 1330.665336 1303432924
444.618210 1328.998671 1303432926
465.305824 1327.443117 1303432928
485.414185 1325.443119 1303432933
508.584314 1333.665333 1303432938
534.485207 1339.220883 1303432941
555.503823 1343.443101 1303432943
580.494461 1346.998653 1303432945
608.050364 1349.998650 1303432947
638.171530 1350.998649 1303432949
669.037451 1350.665316 1303432951
699.158618 1350.109761 1303432953
727.790276 1349.331984 1303432955
754.435924 1349.443095 1303432957
779.757564 1349.443095 1303432959
804.003448 1349.331984 1303432961
827.256327 1347.443097 1303432963
851.915963 1343.998656 1303432966
872.603577 1333.554222 1303432972
878.809862 1311.998688 1303432975
881.375126 1291.887597 1303432977
883.112886 1270.332063 1303432979
884.436893 1249.220973 1303432981
885.429898 1224.887664 1303432984
887.415909 1200.554355 1303433008
888.657166 1175.776602 1303433011
891.718933 1151.443293 1303433013
893.208441 1127.332206 1303433015
894.863451 1103.443341 1303433017
896.435709 1082.554473 1303433019
898.918223 1062.554493 1303433023
918.033579 1054.665612 1303433033
943.272468 1057.110054 1303433036
963.794582 1057.332276 1303433038
990.936732 1056.443388 1303433041
1011.624347 1058.221164 1303433048
1035.208227 1064.221158 1303433053
1056.971597 1069.554486 1303433056
1081.548483 1071.332262 1303433059
1103.063602 1070.443374 1303433062
1125.075224 1069.221153 1303433066
1147.666099 1068.887820 1303433084
1168.767466 1070.110041 1303433087
1199.716137 1071.221151 1303433090
1223.962021 1072.110039 1303433092
1248.456157 1073.776704 1303433094
1275.019054 1077.221145 1303433097
