1300.257943 561.999438 1301922807
1306.050475 542.555013 1301922836
1325.910585 527.888361 1301922844
1351.728728 530.443914 1301922847
1373.905851 531.888357 1301922849
1397.489731 532.888356 1301922851
1421.156362 534.110577 1301922853
1445.153995 534.999465 1301922855
1469.151628 535.555020 1301922857
1493.397512 535.666131 1301922859
1518.139899 535.777242 1301922861
1542.965036 535.332798 1301922863
1566.217915 534.888354 1301922865
1589.884546 534.999465 1301922868
1613.468426 536.888352 1301922873
1639.534820 538.332795 1301922876
1660.801688 539.332794 1301922878
1683.144312 540.221682 1301922880
1705.983438 540.555015 1301922882
1729.070816 541.110570 1301922884
1753.316700 541.888347 1301922886
1778.390088 542.777235 1301922888
1803.297976 543.443901 1301922890
1828.123114 543.555012 1301922892
1853.527504 544.110567 1301922894
1879.180146 544.443900 1301922896
1904.501786 544.999455 1301922898
1930.071678 546.666120 1301922900
1956.138072 547.999452 1301922902
1984.190477 548.999451 1301922904
2013.649640 549.777228 1301922906
2043.191553 550.999449 1301922908
2071.823212 552.221670 1301922910
2098.717111 553.332780 1301922912
2122.631993 554.221668 1301922914
2146.464125 554.777223 1301922916
2171.785765 555.555000 1301922918
2198.845164 556.443888 1301922920
2226.566568 556.666110 1301922922
2254.122470 556.999443 1301922924
2281.099120 557.332776 1301922926
2308.572272 557.443887 1301922928
2336.459176 557.666109 1301922930
2364.511581 558.666108 1301922932
2391.157228 559.777218 1301922934
2415.154861 560.443884 1301922936
2435.263222 560.888328 1301922938
2455.537085 561.777216 1301922941
2476.059198 561.666105 1301922957
2498.898324 561.666105 1301922960
2525.792223 562.888326 1301922963
2555.168636 564.332769 1301922966
2576.683755 564.666102 1301922968
2598.860877 564.443880 1301922970
2621.369002 564.666102 1301922972
2644.208128 564.999435 1301922974
2666.964504 565.221657 1301922976
2687.569368 565.110546 1301922978
2709.911992 565.554990 1301922981
2730.930608 566.888322 1301922987
2754.845490 567.443877 1301923006
2779.422376 567.888321 1301923009
2807.392031 567.554988 1301923012
2828.907150 567.554988 1301923014
2852.325530 567.666099 1301923016
2876.736915 567.777210 1301923018
2901.396551 567.888321 1301923020
2924.814931 568.332765 1301923022
2944.923292 570.110541 1301923024
2967.514167 573.332760 1301923027
2989.608539 576.554979 1301923042
2993.746062 600.999399 1301923047
2994.159814 623.332710 1301923050
2994.821818 648.332685 1301923053
2993.911563 673.221549 1301923056
2993.332310 696.221526 1301923059
2992.670306 721.888167 1301923062
2991.594550 749.888139 1301923065
2989.691290 776.332557 1301923068
2987.788029 800.110311 1301923072
2982.078247 819.665847 1301923091
2989.525789 838.221384 1301923095
3014.681928 841.999158 1301923099
3043.230836 842.554713 1301923102
3065.076957 843.221379 1301923104
3088.247085 843.665823 1301923106
3111.913716 843.999156 1301923108
3135.663097 844.332489 1301923110
3159.329728 844.888044 1301923112
3182.499856 845.221377 1301923114
3205.835485 845.665821 1301923116
3228.757362 845.999154 1301923118
3252.506744 846.554709 1301923120
3277.000879 846.999153 1301923122
3300.667510 847.443597 1301923124
3322.844633 848.221374 1301923126
3344.028750 849.554706 1301923128
3364.054361 851.221371 1301923130
3390.120755 853.665813 1301923133
3412.380628 855.776922 1301923136
3436.295510 857.776920 1301923140
