3321.851627 606.777171 1302470949
3319.782866 583.332750 1302470958
3300.253758 577.221645 1302470962
3276.338875 578.999421 1302470965
3246.962463 579.221643 1302470968
3217.337799 578.666088 1302470971
3188.954392 576.777201 1302470974
3163.798253 574.666092 1302470977
3143.276139 572.888316 1302470981
3118.120000 574.554981 1302471008
3098.094389 576.332757 1302471011
3075.917267 576.666090 1302471014
3049.271619 575.999424 1302471017
3021.384715 575.332758 1302471020
2999.704095 574.999425 1302471023
2985.884769 593.888295 1302471028
2988.284532 617.332716 1302471031
2987.622528 638.221584 1302471033
2986.464022 662.666004 1302471035
2986.133020 689.221533 1302471037
2985.471016 715.888173 1302471039
2984.974514 742.221480 1302471041
2983.898758 767.332566 1302471043
2982.740251 789.332544 1302471045
2979.843985 812.221410 1302471048
2971.486189 834.888054 1302471077
2949.971070 840.665826 1302471081
2924.318428 840.554715 1302471084
2901.562052 840.110271 1302471086
2876.074911 839.221383 1302471088
2849.429264 837.776940 1302471090
2822.783616 835.110276 1302471092
2796.799972 832.554723 1302471094
2772.305837 829.221393 1302471096
2750.376966 825.888063 1302471098
2726.710335 821.332512 1302471101
2702.712702 827.554728 1302471109
2679.873576 833.888055 1302471112
2650.579914 837.332496 1302471115
2629.644048 836.332497 1302471117
2607.715176 834.554721 1302471119
2584.710549 832.554723 1302471121
2562.947179 830.888058 1302471123
2533.819018 830.999169 1302471126
2513.710656 831.443613 1302471128
2484.251493 832.999167 1302471131
2463.067376 833.443611 1302471133
2440.807503 833.443611 1302471135
2415.899615 832.999167 1302471137
2389.667720 832.999167 1302471139
2362.442820 831.999168 1302471141
2336.128174 831.221391 1302471143
2310.310031 830.332503 1302471145
2283.995386 829.332504 1302471147
2257.101487 828.888060 1302471149
2231.035093 828.221394 1302471151
2205.630702 826.999173 1302471153
2179.647058 825.999174 1302471155
2153.415163 824.665842 1302471157
2129.252029 824.332509 1302471159
2108.729916 825.443619 1302471161
2080.429259 829.221393 1302471164
2060.155397 830.443614 1302471166
2038.474777 829.888059 1302471168
2016.463155 828.110283 1302471170
1995.361789 826.999173 1302471173
1974.922426 824.221398 1302471179
1954.234811 820.443624 1302471187
1933.464446 823.221399 1302471192
1909.963316 825.776952 1302471199
1892.171968 835.665831 1302471202
1870.905100 846.110265 1302471205
1850.713989 846.999153 1302471207
1827.792112 846.221376 1302471209
1804.125481 845.221377 1302471211
1779.631345 842.888046 1302471213
1755.716463 840.443604 1302471215
1730.560324 836.110275 1302471217
1703.004421 831.221391 1302471219
1675.200268 826.665840 1302471221
1648.306369 823.110288 1302471223
1623.150230 820.221402 1302471225
1601.138608 818.332515 1302471227
1579.954491 817.110294 1302471229
1559.928880 816.554739 1302471231
1536.841502 812.999187 1302471234
1513.174871 811.221411 1302471239
1484.791464 814.443630 1302471243
1464.848604 815.999184 1302471245
1442.423230 816.888072 1302471247
1418.177346 817.554738 1302471249
1393.683210 816.332517 1302471251
1370.595832 813.999186 1302471253
1349.411715 811.999188 1302471255
1327.979347 807.999192 1302471258
1307.374483 801.665865 1302471264
1303.319710 824.999175 1302471270
1286.935120 842.999157 1302471274
1256.979454 849.888039 1302471277
1231.492313 848.665818 1302471279
1209.977194 846.221376 1302471281
1188.379324 841.888047 1302471284
1170.587976 831.443613 1302471293
1153.375881 820.665846 1302471299
1129.957501 815.110296 1302471303
1104.635861 814.221408 1302471306
1083.948247 814.888074 1302471308
1059.702362 813.776964 1302471310
1035.042726 811.665855 1302471312
1010.796842 810.443634 1302471314
985.971705 809.110302 1302471316
961.643070 807.888081 1302471318
937.397186 806.554749 1302471320
913.896056 805.332528 1302471322
890.643177 803.776974 1302471324
866.397293 801.999198 1302471326
840.910152 800.888088 1302471328
815.092009 800.665866 1302471330
788.115360 800.554755 1302471332
760.476707 800.443644 1302471334
731.017544 799.221423 1302471336
701.723882 798.221424 1302471338
672.512970 797.665869 1302471340
643.715811 797.332536 1302471342
615.497905 796.332537 1302471344
589.845263 794.221428 1302471346
562.372111 792.332541 1302471349
541.601746 789.554766 1302471355
519.921126 791.999208 1302471377
494.516736 794.332539 1302471380
473.167118 794.554761 1302471382
449.583237 792.776985 1302471384
424.923601 789.999210 1302471386
399.519210 787.332546 1302471388
374.363071 784.332549 1302471390
348.958681 781.554774 1302471392
326.533306 779.332554 1302471394
304.107932 779.110332 1302471398
284.082322 780.221442 1302471416
256.112667 792.332541 1302471422
231.866783 791.221431 1302471425
211.510170 787.888101 1302471430
187.760789 788.443656 1302471435
161.859895 788.554767 1302471438
140.675778 788.221434 1302471441
119.988164 782.665884 1302471448
103.438072 769.999230 1302471463
83.908964 778.776999 1302471486
82.005704 799.665867 1302471492
81.260950 824.110287 1302471508
81.260950 853.776924 1302471511
81.509201 879.443565 1302471513
81.343700 906.554649 1302471515
81.178199 932.332401 1302471517
81.591951 956.110155 1302471519
82.584957 982.665684 1302471522
83.743463 1002.776775 1302471528
82.419456 1027.110084 1302471532
80.929948 1052.332281 1302471535
79.688691 1081.110030 1302471538
79.109438 1102.554453 1302471540
79.026687 1123.887765 1302471542
78.364684 1145.665521 1302471544
78.199183 1166.887722 1302471546
78.364684 1188.443256 1302471548
78.364684 1209.554346 1302471550
77.950931 1230.554325 1302471552
77.288928 1259.776518 1302471555
77.040676 1283.332050 1302471558
76.709674 1307.220915 1302471582
94.252771 1322.998677 1302471589
119.160659 1322.887566 1302471592
140.427527 1323.220899 1302471594
164.259659 1323.887565 1302471596
188.919295 1324.443120 1302471598
212.834177 1324.665342 1302471600
234.680298 1324.665342 1302471602
255.285162 1323.998676 1302471605
276.965782 1325.554230 1302471621
304.521685 1328.332005 1302471624
329.181321 1329.554226 1302471626
356.902724 1330.554225 1302471628
386.527388 1331.443113 1302471630
415.738300 1332.554223 1302471632
439.984184 1333.109778 1302471634
461.582054 1332.443112 1302471637
487.151945 1333.554222 1302471644
515.038849 1333.998666 1302471647
538.622730 1334.776443 1302471649
566.675135 1335.331998 1302471651
595.555045 1335.776442 1302471653
623.441949 1336.331997 1302471655
651.990857 1336.554219 1302471657
680.788016 1336.776441 1302471659
708.757671 1337.998662 1302471661
736.644575 1338.776439 1302471663
764.034977 1339.443105 1302471665
790.184121 1340.443104 1302471667
812.857747 1340.887548 1302471669
836.772629 1338.443106 1302471672
858.204998 1338.220884 1302471687
878.147858 1326.443118 1302471692
882.119880 1302.665364 1302471695
883.940390 1272.887616 1302471698
886.174653 1247.665419 1302471701
887.664161 1225.887663 1302471726
889.898423 1198.887690 1302471730
891.470682 1178.887710 1302471732
892.546438 1153.887735 1302471734
895.194452 1128.109983 1302471736
897.345964 1104.110007 1302471738
897.842467 1083.887805 1302471740
901.317986 1060.554495 1302471744
924.239863 1058.554497 1302471748
953.450775 1062.221160 1302471751
977.034655 1063.998936 1302471753
1001.363290 1064.887824 1302471755
1026.353928 1064.776713 1302471757
1051.510067 1064.998935 1302471759
1075.590450 1065.332268 1302471761
1096.774568 1063.776714 1302471763
1118.537938 1056.443388 1302471766
1138.646299 1051.221171 1302471770
1163.305936 1052.665614 1302471789
1189.951583 1056.443388 1302471792
1216.183478 1057.332276 1302471794
1243.242878 1057.665609 1302471796
1268.564518 1056.554499 1302471798
1292.562151 1055.665611 1302471800
1316.477033 1056.665610 1302471802
1339.812662 1058.110053 1302471804
1362.155286 1058.887830 1302471806
1383.587654 1058.998941 1302471808
1403.613265 1059.221163 1302471810
1431.748421 1059.554496 1302471813
1459.221573 1059.554496 1302471816
1484.377712 1058.998941 1302471819
1502.996565 1051.665615 1302471824
1501.258805 1028.776749 1302471828
1500.183049 1002.221220 1302471831
1499.769297 980.887908 1302471833
1500.265800 956.110155 1302471835
1501.258805 930.332403 1302471837
1500.183049 904.665762 1302471839
1499.686547 878.554677 1302471841
1498.693541 854.665812 1302471843
1499.355545 834.443610 1302471845
1498.445290 812.776965 1302471849
1514.002376 799.443645 1302471859
1540.317021 796.554759 1302471863
1572.175948 796.221426 1302471866
1598.987096 796.665870 1302471868
1626.211997 798.110313 1302471870
1652.030139 798.554757 1302471872
1675.862271 799.332534 1302471874
1696.880888 799.665867 1302471876
1727.002054 801.776976 1302471879
1748.020670 804.665862 1302471881
1770.197793 806.110305 1302471883
1793.450672 806.665860 1302471885
1817.200053 807.554748 1302471887
1839.377176 808.110303 1302471889
1859.733788 808.554747 1302471891
1886.213935 809.443635 1302471894
1907.894555 814.888074 1302471903
1930.485430 824.221398 1302471907
1957.462079 829.999170 1302471910
1980.383956 831.665835 1302471912
2006.864102 830.888058 1302471914
2032.847746 829.888059 1302471916
2054.693867 827.554728 1302471918
2074.719478 824.332509 1302471922
2095.738094 821.221401 1302471929
2121.307986 820.888068 1302471932
2151.925655 821.999178 1302471935
2174.930282 822.776955 1302471937
2200.334673 823.110288 1302471939
2226.649318 823.665843 1302471941
2252.798463 823.999176 1302471943
2277.127098 824.332509 1302471945
2299.635222 824.443620 1302471947
2321.067591 824.443620 1302471949
2350.113001 823.110288 1302471952
2370.635115 822.221400 1302471954
2392.232984 822.443622 1302471956
2412.672347 822.888066 1302471958
2440.890254 822.776955 1302471961
2466.873897 822.888066 1302471964
2490.540528 823.332510 1302471967
2511.062642 823.888065 1302471971
2515.696667 843.776934 1302471977
2514.207159 868.110243 1302471980
2513.545155 889.554666 1302471982
2513.462405 914.221308 1302471984
2514.786412 939.443505 1302471986
2514.703662 964.776813 1302471988
2514.538161 990.554565 1302471990
2514.786412 1015.887873 1302471992
2514.951913 1040.776737 1302471994
2515.034664 1065.665601 1302471996
2515.034664 1088.776689 1302471998
2514.951913 1113.998886 1302472001
2514.869163 1139.554416 1302472007
2514.620911 1163.776614 1302472010
2512.303899 1189.443255 1302472013
2513.379655 1217.998782 1302472016
2514.124409 1238.776539 1302472018
2514.786412 1259.220963 1302472020
2514.124409 1288.887600 1302472023
2512.965902 1313.998686 1302472026
2512.055647 1334.443110 1302472039
2526.371476 1351.665315 1302472045
2548.134847 1352.220870 1302472048
2579.083518 1352.109759 1302472051
2603.660404 1352.665314 1302472053
2629.478547 1353.776424 1302472055
2656.703447 1355.331978 1302472057
2686.245361 1356.887532 1302472059
2715.787274 1358.220864 1302472061
2744.253432 1359.998640 1302472063
2771.643833 1361.109750 1302472065
2798.041229 1361.776416 1302472067
2823.362869 1362.220860 1302472069
2847.360502 1362.887526 1302472071
2868.875621 1362.776415 1302472073
2890.473491 1362.331971 1302472076
2911.243856 1366.220856 1302472089
2932.593474 1367.554188 1302472093
2961.307883 1367.554188 1302472096
2985.719268 1368.109743 1302472098
3011.454660 1368.776409 1302472100
3036.528049 1369.665297 1302472102
3060.277430 1370.220852 1302472104
3083.199307 1370.554185 1302472106
3105.293679 1370.665296 1302472108
3128.381057 1371.331962 1302472110
3152.957943 1372.554183 1302472112
3177.452078 1373.331960 1302472114
3201.449711 1373.331960 1302472116
3224.454338 1370.998629 1302472118
3247.376215 1368.887520 1302472120
3269.553338 1366.331967 1302472122
3294.626727 1361.331972 1302472125
3307.122046 1345.443099 1302472128
3307.701299 1319.665347 1302472131
3307.039295 1297.220925 1302472133
3307.535798 1271.887617 1302472135
3308.363303 1244.109867 1302472137
3309.108057 1215.998784 1302472139
3308.611554 1188.332145 1302472141
3308.446053 1160.332173 1302472143
3309.108057 1133.109978 1302472145
3309.356308 1107.554448 1302472147
3310.101062 1082.332251 1302472149
3310.514814 1057.110054 1302472151
3310.680315 1031.998968 1302472153
3311.094068 1007.332326 1302472155
3312.004323 982.665684 1302472157
3312.335325 958.221264 1302472159
3312.666326 934.443510 1302472161
3313.162829 911.443533 1302472163
3313.824833 890.332443 1302472165
3314.155835 870.221352 1302472168
