3319.948367 620.554935 1301958000
3322.017128 600.666066 1301958020
3306.708293 583.554972 1301958037
3280.145396 581.999418 1301958040
3258.051024 581.888307 1301958042
3233.308637 581.554974 1301958044
3207.986997 581.221641 1301958046
3184.320366 581.221641 1301958048
3157.426468 580.888308 1301958051
3136.573352 580.777197 1301958072
3115.720237 580.999419 1301958076
3086.012822 580.443864 1301958079
3064.166702 579.999420 1301958081
3044.058340 580.221642 1301958083
3020.308959 579.332754 1301958087
2999.373093 578.888310 1301958102
2975.954714 578.777199 1301958105
2954.853347 578.332755 1301958107
2931.600468 577.554978 1301958109
2907.437335 577.332756 1301958111
2882.860449 576.554979 1301958113
2860.766076 576.221646 1301958115
2836.933945 575.999424 1301958118
2815.170574 575.443869 1301958136
2790.924690 574.554981 1301958139
2769.326820 573.443871 1301958141
2745.080936 573.221649 1301958143
2718.352538 572.888316 1301958145
2689.886381 572.999427 1301958147
2661.585724 572.332761 1301958149
2634.526325 571.999428 1301958151
2609.287435 572.221650 1301958153
2587.606815 571.999428 1301958155
2562.864428 571.554984 1301958158
2542.507816 570.777207 1301958179
2521.902952 569.554986 1301958183
2493.271293 568.554987 1301958186
2469.273661 568.221654 1301958188
2442.628013 567.332766 1301958190
2414.244606 566.554989 1301958192
2384.206190 565.777212 1301958194
2353.919522 565.332768 1301958196
2324.212108 564.999435 1301958198
2296.490705 564.443880 1301958200
2271.003564 564.110547 1301958202
2246.757680 564.443880 1301958204
2223.670302 564.221658 1301958206
2201.906931 563.888325 1301958208
2174.351029 563.666103 1301958211
2150.353396 562.443882 1301958215
2129.583031 559.666107 1301958236
2108.150663 558.888330 1301958239
2087.794050 558.110553 1301958241
2063.961918 557.666109 1301958243
2037.895524 556.999443 1301958245
2010.836124 556.110555 1301958247
1983.362972 555.888333 1301958249
1954.731314 555.666111 1301958251
1926.182406 555.221667 1301958253
1898.626504 554.888334 1301958255
1871.236102 554.443890 1301958257
1843.928451 553.888335 1301958259
1817.448305 553.443891 1301958261
1794.360927 553.221669 1301958263
1774.335316 553.332780 1301958265
1751.247938 553.332780 1301958268
1724.933293 553.777224 1301958291
1698.039394 553.777224 1301958294
1674.538264 553.221669 1301958296
1647.809866 553.110558 1301958298
1618.516204 553.110558 1301958300
1588.229536 553.666113 1301958302
1560.177131 554.555001 1301958304
1537.089754 555.332778 1301958306
1515.988387 558.110553 1301958309
1506.306583 586.110525 1301958314
1505.810080 615.443829 1301958317
1505.810080 639.777138 1301958319
1505.975581 666.332667 1301958321
1505.810080 693.554862 1301958323
1505.644580 721.110390 1301958325
1505.230827 746.554809 1301958327
1505.396328 768.554787 1301958329
1505.975581 793.110318 1301958332
1497.369534 813.332520 1301958339
1471.799642 815.999184 1301958343
1443.995488 816.554739 1301958346
1422.894122 816.443628 1301958348
1402.206507 816.332517 1301958350
1381.932645 815.999184 1301958352
1354.459493 815.888073 1301958355
1332.944374 817.110294 1301958359
1310.105248 819.776958 1301958367
1286.686868 828.554727 1301958374
1265.337250 827.110284 1301958376
1241.670619 826.332507 1301958378
1218.831493 826.332507 1301958380
1197.233623 827.443617 1301958382
1173.732493 829.888059 1301958385
1149.817611 826.443618 1301958392
1124.164969 826.110285 1301958395
1102.567100 824.776953 1301958397
1076.748957 825.332508 1301958399
1050.848064 825.776952 1301958401
1027.098682 825.221397 1301958403
1006.907570 824.221398 1301958405
986.468207 825.221397 1301958409
