2813.763816 575.221647 1302019493
2788.028424 578.666088 1302019502
2767.506310 578.666088 1302019504
2743.425927 578.221644 1302019506
2718.021537 577.332756 1302019508
2692.286144 576.221646 1302019510
2665.971499 575.110536 1302019512
2639.077600 574.777203 1302019514
2611.521697 574.221648 1302019516
2584.379547 573.666093 1302019518
2560.712916 572.443872 1302019520
2537.791040 570.666096 1302019523
2517.517177 578.999421 1302019541
2516.937924 602.554953 1302019544
2517.517177 624.554931 1302019546
2517.268926 648.777129 1302019548
2516.193170 672.888216 1302019550
2514.786412 696.888192 1302019552
2513.131403 721.221501 1302019554
2511.724645 745.443699 1302019556
2510.317888 768.110343 1302019558
2509.573133 788.221434 1302019560
2511.310893 811.332522 1302019564
2514.786412 835.554720 1302019583
2513.545155 860.888028 1302019586
2511.807396 881.332452 1302019588
2509.904135 904.554651 1302019590
2508.166376 929.221293 1302019592
2507.256121 954.443490 1302019594
2506.097614 980.332353 1302019596
2504.690856 1006.998993 1302019598
2503.780601 1033.665633 1302019600
2502.622095 1059.443385 1302019602
2500.636084 1084.443360 1302019604
2499.643079 1108.110003 1302019606
2499.560328 1128.443316 1302019608
2498.981075 1152.221070 1302019612
2506.842368 1177.887711 1302019616
2512.221148 1208.998791 1302019619
2514.538161 1233.443211 1302019621
2515.779418 1259.220963 1302019623
2515.531166 1285.776492 1302019625
2515.034664 1310.554245 1302019627
2514.786412 1330.887558 1302019629
2513.876157 1354.665312 1302019632
2523.061458 1375.443069 1302019636
2545.238581 1372.887516 1302019639
2565.098691 1369.665297 1302019641
2587.441314 1367.554188 1302019643
2611.935450 1365.776412 1302019645
2637.670842 1365.443079 1302019647
2663.985488 1365.887523 1302019649
2691.044887 1366.554189 1302019651
2717.856036 1367.220855 1302019653
2742.515672 1367.443077 1302019655
2763.948041 1368.220854 1302019657
2786.538916 1369.665297 1302019660
2808.964290 1369.998630 1302019664
2831.720666 1368.887520 1302019667
2859.193818 1368.109743 1302019670
2885.673964 1368.331965 1302019673
2907.106333 1369.554186 1302019677
2928.455951 1369.776408 1302019684
2954.191343 1370.776407 1302019688
2980.588739 1371.554184 1302019692
3001.110853 1371.665295 1302019695
3024.694733 1370.776407 1302019699
3046.127102 1368.665298 1302019703
3069.214480 1368.776409 1302019706
3095.280874 1369.443075 1302019709
3120.271512 1370.109741 1302019712
3141.621130 1370.776407 1302019718
3162.143244 1371.887517 1302019722
3187.547634 1372.887516 1302019725
3210.469511 1372.554183 1302019727
3235.956652 1370.887518 1302019729
3261.112791 1367.998632 1302019731
3282.462409 1365.776412 1302019733
3305.301536 1358.443086 1302019736
3313.245580 1338.998661 1302019739
3312.997328 1312.998687 1302019742
3312.500825 1291.554264 1302019744
3311.590570 1267.332066 1302019746
3311.673321 1240.554315 1302019748
3312.087073 1212.332121 1302019750
3313.493831 1185.887703 1302019752
3313.493831 1160.998839 1302019754
3313.824833 1139.443305 1302019756
3314.569587 1111.221111 1302019759
3316.141846 1083.332250 1302019762
3318.045106 1062.554493 1302019764
3321.024123 1041.665625 1302019766
3325.078895 1020.887868 1302019768
3328.140662 998.443446 1302019770
3330.374924 975.887913 1302019772
3333.022939 954.110157 1302019774
3336.250207 934.221288 1302019776
3339.560225 908.110203 1302019779
3340.966983 886.776891 1302019783
3335.422702 864.332469 1302019798
3349.324779 848.443596 1302019802
3371.998405 849.332484 1302019805
3399.057804 853.221369 1302019808
3423.634690 856.554699 1302019811
