3325.327146 420.555135 1302022776
3331.616181 398.555157 1302022792
3336.746710 377.888511 1302022797
3338.153467 354.777423 1302022802
3336.498458 333.777444 1302022806
3338.401719 312.333021 1302022810
3337.822466 291.666375 1302022813
3338.649970 270.444174 1302022816
3338.401719 249.888639 1302022819
3337.574214 229.666437 1302022822
3339.973977 208.333125 1302022825
3340.387730 184.222038 1302022828
3341.546236 159.555396 1302022831
3341.794488 135.666531 1302022834
3343.614998 111.999888 1302022838
3350.731537 90.555465 1302022846
3351.890043 69.999930 1302022850
3346.842265 48.999951 1302022854
3321.768877 45.777732 1302022858
3290.985706 46.777731 1302022861
3268.891334 45.999954 1302022863
3245.224703 44.333289 1302022865
3221.640823 43.666623 1302022867
3194.664174 43.555512 1302022870
3168.928781 42.666624 1302022874
3140.297123 41.333292 1302022877
3118.368251 40.333293 1302022879
3095.942877 39.666627 1302022881
3073.931256 39.333294 1302022883
3052.829889 39.111072 1302022885
3026.018741 38.333295 1302022888
3006.075880 47.111064 1302022894
3005.248376 71.999928 1302022898
3004.751873 103.222119 1302022901
3004.917374 126.110985 1302022903
3005.082875 153.777624 1302022906
3005.000124 174.110937 1302022910
3003.014113 196.222026 1302022913
3001.690106 217.110894 1302022915
3000.448849 240.221982 1302022917
2999.704095 262.221960 1302022919
2999.952346 287.110824 1302022922
2998.959341 314.666352 1302022927
2998.380088 345.666321 1302022930
2998.131836 370.444074 1302022932
2998.380088 395.777382 1302022934
2998.131836 421.777356 1302022936
2997.469833 447.666219 1302022938
2996.642328 486.555069 1302022941
2996.476827 510.555045 1302022943
2996.394077 530.999469 1302022945
2995.070069 555.666111 1302022948
2986.629523 574.332759 1302022951
2963.955897 581.110530 1302022954
2942.771780 578.666088 1302022956
2918.939648 577.110534 1302022958
2893.783509 575.888313 1302022960
2867.882616 574.888314 1302022962
2828.245146 573.888315 1302022965
2801.682249 573.554982 1302022967
2776.277859 572.888316 1302022969
2752.114725 571.777206 1302022971
2728.944597 571.666095 1302022973
2706.270972 570.999429 1302022975
2685.252355 570.221652 1302022977
2661.006471 569.888319 1302022980
2637.339840 568.777209 1302022993
2613.342208 568.221654 1302022997
2588.848072 566.110545 1302023000
2560.381915 565.221657 1302023003
2536.467032 565.666101 1302023006
2521.654700 585.443859 1302023010
2521.240948 612.888276 1302023013
2520.330693 636.443808 1302023015
2519.503188 660.443784 1302023017
2518.841185 684.554871 1302023019
2518.592933 709.665957 1302023021
2519.172187 735.888153 1302023023
2519.834190 761.221461 1302023025
2520.661695 783.999216 1302023027
2521.323698 804.776973 1302023029
2521.571950 834.332499 1302023032
2520.744445 864.221358 1302023035
2519.916941 893.776884 1302023038
2519.089436 914.110197 1302023040
2517.599928 936.999063 1302023042
2516.606922 962.999037 1302023044
2515.862168 991.110120 1302023046
2515.531166 1020.443424 1302023048
2515.365666 1048.665618 1302023050
2514.703662 1073.887815 1302023052
2515.117414 1095.443349 1302023054
2516.441421 1120.443324 1302023057
2518.427432 1144.776633 1302023062
2519.172187 1166.776611 1302023065
2519.006686 1187.332146 1302023067
2518.841185 1210.554345 1302023069
2519.585939 1235.998764 1302023071
2520.413443 1262.998737 1302023073
2521.737451 1289.887599 1302023075
2523.061458 1313.554242 1302023077
2523.806212 1340.776437 1302023080
2523.061458 1361.443083 1302023087
2547.472843 1367.998632 1302023092
2577.097507 1366.443078 1302023095
2601.839894 1367.109744 1302023097
2629.395796 1366.776411 1302023099
2657.365451 1366.776411 1302023101
2685.583357 1366.554189 1302023103
2712.808258 1366.887522 1302023105
2739.950408 1367.220855 1302023107
2766.678806 1367.443077 1302023109
2793.407204 1367.998632 1302023111
2819.721849 1369.109742 1302023113
2845.043489 1369.331964 1302023115
2867.965366 1369.443075 1302023117
2888.404729 1368.887520 1302023119
2916.622635 1368.443076 1302023122
2936.896498 1368.109743 1302023124
2958.328866 1368.554187 1302023126
2980.588739 1369.220853 1302023128
3003.841618 1369.554186 1302023130
3026.846245 1369.443075 1302023132
3048.526865 1369.443075 1302023134
3073.931256 1368.220854 1302023137
3096.108378 1367.776410 1302023140
3124.326284 1367.776410 1302023143
3145.758653 1365.998634 1302023152
3172.238799 1367.443077 1302023156
3194.167671 1368.443076 1302023158
3217.751551 1369.331964 1302023160
3240.921679 1368.109743 1302023162
3262.602299 1364.776413 1302023164
3288.585943 1360.109751 1302023167
3303.812027 1343.776434 1302023180
3303.894778 1314.332019 1302023183
3304.308530 1289.220933 1302023185
3304.805033 1260.887628 1302023187
3305.053284 1230.109881 1302023189
3304.970534 1199.665467 1302023191
3305.632537 1172.554383 1302023193
3306.708293 1149.998850 1302023195
3318.624359 1130.554425 1302023198
