3334.098695 324.333009 1302028797
3323.589387 305.555250 1302028823
3326.320152 281.333052 1302028826
3330.043923 261.333072 1302028828
3332.526436 240.333093 1302028830
3335.836455 214.777563 1302028833
3326.237401 194.333139 1302028845
3323.837638 172.666494 1302028848
3322.679132 142.777635 1302028851
3322.927383 121.333212 1302028853
3322.596381 94.111017 1302028856
3319.451864 72.777705 1302028862
3323.672137 51.333282 1302028868
3299.426253 45.999954 1302028873
3275.925123 48.777729 1302028876
3247.210714 52.666614 1302028879
3225.778346 53.333280 1302028881
3205.752735 54.444390 1302028883
3182.003354 55.444389 1302028886
3157.922970 56.777721 1302028890
3137.897360 66.222156 1302028893
3111.334463 75.777702 1302028896
3087.419580 75.888813 1302028898
3063.587448 73.111038 1302028900
3042.568832 68.888820 1302028902
3019.646955 61.777716 1302028905
3000.035097 50.999949 1302028914
2994.490816 74.444370 1302028919
2994.739068 105.111006 1302028922
2993.746062 126.888762 1302028924
2991.842802 149.777628 1302028927
2989.525789 175.999824 1302028931
2989.443038 205.888683 1302028934
2989.774040 229.555326 1302028936
2991.098047 250.666416 1302028938
2993.580561 273.444171 1302028941
2991.594550 297.555258 1302028948
2989.608539 321.777456 1302028951
2988.698284 342.332991 1302028953
2988.201781 364.777413 1302028955
2988.201781 388.777389 1302028957
2987.705279 412.444032 1302028959
2986.960524 435.999564 1302028961
2986.215770 459.555096 1302028963
2986.050269 482.443962 1302028965
2985.967519 503.999496 1302028967
2986.464022 526.555029 1302028970
2983.898758 546.777231 1302028981
2975.375460 566.777211 1302028992
2953.032837 574.777203 1302028996
2922.249667 576.554979 1302028999
2897.672781 575.888313 1302029001
2872.599392 574.554981 1302029003
2848.353508 572.110539 1302029005
2827.334891 569.221653 1302029007
2806.564527 563.888325 1302029010
2794.979462 580.443864 1302029029
2774.540099 584.554971 1302029038
2752.114725 589.110522 1302029041
2722.903814 593.666073 1302029044
2697.002920 593.332740 1302029046
2668.536763 591.443853 1302029048
2639.574103 587.221635 1302029050
2610.445942 581.554974 1302029052
2581.648782 576.443868 1302029054
2554.920384 571.443873 1302029056
2531.915757 566.443878 1302029058
2507.669873 564.888324 1302029061
2504.773607 591.777186 1302029065
2504.442605 612.666054 1302029067
2504.111603 636.110475 1302029069
2503.697851 661.777116 1302029071
2503.366849 687.443757 1302029073
2502.953097 713.665953 1302029075
2503.035847 740.332593 1302029077
2505.187359 765.443679 1302029079
2508.414627 788.776989 1302029081
2511.476394 811.332522 1302029083
2512.800401 831.554724 1302029085
2513.296904 860.221362 1302029088
2511.228143 888.110223 1302029091
2509.738634 914.665752 1302029094
2509.159381 942.554613 1302029097
2508.828379 969.665697 1302029100
2508.249126 996.443448 1302029103
2504.939108 1018.887870 1302029106
2502.042842 1040.554515 1302029109
2499.808579 1064.221158 1302029112
2499.146576 1088.110023 1302029115
2501.215337 1112.887776 1302029119
2504.939108 1134.776643 1302029123
2509.076631 1162.109949 1302029126
2513.876157 1184.665482 1302029128
2517.599928 1210.554345 1302029130
2518.675684 1236.776541 1302029132
2518.427432 1262.776515 1302029134
2517.930930 1287.332046 1302029136
2518.096431 1310.554245 1302029138
2518.592933 1331.665335 1302029140
2523.061458 1353.554202 1302029143
2543.335320 1359.220863 1302029146
2569.732716 1357.887531 1302029149
2592.571843 1358.554197 1302029153
