3800.314774 1392.998607 1302092567
3799.073517 1372.331961 1302092573
3774.744883 1375.887513 1302092576
3747.271731 1382.665284 1302092579
3726.584116 1388.220834 1302092582
3704.158742 1397.109714 1302092607
3682.229871 1396.887492 1302092610
3651.694952 1395.776382 1302092613
3629.269578 1393.998606 1302092615
3606.513202 1392.776385 1302092617
3583.839577 1392.109719 1302092619
3561.910705 1391.998608 1302092621
3539.485331 1390.554165 1302092623
3516.315203 1388.665278 1302092625
3492.317570 1388.220834 1302092627
3467.988936 1386.998613 1302092629
3443.743052 1385.665281 1302092631
3420.986676 1384.887504 1302092633
3398.892303 1383.776394 1302092635
3377.459935 1382.776395 1302092637
3349.738531 1381.998618 1302092640
3328.968167 1380.331953 1302092643
3306.708293 1369.776408 1302092667
3298.267747 1348.776429 1302092670
3298.184996 1328.332005 1302092672
3299.674504 1305.332028 1302092674
3301.164013 1280.220942 1302092676
3302.239769 1253.887635 1302092678
3303.067273 1227.776550 1302092680
3304.722282 1203.221019 1302092682
3306.377292 1179.776598 1302092684
3306.791044 1158.887730 1302092686
3308.363303 1134.221088 1302092689
3311.176818 1107.110004 1302092693
3313.411080 1080.665586 1302092696
3313.990334 1050.443394 1302092699
3313.824833 1027.443417 1302092701
3313.659332 1003.554552 1302092703
3313.742082 979.221243 1302092705
3314.155835 954.665712 1302092707
3313.742082 929.887959 1302092709
3313.659332 905.887983 1302092711
3314.073084 885.554670 1302092713
3313.493831 865.221357 1302092716
3295.371481 853.999146 1302092740
3271.539349 853.332480 1302092743
3242.411188 853.443591 1302092746
3215.931041 854.332479 1302092749
3193.505667 854.665812 1302092752
3165.949765 854.443590 1302092755
3144.269145 854.110257 1302092757
3122.257523 853.888035 1302092759
3101.156156 853.776924 1302092761
3081.047795 852.999147 1302092763
3053.822894 850.776927 1302092766
3031.894023 848.221374 1302092769
3009.468649 847.554708 1302092789
2986.960524 846.332487 1302092793
2963.707646 845.332488 1302092796
2936.151743 844.665822 1302092799
2907.685586 843.554712 1302092802
2878.722926 842.554713 1302092805
2850.670521 840.665826 1302092808
2823.942123 838.665828 1302092811
2800.027240 836.665830 1302092814
2776.029608 836.110275 1302092818
2753.604234 836.999163 1302092823
2732.751118 837.999162 1302092832
2707.098476 835.665831 1302092837
2678.880570 835.443609 1302092840
2649.586908 835.332498 1302092843
2620.706998 836.110275 1302092846
2594.309602 838.443606 1302092849
2572.546232 841.665825 1302092852
2551.113863 850.332483 1302092870
2523.888963 849.665817 1302092874
2498.153570 848.776929 1302092877
2470.514917 846.332487 1302092880
2440.890254 843.999156 1302092883
2418.961382 843.665823 1302092885
2396.867010 844.332489 1302092887
2374.276135 844.888044 1302092889
2351.354258 844.888044 1302092891
2328.349631 844.110267 1302092893
2305.179503 843.221379 1302092895
2281.099120 842.665824 1302092897
2257.266988 842.665824 1302092899
2233.931359 842.110269 1302092901
2211.919737 840.776937 1302092903
2191.397623 838.999161 1302092905
2164.751976 836.999163 1302092908
2139.016583 835.554720 1302092911
2113.115690 833.776944 1302092914
2087.463048 832.888056 1302092917
2060.238148 831.443613 1302092920
2034.337254 829.443615 1302092923
2012.656634 828.332505 1302092926
1986.341989 828.665838 1302092930
1964.661369 830.999169 1302092933
1943.725503 831.443613 1302092936
1921.134628 831.332502 1302092941
1898.130001 830.443614 1302092946
1870.325847 830.221392 1302092949
1849.224480 830.110281 1302092951
1827.047358 829.665837 1302092953
1805.532239 829.332504 1302092955
1785.341127 829.221393 1302092957
1759.109232 829.332504 1302092960
1736.766608 826.999173 1302092979
1711.858720 828.554727 1302092983
1683.144312 830.554725 1302092986
1660.222435 829.665837 1302092988
1636.721305 828.888060 1302092990
1614.047679 828.554727 1302092992
1591.787806 827.888061 1302092994
1570.107186 826.888062 1302092996
1550.081575 826.665840 1302092998
1528.235455 827.554728 1302093001
1505.561829 826.554729 1302093008
1479.909187 825.665841 1302093012
1458.063066 824.999175 1302093015
1437.292701 823.221399 1302093018
1413.626070 826.221396 1302093022
