1314.904774 587.666079 1302093122
1313.746268 566.110545 1302093131
1317.304538 542.332791 1302093148
1337.743901 535.332798 1302093152
1368.940823 536.332797 1302093155
1394.262463 536.888352 1302093157
1421.156362 537.332796 1302093159
1448.629514 538.110573 1302093161
1476.350917 538.666128 1302093163
1504.899825 538.443906 1302093165
1534.441739 538.110573 1302093167
1564.149153 537.777240 1302093169
1592.780812 537.221685 1302093171
1619.922962 537.221685 1302093173
1644.665349 538.221684 1302093175
1667.752726 539.443905 1302093177
1695.722381 539.888349 1302093180
1717.237500 540.888348 1302093187
1727.002054 560.666106 1302093192
1729.981071 581.777196 1302093195
1730.643074 610.777167 1302093198
1729.981071 637.221585 1302093200
1729.153566 664.666002 1302093202
1728.160561 691.665975 1302093204
1727.084805 717.332616 1302093206
1726.091799 741.110370 1302093208
1725.429795 761.665905 1302093210
1724.850542 784.110327 1302093213
1724.105788 806.554749 1302093217
1722.947282 830.888058 1302093220
1722.533529 853.332480 1302093222
1722.285278 878.443566 1302093224
1722.037027 904.665762 1302093226
1721.540524 930.999069 1302093228
1720.878520 958.443486 1302093230
1720.630269 999.554556 1302093233
1719.885515 1024.998975 1302093235
1719.058010 1048.332285 1302093237
1718.478757 1074.887814 1302093240
1718.892509 1100.221122 1302093243
1717.816753 1121.998878 1302093246
1715.665241 1142.554413 1302093255
1717.485751 1164.109947 1302093260
1715.085988 1185.443259 1302093270
1710.203711 1209.332124 1302093276
1707.638447 1232.109879 1302093279
1705.073183 1253.109858 1302093282
1703.252673 1278.443166 1302093285
1701.597664 1307.776470 1302093288
1702.921671 1332.554223 1302093291
1722.202528 1345.220877 1302093295
1742.641891 1342.220880 1302093297
1766.970525 1339.998660 1302093299
1791.216409 1338.554217 1302093301
1816.372549 1338.443106 1302093303
1844.424954 1340.109771 1302093305
1873.553115 1341.443103 1302093307
1902.019272 1342.331991 1302093309
1929.409674 1343.554212 1302093311
1956.220822 1343.887545 1302093313
1983.528473 1344.331989 1302093315
2010.008620 1345.554210 1302093317
2035.744012 1347.109764 1302093319
2060.982902 1348.331985 1302093321
2085.477037 1349.443095 1302093323
2109.309169 1349.887539 1302093325
2133.720554 1351.109760 1302093327
2159.124945 1352.443092 1302093329
2185.274089 1353.443091 1302093331
2211.588735 1353.998646 1302093333
2237.986131 1354.554201 1302093335
2264.714529 1355.220867 1302093337
2291.194675 1355.998644 1302093339
2318.005824 1356.220866 1302093341
2344.816972 1356.665310 1302093343
2371.048867 1356.554199 1302093345
2396.122256 1355.998644 1302093347
2420.119889 1356.109755 1302093349
2443.041765 1357.220865 1302093351
2469.521912 1357.220865 1302093354
2491.202532 1357.554198 1302093358
2513.048653 1358.220864 1302093376
2535.143025 1360.109751 1302093379
2562.036924 1361.554194 1302093382
2589.592826 1362.665304 1302093385
2618.555486 1363.554192 1302093388
2648.511152 1363.554192 1302093391
2669.116016 1363.776414 1302093393
2690.300133 1364.331969 1302093395
2712.311755 1365.109746 1302093397
2734.819880 1366.109745 1302093399
2758.155509 1367.331966 1302093401
2782.318642 1368.776409 1302093403
2806.150774 1369.998630 1302093405
2828.824400 1370.998629 1302093407
2851.498025 1371.998628 1302093409
2873.592397 1372.554183 1302093411
2894.611014 1373.109738 1302093413
2914.802125 1373.220849 1302093415
2934.993237 1373.443071 1302093417
2955.929103 1374.331959 1302093419
2977.857974 1375.554180 1302093421
3000.117847 1376.554179 1302093423
3022.212220 1377.331956 1302093425
3043.230836 1378.443066 1302093427
3072.441747 1379.776398 1302093430
3102.645664 1379.887509 1302093433
3124.160784 1380.331953 1302093435
3146.586158 1380.887508 1302093437
3169.425284 1381.998618 1302093439
3192.098909 1382.331951 1302093441
3213.779529 1381.998618 1302093443
3241.914685 1378.220844 1302093446
3262.767800 1374.887514 1302093451
