1371.175086 833.554722 1302100487
1348.749712 827.221395 1302100492
1325.000330 824.554731 1302100496
1304.643718 822.221400 1302100503
1294.879164 802.554753 1302100520
1294.134409 776.554779 1302100524
1295.458417 753.999246 1302100527
1295.872169 733.332600 1302100530
1294.630912 712.443732 1302100533
1294.299910 684.443760 1302100536
1294.796413 661.888227 1302100538
1295.872169 637.666029 1302100540
1297.278927 612.666054 1302100542
1298.520184 588.888300 1302100544
1299.926941 567.888321 1302100546
1303.816213 544.666122 1302100549
1325.083081 531.999468 1302100553
1352.225231 535.332798 1302100556
1374.402353 537.777240 1302100558
1399.392992 539.777238 1302100560
1425.542136 540.332793 1302100562
1451.029277 540.443904 1302100564
1475.937165 540.777237 1302100566
1501.176055 541.110570 1302100568
1526.663196 540.555015 1302100570
1552.977841 539.666127 1302100572
1579.375237 539.332794 1302100574
1606.931140 539.332794 1302100576
1634.735294 540.110571 1302100578
1660.387936 541.443903 1302100580
1683.227062 543.221679 1302100582
1709.624458 547.221675 1302100585
1726.505551 562.777215 1302100588
1728.326061 589.110522 1302100591
1727.664058 611.332722 1302100593
1726.671052 635.999364 1302100595
1726.091799 662.777115 1302100597
1726.257300 689.554866 1302100599
1726.009049 717.221505 1302100601
1725.760797 743.999256 1302100603
1725.678047 768.443676 1302100605
1723.692036 796.221426 1302100608
1722.450779 816.888072 1302100611
1722.285278 843.443601 1302100614
1721.871526 865.332468 1302100616
1721.623274 889.332444 1302100618
1721.126772 914.110197 1302100620
1721.044021 940.221282 1302100622
1720.630269 967.999032 1302100624
1720.051016 996.332337 1302100626
1719.306262 1022.998977 1302100628
1718.644258 1047.998952 1302100630
1716.989249 1071.443373 1302100632
1715.334240 1093.998906 1302100634
1714.672236 1116.332217 1302100636
1713.430979 1137.332196 1302100638
1713.265478 1164.998835 1302100641
1715.003238 1188.665478 1302100644
1712.024221 1209.221013 1302100649
1711.610469 1230.554325 1302100670
1710.948465 1252.776525 1302100673
1709.541708 1279.220943 1302100676
1706.479941 1308.554247 1302100679
1703.169922 1337.220885 1302100682
1706.645442 1358.109753 1302100685
1731.139577 1368.665298 1302100689
1760.350489 1366.331967 1302100692
1782.031109 1364.665302 1302100694
1804.373732 1362.220860 1302100696
1827.378359 1358.998641 1302100698
1851.210491 1357.776420 1302100700
1875.373625 1356.220866 1302100702
1900.116012 1354.665312 1302100704
1925.106650 1353.665313 1302100706
1950.593791 1352.331981 1302100708
1976.080932 1350.554205 1302100710
2000.575068 1349.554206 1302100712
2023.993447 1348.443096 1302100714
2045.260315 1348.220874 1302100716
2068.595944 1347.998652 1302100719
2090.773067 1349.665317 1302100726
2117.666965 1351.998648 1302100730
2145.967622 1353.443091 1302100733
2166.655236 1354.331979 1302100735
2188.832359 1354.776423 1302100737
2211.257733 1355.443089 1302100739
2234.179610 1354.776423 1302100741
2257.846241 1353.776424 1302100743
2281.181870 1353.998646 1302100745
2305.179503 1354.776423 1302100747
2329.673638 1354.887534 1302100749
2354.333275 1355.220867 1302100751
2378.496408 1355.554200 1302100753
2401.666537 1355.776422 1302100755
2423.429907 1356.776421 1302100757
2443.455518 1357.443087 1302100759
2466.377395 1358.998641 1302100762
2489.133770 1366.220856 1302100772
2516.855174 1368.220854 1302100776
2536.880785 1369.554186 1302100778
2559.719911 1370.443074 1302100780
2584.545048 1371.220851 1302100782
2610.363191 1372.331961 1302100784
2636.512336 1373.109738 1302100786
2662.661480 1373.443071 1302100788
2689.224377 1373.443071 1302100790
2716.201027 1372.443072 1302100792
2744.005180 1371.331962 1302100794
2771.974835 1371.220851 1302100796
2799.613488 1371.554184 1302100798
2826.424636 1371.331962 1302100800
2852.904783 1372.109739 1302100802
2878.971177 1372.887516 1302100804
2903.879065 1374.109737 1302100806
2928.621452 1375.220847 1302100808
2953.612090 1375.331958 1302100810
2979.595734 1375.887513 1302100812
3018.074697 1376.443068 1302100815
3042.237830 1376.776401 1302100817
3064.332203 1376.887512 1302100819
3085.599070 1377.776400 1302100821
3107.776193 1378.998621 1302100823
3131.194572 1379.443065 1302100825
3155.771458 1380.220842 1302100827
3179.603590 1381.331952 1302100829
3202.277216 1381.998618 1302100831
3223.378582 1381.220841 1302100833
3243.404193 1378.331955 1302100835
3268.477582 1372.220850 1302100838
3289.413448 1367.331966 1302100843
3309.025306 1358.887530 1302100852
3318.789860 1341.331992 1302100855
3326.402902 1318.887570 1302100858
3334.015944 1291.887597 1302100861
3338.484469 1270.776507 1302100863
3339.642976 1245.554310 1302100865
3337.574214 1214.332119 1302100867
3334.595198 1183.221039 1302100869
3332.195434 1153.221069 1302100871
3328.968167 1125.443319 1302100873
3325.823649 1099.776678 1302100875
3323.672137 1076.221146 1302100877
3322.099879 1052.221170 1302100879
3320.610370 1026.443418 1302100881
3319.617365 1000.110111 1302100883
3319.286363 972.332361 1302100885
3318.955361 943.110168 1302100887
3318.789860 914.332419 1302100889
3318.955361 886.443558 1302100891
3318.789860 859.888029 1302100893
3318.210607 834.221388 1302100895
3318.127857 808.110303 1302100897
3318.376108 781.443663 1302100899
3318.624359 753.665913 1302100901
3318.707110 725.554830 1302100903
3318.707110 697.777080 1302100905
3318.707110 670.554885 1302100907
3318.707110 644.888244 1302100909
3318.707110 622.999377 1302100911
3319.038112 598.110513 1302100914
3318.127857 576.332757 1302100923
3298.267747 572.110539 1302100926
3276.918129 572.443872 1302100928
3252.754995 574.443870 1302100930
3229.502116 575.777202 1302100932
3205.669984 576.666090 1302100934
3182.913609 576.888312 1302100936
3161.812242 576.999423 1302100938
3138.145611 576.888312 1302100941
