3334.512447 440.999559 1302235187
3334.843449 416.110695 1302235199
3335.670954 391.999608 1302235203
3336.415708 370.555185 1302235206
3336.829460 347.777430 1302235209
3338.070717 321.666345 1302235212
3338.898221 300.999699 1302235214
3339.229223 278.555277 1302235216
3338.980972 255.110856 1302235218
3339.229223 231.999768 1302235220
3339.725726 208.999791 1302235222
3339.477475 185.777592 1302235224
3338.401719 161.444283 1302235226
3337.822466 138.888750 1302235228
3337.905216 118.222104 1302235230
3338.070717 90.666576 1302235233
3337.905216 66.888822 1302235237
3330.623176 46.999953 1302235248
3308.363303 44.222178 1302235259
3286.848184 46.666620 1302235262
3266.491571 47.111064 1302235264
3245.059202 47.222175 1302235266
3223.544083 46.555509 1302235268
3197.560440 45.666621 1302235271
3176.541823 45.777732 1302235276
3156.516213 44.777733 1302235279
3126.229545 43.555512 1302235282
3103.142167 43.111068 1302235284
3080.882294 42.444402 1302235286
3059.863678 41.777736 1302235288
3033.714533 40.888848 1302235291
3012.364915 39.999960 1302235295
2993.249559 49.444395 1302235303
2992.422055 74.777703 1302235308
2991.594550 100.666566 1302235311
2991.429049 127.110984 1302235314
2992.422055 150.666516 1302235318
2993.001308 171.444273 1302235322
2992.008302 197.444247 1302235325
2992.008302 217.666449 1302235327
2991.760051 237.888651 1302235329
2992.670306 266.221956 1302235332
2995.152820 287.999712 1302235335
2994.739068 309.221913 1302235341
2994.077064 332.221890 1302235344
2993.332310 362.999637 1302235347
2992.835807 385.666281 1302235349
2992.339304 408.777369 1302235351
2991.677301 432.221790 1302235353
2991.346299 456.110655 1302235355
2991.098047 479.555076 1302235357
2990.849796 502.443942 1302235359
2990.436044 523.999476 1302235361
2989.856791 551.110560 1302235364
2983.402255 570.777207 1302235367
2967.927919 586.999413 1302235370
2941.199521 591.777186 1302235373
2917.119138 590.221632 1302235375
2892.376751 588.777189 1302235377
2868.792871 587.554968 1302235379
2847.526003 586.332747 1302235381
2825.183380 584.221638 1302235384
2800.523743 582.221640 1302235413
2778.760373 581.554974 1302235416
2749.301210 580.666086 1302235419
2727.372338 579.554976 1302235421
2703.788458 578.443866 1302235423
2680.039077 577.332756 1302235425
2656.620697 576.554979 1302235427
2633.285068 575.777202 1302235429
2610.942444 574.777203 1302235431
2589.675577 573.999426 1302235433
2561.954173 572.888316 1302235436
2539.859801 571.554984 1302235440
2519.668689 582.110529 1302235450
2517.517177 605.999394 1302235454
2517.351677 635.777142 1302235457
2517.103425 658.999341 1302235459
2517.020675 683.665983 1302235461
2516.441421 708.665958 1302235463
2515.696667 733.110378 1302235465
2515.531166 757.110354 1302235467
2515.613917 779.665887 1302235469
2515.779418 800.888088 1302235471
2515.862168 822.221400 1302235473
2516.441421 843.665823 1302235475
2516.110420 865.443579 1302235477
2514.455410 887.332446 1302235479
2513.627906 909.999090 1302235481
2513.048653 933.554622 1302235483
2512.717651 957.110154 1302235485
2512.303899 979.776798 1302235487
2511.972897 1001.776776 1302235489
2511.559144 1023.221199 1302235491
2510.979891 1043.665623 1302235493
2510.400638 1072.887816 1302235496
2511.476394 1098.998901 1302235499
2513.131403 1123.998876 1302235503
2514.538161 1144.776633 1302235509
2516.027669 1167.443277 1302235512
2517.517177 1197.443247 1302235515
2518.758434 1218.887670 1302235517
2520.496194 1241.220981 1302235519
2521.406449 1263.887625 1302235521
2521.737451 1286.332047 1302235523
2521.820201 1306.554249 1302235525
2522.233954 1329.665337 1302235528
2521.902952 1349.887539 1302235532
2534.729273 1366.331967 1302235539
2558.230403 1364.109747 1302235543
2585.207052 1363.887525 1302235546
2606.722171 1363.887525 1302235548
2630.057800 1364.331969 1302235550
2653.889932 1364.665302 1302235552
2678.218566 1364.887524 1302235554
2702.960953 1365.331968 1302235556
2727.703340 1365.998634 1302235558
2752.859479 1366.331967 1302235560
2777.932868 1366.554189 1302235562
2801.433998 1366.776411 1302235564
2823.611121 1366.665300 1302235566
2844.629737 1366.665300 1302235568
2871.689137 1366.331967 1302235571
2893.121505 1365.665301 1302235575
