2946.909303 852.110259 1302476574
2926.304439 846.110265 1302476582
2901.065549 842.665824 1302476585
2879.550430 840.443604 1302476587
2856.297552 837.221385 1302476589
2832.879172 834.999165 1302476591
2811.364053 834.110277 1302476593
2791.007440 832.888056 1302476595
2764.279043 832.665834 1302476598
2741.688168 833.332500 1302476604
2718.187038 830.776947 1302476609
2693.113649 829.221393 1302476612
2666.964504 829.888059 1302476615
2642.966871 829.999170 1302476618
2622.196507 829.221393 1302476621
2599.357380 828.332505 1302476625
2573.952990 827.221395 1302476630
2550.534610 827.332506 1302476634
2528.936741 829.554726 1302476638
2508.662878 831.443613 1302476647
2488.140765 829.665837 1302476655
2459.840108 829.110282 1302476658
2436.090727 829.110282 1302476660
2410.272584 828.221394 1302476662
2383.130434 827.776950 1302476664
2356.815788 827.888061 1302476666
2332.073402 827.665839 1302476668
2308.572272 826.776951 1302476670
2285.236642 825.110286 1302476672
2261.239010 824.221398 1302476674
2236.579373 823.999176 1302476676
2212.002487 823.332510 1302476678
2187.922104 822.776955 1302476680
2164.834726 821.665845 1302476682
2142.988605 820.332513 1302476684
2122.714743 819.665847 1302476686
2094.165835 818.999181 1302476689
2067.271937 818.776959 1302476692
2044.101808 819.665847 1302476696
2023.993447 817.332516 1302476702
1998.258055 814.999185 1302476707
1973.763919 814.776963 1302476711
1951.504046 815.110296 1302476715
1930.733681 816.554739 1302476726
1910.625320 808.665858 1302476737
1883.648671 803.665863 1302476741
1852.948251 802.665864 1302476744
1831.019380 802.665864 1302476746
1810.580017 802.221420 1302476748
1785.010125 801.332532 1302476751
1764.322511 802.110309 1302476755
1743.138393 806.221416 1302476762
1717.154750 807.221415 1302476766
1686.288829 806.110305 1302476769
1663.615203 804.443640 1302476771
1641.272580 802.554753 1302476773
1618.433454 801.221421 1302476775
1595.759828 800.110311 1302476777
1574.741212 800.221422 1302476779
1549.005819 802.443642 1302476782
1526.497695 805.110306 1302476795
1504.817075 805.776972 1302476801
1483.798459 803.332530 1302476804
1457.318312 802.443642 1302476807
1435.885944 802.888086 1302476809
1412.219313 801.665865 1302476811
1388.552682 800.888088 1302476813
1366.127308 800.554755 1302476815
1339.564411 801.999198 1302476818
1317.056286 804.110307 1302476837
1292.562151 814.888074 1302476847
1271.791786 816.221406 1302476849
1247.214900 816.554739 1302476851
1224.375774 816.221406 1302476853
1203.357157 816.554739 1302476855
1181.345535 818.332515 1302476858
1161.319925 817.221405 1302476862
1135.501782 814.443630 1302476865
1112.248903 813.443631 1302476867
1084.775751 812.665854 1302476869
1055.813091 812.110299 1302476871
1026.022926 810.888078 1302476873
999.211778 810.554745 1302476875
972.317879 810.888078 1302476878
950.637259 811.443633 1302476889
924.488114 807.888081 1302476893
903.966001 806.332527 1302476895
879.720117 805.776972 1302476897
851.833213 804.776973 1302476899
822.787802 803.888085 1302476901
793.245888 802.888086 1302476903
763.621225 802.110309 1302476905
733.913810 801.776976 1302476907
704.785649 801.443643 1302476909
676.733244 800.999199 1302476911
650.004846 800.110311 1302476913
624.269454 799.332534 1302476915
601.099325 799.110312 1302476917
574.453678 798.665868 1302476920
553.600563 797.665869 1302476924
529.768431 794.888094 1302476943
508.005060 793.443651 1302476946
486.076189 792.332541 1302476948
459.430542 790.888098 1302476950
430.964384 790.110321 1302476952
403.242981 789.554766 1302476954
376.680084 788.999211 1302476956
353.261704 788.665878 1302476958
326.947059 789.221433 1302476961
306.507696 791.554764 1302476967
