3030.735517 195.999804 1302302694
3020.308959 178.777599 1302302700
2995.318321 202.777575 1302302712
2995.401071 227.999772 1302302715
2994.904568 249.999750 1302302717
2994.408066 271.555284 1302302719
2993.746062 301.333032 1302302723
2993.497811 325.666341 1302302728
2993.166809 355.332978 1302302731
2993.249559 379.888509 1302302733
2992.753057 407.555148 1302302735
2991.925552 436.888452 1302302737
2990.932546 465.888423 1302302739
2989.856791 493.110618 1302302741
2989.112036 516.332817 1302302743
2988.119031 539.666127 1302302746
2988.119031 560.554995 1302302766
2976.864969 578.221644 1302302770
2950.964075 581.777196 1302302773
2929.448956 581.110530 1302302775
2908.844092 579.666087 1302302777
2888.404729 578.666088 1302302779
2867.303363 577.888311 1302302781
2844.960739 577.666089 1302302783
2821.459609 577.332756 1302302785
2799.530738 577.221645 1302302787
2770.568077 576.777201 1302302790
2744.501683 576.443868 1302302793
2716.366528 575.332758 1302302796
2695.761664 574.221648 1302302798
2674.412045 573.221649 1302302800
2652.648675 572.777205 1302302802
2630.885305 572.110539 1302302804
2608.790932 571.999428 1302302806
2586.696560 571.777206 1302302808
2565.181441 571.221651 1302302810
2539.446049 571.443873 1302302813
2523.557961 583.777194 1302302817
2522.068453 612.666054 1302302821
2522.068453 639.777138 1302302824
2522.233954 663.443781 1302302827
2522.233954 683.999316 1302302830
2521.820201 708.443736 1302302834
2520.744445 730.221492 1302302839
2519.999691 750.332583 1302302845
2519.834190 770.332563 1302302852
2518.344682 793.554762 1302302864
2518.758434 815.776962 1302302867
2517.434427 837.665829 1302302870
2515.613917 860.554695 1302302873
2515.448416 882.554673 1302302876
2515.365666 903.887985 1302302879
2514.951913 926.110185 1302302882
2514.289910 951.443493 1302302885
2513.462405 978.110133 1302302888
2512.800401 1005.554550 1302302891
2512.386649 1032.776745 1302302894
2511.559144 1058.998941 1302302897
2511.393644 1083.110028 1302302900
2513.131403 1103.998896 1302302903
2515.862168 1129.665537 1302302907
2518.096431 1152.887736 1302302910
2519.999691 1174.221048 1302302912
2521.654700 1197.887691 1302302914
2523.392460 1220.776557 1302302916
2524.964719 1241.887647 1302302918
2524.799218 1263.220959 1302302920
2523.309709 1285.332048 1302302922
2521.902952 1305.332028 1302302924
2520.744445 1327.443117 1302302927
2524.716467 1348.443096 1302302940
2545.321331 1354.331979 1302302944
2565.677944 1357.331976 1302302947
2588.682571 1360.109751 1302302950
2613.590459 1362.443082 1302302953
2639.243101 1365.443079 1302302956
2666.302501 1368.554187 1302302959
2696.258166 1370.109741 1302302962
2718.518039 1370.776407 1302302964
2740.777913 1371.443073 1302302966
2762.872285 1371.998628 1302302968
2785.132158 1371.887517 1302302970
2805.902523 1371.554184 1302302972
2834.699682 1371.554184 1302302975
2860.848827 1370.887518 1302302978
2883.687953 1369.776408 1302302981
2904.706569 1370.443074 1302302986
2931.352217 1373.331960 1302302991
2960.149376 1375.776402 1302302994
2983.236754 1376.554179 1302302996
3006.572383 1376.665290 1302302998
3028.418504 1376.887512 1302303000
3049.188869 1376.776401 1302303002
3077.075773 1375.776402 1302303005
3105.128178 1376.665290 1302303008
3134.587341 1377.109734 1302303011
3155.440457 1376.887512 1302303013
3178.196832 1376.998623 1302303015
3202.608218 1376.554179 1302303017
3226.523100 1374.109737 1302303019
3248.451971 1370.331963 1302303021
3274.683866 1363.887525 1302303024
