2807.640282 575.443869 1302312275
2784.801156 575.999424 1302312280
2759.562266 574.999425 1302312284
2735.233632 573.777204 1302312287
2708.174232 572.110539 1302312290
2679.708075 570.888318 1302312293
2659.268712 570.777207 1302312295
2639.243101 570.443874 1302312297
2610.611442 570.332763 1302312300
2584.545048 570.332763 1302312303
2563.609182 570.332763 1302312306
2543.252570 569.999430 1302312312
2525.130220 581.110530 1302312323
2522.482205 602.999397 1302312328
2521.489199 623.666043 1302312331
2521.075447 645.888243 1302312334
2519.503188 667.888221 1302312337
2518.427432 691.443753 1302312340
2518.841185 716.999283 1302312343
2519.916941 743.554812 1302312346
2519.751440 769.999230 1302312349
2520.413443 796.110315 1302312352
2520.744445 821.443623 1302312355
2519.337688 844.221378 1302312358
2518.013680 867.665799 1302312361
2517.020675 893.221329 1302312364
2516.524172 920.221302 1302312367
2516.689673 947.443497 1302312370
2516.441421 973.999026 1302312373
2515.862168 1000.332333 1302312376
2515.282915 1027.443417 1302312379
2514.207159 1054.221168 1302312382
2512.634900 1080.221142 1302312385
2513.379655 1103.221119 1302312388
2514.869163 1126.665540 1302312392
2516.275921 1146.998853 1302312400
2516.772423 1169.665497 1302312405
2517.517177 1194.887694 1302312409
2518.013680 1217.776560 1302312412
2519.337688 1241.887647 1302312415
2520.413443 1266.998733 1302312418
2519.834190 1289.887599 1302312421
2518.758434 1315.332018 1302312425
2517.765429 1336.331997 1302312430
2517.599928 1356.665310 1302312440
2536.218781 1364.109747 1302312446
2560.381915 1362.887526 1302312451
2584.876050 1363.443081 1302312455
2605.646415 1363.331970 1302312458
2628.899294 1363.331970 1302312461
2653.145178 1363.331970 1302312464
2678.218566 1363.554192 1302312467
2703.374706 1363.887525 1302312470
2729.275599 1364.331969 1302312473
2755.176492 1364.331969 1302312476
2779.753378 1365.109746 1302312479
2803.254508 1366.998633 1302312482
2826.259135 1368.331965 1302312485
2849.925766 1369.331964 1302312488
2871.440885 1369.331964 1302312491
2891.549247 1369.443075 1302312496
2912.650613 1370.220852 1302312501
2935.324239 1371.331962 1302312505
2956.425606 1372.998627 1302312508
2978.933730 1374.443070 1302312511
3002.352110 1375.443069 1302312514
3027.508249 1375.665291 1302312517
3052.002384 1375.554180 1302312520
3074.179507 1374.331959 1302312523
3095.363624 1374.220848 1302312526
3116.382240 1374.998625 1302312529
3138.642114 1376.443068 1302312532
3162.474245 1377.443067 1302312535
3187.382133 1377.109734 1302312538
3209.807507 1376.665290 1302312541
3232.232881 1374.998625 1302312544
3255.320259 1372.109739 1302312547
3275.180369 1369.443075 1302312550
3295.950734 1365.331968 1302312572
3304.391281 1347.109764 1302312578
3305.632537 1325.665341 1302312582
3305.384286 1302.109809 1302312586
3304.970534 1281.109830 1302312589
3304.556782 1257.332076 1302312592
3304.308530 1232.776545 1302312595
3303.894778 1208.776569 1302312598
3304.225780 1186.665480 1302312601
3304.722282 1160.887728 1302312605
3304.887783 1140.776637 1302312609
3306.294541 1118.776659 1302312625
3306.129040 1097.887791 1302312629
3305.715288 1075.998924 1302312632
3305.798038 1048.998951 1302312635
3305.880789 1019.998980 1302312638
3306.046290 999.332334 1302312640
3306.791044 977.665689 1302312642
3307.370297 956.776821 1302312644
3307.453048 936.665730 1302312646
3308.032301 906.999093 1302312649
3308.777055 879.332454 1302312652
3309.356308 850.665816 1302312655
3309.852811 821.443623 1302312658
3310.432064 792.110319 1302312661
3310.680315 762.999237 1302312664
3310.928567 734.554821 1302312667
3311.259569 707.443737 1302312670
3310.845816 683.777094 1302312673
3309.770060 658.110453 1302312677
