1957.875831 817.665849 1302390315
1936.939966 818.332515 1302390318
1916.914355 819.776958 1302390325
1895.399236 819.221403 1302390337
1873.635865 818.332515 1302390340
1844.424954 817.443627 1302390343
1822.413332 816.999183 1302390345
1800.401710 816.443628 1302390347
1771.604551 815.888073 1302390350
1748.268922 817.110294 1302390354
1728.574313 822.776955 1302390381
1708.465952 822.554733 1302390384
1682.730559 821.554734 1302390387
1653.354147 820.554735 1302390390
1632.418281 819.443625 1302390392
1609.992907 818.554737 1302390394
1587.981285 816.776961 1302390396
1567.210920 815.443629 1302390398
1539.489517 814.665852 1302390401
1517.891647 815.110296 1302390405
1492.983760 815.332518 1302390413
1471.054888 813.999186 1302390416
1441.181973 812.554743 1302390419
1420.163357 811.776966 1302390421
1399.061990 811.332522 1302390423
1378.043374 811.221411 1302390425
1357.604011 811.776966 1302390427
1330.213609 811.776966 1302390430
1308.119237 813.332520 1302390435
1287.431622 821.776956 1302390446
1265.585501 820.888068 1302390448
1241.008616 821.332512 1302390450
1217.010983 821.888067 1302390452
1195.744115 822.999177 1302390454
1174.311747 824.332509 1302390457
1153.706883 828.332505 1302390463
1125.240725 827.221395 1302390466
1101.822346 826.443618 1302390468
1076.500705 826.221396 1302390470
1051.510067 825.888063 1302390472
1026.436678 826.221396 1302390474
1001.280539 826.443618 1302390476
977.117406 826.332507 1302390478
954.030028 826.443618 1302390480
931.935656 826.332507 1302390482
908.351775 826.554729 1302390484
883.278386 827.110284 1302390486
857.708495 827.776950 1302390488
831.393849 828.554727 1302390490
804.251699 829.443615 1302390492
776.199294 830.443614 1302390494
748.312390 830.999169 1302390496
721.418491 831.221391 1302390498
696.096851 830.665836 1302390500
672.099218 829.888059 1302390502
646.777578 829.110282 1302390504
622.614444 828.888060 1302390506
594.396538 828.888060 1302390509
571.805663 828.110283 1302390513
549.380289 825.888063 1302390528
525.713658 824.665842 1302390531
495.509741 822.888066 1302390534
471.429358 821.776956 1302390536
445.693966 820.888068 1302390538
421.034329 820.332513 1302390540
396.540194 819.332514 1302390542
372.625311 818.554737 1302390544
349.786185 817.999182 1302390546
321.899281 817.443627 1302390549
300.632413 816.110295 1302390554
277.131283 813.776964 1302390558
250.237384 811.665855 1302390561
223.508986 810.665856 1302390564
202.076618 808.999191 1302390569
180.561499 807.332526 1302390574
154.743356 805.999194 1302390578
129.090714 805.999194 1302390581
108.320349 805.110306 1302390584
91.356505 819.888069 1302390593
90.942753 841.554714 1302390596
90.280749 862.776915 1302390598
90.032498 887.443557 1302390600
89.866997 912.776865 1302390602
89.618746 937.443507 1302390604
89.453245 960.221262 1302390606
89.866997 988.887900 1302390609
89.535995 1013.887875 1302390612
88.211988 1036.998963 1302390615
85.563973 1061.443383 1302390618
83.246961 1087.554468 1302390621
81.591951 1117.554438 1302390624
80.847197 1138.332195 1302390626
80.433445 1159.776618 1302390628
80.681696 1181.665485 1302390630
80.929948 1202.443242 1302390632
80.929948 1222.554333 1302390634
81.343700 1250.887638 1302390637
82.253955 1275.776502 1302390640
82.667707 1298.332035 1302390644
85.729474 1320.998679 1302390662
101.038309 1335.554220 1302390668
124.208437 1337.776440 1302390672
152.674595 1338.887550 1302390675
174.272464 1338.665328 1302390677
195.373831 1338.554217 1302390679
215.895944 1337.443107 1302390681
241.465836 1334.443110 1302390684
264.470463 1329.887559 1302390695
287.640591 1330.776447 1302390699
315.775747 1333.220889 1302390702
339.525128 1334.665332 1302390704
365.343271 1336.331997 1302390706
390.830412 1337.554218 1302390708
415.159047 1338.665328 1302390710
436.922417 1339.220883 1302390712
457.444531 1338.443106 1302390715
483.510925 1340.331993 1302390720
513.383840 1340.554215 1302390723
538.953732 1340.665326 1302390725
567.337139 1341.331992 1302390727
596.961803 1341.887547 1302390729
626.255465 1342.443102 1302390731
655.631877 1342.776435 1302390733
684.677288 1342.776435 1302390735
712.895194 1342.665324 1302390737
741.361351 1342.220880 1302390739
769.579257 1341.331992 1302390741
796.886909 1341.443103 1302390743
822.125798 1341.887547 1302390745
843.227165 1340.220882 1302390747
863.418277 1336.776441 1302390750
