1465.593358 1075.887813 1302399922
1490.749497 1075.110036 1302399925
1507.713341 1058.998941 1302399932
1505.396328 1029.221193 1302399935
1503.741319 1007.776770 1302399937
1502.500062 983.110128 1302399939
1502.996565 956.443488 1302399941
1504.486073 930.332403 1302399943
1504.486073 906.443538 1302399945
1504.651574 884.776893 1302399947
1504.899825 855.888033 1302399950
1505.065326 833.443611 1302399953
1504.817075 812.332521 1302399960
1519.629407 797.221425 1302399965
1540.730774 797.554758 1302399968
1571.348443 800.221422 1302399971
1592.615311 800.776977 1302399973
1613.716677 801.332532 1302399975
1636.307552 801.888087 1302399977
1658.815677 802.221420 1302399979
1680.413546 801.776976 1302399981
1700.935660 801.554754 1302399983
1727.995060 802.776975 1302399986
1754.806208 804.554751 1302399989
1781.948358 805.443639 1302399992
1808.345754 806.443638 1302399995
1833.419143 807.443637 1302399998
1856.010018 808.110303 1302400001
1880.835155 809.110302 1302400005
1901.109017 811.443633 1302400012
1925.520402 816.888072 1302400019
1946.456268 818.776959 1302400022
1967.723136 820.221402 1302400025
1991.058765 820.776957 1302400028
2015.221899 820.999179 1302400031
2036.075014 821.554734 1302400034
2058.996891 821.554734 1302400038
2084.649533 822.443622 1302400043
2111.212430 823.665843 1302400047
2135.954817 825.110286 1302400050
2163.345218 825.888063 1302400053
2192.059627 826.443618 1302400056
2221.684291 826.443618 1302400059
2241.792652 826.221396 1302400061
2261.818263 825.999174 1302400063
2290.532672 826.221396 1302400066
2318.833328 825.888063 1302400069
2346.637482 825.999174 1302400072
2375.517392 826.776951 1302400075
2405.390307 827.554728 1302400078
2434.849470 827.221395 1302400081
2462.819125 828.332505 1302400084
2487.809763 829.332504 1302400087
2512.552150 831.221391 1302400091
2521.820201 855.110256 1302400096
2519.337688 879.221343 1302400099
2517.599928 903.887985 1302400102
2516.855174 927.776850 1302400106
2516.772423 948.221274 1302400109
2515.779418 975.332358 1302400112
2515.282915 998.110113 1302400114
2514.951913 1022.554533 1302400116
2514.289910 1046.443398 1302400118
2513.627906 1070.110041 1302400120
2514.124409 1091.665575 1302400122
2515.034664 1117.998882 1302400125
2516.606922 1140.776637 1302400130
2517.599928 1168.109943 1302400134
2518.758434 1198.776579 1302400137
2519.503188 1220.665446 1302400139
2520.827196 1241.998758 1302400141
2521.571950 1263.776514 1302400143
2522.564955 1284.776493 1302400145
2523.061458 1305.220917 1302400147
2523.061458 1333.776444 1302400150
2522.813207 1357.998642 1302400153
2539.446049 1372.443072 1302400158
2563.360931 1368.554187 1302400162
2586.365558 1368.109743 1302400165
2616.238474 1367.665299 1302400168
2638.250095 1367.554188 1302400170
2659.930715 1367.109744 1302400172
2681.528585 1366.887522 1302400174
2703.540207 1367.109744 1302400176
2725.800080 1367.220855 1302400178
2748.556456 1367.554188 1302400180
2771.561083 1367.887521 1302400182
2794.317459 1368.665298 1302400184
2816.246330 1369.220853 1302400186
2838.175201 1369.887519 1302400188
2859.690320 1370.776407 1302400190
2885.425713 1371.220851 1302400193
2910.002599 1369.998630 1302400197
2931.434967 1370.554185 1302400200
2957.666862 1371.998628 1302400203
2978.188976 1372.776405 1302400205
3000.779851 1372.998627 1302400207
3024.032730 1372.998627 1302400209
3046.789105 1373.109738 1302400211
3068.304225 1373.443071 1302400213
3088.743588 1374.776403 1302400215
3108.934699 1375.331958 1302400217
3129.539563 1375.665291 1302400219
3151.468435 1375.887513 1302400221
3174.473062 1375.998624 1302400223
3198.222443 1375.887513 1302400225
3221.475322 1374.554181 1302400227
3244.314448 1371.776406 1302400229
3265.829567 1368.776409 1302400231
3292.557965 1362.887526 1302400234
3309.521809 1351.220871 1302400237
3310.597565 1325.554230 1302400241
3308.694304 1296.887592 1302400244
3308.694304 1273.220949 1302400246
3309.025306 1247.665419 1302400248
3309.108057 1220.665446 1302400250
3309.439059 1193.554362 1302400252
3309.521809 1166.776611 1302400254
3309.521809 1140.443304 1302400256
3309.687310 1114.332219 1302400258
3310.349314 1087.665579 1302400260
3311.094068 1060.332273 1302400262
3311.259569 1033.110078 1302400264
3311.756071 1006.110105 1302400266
3311.921572 979.443465 1302400268
3312.169824 953.776824 1302400270
3312.500825 929.332404 1302400272
3312.914578 908.443536 1302400274
3312.997328 886.221336 1302400277
3312.335325 865.888023 1302400301
3312.004323 843.554712 1302400306
3313.328330 818.221404 1302400309
3314.155835 796.665870 1302400311
3315.066090 771.665895 1302400313
3315.562592 743.999256 1302400315
3315.810844 716.777061 1302400317
3315.397091 690.999309 1302400319
3313.824833 668.110443 1302400321
3312.914578 639.999360 1302400324
