1686.950833 813.221409 1302405469
1710.617463 813.776964 1302405479
1734.201344 814.332519 1302405482
1760.846991 814.888074 1302405485
1785.010125 815.554740 1302405488
1805.035736 811.443633 1302405499
1825.392348 811.776966 1302405505
1847.817723 813.776964 1302405508
1867.760583 815.776962 1302405511
1888.944700 817.999182 1302405517
1911.535575 818.332515 1302405524
1934.291951 819.888069 1302405527
1955.558819 819.888069 1302405529
1978.646196 820.443624 1302405531
2001.733574 821.332512 1302405533
2022.917691 821.888067 1302405535
2049.397838 822.665844 1302405538
2072.154214 820.888068 1302405543
2096.400098 820.776957 1302405563
2126.190263 822.443622 1302405567
2147.622631 823.221399 1302405569
2172.861521 823.332510 1302405571
2201.162177 822.999177 1302405573
2230.290338 822.221400 1302405575
2258.839246 821.888067 1302405577
2286.146897 821.221401 1302405579
2312.709794 820.665846 1302405581
2338.858939 820.110291 1302405583
2364.015078 819.776958 1302405585
2388.922966 820.443624 1302405587
2412.010344 822.221400 1302405589
2433.442712 823.332510 1302405591
2454.213077 825.332508 1302405593
2481.355227 826.999173 1302405596
2502.787596 829.221393 1302405601
2513.131403 850.888038 1302405606
2512.386649 874.776903 1302405609
2509.986886 900.999099 1302405612
2508.993880 924.221298 1302405617
2508.497378 950.554605 1302405621
2508.580128 972.221250 1302405623
2508.000875 996.665670 1302405625
2508.083625 1021.887867 1302405627
2506.842368 1046.443398 1302405629
2505.021858 1070.221152 1302405631
2504.608106 1091.887797 1302405633
2505.270110 1114.554441 1302405636
2508.745629 1135.665531 1302405643
2510.566139 1160.221062 1302405647
2511.807396 1185.109926 1302405650
2512.965902 1215.221007 1302405653
2513.958908 1236.776541 1302405655
2515.531166 1259.665407 1302405657
2516.855174 1282.220940 1302405659
2516.606922 1302.554253 1302405661
2516.027669 1323.220899 1302405664
2515.944919 1345.998654 1302405668
2526.040475 1364.554191 1302405672
2550.038107 1366.665300 1302405676
2577.594010 1366.887522 1302405679
2599.688382 1367.554188 1302405681
2622.444758 1367.887521 1302405683
2645.201134 1368.109743 1302405685
2668.454012 1368.331965 1302405687
2692.037893 1368.220854 1302405689
2715.870025 1368.109743 1302405691
2739.619406 1368.109743 1302405693
2763.617039 1367.887521 1302405695
2786.952668 1367.998632 1302405697
2809.378042 1368.665298 1302405699
2831.803416 1369.331964 1302405701
2854.063289 1369.331964 1302405703
2875.247406 1369.109742 1302405705
2904.954821 1369.554186 1302405708
2925.394184 1369.998630 1302405710
2946.826552 1370.554185 1302405712
2969.334677 1371.220851 1302405714
2992.008302 1372.109739 1302405716
3015.178431 1372.443072 1302405718
3038.017557 1372.776405 1302405720
3060.608432 1372.554183 1302405722
3081.958050 1372.887516 1302405724
3102.231912 1374.331959 1302405726
3122.754026 1375.998624 1302405728
3142.779637 1376.887512 1302405730
3170.583790 1377.998622 1302405733
3192.926414 1378.443066 1302405736
3214.524283 1377.331956 1302405743
3236.453155 1373.331960 1302405753
3259.788784 1369.220853 1302405757
3280.807400 1365.554190 1302405761
3299.840005 1356.776421 1302405768
3305.301536 1337.331996 1302405772
3306.294541 1314.220908 1302405775
3307.701299 1293.554262 1302405777
3308.197802 1269.665397 1302405779
3307.618548 1244.665422 1302405781
3307.204796 1219.998780 1302405783
3308.446053 1197.776580 1302405785
3308.694304 1176.887712 1302405787
3308.777055 1150.221072 1302405790
3310.349314 1129.998870 1302405795
