944.927478 805.888083 1303441701
923.412359 803.221419 1303441719
897.511465 801.665865 1303441722
874.672339 800.776977 1303441724
848.688695 799.554756 1303441726
821.463795 798.554757 1303441728
793.659641 798.443646 1303441730
764.614230 798.999201 1303441732
735.486069 799.221423 1303441734
706.357908 798.332535 1303441736
677.726249 796.665870 1303441738
650.087596 795.554760 1303441740
624.103953 794.888094 1303441742
601.347577 794.776983 1303441744
573.543423 794.776983 1303441747
552.359306 794.776983 1303441751
529.189178 792.999207 1303441778
503.867538 788.221434 1303441781
479.538903 786.999213 1303441783
451.983000 785.221437 1303441785
423.765094 783.665883 1303441787
396.871196 782.110329 1303441789
371.301304 780.665886 1303441791
347.551923 779.221443 1303441793
320.244272 779.554776 1303441796
299.804909 781.888107 1303441800
275.807276 784.110327 1303441820
249.740882 781.888107 1303441823
221.936728 779.554776 1303441826
201.993867 773.443671 1303441830
176.754978 773.777004 1303441846
150.605833 775.999224 1303441849
129.587217 776.221446 1303441851
104.513828 776.888112 1303441854
87.467234 790.665876 1303441861
90.197999 811.665855 1303441864
87.632735 839.888049 1303441867
85.894975 863.776914 1303441869
84.570968 890.554665 1303441871
83.412461 918.887970 1303441873
83.081460 946.443498 1303441875
83.826214 972.999027 1303441877
83.826214 1000.776777 1303441879
83.743463 1028.221194 1303441881
82.584957 1055.443389 1303441883
81.343700 1082.554473 1303441885
80.598946 1109.776668 1303441887
79.936942 1137.109974 1303441889
79.274939 1164.554391 1303441891
79.109438 1191.554364 1303441893
79.109438 1218.665448 1303441895
78.695685 1244.665422 1303441897
78.281933 1268.109843 1303441899
79.274939 1294.109817 1303441902
81.095449 1314.332019 1303441921
96.156032 1330.554225 1303441934
118.333155 1329.887559 1303441937
147.461316 1330.109781 1303441940
169.141936 1330.220892 1303441942
191.981062 1330.109781 1303441944
216.640699 1330.332003 1303441946
242.624342 1330.443114 1303441948
269.435491 1330.554225 1303441950
297.405145 1330.220892 1303441952
326.781558 1329.776448 1303441954
357.068225 1329.887559 1303441956
387.685895 1329.776448 1303441958
417.145058 1329.554226 1303441960
442.549448 1328.665338 1303441962
466.878083 1327.443117 1303441965
490.875716 1327.887561 1303441970
515.700853 1330.109781 1303441973
537.298722 1331.220891 1303441975
563.116865 1331.887557 1303441977
591.914025 1332.665334 1303441979
622.779945 1333.220889 1303441981
655.549127 1333.776444 1303441983
688.318308 1334.665332 1303441985
720.921988 1335.331998 1303441987
752.367162 1335.665331 1303441989
782.571079 1336.109775 1303441991
809.961481 1335.443109 1303441993
832.055853 1333.776444 1303441995
854.398477 1331.887557 1303441998
875.417093 1325.332008 1303442003
880.795873 1305.332028 1303442006
883.361137 1275.109836 1303442009
885.512649 1247.332086 1303442012
887.333159 1226.220996 1303442026
889.070919 1198.443246 1303442031
889.981174 1167.554388 1303442034
890.560427 1142.776635 1303442036
892.877440 1116.221106 1303442038
894.532449 1091.443353 1303442040
896.683961 1064.665602 1303442043
913.730555 1049.443395 1303442047
936.155929 1049.332284 1303442050
965.201340 1051.332282 1303442053
986.633708 1052.554503 1303442055
1014.520613 1052.221170 1303442058
1044.062526 1050.554505 1303442061
1064.419139 1050.332283 1303442063
1090.237281 1048.776729 1303442066
1112.910907 1047.665619 1303442071
1134.922529 1049.332284 1303442076
1157.016901 1051.110060 1303442089
1179.856027 1053.998946 1303442093
1207.080928 1057.221165 1303442096
1235.050583 1057.776720 1303442099
1263.351239 1056.665610 1303442102
1283.376850 1054.443390 1303442104
1305.222971 1053.443391 1303442106
1328.475849 1053.665613 1303442108
1352.969985 1053.332280 1303442110
1377.795122 1052.554503 1303442112
1401.875505 1051.998948 1303442114
1425.045634 1051.665615 1303442116
1446.809004 1050.665616 1303442118
1473.785653 1049.998950 1303442121
1493.563013 1041.221181 1303442126
1498.776292 1019.443425 1303442130
1503.410317 993.776784 1303442133
1506.389334 970.665696 1303442135
1508.789097 945.887943 1303442137
1511.354361 910.443534 1303442140
1512.181866 887.554668 1303442142
1511.933614 866.554689 1303442144
1511.850864 842.221380 1303442147
1512.430117 820.999179 1303442151
1502.251811 801.888087 1303442174
1506.223833 773.999226 1303442178
1507.216838 752.554803 1303442180
1507.796091 727.110384 1303442182
1508.127093 698.665968 1303442184
1509.864853 669.999330 1303442186
1511.685363 640.110471 1303442188
1512.430117 612.999387 1303442190
1513.340372 591.777186 1303442192
1513.009370 569.666097 1303442196
