3336.663959 381.110730 1302643208
3336.250207 356.666310 1302643212
3336.167456 334.888554 1302643215
3335.091700 312.777465 1302643218
3336.332957 290.888598 1302643221
3337.325963 267.333066 1302643224
3337.325963 240.888648 1302643227
3337.905216 211.777566 1302643230
3339.063722 182.999817 1302643233
3339.973977 156.110955 1302643236
3341.546236 131.222091 1302643239
3343.035744 110.777667 1302643242
3348.662776 90.777687 1302643248
3368.853887 93.444351 1302643261
3374.232667 71.555484 1302643270
3355.365563 60.555495 1302643274
3327.892411 61.999938 1302643277
3306.873794 61.111050 1302643279
3283.538165 58.999941 1302643281
3258.133775 55.999944 1302643283
3234.384393 53.555502 1302643285
3213.945030 51.999948 1302643287
3191.767908 49.111062 1302643291
3167.522023 47.999952 1302643295
3140.379873 46.666620 1302643298
3120.271512 45.666621 1302643300
3097.432386 43.444401 1302643302
3074.179507 40.555515 1302643304
3053.409142 38.333295 1302643306
3031.563021 35.666631 1302643309
3012.364915 29.888859 1302643317
2999.373093 45.888843 1302643326
2998.545589 72.111039 1302643330
2997.718084 98.777679 1302643333
2996.973330 126.333207 1302643336
2996.559578 146.888742 1302643339
2995.152820 170.444274 1302643345
2993.828812 190.666476 1302643348
2993.415060 217.110894 1302643351
2992.256554 245.110866 1302643354
2992.587556 271.110840 1302643357
2993.497811 291.888597 1302643361
2993.166809 313.888575 1302643366
2992.422055 338.110773 1302643369
2992.173803 358.332975 1302643371
2991.760051 380.444064 1302643373
2991.263548 402.999597 1302643375
2991.180798 425.555130 1302643377
2990.767046 448.110663 1302643379
2990.601545 470.443974 1302643381
2991.015297 491.999508 1302643383
2991.429049 519.888369 1302643386
2991.511800 541.999458 1302643390
2991.180798 563.221659 1302643411
2970.327682 578.110533 1302643416
2942.937281 577.999422 1302643419
2919.601652 577.777200 1302643421
2895.024766 577.443867 1302643423
2872.185640 577.110534 1302643425
2845.291741 576.554979 1302643428
2824.438625 575.888313 1302643452
2800.606494 579.666087 1302643457
2778.263870 584.221638 1302643460
2750.294215 587.443857 1302643463
2727.455089 587.888301 1302643465
2700.974942 588.443856 1302643467
2673.253539 587.221635 1302643469
2644.042627 585.443859 1302643471
2613.838710 584.332749 1302643473
2584.379547 583.221639 1302643475
2559.057907 582.888306 1302643477
2534.894774 585.332748 1302643480
2530.591750 607.110504 1302643484
2526.288726 633.221589 1302643487
2525.295720 654.999345 1302643489
2525.130220 677.665989 1302643491
2524.550966 701.554854 1302643493
2523.392460 725.554830 1302643495
2522.564955 749.777028 1302643497
2522.233954 772.777005 1302643499
2522.564955 799.110312 1302643502
2523.061458 819.443625 1302643506
2522.068453 845.665821 1302643517
2519.916941 870.332463 1302643520
2518.261932 900.776877 1302643523
2517.268926 923.221299 1302643525
2516.937924 946.999053 1302643527
2517.020675 971.665695 1302643529
2516.937924 996.887892 1302643531
2516.441421 1022.221200 1302643533
2515.613917 1046.887842 1302643535
2514.538161 1070.554485 1302643537
2514.620911 1092.554463 1302643539
2515.613917 1119.221103 1302643542
2516.689673 1140.665526 1302643547
2517.517177 1164.998835 1302643551
2518.841185 1193.998806 1302643554
2519.916941 1216.332117 1302643556
2521.323698 1239.998760 1302643558
2521.985702 1264.220958 1302643560
2522.316704 1288.776489 1302643562
2521.902952 1311.554244 1302643564
2521.654700 1337.220885 1302643567
