3322.099879 423.666243 1302646816
3325.078895 402.221820 1302646829
3324.830644 378.888510 1302646833
3325.327146 356.777421 1302646837
3328.471664 334.777443 1302646845
3331.119678 314.555241 1302646849
3334.595198 290.777487 1302646853
3336.912211 267.777510 1302646856
3339.973977 241.888647 1302646859
3341.215234 213.444231 1302646862
3341.794488 192.777585 1302646864
3343.614998 162.666504 1302646867
3344.608003 142.666524 1302646869
3345.766509 122.444322 1302646871
3346.014761 101.333232 1302646873
3344.773504 75.666591 1302646876
3338.815471 53.999946 1302646892
3318.955361 47.777730 1302646897
3298.929750 49.444395 1302646900
3273.359859 49.333284 1302646903
3244.562700 48.444396 1302646906
3215.682790 47.888841 1302646909
3192.181660 47.777730 1302646912
3168.846031 47.555508 1302646917
3141.952132 47.666619 1302646921
3116.299490 47.333286 1302646924
3087.667832 47.222175 1302646927
3067.228469 46.888842 1302646929
3038.348559 46.777731 1302646932
3018.074697 45.888843 1302646935
3000.862601 58.555497 1302646941
3000.945352 81.666585 1302646945
3000.779851 106.666560 1302646948
3000.862601 132.777645 1302646951
2999.786845 154.999845 1302646954
2996.807829 178.777599 1302646960
2995.152820 199.222023 1302646963
2995.235570 227.444217 1302646966
2995.483822 255.110856 1302646969
2996.311326 278.221944 1302646972
2998.131836 299.888589 1302646977
2996.476827 325.444119 1302646981
2995.732073 354.332979 1302646984
2995.483822 376.666290 1302646986
2995.152820 400.444044 1302646988
2994.739068 424.555131 1302646990
2994.490816 447.666219 1302646992
2994.656317 470.110641 1302646994
2994.656317 490.888398 1302646996
2993.663312 515.443929 1302646999
2993.084058 535.888353 1302647003
2991.760051 556.443888 1302647015
2981.250743 575.443869 1302647020
2954.108593 579.332754 1302647024
2925.145933 580.332753 1302647027
2897.259028 582.221640 1302647030
2869.372124 582.888306 1302647033
2848.188007 583.332750 1302647036
2826.010884 585.110526 1302647050
2805.571521 584.999415 1302647053
2776.277859 583.888305 1302647056
2754.100736 583.110528 1302647058
2730.351355 582.110529 1302647060
2706.270972 580.888308 1302647062
2681.114832 579.999420 1302647064
2655.131189 579.554976 1302647066
2627.492536 579.110532 1302647068
2598.695377 578.999421 1302647070
2570.146469 578.666088 1302647072
2547.059091 577.443867 1302647074
2526.288726 578.443866 1302647077
2520.661695 599.443845 1302647083
2518.510183 624.332709 1302647086
2517.848179 644.888244 1302647088
2517.351677 666.777111 1302647090
2517.103425 689.665977 1302647092
2516.855174 712.888176 1302647094
2516.855174 735.777042 1302647096
2517.103425 758.332575 1302647098
2517.517177 780.999219 1302647100
2518.013680 802.776975 1302647102
2518.758434 822.888066 1302647104
2518.758434 849.888039 1302647107
2516.937924 876.999123 1302647110
2515.448416 906.443538 1302647113
2514.703662 926.999073 1302647115
2514.372660 947.443497 1302647117
2514.455410 967.443477 1302647119
2514.207159 987.776790 1302647121
2514.124409 1008.110103 1302647123
2513.876157 1028.332305 1302647125
2512.717651 1048.665618 1302647127
2511.062642 1077.110034 1302647130
2512.303899 1099.554456 1302647133
2512.469400 1123.776654 1302647137
2514.455410 1147.332186 1302647148
2514.951913 1168.998831 1302647151
2516.110420 1197.776580 1302647154
2517.020675 1219.332114 1302647156
2517.517177 1241.220981 1302647158
2517.930930 1262.776515 1302647160
2518.179181 1283.776494 1302647162
2517.268926 1312.443132 1302647165
2515.696667 1337.109774 1302647168
2515.862168 1357.220865 1302647173
