3262.188547 570.221652 1302725488
3284.365670 575.110536 1302725493
3304.970534 573.888315 1302725499
3325.492647 564.999435 1302725506
3328.554414 537.332796 1302725510
3329.630170 515.332818 1302725512
3330.374924 493.888395 1302725514
3330.954178 466.555089 1302725517
3330.540425 443.110668 1302725520
3328.802666 420.555135 1302725525
3332.609187 393.110718 1302725531
3334.677948 366.888522 1302725534
3335.091700 345.444099 1302725538
3336.498458 323.110788 1302725553
3337.325963 299.888589 1302725557
3336.912211 271.777506 1302725560
3336.250207 250.444194 1302725562
3335.257201 227.888661 1302725564
3334.015944 204.333129 1302725566
3333.602192 180.110931 1302725568
3334.015944 155.444289 1302725570
3334.843449 131.444313 1302725572
3335.588203 108.333225 1302725574
3335.919205 86.777691 1302725576
3335.422702 61.222161 1302725579
3322.099879 45.222177 1302725585
3299.922756 46.777731 1302725589
3271.456598 46.444398 1302725592
3250.189731 45.999954 1302725594
3228.095359 45.666621 1302725596
3207.573245 45.444399 1302725598
3187.133882 45.555510 1302725601
3162.556996 44.777733 1302725606
3134.173589 43.444401 1302725609
3110.672459 42.666624 1302725611
3086.343824 41.888847 1302725613
3062.759944 41.333292 1302725615
3042.486082 41.111070 1302725617
3020.391709 40.555515 1302725620
3002.931363 54.555501 1302725627
3003.593367 82.111029 1302725631
3003.510616 102.333231 1302725633
3003.510616 125.110986 1302725635
3003.841618 145.555410 1302725637
3004.751873 166.999833 1302725641
3002.683111 193.555362 1302725645
3001.855607 221.222001 1302725648
3001.441855 243.333090 1302725651
3000.697100 265.888623 1302725654
3001.524605 288.666378 1302725657
2999.704095 312.333021 1302725663
2998.380088 336.666330 1302725666
2997.138831 358.555197 1302725668
2996.145825 384.221838 1302725670
2995.235570 412.666254 1302725672
2994.656317 441.444003 1302725674
2993.994313 469.110642 1302725676
2993.828812 495.999504 1302725678
2993.580561 521.221701 1302725680
2993.746062 543.332790 1302725682
2992.587556 567.110544 1302725685
2973.803202 584.110527 1302725689
2944.592290 583.777194 1302725692
2920.760158 582.332751 1302725694
2895.935021 580.554975 1302725696
2872.930394 579.221643 1302725698
2846.284746 577.666089 1302725701
2824.107624 575.443869 1302725705
2803.502760 574.332759 1302725708
2772.802340 573.999426 1302725711
2747.563450 573.777204 1302725713
2718.683540 573.888315 1302725715
2687.652119 573.443871 1302725717
2655.627691 572.554983 1302725719
2625.920277 571.999428 1302725721
2600.102134 572.332761 1302725723
2578.669766 572.110539 1302725725
2554.258381 572.332761 1302725728
2533.157014 573.666093 1302725757
2522.316704 592.554963 1302725764
2521.654700 613.443831 1302725767
2521.240948 640.221582 1302725770
2522.482205 669.110442 1302725773
2524.302715 698.221524 1302725776
2524.219965 725.110386 1302725779
2524.219965 748.443696 1302725782
2525.874974 772.221450 1302725786
2526.867979 792.221430 1302725792
2526.619728 812.665854 1302725807
2525.130220 832.888056 1302725811
2523.557961 859.443585 1302725815
2521.985702 884.110227 1302725818
2521.489199 910.665756 1302725821
2520.909946 937.554618 1302725824
2520.496194 958.332375 1302725826
2520.082442 980.776797 1302725828
2519.172187 1004.554551 1302725830
2518.592933 1027.998972 1302725832
2517.848179 1048.776729 1302725834
2513.462405 1071.887817 1302725837
2511.393644 1094.332239 1302725840
2513.627906 1118.554437 1302725843
2517.268926 1139.665527 1302725847
2517.517177 1162.887726 1302725852
2518.510183 1191.665475 1302725855
2519.668689 1212.554343 1302725857
2521.240948 1233.332100 1302725859
2521.737451 1256.220966 1302725861
2522.151203 1279.998720 1302725863
2522.978708 1303.109808 1302725865
2523.806212 1330.776447 1302725868
2524.633717 1352.443092 1302725872
