3332.360935 297.110814 1302797998
3331.698932 275.555280 1302798001
3331.616181 251.666415 1302798006
3332.278185 230.110881 1302798010
3334.098695 201.666465 1302798013
3334.264196 179.888709 1302798015
3335.008950 159.444285 1302798017
3336.663959 137.999862 1302798020
3343.035744 118.999881 1302798026
3351.228040 95.888793 1302798035
3352.717548 68.888820 1302798039
3347.504269 48.666618 1302798043
3325.658148 44.666622 1302798047
3296.860989 42.222180 1302798050
3275.676872 40.888848 1302798052
3253.499749 39.222183 1302798054
3232.646634 38.333295 1302798056
3208.152498 37.555518 1302798059
3185.147871 36.888852 1302798064
3164.046504 36.999963 1302798067
3143.772642 36.444408 1302798069
3120.354262 36.444408 1302798071
3096.439380 35.999964 1302798073
3072.855500 35.444409 1302798075
3051.009379 34.999965 1302798077
3028.335753 34.888854 1302798080
3008.392893 39.999960 1302798085
3005.662128 64.999935 1302798090
3005.331126 89.111022 1302798093
3005.000124 109.222113 1302798095
3004.834623 130.999869 1302798097
3004.586372 158.777619 1302798100
3004.420871 183.999816 1302798104
3003.262365 208.999791 1302798107
3002.600361 230.333103 1302798109
3002.103858 254.221968 1302798111
3001.855607 277.555278 1302798113
3001.193603 303.888585 1302798116
2999.538594 328.666338 1302798120
2999.042091 356.777421 1302798123
2998.545589 381.332952 1302798125
2998.214587 409.888479 1302798127
2997.304332 440.888448 1302798129
2996.394077 473.332860 1302798131
2995.566572 505.443939 1302798133
2994.987319 534.999465 1302798135
2995.070069 558.888330 1302798137
2989.277537 581.332752 1302798140
2967.845169 590.110521 1302798143
2945.999048 586.888302 1302798145
2905.616824 580.777197 1302798148
2876.488663 578.554977 1302798150
2850.670521 577.888311 1302798152
2823.859372 577.999422 1302798155
2802.509754 579.221643 1302798176
2776.608861 578.443866 1302798179
2754.017986 577.888311 1302798181
2728.199843 577.110534 1302798183
2700.230188 576.110535 1302798185
2670.853776 575.332758 1302798187
2641.063611 574.777203 1302798189
2611.438947 573.888315 1302798191
2583.221041 573.332760 1302798193
2560.299164 572.777205 1302798195
2538.039291 573.777204 1302798199
2522.564955 588.888300 1302798212
2521.323698 612.332721 1302798215
2521.075447 634.110477 1302798217
2520.578944 658.110453 1302798219
2520.413443 683.665983 1302798221
2520.330693 710.332623 1302798223
2520.165192 737.110374 1302798225
2520.165192 764.221458 1302798227
2520.165192 790.888098 1302798229
2520.578944 817.110294 1302798231
2520.413443 842.110269 1302798233
2519.585939 866.554689 1302798235
2519.006686 891.221331 1302798237
2518.179181 916.110195 1302798239
2517.599928 941.332392 1302798241
2517.434427 966.665700 1302798243
2516.772423 991.665675 1302798245
2516.027669 1015.665651 1302798247
2515.696667 1038.998961 1302798249
2514.869163 1062.110049 1302798251
2514.455410 1085.221137 1302798253
2515.862168 1107.665559 1302798255
2517.848179 1134.665532 1302798258
2519.337688 1157.221065 1302798263
2520.496194 1178.665488 1302798266
2522.316704 1198.998801 1302798268
2524.219965 1223.443221 1302798270
2525.957724 1250.332083 1302798272
2527.198981 1277.554278 1302798274
2527.529983 1303.443141 1302798276
2527.033480 1326.776451 1302798278
2526.371476 1353.443091 1302798281
2535.805029 1373.776404 1302798293
2561.209419 1371.665295 1302798296
2583.883045 1370.331963 1302798298
2608.790932 1369.887519 1302798300
2634.691826 1370.998629 1302798302
2661.916726 1371.665295 1302798304
2689.555379 1371.776406 1302798306
2717.359533 1372.109739 1302798308
2745.411938 1371.776406 1302798310
2773.216092 1371.776406 1302798312
2800.937495 1372.220850 1302798314
2827.748644 1372.998627 1302798316
2852.325530 1373.554182 1302798318
2873.675148 1374.443070 1302798320
2902.637808 1373.998626 1302798323
2933.338228 1373.443071 1302798326
2955.846352 1373.887515 1302798328
2979.181981 1374.443070 1302798330
3003.096864 1374.776403 1302798332
3026.680744 1375.220847 1302798334
3049.768122 1375.776402 1302798336
3072.772749 1376.331957 1302798338
3094.287868 1376.887512 1302798340
3122.174773 1377.220845 1302798343
3149.482424 1376.554179 1302798346
3170.087288 1376.109735 1302798348
3192.016159 1375.776402 1302798350
3214.772535 1374.998625 1302798352
3237.115158 1373.109738 1302798354
3256.975268 1370.554185 1302798356
3277.166380 1367.554188 1302798359
