2812.026057 583.554972 1302912294
2786.207914 583.666083 1302912300
2762.458533 583.666083 1302912303
2732.751118 583.554972 1302912306
2709.663740 583.332750 1302912308
2684.590352 582.666084 1302912310
2659.020460 581.332752 1302912312
2633.119567 580.443864 1302912314
2608.542681 579.666087 1302912316
2585.372553 578.888310 1302912318
2564.684938 577.888311 1302912320
2540.687306 576.443868 1302912323
2520.744445 581.554974 1302912330
2519.751440 607.332726 1302912337
2518.344682 632.110479 1302912340
2517.765429 652.443792 1302912342
2517.351677 674.332659 1302912344
2517.517177 696.332637 1302912346
2517.186176 717.777060 1302912348
2516.441421 738.221484 1302912350
2516.027669 766.665900 1302912353
2515.696667 791.776986 1302912356
2515.448416 814.221408 1302912359
2514.455410 837.332496 1302912362
2513.131403 864.110247 1302912365
2511.310893 893.887995 1302912368
2510.400638 915.110196 1302912370
2509.655884 936.776841 1302912372
2508.993880 958.887930 1302912374
2508.249126 980.887908 1302912376
2507.587123 1002.776775 1302912378
2506.925119 1023.887865 1302912380
2506.511367 1043.998956 1302912382
2505.932113 1073.332260 1302912385
2505.849363 1097.776680 1302912388
2507.504372 1121.554434 1302912392
2509.407633 1143.776634 1302912399
2509.904135 1164.998835 1302912402
2510.483389 1191.221031 1302912405
2511.890146 1218.443226 1302912408
2513.545155 1246.109865 1302912411
2514.455410 1274.109837 1302912414
2514.207159 1299.665367 1302912417
2513.214154 1323.220899 1302912421
2512.800401 1345.109766 1302912436
2523.971713 1364.554191 1302912443
2548.631350 1364.776413 1302912447
2575.194247 1363.665303 1302912450
2604.653409 1363.887525 1302912453
2625.175523 1364.887524 1302912455
2645.532136 1366.109745 1302912457
2665.640497 1366.776411 1302912459
2686.328111 1367.331966 1302912461
2706.850225 1367.554188 1302912463
2727.372338 1367.554188 1302912465
2748.225454 1367.665299 1302912467
2768.995819 1367.665299 1302912469
2789.021429 1367.887521 1302912471
2816.742833 1367.776410 1302912474
2840.243963 1368.220854 1302912477
2860.269574 1367.776410 1302912480
2882.943199 1368.109743 1302912484
2908.016588 1368.443076 1302912489
2929.614457 1368.887520 1302912492
2954.439595 1369.443075 1302912495
2978.354477 1368.998631 1302912498
3003.924368 1369.665297 1302912501
3030.570016 1370.220852 1302912504
3054.898650 1371.109740 1302912507
3077.986028 1371.443073 1302912510
3103.059417 1372.665294 1302912513
3127.139800 1373.220849 1302912516
3150.061677 1373.887515 1302912519
3175.879820 1374.443070 1302912522
3201.284210 1374.443070 1302912525
3226.688601 1372.887516 1302912528
3253.168747 1369.554186 1302912531
3276.587127 1366.554189 1302912534
3299.260752 1359.331974 1302912538
3306.046290 1339.665327 1302912542
3306.211791 1319.109792 1302912545
3306.625543 1292.443152 1302912548
3306.625543 1272.220950 1302912550
3306.460042 1250.554305 1302912552
3306.625543 1227.998772 1302912554
3306.873794 1204.776573 1302912556
3307.039295 1181.887707 1302912558
3307.535798 1159.554396 1302912560
3308.446053 1138.221084 1302912562
3308.694304 1116.665550 1302912564
3308.694304 1095.221127 1302912566
3308.694304 1073.776704 1302912568
3309.108057 1051.443393 1302912570
3309.273558 1028.332305 1302912572
3309.108057 1004.998995 1302912574
3309.439059 982.443462 1302912576
3310.349314 960.776817 1302912578
3310.845816 940.554615 1302912580
3311.011317 915.999084 1302912583
3311.094068 894.221328 1302912588
3310.597565 873.999126 1302912603
3311.259569 852.443592 1302912607
3311.507820 828.999171 1302912610
3312.335325 799.332534 1302912613
3312.997328 778.221444 1302912615
3314.073084 756.888132 1302912617
3314.817838 736.554819 1302912619
3315.810844 708.888180 1302912622
3316.555598 684.221538 1302912625
3317.962356 663.110448 1302912628
3319.865616 642.999357 1302912632
3320.775871 621.332712 1302912645
3321.272374 597.332736 1302912650
3322.099879 573.332760 1302912654
3323.423886 551.443893 1302912658
3323.589387 529.777248 1302912668
3324.913394 509.221713 1302912674
3327.975161 485.777292 1302912680
3328.306163 464.666202 1302912685
3327.147656 443.777334 1302912693
3326.485653 423.555132 1302912706
