2808.798789 577.666089 1302920658
2787.697422 577.999422 1302920676
2766.761556 576.999423 1302920679
2744.749935 575.443869 1302920682
2720.669551 575.443869 1302920687
2699.402684 574.443870 1302920690
2669.198767 573.110538 1302920693
2648.842154 572.443872 1302920695
2620.458747 572.221650 1302920698
2594.392353 572.221650 1302920701
2571.470476 571.666095 1302920704
2549.624355 571.554984 1302920709
2526.288726 571.110540 1302920728
2516.855174 591.888297 1302920733
2515.531166 614.888274 1302920736
2514.703662 635.110476 1302920738
2513.793407 658.332675 1302920740
2513.379655 682.999317 1302920742
2513.048653 708.443736 1302920744
2512.469400 733.554822 1302920746
2511.807396 758.221464 1302920748
2511.890146 782.443662 1302920750
2511.807396 804.888084 1302920752
2511.641895 825.332508 1302920754
2510.483389 846.999153 1302920756
2508.993880 870.554685 1302920758
2508.083625 896.110215 1302920760
2508.000875 922.332411 1302920762
2507.752623 948.443496 1302920764
2507.587123 973.332360 1302920766
2507.173370 997.332336 1302920768
2507.007869 1020.221202 1302920770
2506.842368 1043.110068 1302920772
2506.676867 1066.110045 1302920774
2507.835374 1087.665579 1302920776
2508.331877 1108.776669 1302920778
2510.400638 1132.109979 1302920781
2512.221148 1153.332180 1302920786
2512.303899 1178.887710 1302920790
2512.883152 1203.443241 1302920793
2514.538161 1229.887659 1302920796
2514.372660 1258.998741 1302920799
2514.703662 1288.443156 1302920802
2516.358671 1313.109798 1302920805
2517.103425 1335.220887 1302920809
2514.951913 1355.443089 1302920824
2533.570766 1367.331966 1302920835
2554.423882 1369.109742 1302920838
2583.552043 1368.554187 1302920841
2605.729165 1368.443076 1302920843
2629.395796 1369.220853 1302920845
2653.889932 1369.554186 1302920847
2679.708075 1369.887519 1302920849
2705.277966 1370.220852 1302920851
2730.103104 1370.220852 1302920853
2754.928241 1370.665296 1302920855
2778.594872 1371.331962 1302920857
2801.516749 1371.887517 1302920859
2823.114618 1372.331961 1302920861
2843.802233 1373.109738 1302920863
2869.868627 1374.109737 1302920866
2891.714748 1374.665292 1302920871
2916.374384 1376.998623 1302920884
2941.447773 1377.554178 1302920887
2970.575934 1376.998623 1302920890
2990.767046 1377.109734 1302920892
3012.530416 1377.554178 1302920894
3034.211036 1377.887511 1302920896
3055.146902 1377.554178 1302920898
3075.172513 1377.443067 1302920900
3103.224918 1377.998622 1302920903
3132.022077 1378.998621 1302920906
3160.239983 1381.998618 1302920909
3186.223627 1383.554172 1302920912
3209.642006 1381.887507 1302920915
3232.977636 1379.887509 1302920918
3256.644266 1378.109733 1302920921
3277.993885 1374.665292 1302920924
3299.178002 1364.443080 1302920928
3305.301536 1342.998657 1302920931
3305.218785 1314.554241 1302920934
3304.805033 1290.776487 1302920936
3304.887783 1264.998735 1302920938
3305.218785 1239.776538 1302920940
3305.218785 1215.887673 1302920942
3305.218785 1193.665473 1302920944
3305.301536 1172.887716 1302920946
3305.301536 1147.443297 1302920949
3305.549787 1126.221096 1302920953
3307.535798 1106.110005 1302920956
3308.694304 1076.110035 1302920959
3308.363303 1051.887837 1302920961
3308.446053 1026.110085 1302920963
3309.521809 1001.443443 1302920965
3310.266563 977.999022 1302920967
3310.597565 955.887933 1302920969
3311.176818 935.110176 1302920971
3310.928567 907.999092 1302920974
3309.604559 883.665783 1302920978
3311.673321 861.110250 1302921002
3312.831827 836.888052 1302921006
3314.569587 814.888074 1302921011
3317.217602 787.999212 1302921015
3317.962356 757.332576 1302921018
3317.879605 736.221486 1302921020
3318.127857 715.888173 1302921022
3318.789860 687.221535 1302921025
3319.782866 661.443783 1302921028
3320.527620 639.221583 1302921031
3320.362119 618.221604 1302921035
3320.941372 598.110513 1302921041
3322.348130 572.221650 1302921045
3323.010134 550.443894 1302921048
3324.913394 528.332805 1302921051
3326.816655 504.555051 1302921054
3328.223412 482.999517 1302921057
3328.637165 460.555095 1302921061
3327.644159 439.777338 1302921067
