88.046487 813.332520 1302986413
87.963737 833.554722 1302986435
87.549984 861.999138 1302986438
87.136232 884.776893 1302986440
86.556979 908.110203 1302986442
85.729474 930.443514 1302986444
85.398472 951.332382 1302986446
84.570968 976.887912 1302986449
84.322716 998.554557 1302986455
83.329711 1023.110088 1302986461
83.329711 1043.776734 1302986464
82.833208 1067.998932 1302986467
82.171205 1092.110019 1302986470
81.591951 1117.554438 1302986473
81.012698 1143.776634 1302986476
80.929948 1170.109941 1302986479
80.847197 1194.998805 1302986482
80.433445 1219.998780 1302986485
80.185194 1242.109869 1302986488
80.516195 1265.220957 1302986493
81.260950 1286.776491 1302986511
81.840203 1308.776469 1302986516
84.984720 1329.554226 1302986532
105.424083 1330.332003 1302986538
129.669967 1328.332005 1302986541
150.274831 1327.220895 1302986543
173.362209 1327.443117 1302986545
197.690844 1327.665339 1302986547
222.267730 1327.665339 1302986549
246.513614 1328.332005 1302986551
270.428496 1330.332003 1302986553
294.757131 1330.998669 1302986555
320.906275 1330.554225 1302986557
347.634673 1330.776447 1302986559
374.114820 1331.665335 1302986561
399.022707 1332.332001 1302986563
422.523837 1332.554223 1302986565
443.459703 1332.998667 1302986567
465.636826 1334.220888 1302986570
489.386207 1334.998665 1302986576
516.528358 1334.998665 1302986579
539.698486 1335.109776 1302986581
566.178632 1335.665331 1302986583
593.734535 1336.554219 1302986585
622.035191 1337.998662 1302986587
650.501349 1338.554217 1302986589
678.884756 1338.887550 1302986591
706.523409 1339.665327 1302986593
734.079311 1340.443104 1302986595
761.883465 1340.665326 1302986597
788.777364 1340.887548 1302986599
814.761007 1341.331992 1302986601
838.344888 1341.887547 1302986603
864.411282 1341.554214 1302986606
883.112886 1333.554222 1302986610
885.595399 1310.443134 1302986613
886.505654 1288.887600 1302986615
887.333159 1266.887622 1302986617
887.829662 1240.109871 1302986620
888.408915 1218.887670 1302986640
891.718933 1196.665470 1302986644
892.215436 1167.554388 1302986647
892.629188 1144.109967 1302986649
894.449698 1120.443324 1302986651
896.187458 1097.998902 1302986653
897.014962 1071.554484 1302986656
905.372759 1053.332280 1302986660
925.232869 1050.998949 1302986663
952.871521 1052.443392 1302986666
979.517169 1054.332279 1302986669
999.791031 1057.110054 1302986675
1023.540412 1066.554489 1302986686
1053.330577 1068.665598 1302986689
1076.004203 1070.887818 1302986692
1098.926079 1073.998926 1302986697
1124.909723 1074.332259 1302986700
1147.169596 1076.110035 1302986702
1170.174224 1076.887812 1302986704
1192.103095 1078.443366 1302986706
1212.542458 1078.776699 1302986708
1236.953843 1078.776699 1302986711
1256.896703 1075.887813 1302986716
1284.121604 1075.221147 1302986723
1309.939747 1075.221147 1302986726
1339.481660 1076.776701 1302986729
1359.755522 1076.887812 1302986731
1389.545687 1075.665591 1302986734
1418.508347 1073.998926 1302986737
1446.147000 1073.110038 1302986740
1468.324123 1070.554485 1302986743
1489.673741 1065.221157 1302986751
1492.901009 1043.443401 1302986755
1494.390517 1017.332316 1302986758
1497.286783 994.443450 1302986760
1500.762303 969.221253 1302986762
1502.665563 942.887946 1302986764
1503.906820 916.110195 1302986766
1503.906820 889.554666 1302986768
1504.817075 864.776913 1302986770
1507.382339 837.888051 1302986773
1510.195855 817.776960 1302986778
1528.400955 805.665861 1302986782
1556.287860 804.999195 1302986785
1578.713234 804.554751 1302986787
1601.221358 802.221420 1302986789
1625.053490 801.443643 1302986791
1647.065112 800.999199 1302986793
1671.393747 799.888089 1302986796
