3816.368363 1947.664719 1303474939
3816.285612 1927.442517 1303474944
3813.306596 1905.109206 1303474950
3827.043172 1887.553668 1303474968
3842.517508 1873.998126 1303474989
3842.765759 1853.664813 1303474998
3829.939438 1836.887052 1303475003
3825.884666 1813.553742 1303475008
3819.099128 1792.887096 1303475017
3814.630603 1772.331561 1303475034
3797.997761 1754.109357 1303475040
3782.688927 1740.220482 1303475043
3782.523426 1712.998287 1303475046
3776.648143 1691.331642 1303475049
3767.462842 1670.664996 1303475052
3761.918562 1646.220576 1303475055
3762.911567 1625.220597 1303475057
3763.821822 1602.998397 1303475059
3764.318325 1582.109529 1303475061
3768.952351 1553.331780 1303475064
3775.241385 1523.665143 1303475067
3780.537415 1504.220718 1303475069
3784.426686 1475.998524 1303475072
3788.233207 1447.331886 1303475075
3791.294974 1426.998573 1303475078
3799.735521 1407.887481 1303475083
3816.285612 1387.887501 1303475090
3808.755321 1368.776409 1303475099
3788.315958 1368.776409 1303475102
3766.966340 1370.331963 1303475104
3744.623716 1370.665296 1303475106
3723.025847 1370.665296 1303475108
3702.007230 1370.220852 1303475110
3681.733368 1369.443075 1303475112
3660.135499 1368.554187 1303475114
3638.123877 1368.109743 1303475116
3615.781253 1366.998633 1303475118
3592.031872 1366.109745 1303475120
3568.861744 1365.220857 1303475122
3546.022617 1364.443080 1303475124
3523.597243 1363.887525 1303475126
3501.006368 1364.220858 1303475128
3477.918991 1364.554191 1303475130
3454.997114 1364.776413 1303475132
3433.233743 1364.776413 1303475134
3412.546129 1364.776413 1303475136
3392.437768 1364.665302 1303475138
3366.040372 1365.554190 1303475141
3345.187256 1365.331968 1303475146
3322.927383 1366.220856 1303475163
3306.046290 1346.554209 1303475167
3305.467037 1310.332023 1303475171
3302.322519 1289.109822 1303475173
3301.908767 1266.109845 1303475175
3300.667510 1242.665424 1303475177
3299.178002 1220.776557 1303475179
3299.922756 1191.443253 1303475182
3303.481026 1170.443274 1303475184
3306.211791 1143.221079 1303475187
3305.963539 1122.998877 1303475194
3298.764249 1100.110011 1303475223
3297.605743 1074.110037 1303475226
3298.515998 1051.221171 1303475228
3300.253758 1025.998974 1303475230
3301.826016 999.887889 1303475232
3303.812027 972.776805 1303475234
3306.460042 944.665722 1303475236
3308.942556 917.443527 1303475238
3311.342319 892.999107 1303475240
3312.914578 872.999127 1303475242
3307.453048 850.999149 1303475246
3280.228147 850.110261 1303475250
3250.024230 850.554705 1303475253
3227.102353 850.443594 1303475255
3205.090731 850.332483 1303475257
3175.548818 849.332484 1303475260
3155.192205 848.776929 1303475262
3133.759837 848.776929 1303475264
3112.079217 849.110262 1303475266
3090.564098 849.110262 1303475268
3069.048979 848.888040 1303475270
3048.361364 848.110263 1303475272
3019.564205 847.554708 1303475275
2999.373093 846.443598 1303475278
2979.099231 842.110269 1303475298
2951.708829 839.888049 1303475302
2920.842909 837.999162 1303475305
2898.252034 836.776941 1303475307
2875.330157 836.221386 1303475309
2853.153034 836.110275 1303475311
2832.465420 834.665832 1303475313
2802.592505 833.443611 1303475316
2782.484143 833.443611 1303475318
2753.852485 832.776945 1303475321
2733.082120 832.332501 1303475324
2711.732502 832.776945 1303475329
2684.921354 832.999167 1303475333
2656.620697 831.332502 1303475336
2634.609075 830.888058 1303475338
2613.093956 831.665835 1303475340
2584.710549 830.999169 1303475343
2564.767689 829.221393 1303475347
2541.183808 828.443616 1303475354
2520.247943 827.776950 1303475357
2496.415811 825.554730 1303475360
2471.176921 823.221399 1303475363
2447.593041 820.999179 1303475366
2420.947393 819.443625 1303475369
2400.839032 820.332513 1303475371
2379.323913 821.665845 1303475373
2357.560543 822.665844 1303475375
2335.879923 823.554732 1303475377
2314.282053 823.999176 1303475379
2293.428938 823.665843 1303475381
2272.824074 823.443621 1303475383
2251.474456 823.776954 1303475385
2229.876586 824.554731 1303475387
2209.188972 823.999176 1303475389
2188.915110 823.665843 1303475391
2168.889499 823.110288 1303475393
2139.761338 823.443621 1303475396
2111.874433 823.110288 1303475399
2085.973540 822.332511 1303475402
2063.796417 822.554733 1303475405
2043.274304 821.554734 1303475408
2020.683429 822.110289 1303475412
1997.927053 820.554735 1303475418
1973.598418 820.888068 1303475424
1951.421296 815.110296 1303475431
1931.064683 812.443632 1303475437
1909.053061 811.888077 1303475443
1886.627687 816.221406 1303475447
1863.540309 818.221404 1303475450
1843.514699 817.110294 1303475452
1816.041547 813.110298 1303475455
1796.677940 806.999193 1303475461
1773.342311 800.554755 1303475484
1747.275916 800.999199 1303475488
1717.237500 800.554755 1303475491
1694.067372 799.221423 1303475493
1670.566242 797.665869 1303475495
1648.058117 796.332537 1303475497
1627.536004 793.776984 1303475499
1598.821595 792.443652 1303475502
1572.175948 793.221429 1303475505
1550.081575 794.554761 1303475508
1529.311210 797.999202 1303475514
1506.223833 803.554752 1303475525
1483.632958 808.999191 1303475529
1460.711081 818.554737 1303475533
1440.519969 822.776955 1303475537
1422.811371 812.110299 1303475545
1424.962883 791.110320 1303475558
1402.041006 784.332549 1303475577
1381.518893 793.221429 1303475580
1362.238036 798.888090 1303475585
1339.812662 792.443652 1303475591
1323.593572 774.443670 1303475594
1317.387288 745.888143 1303475597
1313.084264 716.665950 1303475600
1311.429255 695.999304 1303475602
1309.856996 675.110436 1303475604
1309.194993 653.332680 1303475606
1307.788235 632.443812 1303475608
1309.691495 607.999392 1303475611
1310.436250 587.666079 1303475625
1309.360494 565.666101 1303475632
1309.691495 545.443899 1303475636
1322.352316 529.888359 1303475640
1349.825468 533.888355 1303475644
1380.029385 537.221685 1303475647
1404.440770 538.332795 1303475649
1430.838166 539.555016 1303475651
1457.980316 540.332793 1303475653
1485.784470 540.777237 1303475655
1513.423123 540.443904 1303475657
1540.317021 538.777239 1303475659
1566.879918 537.555018 1303475661
1593.360065 537.110574 1303475663
1619.591960 537.110574 1303475665
1645.658354 538.110573 1303475667
1670.897244 538.777239 1303475669
1695.970632 539.221683 1303475671
1720.464768 539.555016 1303475673
1744.048648 539.777238 1303475675
1767.963531 540.666126 1303475677
1791.712912 541.332792 1303475679
1815.379543 542.221680 1303475681
1839.128924 542.999457 1303475683
1863.540309 543.999456 1303475685
1888.117195 544.999455 1303475687
1912.859582 546.332787 1303475689
1938.015722 547.666119 1303475691
1963.502863 548.443896 1303475693
1989.983009 549.221673 1303475695
2016.711407 549.999450 1303475697
2043.522555 551.110560 1303475699
2068.926946 552.221670 1303475701
2093.503832 553.221669 1303475703
2118.163468 553.666113 1303475705
2143.236857 553.666113 1303475707
2168.558497 554.110557 1303475709
2194.128388 554.888334 1303475711
2233.186604 555.777222 1303475714
2259.666751 555.777222 1303475716
2286.312398 555.888333 1303475718
2313.206297 555.999444 1303475720
2339.851945 556.221666 1303475722
2366.745843 556.777221 1303475724
2393.805243 556.999443 1303475726
2420.699142 557.221665 1303475728
2447.262039 557.888331 1303475730
2473.162932 558.554997 1303475732
2497.574317 558.999441 1303475734
2520.827196 559.332774 1303475736
2543.997324 559.777218 1303475738
2567.912206 559.999440 1303475740
2592.902844 560.999439 1303475742
2618.389985 561.777216 1303475744
2643.463374 562.110549 1303475746
2667.957510 562.443882 1303475748
2691.624141 562.332771 1303475750
2714.049515 562.888326 1303475752
2734.902630 563.666103 1303475754
2761.879279 564.666102 1303475757
2785.132158 565.443879 1303475761
