1506.306583 1047.998952 1303073193
1504.734325 1023.110088 1303073196
1503.906820 1000.776777 1303073198
1504.320572 974.887914 1303073200
1505.313578 947.332386 1303073202
1506.058332 920.110191 1303073204
1506.389334 893.332440 1303073206
1505.727330 867.332466 1303073208
1505.644580 845.554710 1303073210
1506.058332 823.554732 1303073213
1510.526857 802.110309 1303073219
1530.717968 793.999206 1303073225
1552.315838 793.999206 1303073228
1573.251704 794.110317 1303073230
1596.090830 793.999206 1303073232
1618.433454 795.110316 1303073234
1639.948573 795.888093 1303073236
1661.049939 795.776982 1303073238
1682.316807 795.665871 1303073240
1702.507919 796.110315 1303073242
1731.139577 798.332535 1303073245
1751.247938 799.776978 1303073247
1772.680307 800.999199 1303073249
1794.691929 801.888087 1303073251
1815.876046 802.776975 1303073253
1843.762950 803.554752 1303073256
1866.933078 806.554749 1303073261
1889.358452 805.999194 1303073265
1913.438836 806.332527 1303073273
1936.443463 807.999192 1303073276
1956.965576 808.999191 1303073278
1980.797708 809.665857 1303073280
2005.291844 810.554745 1303073282
2028.544722 811.110300 1303073284
2050.556344 811.332522 1303073286
2077.781245 811.332522 1303073289
2098.137857 811.443633 1303073293
2121.969989 814.665852 1303073302
2148.201884 816.110295 1303073305
2170.792759 816.999183 1303073307
2195.204144 817.554738 1303073309
2219.119027 817.221405 1303073311
2242.620157 816.776961 1303073313
2266.369538 817.110294 1303073315
2289.539666 817.443627 1303073317
2311.634038 817.554738 1303073319
2332.818156 817.443627 1303073321
2353.257519 817.332516 1303073323
2374.027884 817.221405 1303073325
2394.053494 817.110294 1303073327
2423.429907 817.443627 1303073330
2443.952020 817.776960 1303073332
2464.556884 818.776959 1303073334
2491.947286 820.332513 1303073337
2512.055647 821.999178 1303073342
2518.841185 841.221381 1303073360
2517.599928 862.888026 1303073363
2516.689673 885.110226 1303073365
2516.027669 911.221311 1303073367
2515.696667 938.554617 1303073369
2515.200165 965.665701 1303073371
2515.117414 992.887896 1303073373
2515.282915 1019.554536 1303073375
2514.620911 1045.665621 1303073377
2513.462405 1070.554485 1303073379
2513.048653 1092.776685 1303073381
2514.289910 1118.665548 1303073384
2514.951913 1139.109972 1303073389
2516.855174 1166.443278 1303073393
2517.517177 1186.998813 1303073395
2518.179181 1210.443234 1303073397
2519.420438 1234.887654 1303073399
2520.247943 1258.998741 1303073401
2520.330693 1282.665384 1303073403
2520.330693 1304.220918 1303073405
2520.578944 1327.443117 1303073408
2520.330693 1349.220873 1303073413
2531.502005 1367.443077 1303073435
2555.830639 1365.665301 1303073439
2586.034556 1365.443079 1303073442
2610.528692 1365.554190 1303073444
2636.843338 1365.665301 1303073446
2663.654486 1366.220856 1303073448
2691.127638 1366.776411 1303073450
2719.097293 1366.998633 1303073452
2746.653195 1367.220855 1303073454
2774.209098 1367.554188 1303073456
2800.854745 1367.443077 1303073458
2826.838389 1367.998632 1303073460
2851.498025 1368.220854 1303073462
2872.847643 1368.331965 1303073464
2893.287006 1368.109743 1303073467
2917.781142 1369.443075 1303073484
2939.048009 1369.998630 1303073487
2968.093420 1370.109741 1303073490
2989.691290 1370.443074 1303073492
3010.792656 1371.554184 1303073494
3031.563021 1371.998628 1303073496
3052.167885 1372.665294 1303073498
3080.799544 1373.109738 1303073501
3101.156156 1373.220849 1303073504
