1677.434530 807.332526 1302481076
1702.673420 809.221413 1302481082
1728.491562 810.332523 1302481085
1756.874969 811.888077 1302481088
1784.265371 812.888076 1302481091
1811.324771 813.665853 1302481094
1835.239653 814.332519 1302481097
1857.665027 815.221407 1302481100
1882.738416 814.999185 1302481104
1903.260529 816.665850 1302481115
1928.002916 820.443624 1302481120
1949.766287 823.332510 1302481123
1977.487690 824.554731 1302481126
1997.596051 824.110287 1302481128
2023.248693 823.999176 1302481131
2048.322082 823.332510 1302481134
2068.678694 825.443619 1302481140
2090.028312 829.554726 1302481154
2113.694943 832.221390 1302481159
2138.520081 833.776944 1302481162
2170.130756 834.110277 1302481165
2194.045638 834.332499 1302481167
2218.870775 834.443610 1302481169
2242.951158 834.665832 1302481171
2265.790285 834.554721 1302481173
2289.953419 834.665832 1302481175
2313.040796 834.888054 1302481177
2335.217919 835.221387 1302481179
2358.553548 835.554720 1302481181
2381.806427 835.554720 1302481183
2404.231801 835.332498 1302481185
2425.664169 835.221387 1302481187
2446.848286 835.443609 1302481189
2467.039398 835.776942 1302481191
2492.195537 835.888053 1302481194
2513.627906 842.999157 1302481199
2516.606922 863.665803 1302481209
2514.951913 890.332443 1302481213
2514.620911 921.110190 1302481216
2514.951913 943.110168 1302481218
2514.538161 967.110144 1302481220
2513.876157 991.665675 1302481222
2512.800401 1017.554538 1302481224
2512.221148 1043.665623 1302481226
2512.717651 1068.221154 1302481228
2512.965902 1090.665576 1302481230
2514.124409 1112.109999 1302481233
2514.869163 1136.221086 1302481238
2515.448416 1162.776615 1302481241
2516.606922 1184.109927 1302481243
2517.930930 1207.109904 1302481245
2519.254937 1232.887656 1302481247
2519.254937 1259.109852 1302481249
2519.172187 1284.109827 1302481251
2518.592933 1305.776472 1302481253
2517.930930 1332.109779 1302481256
2531.419254 1348.887540 1302481260
2552.437871 1351.998648 1302481263
2572.049729 1356.665310 1302481265
2595.219857 1359.665307 1302481267
2620.789749 1362.109749 1302481269
2647.269895 1363.776414 1302481271
2673.915543 1364.887524 1302481273
2701.223194 1365.554190 1302481275
2729.358349 1366.331967 1302481277
2757.493505 1367.331966 1302481279
2784.966657 1368.109743 1302481281
2811.281303 1369.109742 1302481283
2837.430447 1369.443075 1302481285
2862.503836 1369.776408 1302481287
2885.591214 1369.887519 1302481289
2906.858081 1370.220852 1302481291
2928.290450 1371.220851 1302481293
2951.543329 1372.220850 1302481295
2976.533967 1372.665294 1302481297
3002.021108 1374.220848 1302481299
3027.839251 1375.109736 1302481301
3053.409142 1375.887513 1302481303
3078.648032 1376.220846 1302481305
3103.804171 1376.998623 1302481307
3129.374062 1377.331956 1302481309
3155.192205 1378.443066 1302481311
3180.844847 1378.998621 1302481313
3206.083737 1379.331954 1302481315
3230.826124 1378.443066 1302481317
3255.568510 1375.887513 1302481319
3278.407637 1372.776405 1302481321
3304.556782 1367.220855 1302481324
3315.976345 1348.109763 1302481327
3316.059095 1321.109790 1302481330
3315.562592 1298.776479 1302481332
3315.231591 1272.887616 1302481334
3315.562592 1243.776534 1302481336
3314.321336 1214.776563 1302481338
3312.666326 1187.776590 1302481340
3312.335325 1163.665503 1302481342
3312.500825 1137.776640 1302481345
3311.673321 1115.332218 1302481366
3313.162829 1092.443352 1302481369
3313.328330 1071.110040 1302481371
3312.831827 1046.554509 1302481373
3312.997328 1019.110092 1302481375
3313.742082 990.665676 1302481377
3314.404086 962.665704 1302481379
3315.066090 935.887953 1302481381
