1500.514051 1025.554530 1303085766
1499.190044 1004.332329 1303085768
1498.528040 978.887910 1303085770
1498.693541 950.999049 1303085772
1499.521046 922.776855 1303085774
1500.514051 895.443549 1303085776
1501.093304 869.443575 1303085778
1501.589807 847.332486 1303085780
1501.838058 825.110286 1303085783
1509.947603 805.554750 1303085790
1531.793724 802.443642 1303085793
1552.233087 802.776975 1303085795
1576.561722 803.221419 1303085797
1603.372870 804.332529 1303085799
1630.597771 805.443639 1303085801
1657.491670 805.999194 1303085803
1683.558064 806.332527 1303085805
1722.533529 806.888082 1303085808
1748.848175 807.888081 1303085810
1774.666318 808.888080 1303085812
1799.491455 809.443635 1303085814
1822.744334 809.888079 1303085816
1844.176702 810.665856 1303085818
1872.725610 810.332523 1303085821
1895.730238 810.443634 1303085825
1920.803626 810.776967 1303085834
1950.180039 811.554744 1303085837
1974.343172 811.999188 1303085839
1999.002809 812.221410 1303085841
2022.338438 812.776965 1303085843
2043.770807 812.665854 1303085845
2068.761445 811.999188 1303085848
2095.324342 812.221410 1303085852
2117.832466 813.110298 1303085855
2144.974616 813.665853 1303085858
2166.075983 813.888075 1303085860
2187.011849 814.554741 1303085862
2207.202961 814.999185 1303085864
2227.725074 815.665851 1303085866
2249.653946 815.999184 1303085868
2271.831068 816.221406 1303085870
2294.339193 816.554739 1303085872
2316.681816 816.665850 1303085874
2338.858939 817.221405 1303085876
2362.525570 817.443627 1303085878
2386.357702 817.443627 1303085880
2409.445080 817.554738 1303085882
2431.870454 818.443626 1303085884
2453.468323 819.665847 1303085886
2474.073187 820.665846 1303085888
2498.732824 822.665844 1303085891
2519.337688 827.888061 1303085896
2518.841185 850.665816 1303085904
2516.441421 872.999127 1303085907
2515.944919 895.221327 1303085909
2515.696667 921.443523 1303085911
2515.117414 949.887939 1303085913
2514.869163 978.887910 1303085915
2514.538161 1007.665659 1303085917
2513.958908 1035.665631 1303085919
2512.138398 1062.665604 1303085921
2511.062642 1086.998913 1303085923
2512.055647 1114.554441 1303085926
2511.972897 1134.887754 1303085930
2513.710656 1162.665504 1303085935
2515.034664 1182.887706 1303085937
2516.358671 1205.443239 1303085939
2517.765429 1227.554328 1303085941
2519.751440 1249.998750 1303085943
2520.827196 1273.887615 1303085945
2520.909946 1297.554258 1303085947
2520.413443 1324.998675 1303085950
2520.165192 1344.998655 1303085953
2527.198981 1365.331968 1303085958
2553.761878 1363.331970 1303085962
2574.201241 1362.109749 1303085964
2598.281624 1361.887527 1303085966
2624.679020 1361.554194 1303085968
2651.903921 1361.776416 1303085970
2680.121827 1362.776415 1303085972
2708.918986 1363.220859 1303085974
2737.467894 1363.554192 1303085976
2765.768551 1363.665303 1303085978
2793.158952 1363.998636 1303085980
2819.721849 1364.887524 1303085982
2845.208990 1365.331968 1303085984
2867.965366 1365.109746 1303085986
2894.445513 1366.220856 1303085989
2918.194894 1366.443078 1303085992
2947.819558 1366.665300 1303085995
2970.906936 1366.998633 1303085997
2993.911563 1367.998632 1303085999
3017.412693 1368.554187 1303086001
3040.334570 1368.887520 1303086003
3062.097940 1369.554186 1303086005
3082.702804 1370.220852 1303086007
3112.823971 1370.665296 1303086010
3133.677086 1370.887518 1303086012
3154.861203 1371.331962 1303086014
3176.624574 1371.776406 1303086016
3198.139693 1372.220850 1303086018
3226.936852 1370.776407 1303086021
3247.624467 1367.776410 1303086024
3268.394831 1364.887524 1303086038
3290.737455 1361.998638 1303086044
3306.460042 1349.443095 1303086053
3307.701299 1326.665340 1303086056
3307.535798 1306.443138 1303086058
3307.122046 1282.665384 1303086060
3306.460042 1255.998744 1303086062
3306.460042 1227.776550 1303086064
3306.708293 1199.887689 1303086066
3307.453048 1172.332161 1303086068
3307.618548 1145.554410 1303086070
3307.039295 1119.443325 1303086072
3307.122046 1091.665575 1303086074
3307.618548 1062.665604 1303086076
3308.115051 1032.998967 1303086078
3307.866800 1003.443441 1303086080
3308.115051 974.999025 1303086082
3308.197802 947.776830 1303086084
3308.528803 922.999077 1303086086
3309.604559 902.110209 1303086088
3310.349314 877.554678 1303086091
3311.011317 848.999151 1303086094
3311.590570 825.999174 1303086096
3311.921572 799.110312 1303086098
3312.749077 770.221452 1303086100
3313.576581 741.777036 1303086102
3314.321336 714.665952 1303086104
3314.238585 689.332644 1303086106
3313.245580 667.554888 1303086108
3312.087073 641.110470 1303086111
