1693.239867 809.888079 1303094904
1716.327245 810.999189 1303094912
1742.062637 812.554743 1303094915
1763.412256 813.110298 1303094917
1784.596373 813.554742 1303094919
1805.449488 813.999186 1303094921
1834.412148 814.221408 1303094924
1857.996029 813.999186 1303094927
1880.007651 814.443630 1303094931
1901.522770 814.999185 1303094939
1927.423663 817.332516 1303094943
1957.875831 818.332515 1303094946
1980.052954 818.221404 1303094948
2002.478328 818.110293 1303094950
2024.820952 818.110293 1303094952
2047.411827 818.443626 1303094954
2069.092447 818.888070 1303094956
2090.193813 819.110292 1303094958
2110.550426 819.332514 1303094960
2130.907039 820.332513 1303094962
2153.166912 821.332512 1303094964
2176.833543 821.888067 1303094966
2201.079427 822.443622 1303094968
2225.573562 822.443622 1303094970
2250.067698 822.443622 1303094972
2274.313582 822.554733 1303094974
2298.642217 822.999177 1303094976
2322.639849 823.221399 1303094978
2345.975478 823.332510 1303094980
2369.890361 823.776954 1303094982
2393.970744 823.888065 1303094984
2417.223623 824.221398 1303094986
2439.979998 824.888064 1303094988
2461.743369 825.665841 1303094990
2489.713024 826.888062 1303094993
2510.979891 827.999172 1303094997
2521.323698 845.999154 1303095006
2517.599928 865.999134 1303095011
2515.779418 895.554660 1303095014
2515.200165 920.221302 1303095016
2514.703662 947.443497 1303095018
2514.041658 974.776803 1303095020
2513.462405 1002.221220 1303095022
2512.717651 1029.332304 1303095024
2512.634900 1055.443389 1303095026
2512.883152 1079.887809 1303095028
2512.552150 1101.221121 1303095030
2513.048653 1123.998876 1303095033
2514.951913 1145.221077 1303095038
2516.027669 1171.554384 1303095041
2516.689673 1193.443251 1303095043
2517.434427 1215.998784 1303095045
2518.261932 1238.443206 1303095047
2518.261932 1261.887627 1303095049
2518.096431 1285.332048 1303095051
2516.772423 1306.998693 1303095053
2515.365666 1331.220891 1303095056
2516.855174 1354.331979 1303095060
2536.301531 1363.887525 1303095064
2561.457671 1363.109748 1303095067
2583.386542 1363.220859 1303095069
2607.301424 1363.998636 1303095071
2632.209312 1364.554191 1303095073
2657.944704 1365.109746 1303095075
2684.424851 1365.776412 1303095077
2711.153249 1366.554189 1303095079
2737.798896 1367.331966 1303095081
2764.361793 1368.220854 1303095083
2790.345437 1368.998631 1303095085
2816.246330 1370.331963 1303095087
2841.898972 1370.998629 1303095089
2866.641359 1371.331962 1303095091
2889.645986 1371.109740 1303095093
2912.154111 1371.887517 1303095095
2935.489740 1372.554183 1303095097
2961.225132 1373.220849 1303095099
2988.284532 1373.220849 1303095101
3016.088686 1373.220849 1303095103
3043.892839 1373.665293 1303095105
3071.614243 1374.109737 1303095107
3099.583898 1374.554181 1303095109
3127.139800 1374.776403 1303095111
3154.530202 1374.887514 1303095113
3181.672352 1375.331958 1303095115
3207.904247 1375.109736 1303095117
3232.646634 1372.331961 1303095119
3256.396015 1368.665298 1303095121
3277.993885 1365.109746 1303095123
3300.667510 1357.665309 1303095126
3310.018312 1335.887553 1303095130
3312.335325 1309.998690 1303095133
3314.900589 1287.998712 1303095135
3316.224596 1262.332071 1303095137
3315.562592 1233.998766 1303095139
3314.569587 1204.554351 1303095141
3313.162829 1175.554380 1303095143
3312.500825 1147.665519 1303095145
3311.756071 1122.776655 1303095147
3311.756071 1098.332235 1303095149
3312.749077 1072.998927 1303095151
3313.742082 1046.443398 1303095153
3313.907583 1020.110091 1303095155
3313.824833 993.443451 1303095157
3313.162829 966.887922 1303095159
3312.749077 940.999059 1303095161
3311.921572 916.999083 1303095163
3310.597565 889.554666 1303095166
3309.935561 867.888021 1303095171
