1717.568502 1020.776757 1303137336
1717.568502 1045.443399 1303137338
1717.816753 1067.665599 1303137340
1717.154750 1096.332237 1303137343
1715.830742 1122.665544 1303137346
1714.589485 1148.998851 1303137349
1714.258484 1173.221049 1303137352
1714.837737 1196.221026 1303137356
1713.513730 1216.776561 1303137373
1708.300451 1240.665426 1303137377
1706.314440 1263.776514 1303137380
1704.659431 1288.776489 1303137383
1704.080177 1315.220907 1303137386
1703.335423 1336.776441 1303137389
1713.099977 1358.665308 1303137393
1732.960087 1362.665304 1303137396
1762.584751 1360.443084 1303137399
1783.355116 1359.665307 1303137401
1804.042730 1358.998641 1303137403
1824.068341 1358.554197 1303137405
1854.106757 1357.665309 1303137408
1874.463370 1356.998643 1303137410
1895.481986 1355.776422 1303137412
1916.914355 1355.776422 1303137414
1938.760476 1355.665311 1303137416
1961.020349 1355.220867 1303137418
1983.776725 1354.998645 1303137420
2006.615851 1355.220867 1303137422
2028.461972 1355.776422 1303137424
2048.984085 1356.331977 1303137426
2069.257948 1357.109754 1303137428
2089.449059 1357.887531 1303137430
2109.640171 1357.998642 1303137432
2130.162285 1358.109753 1303137434
2151.180901 1358.220864 1303137436
2172.365018 1358.331975 1303137438
2193.962887 1358.665308 1303137440
2216.057260 1359.554196 1303137442
2237.737880 1359.443085 1303137444
2259.584000 1359.998640 1303137446
2281.512872 1360.331973 1303137448
2303.689994 1360.887528 1303137450
2326.115369 1361.665305 1303137452
2348.954495 1362.220860 1303137454
2371.131618 1362.554193 1303137456
2392.150234 1363.220859 1303137458
2412.341346 1363.109748 1303137460
2440.807503 1362.554193 1303137463
2463.563879 1362.109749 1303137466
2484.582495 1361.887527 1303137475
2505.104609 1361.443083 1303137479
2527.778234 1362.776415 1303137482
2555.003135 1363.776414 1303137485
2583.717544 1364.776413 1303137488
2604.156907 1364.998635 1303137490
2625.837527 1365.776412 1303137492
2647.849148 1366.109745 1303137494
2669.281517 1366.887522 1303137496
2690.300133 1368.220854 1303137498
2712.229005 1369.776408 1303137500
2734.406127 1370.554185 1303137502
2757.493505 1371.331962 1303137504
2780.746384 1371.887517 1303137506
2803.089007 1372.220850 1303137508
2824.190374 1372.443072 1303137510
2852.491031 1373.443071 1303137513
2874.585403 1372.554183 1303137516
2895.686770 1371.665295 1303137519
2918.691397 1372.443072 1303137522
2943.102782 1374.109737 1303137525
2970.079431 1374.554181 1303137528
2999.290343 1375.220847 1303137531
3020.060708 1376.554179 1303137533
3040.996573 1377.109734 1303137535
3061.270436 1377.998622 1303137537
3090.977850 1378.109733 1303137540
3111.251712 1377.998622 1303137542
3131.939327 1377.554178 1303137544
3152.792442 1377.887511 1303137546
3172.900803 1378.554177 1303137548
3200.704957 1378.776399 1303137551
3225.695595 1376.998623 1303137554
3247.127964 1374.220848 1303137557
3268.560332 1369.998630 1303137561
3287.923939 1363.220859 1303137588
3305.715288 1346.331987 1303137595
3307.535798 1318.554237 1303137599
3307.618548 1290.665376 1303137602
3307.701299 1270.332063 1303137604
3307.949550 1249.443195 1303137606
3308.197802 1227.887661 1303137608
3308.528803 1206.887682 1303137610
3308.611554 1177.554378 1303137613
3309.273558 1150.776627 1303137616
3309.190807 1128.443316 1303137620
3311.838822 1103.998896 1303137634
3312.500825 1079.332254 1303137637
3312.666326 1049.443395 1303137640
3312.666326 1026.665640 1303137642
3312.914578 1003.332330 1303137644
3313.162829 980.332353 1303137646
3314.321336 957.221265 1303137648
3315.148840 934.776843 1303137650
3315.562592 913.221309 1303137652
3315.231591 885.888003 1303137655
3314.486836 864.554691 1303137660
3293.054468 853.888035 1303137670
3268.725833 856.443588 1303137675
3246.879712 858.554697 1303137679
3226.192098 858.110253 1303137682
3202.028964 859.888029 1303137686
3181.672352 859.665807 1303137689
3158.667724 858.888030 1303137692
3133.263334 857.776920 1303137695
3105.790182 855.888033 1303137698
3076.910272 853.888035 1303137701
3046.375353 851.221371 1303137704
3024.611983 848.554707 1303137706
2996.890579 845.221377 1303137709
2975.871963 840.110271 1303137715
2974.051453 819.665847 1303137721
2976.120215 793.776984 1303137727
2975.706462 770.110341 1303137730
2974.630706 743.443701 1303137733
2974.299704 716.332617 1303137736
2975.209959 691.665975 1303137739
2975.623712 669.777108 1303137742
2975.623712 649.666017 1303137745
2976.285715 626.999373 1303137749
