3332.029933 99.999900 1303154427
3334.595198 75.666591 1303154434
3334.015944 54.333279 1303154438
3313.742082 47.555508 1303154443
3293.468220 48.111063 1303154446
3266.574321 48.666618 1303154449
3236.701406 49.333284 1303154452
3215.600039 49.444395 1303154454
3189.781897 50.333283 1303154457
3167.191022 51.555504 1303154461
3140.876376 51.999948 1303154464
3120.271512 52.222170 1303154466
3097.597887 52.333281 1303154468
3074.427758 52.888836 1303154470
3052.250636 53.222169 1303154472
3027.177247 54.666612 1303154475
3008.558394 63.777714 1303154481
3006.241381 87.222135 1303154486
3005.662128 109.666557 1303154489
3004.503622 139.666527 1303154492
3004.917374 165.777612 1303154495
3004.917374 186.444258 1303154499
3002.269359 210.555345 1303154503
3000.283348 236.999763 1303154506
3000.117847 266.110845 1303154509
3000.945352 291.888597 1303154512
3000.531600 314.110797 1303154517
2997.883585 340.110771 1303154522
2996.228576 367.777410 1303154525
2995.235570 390.221832 1303154527
2994.242565 414.777363 1303154529
2993.580561 440.999559 1303154531
2993.166809 468.221754 1303154533
2992.753057 496.555059 1303154535
2992.587556 524.443920 1303154537
2992.587556 548.888340 1303154539
2989.360288 573.666093 1303154542
2968.672673 588.888300 1303154546
2942.192527 589.554966 1303154549
2921.422162 589.443855 1303154551
2900.238045 589.554966 1303154553
2879.302179 589.999410 1303154555
2851.415275 590.332743 1303154558
2829.734655 591.554964 1303154563
2807.723033 595.554960 1303154585
2784.470154 594.999405 1303154588
2756.831501 595.777182 1303154591
2735.647384 595.332738 1303154593
2713.139260 594.554961 1303154595
2689.720880 594.221628 1303154597
2665.557746 593.777184 1303154599
2642.139367 593.999406 1303154601
2620.127745 594.332739 1303154603
2599.522881 594.554961 1303154605
2572.463481 595.110516 1303154608
2550.865612 597.110514 1303154612
2529.929746 597.999402 1303154636
2526.371476 624.554931 1303154641
2524.881968 652.777125 1303154644
2524.633717 674.110437 1303154646
2524.137214 696.665970 1303154648
2524.054464 719.665947 1303154650
2523.806212 741.777036 1303154652
2523.557961 762.332571 1303154654
2523.888963 790.332543 1303154657
2524.799218 810.999189 1303154660
2527.860985 834.776943 1303154680
2526.205976 856.776921 1303154684
2522.895957 879.554676 1303154687
2520.578944 909.443535 1303154690
2519.751440 931.554624 1303154692
2519.337688 954.332379 1303154694
2518.758434 977.443467 1303154696
2518.096431 1001.221221 1303154698
2517.599928 1025.221197 1303154700
2517.517177 1049.443395 1303154702
2516.772423 1073.332260 1303154704
2516.110420 1095.776682 1303154706
2516.606922 1116.998883 1303154708
2519.172187 1141.443303 1303154711
2519.254937 1162.665504 1303154715
2518.261932 1189.887699 1303154719
2518.261932 1214.443230 1303154722
2519.420438 1242.665424 1303154725
2520.992697 1271.443173 1303154728
2520.827196 1299.220923 1303154731
2520.496194 1321.776456 1303154734
2519.420438 1342.331991 1303154738
2528.605739 1361.554194 1303154743
2548.300348 1366.220856 1303154746
2575.939001 1368.220854 1303154749
2597.867872 1368.554187 1303154751
2620.955250 1369.331964 1303154753
2644.704631 1369.554186 1303154755
2668.950515 1369.776408 1303154757
2694.023904 1370.554185 1303154759
2719.345544 1370.443074 1303154761
2744.336182 1370.443074 1303154763
2769.078569 1370.998629 1303154765
2793.241703 1371.443073 1303154767
2816.991084 1371.554184 1303154769
2839.664710 1371.998628 1303154771
2860.517825 1372.665294 1303154773
2883.936205 1373.998626 1303154776
2905.203072 1373.776404 1303154782
2928.538701 1373.443071 1303154787
2951.874330 1372.887516 1303154790
2978.933730 1373.331960 1303154793
3006.820634 1373.998626 1303154796
3035.617794 1374.220848 1303154799
3062.925445 1375.109736 1303154802
3087.502331 1376.331957 1303154805
