1396.413975 812.999187 1303246847
1373.905851 806.776971 1303246855
1348.335959 808.110303 1303246859
1328.227598 808.110303 1303246863
1308.036486 809.332524 1303246875
1296.947925 828.888060 1303246889
1293.306905 848.776929 1303246893
1291.651896 878.332455 1303246896
1292.396650 898.665768 1303246898
1292.562151 920.110191 1303246901
1293.472406 945.221277 1303246914
1294.382661 969.221253 1303246917
1295.127415 990.110121 1303246919
1296.037670 1011.554544 1303246921
1295.127415 1036.110075 1303246924
1296.037670 1059.110052 1303246946
1294.217160 1083.221139 1303246949
1293.720657 1104.998895 1303246951
1292.975903 1130.554425 1303246953
1292.231149 1158.998841 1303246955
1291.155393 1189.998810 1303246957
1290.162387 1221.109890 1303246959
1290.245138 1249.665417 1303246961
1292.148398 1273.665393 1303246963
1295.789419 1298.554257 1303246966
1295.292916 1321.220901 1303246970
1295.954919 1342.443102 1303246974
1314.987525 1352.998647 1303246979
1337.081897 1354.665312 1303246982
1364.472299 1354.443090 1303246985
1392.110951 1354.443090 1303246988
1421.156362 1353.220869 1303246991
1444.574742 1346.443098 1303246994
1465.096855 1347.443097 1303246997
1490.914998 1355.109756 1303247000
1510.857858 1358.554197 1303247002
1533.200482 1360.220862 1303247004
1555.377605 1360.998639 1303247006
1576.396221 1363.331970 1303247008
1600.393854 1362.665304 1303247011
1623.232980 1359.220863 1303247015
1638.707316 1345.443099 1303247040
1663.366952 1347.776430 1303247046
1688.936844 1349.109762 1303247049
1710.451963 1349.998650 1303247051
1735.277100 1351.776426 1303247053
1762.915753 1353.665313 1303247055
1791.961164 1354.554201 1303247057
1823.985591 1354.220868 1303247059
1856.920273 1352.554203 1303247061
1889.523953 1351.443093 1303247063
1921.300129 1350.331983 1303247065
1952.166050 1349.665317 1303247067
1981.956215 1348.665318 1303247069
2010.753374 1348.220874 1303247071
2039.798785 1348.220874 1303247073
2069.506199 1348.554207 1303247075
2100.868622 1349.220873 1303247077
2133.637804 1350.331983 1303247079
2167.730992 1351.220871 1303247081
2202.899937 1351.998648 1303247083
2237.820630 1352.665314 1303247085
2272.327571 1353.443091 1303247087
2307.910268 1354.443090 1303247089
2344.403220 1355.887533 1303247091
2381.144423 1356.443088 1303247093
2416.561619 1356.887532 1303247095
2447.096538 1356.998643 1303247097
2472.997431 1357.109754 1303247099
2498.401822 1357.443087 1303247101
2525.047469 1357.998642 1303247103
2568.739711 1358.998641 1303247106
2600.184885 1359.776418 1303247108
2633.367818 1360.776417 1303247110
2668.288512 1361.776416 1303247112
2704.367711 1362.887526 1303247114
2741.274415 1363.998636 1303247116
2776.939863 1365.220857 1303247118
2810.536548 1366.443078 1303247120
2841.733471 1367.331966 1303247122
2871.109884 1368.109743 1303247124
2899.079538 1368.331965 1303247126
2925.642435 1368.776409 1303247128
2950.633074 1369.331964 1303247130
2974.465205 1369.887519 1303247132
2998.297337 1370.554185 1303247134
3023.122475 1371.220851 1303247136
3048.030362 1371.665295 1303247138
3071.696993 1372.554183 1303247140
3093.791366 1373.109738 1303247142
3121.843771 1372.776405 1303247145
3144.103644 1372.998627 1303247148
3166.860020 1373.554182 1303247151
3195.574429 1374.109737 1303247154
3217.751551 1373.554182 1303247156
3239.763173 1371.776406 1303247158
3267.815578 1368.109743 1303247161
3287.923939 1364.887524 1303247165
3308.611554 1351.998648 1303247173
3310.680315 1328.443116 1303247176
3309.521809 1306.887582 1303247178
3308.446053 1281.998718 1303247180
3307.949550 1255.332078 1303247182
3307.618548 1228.443216 1303247184
3308.032301 1202.665464 1303247186
3309.108057 1178.443266 1303247188
3309.852811 1156.554399 1303247190
3311.176818 1132.221090 1303247193
