1273.860547 597.999402 1303302729
1279.487578 577.777200 1303302737
1294.465411 559.221663 1303302745
1298.354683 538.777239 1303302751
1319.207798 533.888355 1303302755
1344.860440 536.110575 1303302758
1366.872062 537.110574 1303302760
1392.690205 538.221684 1303302762
1420.990861 538.666128 1303302764
1449.705270 538.777239 1303302766
1478.585180 538.999461 1303302768
1506.885836 538.443906 1303302770
1535.765746 537.666129 1303302772
1564.562905 536.999463 1303302774
1593.773817 536.777241 1303302776
1623.232980 537.555018 1303302778
1651.864638 538.999461 1303302780
1678.510286 539.777238 1303302782
1699.694403 541.443903 1303302784
1720.051016 553.332780 1303302787
1729.898320 575.554980 1303302790
1730.394823 595.554960 1303302792
1728.077810 618.332715 1303302794
1726.422801 641.888247 1303302796
1725.512546 664.777113 1303302798
1725.016043 686.332647 1303302800
1725.264295 715.443729 1303302803
1726.588302 742.110369 1303302806
1727.333056 766.999233 1303302809
1727.002054 787.221435 1303302812
1726.340050 807.554748 1303302816
1725.760797 828.221394 1303302819
1725.098794 852.999147 1303302823
1724.602291 878.110233 1303302827
1722.864531 905.110206 1303302830
1721.954276 926.887962 1303302832
1720.961271 951.221271 1303302834
1720.051016 977.332356 1303302836
1719.306262 1003.443441 1303302838
1719.058010 1029.665637 1303302840
1718.478757 1054.332279 1303302842
1718.065005 1076.221146 1303302844
1718.065005 1105.665561 1303302847
1717.982254 1133.665533 1303302850
1717.568502 1159.665507 1303302853
1718.396007 1179.665487 1303302856
1713.596480 1200.554355 1303302870
1712.437974 1220.887668 1303302874
1712.024221 1244.220978 1303302877
1710.534713 1268.109843 1303302880
1708.796953 1290.887598 1303302883
1709.127955 1316.554239 1303302886
1709.458957 1337.998662 1303302889
1709.624458 1361.220861 1303302893
1732.546335 1370.109741 1303302898
1761.426245 1367.887521 1303302901
1785.589378 1365.998634 1303302903
1810.331765 1364.998635 1303302905
1836.398159 1362.665304 1303302907
1861.885300 1361.109750 1303302909
1889.110201 1358.554197 1303302911
1916.583353 1356.554199 1303302913
1944.139255 1354.887534 1303302915
1972.936415 1353.998646 1303302917
2003.305833 1353.109758 1303302919
2033.344249 1352.887536 1303302921
2062.720661 1352.665314 1303302923
2089.449059 1352.887536 1303302925
2115.101701 1353.443091 1303302927
2141.416347 1353.998646 1303302929
2167.896493 1354.554201 1303302931
2195.452396 1354.998645 1303302933
2223.339300 1355.665311 1303302935
2250.895202 1356.665310 1303302937
2279.609611 1356.998643 1303302939
2308.158519 1357.220865 1303302941
2336.293675 1357.331976 1303302943
2363.766827 1357.443087 1303302945
2390.412474 1357.665309 1303302947
2416.313368 1357.776420 1303302949
2440.724753 1358.443086 1303302951
2461.246866 1358.443086 1303302953
2481.520728 1358.776419 1303302956
2503.035847 1361.554194 1303302972
2525.626722 1362.554193 1303302975
2556.740894 1363.998636 1303302978
2580.655777 1364.443080 1303302980
2605.232663 1365.109746 1303302982
2629.975050 1365.887523 1303302984
2655.131189 1366.776411 1303302986
2680.204577 1368.554187 1303302988
2705.277966 1369.665297 1303302990
2730.351355 1370.887518 1303302992
2755.341993 1371.998628 1303302994
2780.415382 1372.776405 1303302996
2805.737022 1373.220849 1303302998
2831.389664 1373.331960 1303303000
2856.794054 1373.998626 1303303002
2882.115694 1374.665292 1303303004
2907.271834 1374.554181 1303303006
2931.517718 1374.887514 1303303008
2955.184349 1375.109736 1303303010
2978.768229 1375.554180 1303303012
3002.434860 1375.776402 1303303014
3025.687739 1376.443068 1303303016
3048.113113 1376.776401 1303303018
3070.455736 1376.998623 1303303020
3092.467358 1377.554178 1303303022
3114.975483 1378.443066 1303303024
3137.152605 1379.443065 1303303026
3159.577979 1380.109731 1303303028
3181.424100 1380.887508 1303303030
3202.442717 1380.998619 1303303032
3222.716579 1380.331953 1303303034
3251.927490 1377.220845 1303303037
3282.131407 1371.665295 1303303041
