1303.981714 578.221644 1303309931
1304.312716 557.332776 1303309936
1318.628545 536.555019 1303309941
1342.377926 534.555021 1303309944
1363.148291 534.555021 1303309946
1386.897673 534.888354 1303309948
1410.316052 535.888353 1303309950
1438.616709 537.443907 1303309953
1462.697092 538.555017 1303309957
1486.198222 537.443907 1303309970
1514.498879 536.555019 1303309973
1537.420755 536.221686 1303309975
1562.411394 535.888353 1303309977
1588.146786 535.777242 1303309979
1613.302925 535.999464 1303309981
1638.293563 537.110574 1303309983
1663.449703 538.888350 1303309985
1685.709576 540.221682 1303309987
1713.596480 546.221676 1303309990
1732.380834 565.999434 1303309993
1734.863348 586.666080 1303309995
1733.870342 610.332723 1303309997
1732.132583 634.999365 1303309999
1730.808575 660.110451 1303310001
1729.567318 684.888204 1303310003
1728.326061 709.221513 1303310005
1727.250306 732.332601 1303310007
1726.009049 754.332579 1303310009
1724.767792 774.777003 1303310011
1724.105788 794.999205 1303310013
1723.443784 815.332518 1303310015
1722.533529 836.554719 1303310017
1721.706025 857.554698 1303310019
1721.457773 879.110232 1303310021
1721.457773 901.554654 1303310023
1720.713019 924.554631 1303310025
1720.051016 948.221274 1303310027
1718.561507 972.999027 1303310029
1717.071999 999.110112 1303310031
1715.747992 1025.554530 1303310033
1714.175733 1052.221170 1303310035
1713.596480 1078.332255 1303310037
1713.348229 1104.443340 1303310039
1713.348229 1129.776648 1303310041
1713.182728 1153.887735 1303310043
1714.092983 1176.221046 1303310045
1714.423985 1201.665465 1303310048
1713.430979 1224.665442 1303310071
1712.437974 1245.332088 1303310074
1710.120961 1268.998731 1303310077
1707.638447 1293.887595 1303310080
1706.066188 1321.332012 1303310083
1705.404185 1342.776435 1303310086
1722.285278 1362.220860 1303310090
1745.951909 1363.776414 1303310093
1774.583567 1362.554193 1303310096
1796.015936 1360.443084 1303310098
1820.841073 1356.109755 1303310100
1844.755956 1353.887535 1303310102
1869.001840 1352.665314 1303310104
1893.992478 1351.554204 1303310106
1918.817615 1350.554205 1303310108
1942.566997 1349.331984 1303310110
1965.654374 1349.109762 1303310112
1988.410750 1349.220873 1303310114
2011.249877 1350.109761 1303310116
2033.178748 1350.776427 1303310118
2054.445616 1351.443093 1303310120
2074.884979 1351.776426 1303310122
2095.489843 1351.998648 1303310124
2116.839461 1352.443092 1303310126
2139.099334 1352.887536 1303310128
2161.690209 1353.665313 1303310130
2183.205328 1354.776423 1303310132
2203.975693 1355.887533 1303310134
2225.490812 1356.665310 1303310136
2248.164437 1356.554199 1303310138
2271.582817 1356.776421 1303310140
2295.663200 1357.443087 1303310142
2319.495332 1357.887531 1303310144
2342.830961 1358.109753 1303310146
2365.835588 1358.776419 1303310148
2387.929961 1359.331974 1303310150
2408.948577 1360.554195 1303310152
2435.842476 1361.331972 1303310155
2457.192094 1360.554195 1303310158
2477.879708 1360.220862 1303310174
2505.021858 1360.665306 1303310179
2531.915757 1361.443083 1303310182
2552.355120 1361.554194 1303310184
2574.201241 1361.998638 1303310186
2595.964611 1362.443082 1303310188
2618.224485 1362.998637 1303310190
2640.649859 1363.554192 1303310192
2662.661480 1364.220858 1303310194
2685.335106 1364.887524 1303310196
2708.505234 1365.220857 1303310198
2731.840863 1365.887523 1303310200
2755.672995 1366.443078 1303310202
2780.001630 1367.331966 1303310204
2804.578516 1368.887520 1303310206
2829.900156 1370.331963 1303310208
2855.304546 1371.776406 1303310210
2879.798682 1372.887516 1303310212
2902.803309 1373.331960 1303310214
2924.732180 1373.554182 1303310216
2946.743802 1373.887515 1303310218
2968.176171 1374.665292 1303310220
2988.615534 1375.776402 1303310222
3017.991946 1377.331956 1303310225
3043.810089 1378.220844 1303310228
3063.835700 1379.220843 1303310233
3088.578087 1378.554177 1303310239
3112.823971 1379.331954 1303310243
3135.828598 1379.109732 1303310247
3156.598963 1378.331955 1303310250
3184.816869 1377.443067 1303310253
3213.117526 1376.109735 1303310256
3238.190914 1373.220849 1303310259
3257.968274 1370.109741 1303310263
3277.497382 1365.665301 1303310271
3300.171007 1358.331975 1303310278
