1358.597016 826.443618 1303482751
1335.095886 822.554733 1303482762
1314.822024 820.443624 1303482771
1310.684501 798.221424 1303482777
1307.622734 776.332557 1303482781
1305.471222 756.110355 1303482784
1303.816213 732.221490 1303482787
1302.823207 707.332626 1303482790
1302.740457 681.888207 1303482793
1302.574956 657.221565 1303482796
1301.912952 631.888257 1303482799
1302.243954 609.999390 1303482802
1303.402461 589.888299 1303482807
1308.698490 567.999432 1303482826
1312.670512 546.666120 1303482831
1330.958363 535.666131 1303482835
1352.473482 536.110575 1303482838
1378.291625 536.999463 1303482841
1407.171535 537.777240 1303482844
1437.209951 538.555017 1303482847
1457.483813 538.888350 1303482849
1478.088677 539.555016 1303482851
1499.272794 539.999460 1303482853
1520.705163 540.221682 1303482855
1541.641029 540.666126 1303482857
1562.825146 540.777237 1303482859
1583.678261 540.332793 1303482861
1605.110630 541.110570 1303482863
1627.453253 542.555013 1303482865
1651.202635 545.110566 1303482867
1674.952016 547.555008 1303482869
1695.308629 549.443895 1303482871
1718.230506 556.332777 1303482874
1730.394823 575.221647 1303482877
1729.401817 601.888287 1303482880
1728.408812 630.221592 1303482883
1727.912309 651.332682 1303482885
1727.250306 672.554883 1303482887
1726.671052 693.777084 1303482889
1726.009049 715.221507 1303482891
1725.678047 736.665930 1303482893
1723.609285 764.888124 1303482896
1722.533529 790.665876 1303482899
1721.044021 811.554744 1303482905
1719.554513 837.110274 1303482910
1718.478757 859.443585 1303482913
1716.906498 885.110226 1303482916
1714.423985 911.554644 1303482919
1712.272473 942.443502 1303482922
1711.610469 965.554590 1303482924
1711.444968 990.221232 1303482926
1710.865715 1015.332318 1303482928
1710.286462 1038.998961 1303482930
1710.286462 1059.665607 1303482932
1710.534713 1088.665578 1303482935
1709.872709 1117.109994 1303482938
1709.376207 1145.554410 1303482941
1708.134950 1172.443272 1303482944
1707.555697 1194.554361 1303482947
1707.472946 1214.776563 1303482966
1708.548702 1238.887650 1303482971
1707.969449 1260.887628 1303482975
1705.817937 1282.554273 1303482979
1704.328429 1307.220915 1303482983
1707.390196 1330.443114 1303482988
1729.567318 1341.776436 1303482993
1750.999687 1343.220879 1303482996
1777.976336 1345.109766 1303482999
1808.014752 1347.443097 1303483002
1838.053168 1349.220873 1303483005
1867.843333 1349.109762 1303483008
1897.716249 1349.554206 1303483011
1917.990111 1349.998650 1303483013
1939.174228 1350.109761 1303483015
1960.772097 1350.443094 1303483017
1982.452717 1351.109760 1303483019
2004.464339 1351.776426 1303483021
2026.310460 1352.665314 1303483023
2047.411827 1353.331980 1303483025
2068.264942 1354.331979 1303483027
2088.869806 1356.443088 1303483029
2109.557421 1358.665308 1303483031
2129.831283 1359.776418 1303483033
2150.436147 1360.665306 1303483035
2170.544508 1359.887529 1303483037
2190.652869 1358.220864 1303483039
2211.836986 1356.665310 1303483041
2233.269355 1357.109754 1303483043
2255.115476 1357.887531 1303483045
2276.630595 1358.443086 1303483047
2297.566461 1359.554196 1303483049
2317.923073 1360.109751 1303483051
2347.795989 1360.998639 1303483054
2367.987100 1361.443083 1303483056
2397.860015 1362.443082 1303483059
2425.746920 1363.554192 1303483062
2451.316811 1365.443079 1303483065
2476.141949 1367.109744 1303483068
2503.532350 1367.887521 1303483071
2533.736267 1369.998630 1303483074
2563.360931 1370.331963 1303483077
2583.883045 1370.443074 1303483079
2604.570659 1370.998629 1303483081
2625.175523 1372.331961 1303483083
2645.780387 1373.776404 1303483085
2666.799003 1375.554180 1303483087
2688.314122 1377.665289 1303483089
2709.829241 1379.887509 1303483091
2731.840863 1381.776396 1303483093
2753.852485 1382.776395 1303483095
2776.112358 1384.109727 1303483097
2798.537732 1384.554171 1303483099
2820.383853 1384.998615 1303483101
2841.319719 1385.443059 1303483103
2861.593581 1385.554170 1303483105
2890.969993 1385.109726 1303483108
2917.119138 1385.331948 1303483111
2942.523529 1387.109724 1303483114
2969.086426 1389.109722 1303483117
2995.814823 1388.887500 1303483120
3022.212220 1387.776390 1303483123
3049.271619 1388.554167 1303483126
3074.758760 1388.665278 1303483129
3102.397413 1389.776388 1303483132
3129.456813 1391.220831 1303483135
3157.095466 1391.665275 1303483138
3184.899620 1391.220831 1303483141
3212.372772 1390.887498 1303483144
3235.708401 1389.887499 1303483147
3258.878529 1383.665283 1303483151
3280.807400 1380.220842 1303483165
3302.488020 1372.554183 1303483171
3309.521809 1350.220872 1303483175
3310.183813 1327.776450 1303483178
3311.176818 1302.554253 1303483181
3312.500825 1274.443170 1303483184
3314.569587 1252.887636 1303483186
3316.638348 1230.665436 1303483188
3319.203613 1209.776568 1303483190
3321.603376 1189.887699 1303483192
3323.258385 1165.665501 1303483195
3326.568403 1144.221078 1303483200
3332.195434 1123.109988 1303483225
3332.609187 1098.332235 1303483229
3330.788677 1069.443375 1303483232
3331.119678 1046.776731 1303483234
3331.202429 1022.332311 1303483236
3330.954178 996.332337 1303483238
3330.540425 973.110138 1303483240
3329.133667 950.110161 1303483242
3326.071901 928.221294 1303483244
3321.520625 902.443542 1303483247
3314.735088 880.776897 1303483251
3292.144213 869.221353 1303483256
3270.546343 864.443580 1303483259
