3035.452293 169.444275 1303423810
3015.674933 161.777616 1303423815
2998.711090 175.999824 1303423826
2997.469833 202.999797 1303423832
2997.056080 231.333102 1303423835
2997.221581 259.888629 1303423838
2997.056080 282.777495 1303423841
2997.304332 303.221919 1303423847
2995.814823 331.555224 1303423851
2995.318321 353.110758 1303423853
2994.904568 378.110733 1303423855
2994.490816 404.110707 1303423857
2994.159814 429.444015 1303423859
2993.746062 454.110657 1303423861
2993.332310 477.443967 1303423863
2993.332310 498.999501 1303423865
2993.497811 524.777253 1303423868
2991.594550 546.332787 1303423872
2986.877774 565.777212 1303423890
2970.410433 580.888308 1303423902
2944.509540 580.110531 1303423905
2922.415167 579.332754 1303423907
2888.404729 578.888310 1303423910
2867.717115 578.888310 1303423912
2842.478225 579.666087 1303423915
2821.542359 580.332753 1303423920
2800.854745 577.221645 1303423925
2774.374598 575.666091 1303423928
2753.355982 574.221648 1303423930
2730.351355 573.554982 1303423932
2705.939970 573.666093 1303423934
2681.694086 573.888315 1303423936
2658.275706 574.443870 1303423938
2636.098583 575.110536 1303423940
2607.384175 575.554980 1303423943
2583.469292 575.888313 1303423946
2562.367926 575.666091 1303423950
2537.046285 575.666091 1303423978
2516.606922 575.110536 1303423981
2489.382022 574.221648 1303423984
2467.287650 573.777204 1303423986
2442.628013 573.554982 1303423988
2416.727120 573.110538 1303423990
2390.164223 572.666094 1303423992
2362.856572 571.999428 1303423994
2335.383420 571.554984 1303423996
2309.317026 571.554984 1303423998
2284.822890 571.554984 1303424000
2262.728518 571.666095 1303424002
2233.434856 571.221651 1303424005
2209.023471 571.221651 1303424008
2184.612086 570.221652 1303424012
2164.172723 570.221652 1303424020
2142.161101 568.554987 1303424032
2119.404725 568.110543 1303424035
2089.862812 567.332766 1303424038
2067.189186 567.221655 1303424040
2044.019058 566.666100 1303424042
2020.766179 566.332767 1303424044
1997.596051 565.999434 1303424046
1974.012171 565.666101 1303424048
1950.097288 565.554990 1303424050
1926.513408 565.110546 1303424052
1903.095028 564.443880 1303424054
1879.262896 564.221658 1303424056
1856.010018 564.332769 1303424058
1833.419143 564.554991 1303424060
1811.986774 564.777213 1303424062
1784.596373 565.443879 1303424065
1761.591745 565.999434 1303424069
1740.407628 565.110546 1303424086
1722.616280 576.777201 1303424092
1720.133766 596.666070 1303424095
1717.816753 625.443819 1303424098
1717.320251 648.221574 1303424100
1716.989249 669.888219 1303424102
1716.740997 691.221531 1303424104
1716.740997 711.443733 1303424106
1716.906498 737.999262 1303424109
1717.485751 758.999241 1303424112
1717.071999 785.110326 1303424116
1715.334240 806.888082 1303424119
1714.589485 834.554721 1303424122
1714.175733 864.443580 1303424125
1713.265478 885.999114 1303424127
1712.106972 908.887980 1303424129
1710.700214 933.887955 1303424131
1709.127955 959.221263 1303424133
1707.390196 984.665682 1303424135
1705.238684 1010.998989 1303424137
1703.500924 1037.221185 1303424139
1702.425168 1061.554494 1303424141
1698.370396 1089.665577 1303424144
1698.370396 1110.887778 1303424146
1698.866898 1138.554417 1303424149
1698.784148 1159.554396 1303424152
1698.866898 1180.332153 1303424158
1696.798137 1202.998797 1303424172
1696.136133 1228.332105 1303424176
1694.067372 1250.998749 1303424179
1691.750359 1276.887612 1303424182
1690.012600 1297.332036 1303424184
1689.185095 1318.443126 1303424186
1689.433346 1339.554216 1303424188
1689.929849 1367.887521 1303424191
1688.688592 1396.887492 1303424194
1687.943838 1417.665249 1303424196
1687.116333 1438.776339 1303424198
1686.868082 1459.442985 1303424200
1686.371579 1479.554076 1303424202
1686.288829 1499.776278 1303424204
1686.537080 1528.665138 1303424207
1685.875077 1555.109556 1303424210
1685.461324 1578.442866 1303424213
1675.696770 1600.442844 1303424217
1653.933400 1603.665063 1303424220
1632.914784 1602.442842 1303424222
1608.337898 1601.109510 1303424224
1582.602505 1599.776178 1303424226
1559.184126 1599.109512 1303424228
1537.420755 1598.665068 1303424230
1515.988387 1598.331735 1303424232
1494.390517 1597.887291 1303424234
1473.289151 1597.665069 1303424236
1451.608531 1596.998403 1303424238
1429.596909 1595.665071 1303424240
1407.088784 1592.665074 1303424242
1384.828911 1588.553967 1303424244
1362.651788 1583.665083 1303424246
1340.474666 1578.998421 1303424248
1319.456050 1575.665091 1303424250
1293.886158 1571.776206 1303424253
1268.399017 1568.442876 1303424257
1243.573880 1565.331768 1303424261
1223.051766 1559.665107 1303424271
1203.357157 1555.331778 1303424282
1182.835044 1558.109553 1303424288
1162.892183 1560.331773 1303424301
