0.000000 1472.220750 1303430024
20.770365 1472.776305 1303430025
42.119983 1473.220749 1303430026
63.717853 1473.665193 1303430027
85.646724 1474.442970 1303430028
107.492845 1474.887414 1303430029
129.504466 1475.220747 1303430030
151.681589 1475.665191 1303430031
173.775961 1475.887413 1303430032
195.870334 1476.220746 1303430033
217.799205 1476.554079 1303430034
239.645326 1476.887412 1303430035
261.739698 1477.220745 1303430036
283.751320 1477.554078 1303430037
305.680191 1477.554078 1303430038
327.443561 1477.554078 1303430039
349.041431 1477.331856 1303430040
370.556550 1477.220745 1303430041
391.906168 1477.331856 1303430042
413.255786 1477.331856 1303430043
434.357153 1477.776300 1303430044
455.624021 1477.887411 1303430045
477.056389 1478.109633 1303430046
498.985260 1478.331855 1303430047
520.914132 1478.442966 1303430048
542.760253 1478.442966 1303430049
564.523623 1478.442966 1303430050
586.038742 1478.554077 1303430051
607.471111 1478.554077 1303430052
628.903479 1478.665188 1303430053
650.418598 1478.665188 1303430054
671.768216 1478.776299 1303430055
693.117834 1478.887410 1303430056
714.219201 1479.109632 1303430057
735.403318 1479.220743 1303430058
756.587436 1479.442965 1303430059
777.606052 1479.554076 1303430060
798.459167 1479.887409 1303430061
819.312283 1480.220742 1303430062
840.165398 1480.554075 1303430063
861.018513 1480.776297 1303430064
881.623377 1481.109630 1303430065
901.979990 1481.442963 1303430066
940.955456 1481.887407 1303430068
978.772415 1482.554073 1303430070
1016.258372 1483.109628 1303430072
1053.827080 1483.887405 1303430074
1091.975041 1484.665182 1303430076
1130.785006 1485.776292 1303430078
1170.091473 1487.554068 1303430080
1206.749926 1488.554067 1303430082
1243.077377 1489.442955 1303430084
1279.984081 1490.220732 1303430086
1317.470039 1490.442954 1303430088
1355.618000 1489.887399 1303430090
1394.345214 1489.220733 1303430092
1433.817182 1489.220733 1303430094
1454.008294 1490.109621 1303430095
1474.199406 1490.665176 1303430096
1494.556018 1491.331842 1303430097
1515.326383 1491.998508 1303430098
1536.593251 1492.442952 1303430099
1558.273871 1492.442952 1303430100
1580.368243 1492.442952 1303430101
1602.876367 1492.442952 1303430102
1625.632743 1492.554063 1303430103
1648.389119 1492.554063 1303430104
1670.979994 1492.776285 1303430105
1693.405368 1492.998507 1303430106
1715.747992 1493.442951 1303430107
1737.594113 1493.887395 1303430108
1759.109232 1494.331839 1303430109
1780.210598 1494.776283 1303430110
1801.394716 1495.220727 1303430111
1822.247831 1495.665171 1303430112
1842.769945 1495.998504 1303430113
1862.878306 1496.331837 1303430114
1882.986667 1496.665170 1303430115
1923.037889 1497.331836 1303430117
1962.923609 1497.776280 1303430119
1983.114721 1497.887391 1303430120
2003.554084 1497.998502 1303430121
2024.241699 1497.887391 1303430122
2044.763812 1497.665169 1303430123
2065.451427 1497.442947 1303430124
2085.808039 1496.442948 1303430125
2105.833650 1495.331838 1303430126
2126.024762 1494.665172 1303430127
2146.215873 1493.887395 1303430128
2166.572486 1493.109618 1303430129
2205.961704 1490.887398 1303430131
2243.530412 1488.442956 1303430133
2276.465094 1486.331847 1303430135
2304.020996 1484.442960 1303430137
2327.522126 1482.331851 1303430139
2350.113001 1480.554075 1303430141
2373.531381 1478.887410 1303430143
2397.032511 1477.887411 1303430145
2419.706136 1476.776301 1303430147
2439.979998 1475.887413 1303430149
2464.060382 1475.665191 1303430152
2485.327249 1475.665191 1303430158
2495.753807 1454.442990 1303430164
2498.319071 1429.443015 1303430167
2500.801585 1404.109707 1303430170
2504.028853 1379.998620 1303430174
