3824.726159 1609.887279 1303741365
3822.409146 1583.887305 1303741368
3819.512880 1557.553998 1303741371
3815.540858 1531.220691 1303741374
3814.878855 1503.776274 1303741377
3813.637598 1476.331857 1303741380
3815.044356 1447.442997 1303741383
3816.368363 1420.331913 1303741386
3819.843882 1397.998602 1303741389
3822.160895 1377.331956 1303741393
3802.383536 1367.776410 1303741402
3775.737888 1370.443074 1303741404
3752.898762 1371.998628 1303741406
3726.832368 1373.554182 1303741409
3707.137759 1376.998623 1303741427
3684.877886 1374.665292 1303741443
3660.880253 1375.109736 1303741446
3632.579596 1376.331957 1303741449
3607.009705 1377.554178 1303741452
3588.556353 1385.887503 1303741472
3567.703237 1387.665279 1303741484
3544.202107 1391.665275 1303741487
3523.928245 1392.331941 1303741489
3501.254620 1392.665274 1303741491
3476.677734 1391.665275 1303741493
3451.852596 1390.776387 1303741495
3428.020465 1389.665277 1303741497
3404.188333 1388.776389 1303741499
3380.852704 1387.887501 1303741501
3359.916838 1387.109724 1303741503
3332.774688 1385.887503 1303741506
3311.011317 1381.887507 1303741511
3305.136035 1351.554204 1303741517
3308.032301 1321.443123 1303741520
3310.101062 1299.220923 1303741522
3311.425070 1275.109836 1303741524
3311.507820 1249.776528 1303741526
3311.673321 1224.887664 1303741528
3312.169824 1201.665465 1303741530
3312.169824 1180.776597 1303741532
3312.583576 1153.554402 1303741535
3312.583576 1130.776647 1303741539
3312.252574 1103.998896 1303741554
3312.418075 1074.554481 1303741557
3312.169824 1051.665615 1303741559
3312.087073 1028.443416 1303741561
3312.335325 1004.221218 1303741563
3312.418075 980.332353 1303741565
3312.500825 957.332376 1303741567
3311.921572 935.665731 1303741569
3309.439059 908.110203 1303741572
3309.439059 883.665783 1303741576
3309.604559 862.665804 1303741580
3290.406453 854.110257 1303741585
3267.815578 853.665813 1303741588
3239.349421 854.443590 1303741591
3211.214265 854.776923 1303741594
3183.658363 854.332479 1303741597
3153.785447 852.776925 1303741600
3132.684081 851.554704 1303741602
3111.499963 852.221370 1303741604
3090.315846 854.443590 1303741606
3070.041984 855.554700 1303741608
3049.602621 855.443589 1303741610
3029.080508 854.776923 1303741612
3008.723895 853.221369 1303741614
2979.181981 851.999148 1303741617
2949.805569 850.665816 1303741620
2929.283455 849.888039 1303741622
2908.264839 848.665818 1303741624
2887.246223 847.776930 1303741626
2866.641359 847.888041 1303741628
2846.615748 847.776930 1303741630
2826.176385 846.999153 1303741632
2784.883907 844.665822 1303741636
2757.079753 843.999156 1303741639
2723.152065 846.665820 1303741646
2696.671919 846.443598 1303741650
2642.222117 844.888044 1303741656
2616.734976 842.665824 1303741659
2590.420331 840.443604 1303741662
2554.589383 836.221386 1303741666
2516.110420 833.888055 1303741670
2449.082549 831.110280 1303741677
2397.280762 830.888058 1303741683
2329.259886 831.888057 1303741690
2308.572272 831.221391 1303741692
2287.470905 830.776947 1303741694
2266.204037 829.776948 1303741696
2244.523417 828.999171 1303741698
2222.842797 828.665838 1303741700
2200.831175 828.665838 1303741702
2178.488552 828.888060 1303741704
2156.311429 828.221394 1303741706
2135.044562 827.776950 1303741708
2114.770699 827.332506 1303741710
2076.208986 825.221397 1303741714
2037.316271 826.221396 1303741718
1998.009803 824.221398 1303741722
1936.774465 822.332511 1303741729
1909.632314 820.999179 1303741736
1855.099763 828.110283 1303741743
1790.057903 827.999172 1303741750
1760.102237 831.443613 1303741756
