1304.643718 557.443887 1303742017
1308.615740 536.443908 1303742039
1333.440877 528.999471 1303742044
1356.362754 529.332804 1303742047
1384.580660 530.332803 1303742050
1405.268274 531.221691 1303742052
1426.866144 531.888357 1303742054
1448.629514 532.221690 1303742056
1470.310134 532.888356 1303742058
1491.659752 532.888356 1303742060
1512.926620 532.888356 1303742062
1533.531484 532.110579 1303742064
1554.467350 531.666135 1303742066
1574.989463 531.332802 1303742068
1604.531377 531.332802 1303742071
1634.404292 532.777245 1303742074
1663.532453 534.999465 1303742077
1687.695587 535.777242 1303742080
1709.624458 535.999464 1303742085
1727.250306 547.221675 1303742092
1733.125588 569.554986 1303742096
1731.718830 593.110518 1303742099
1729.070816 630.666036 1303742103
1728.739814 650.777127 1303742105
1727.829559 679.332654 1303742108
1727.002054 705.888183 1303742111
1726.009049 731.888157 1303742114
1724.933293 758.665908 1303742117
1723.940287 785.999214 1303742120
1723.112783 812.999187 1303742123
1722.285278 839.332494 1303742126
1721.375023 867.221355 1303742129
1721.788775 897.443547 1303742132
1722.202528 919.110192 1303742134
1721.788775 940.887948 1303742136
1721.457773 962.443482 1303742138
1720.713019 983.665683 1303742140
1719.968265 1005.332328 1303742142
1719.140761 1027.665639 1303742144
1717.982254 1050.221172 1303742146
1716.658247 1072.332261 1303742148
1715.168739 1094.110017 1303742150
1714.010232 1115.665551 1303742152
1713.182728 1136.776641 1303742154
1711.610469 1165.221057 1303742157
1710.120961 1188.776589 1303742161
1711.196717 1209.776568 1303742172
1711.527719 1230.554325 1303742177
1710.534713 1253.443191 1303742181
1707.721197 1273.998726 1303742186
1707.224695 1298.443146 1303742193
1707.555697 1320.332013 1303742197
1708.217700 1341.998658 1303742201
1727.498557 1356.776421 1303742206
1751.578940 1351.776426 1303742209
1776.900580 1348.220874 1303742212
1801.973969 1347.220875 1303742215
1825.888851 1346.331987 1303742218
1849.720983 1345.109766 1303742221
1873.801366 1344.220878 1303742224
1898.957505 1343.220879 1303742227
1923.865393 1342.665324 1303742230
1948.276778 1342.331991 1303742233
1973.019165 1341.220881 1303742236
1997.761552 1341.887547 1303742239
2022.090187 1341.998658 1303742242
2046.915324 1342.998657 1303742245
2073.064469 1344.109767 1303742248
2099.130863 1344.887544 1303742251
2125.611009 1345.109766 1303742254
2153.166912 1345.998654 1303742257
2180.640064 1348.554207 1303742260
2207.864964 1349.887539 1303742263
2234.427861 1350.998649 1303742266
2260.411505 1351.331982 1303742269
2286.395149 1351.331982 1303742272
2312.875295 1351.887537 1303742275
2341.010451 1352.331981 1303742278
2370.055862 1352.554203 1303742281
2390.495225 1353.220869 1303742283
2411.596591 1353.887535 1303742285
2433.359962 1354.331979 1303742287
2454.792330 1354.998645 1303742289
2475.479945 1355.554200 1303742291
2496.415811 1356.331977 1303742293
2517.268926 1356.887532 1303742295
2537.708289 1357.331976 1303742297
2558.064902 1357.665309 1303742299
2578.752516 1358.220864 1303742301
2599.853883 1358.776419 1303742303
2621.203501 1359.443085 1303742305
2643.049622 1360.109751 1303742307
2665.226745 1360.665306 1303742309
2687.817620 1361.109750 1303742311
2710.325744 1361.554194 1303742313
2732.585617 1361.998638 1303742315
2754.762740 1362.776415 1303742317
2777.353615 1363.220859 1303742319
2800.027240 1363.554192 1303742321
2822.121613 1364.109747 1303742323
2844.133234 1364.554191 1303742325
2865.896605 1364.998635 1303742327
2887.494474 1365.109746 1303742329
2908.430340 1364.776413 1303742331
2928.704202 1364.331969 1303742333
2958.577117 1364.665302 1303742336
2978.933730 1365.776412 1303742338
2999.290343 1366.887522 1303742340
3019.315953 1367.443077 1303742342
3048.361364 1368.220854 1303742345
3076.413769 1368.776409 1303742348
3102.314663 1369.109742 1303742351
3128.381057 1369.665297 1303742354
3155.026704 1370.220852 1303742357
3181.175849 1370.887518 1303742360
3207.904247 1370.998629 1303742363
3234.467144 1367.220855 1303742366
3260.616288 1363.665303 1303742369
3283.951918 1360.887528 1303742372
3304.805033 1354.776423 1303742378
3312.500825 1334.665332 1303742383
3312.749077 1312.776465 1303742386
3311.673321 1284.776493 1303742389
3310.432064 1263.998736 1303742391
3309.190807 1242.887646 1303742393
3307.784049 1221.665445 1303742395
3307.949550 1200.665466 1303742397
3311.259569 1171.443273 1303742400
3312.583576 1145.554410 1303742403
3310.597565 1120.998879 1303742407
3312.500825 1100.554455 1303742433
3313.907583 1077.887811 1303742437
3313.162829 1056.665610 1303742440
3311.838822 1030.110081 1303742443
3310.018312 1001.776776 1303742446
3309.273558 981.554574 1303742448
3309.190807 961.221261 1303742450
3308.528803 941.110170 1303742452
3307.701299 920.110191 1303742454
3306.708293 899.554656 1303742456
3305.963539 875.443569 1303742459
3304.060279 852.110259 1303742464
3280.145396 849.776928 1303742470
3260.285287 852.776925 1303742473
3237.446160 852.999147 1303742476
3215.517289 854.221368 1303742479
3195.574429 856.776921 1303742482
3174.555812 856.999143 1303742485
3152.295939 856.110255 1303742488
3128.298306 854.221368 1303742491
3104.300674 851.221371 1303742494
3080.468542 847.554708 1303742497
3058.125918 843.221379 1303742500
3037.024551 840.999159 1303742503
3013.192420 840.443604 1303742507
