3334.264196 216.444228 1303834863
3334.595198 190.888698 1303834866
3335.339952 162.777615 1303834869
3335.339952 141.999858 1303834871
3335.257201 120.222102 1303834873
3334.926200 99.111012 1303834875
3333.602192 73.444371 1303834878
3325.327146 53.111058 1303834881
3309.935561 38.999961 1303834885
3288.916945 30.333303 1303834889
3263.760806 24.222198 1303834892
3235.542900 20.333313 1303834895
3215.351788 17.888871 1303834897
3190.443900 15.888873 1303834900
3167.273772 14.555541 1303834904
3140.379873 12.666654 1303834907
3117.871749 11.444433 1303834909
3094.701621 10.333323 1303834911
3071.862494 8.999991 1303834913
3049.768122 8.222214 1303834915
3022.874223 7.333326 1303834918
3004.172620 18.333315 1303834926
2999.207592 42.333291 1303834932
2999.621345 74.777703 1303834936
2999.704095 96.222126 1303834938
2999.786845 117.888771 1303834940
2998.793840 144.333189 1303834943
2997.469833 167.222055 1303834947
2997.304332 190.777587 1303834950
2997.718084 219.999780 1303834953
2997.469833 241.221981 1303834955
2996.890579 262.333071 1303834957
2995.814823 289.444155 1303834960
2994.242565 315.666351 1303834965
2994.904568 341.888547 1303834968
2994.325315 364.999635 1303834970
2993.663312 391.110720 1303834972
2992.835807 417.999582 1303834974
2992.091053 443.999556 1303834976
2991.015297 468.999531 1303834978
2989.608539 492.999507 1303834980
2988.201781 514.666152 1303834982
2987.126025 539.110572 1303834985
2986.546772 560.888328 1303835009
2976.616717 579.999420 1303835014
2956.011853 583.999416 1303835017
2925.228683 582.888306 1303835020
2901.396551 580.999419 1303835022
2876.488663 579.666087 1303835024
2851.332524 578.666088 1303835026
2826.093635 577.666089 1303835028
2800.689244 577.332756 1303835030
2776.277859 576.888312 1303835032
2752.776729 576.443868 1303835034
2728.034342 576.221646 1303835036
2701.885197 576.443868 1303835038
2674.991299 576.221646 1303835040
2648.097400 575.554980 1303835042
2621.534503 574.777203 1303835044
2595.799111 573.888315 1303835046
2559.968162 572.110539 1303835049
2532.743262 571.999428 1303835052
2519.089436 599.888289 1303835060
2519.751440 670.554885 1303835067
2519.503188 697.554858 1303835069
2518.923935 762.777015 1303835074
2518.510183 784.999215 1303835076
2518.344682 823.776954 1303835084
2515.034664 887.443557 1303835104
2512.965902 971.665695 1303835111
2511.724645 1059.221163 1303835118
2512.138398 1125.665541 1303835124
2511.972897 1149.554406 1303835128
2515.448416 1174.443270 1303835134
2519.006686 1202.221020 1303835137
2521.075447 1225.776552 1303835139
2522.564955 1252.554303 1303835141
2523.061458 1280.220942 1303835143
2522.813207 1306.998693 1303835145
2522.564955 1329.887559 1303835147
2521.571950 1356.776421 1303835150
2535.060274 1377.331956 1303835154
2558.975157 1377.776400 1303835157
2580.821278 1376.998623 1303835159
2606.060167 1376.443068 1303835161
2632.043811 1376.776401 1303835163
2657.696453 1377.109734 1303835165
2683.762847 1377.776400 1303835167
2710.242994 1378.443066 1303835169
2737.136892 1379.776398 1303835171
2765.437549 1380.220842 1303835173
2793.986457 1380.443064 1303835175
2821.790611 1381.331952 1303835177
2847.691504 1381.554174 1303835179
2870.199629 1380.998619 1303835181
2893.369757 1379.998620 1303835184
2919.187900 1377.998622 1303835192
2942.854530 1378.331955 1303835195
2972.644695 1379.998620 1303835198
2993.332310 1380.776397 1303835200
3013.523421 1380.443064 1303835202
3041.575827 1379.998620 1303835205
3064.745955 1379.554176 1303835208
3086.757577 1378.109733 1303835216
3110.589708 1380.887508 1303835221
3137.897360 1381.554174 1303835224
3161.232989 1382.109729 1303835226
3186.389128 1382.220840 1303835228
3211.876269 1380.554175 1303835230
3237.115158 1377.554178 1303835232
3260.450788 1374.665292 1303835234
3280.890151 1371.331962 1303835236
3302.405270 1360.554195 1303835239
3311.425070 1339.776438 1303835242
3310.349314 1318.443126 1303835244
3309.273558 1294.665372 1303835246
3308.032301 1271.665395 1303835248
3307.122046 1249.665417 1303835250
3307.535798 1226.665440 1303835252
3307.535798 1202.554353 1303835254
3308.197802 1165.887723 1303835257
3308.859805 1142.443302 1303835259
3309.356308 1120.109991 1303835261
3310.018312 1097.443347 1303835263
3310.183813 1074.887814 1303835265
3310.432064 1051.776726 1303835267
3310.928567 1029.332304 1303835269
3311.425070 1007.332326 1303835271
3311.838822 985.221237 1303835273
3311.425070 963.221259 1303835275
3312.169824 940.999059 1303835277
3313.907583 919.221303 1303835279
3315.645343 890.887998 1303835282
3315.728093 868.888020 1303835286
3321.768877 847.665819 1303835298
3343.283996 837.776940 1303835301
3364.881865 841.110270 1303835303
3387.307239 843.888045 1303835305
3408.574107 846.221376 1303835307
3431.661485 847.888041 1303835310
