3324.830644 216.777561 1303838452
3325.989150 196.110915 1303838472
3323.837638 171.444273 1303838476
3324.747893 145.555410 1303838479
3325.492647 121.555434 1303838482
3324.913394 98.222124 1303838486
3327.313157 77.222145 1303838506
3329.050917 57.111054 1303838528
3314.155835 42.555513 1303838538
3292.806216 47.666619 1303838542
3271.870351 54.777723 1303838545
3246.383210 59.444385 1303838548
3225.943847 59.444385 1303838550
3198.553445 58.444386 1303838553
3174.555812 58.444386 1303838557
3154.033699 60.333273 1303838560
3129.374062 65.999934 1303838563
3108.686448 67.111044 1303838565
3084.523314 64.444380 1303838567
3063.670199 63.444381 1303838569
3037.438304 60.999939 1303838572
3014.764678 57.444387 1303838576
3000.862601 78.555477 1303838582
2999.290343 106.555449 1303838585
2998.711090 126.999873 1303838587
2998.380088 153.999846 1303838590
2996.559578 176.222046 1303838594
2992.173803 200.222022 1303838598
2988.367282 225.110886 1303838601
2984.312510 251.666415 1303838604
2984.312510 275.999724 1303838607
2982.078247 297.444147 1303838613
2978.354477 320.888568 1303838617
2976.699468 350.777427 1303838620
2975.540961 373.666293 1303838622
2974.134204 397.221825 1303838624
2973.306699 420.666246 1303838626
2973.141198 444.110667 1303838628
2972.892947 467.221755 1303838630
2972.148193 489.777288 1303838632
2971.155187 510.777267 1303838634
2967.596917 533.443911 1303838637
2949.722818 552.221670 1303838641
2925.559685 558.554997 1303838644
2904.623819 559.554996 1303838646
2882.281195 558.443886 1303838648
2861.179829 556.777221 1303838650
2839.085456 552.221670 1303838653
2818.646093 552.777225 1303838658
2803.006257 567.666099 1303838674
2782.484143 572.110539 1303838678
2760.638022 575.666091 1303838681
2731.013359 576.554979 1303838684
2709.498240 576.888312 1303838686
2687.321117 576.110535 1303838688
2666.633502 574.443870 1303838690
2639.739604 572.443872 1303838693
2614.831716 571.777206 1303838696
2592.985595 572.332761 1303838699
2567.001951 569.443875 1303838703
2544.576577 569.443875 1303838707
2524.302715 574.666092 1303838712
2519.751440 594.443850 1303838717
2517.765429 617.888271 1303838720
2515.613917 648.554907 1303838723
2514.620911 670.443774 1303838725
2513.793407 691.888197 1303838727
2513.545155 712.554843 1303838729
2514.538161 739.999260 1303838732
2516.606922 760.554795 1303838735
2511.807396 782.665884 1303838748
2508.000875 805.443639 1303838752
2509.242132 828.888060 1303838755
2509.904135 855.221367 1303838758
2508.745629 883.554672 1303838761
2507.421622 903.887985 1303838763
2506.594117 926.110185 1303838765
2507.007869 949.887939 1303838767
2506.180365 973.665693 1303838769
2506.180365 997.332336 1303838771
2506.263115 1020.665646 1303838773
2505.932113 1043.554512 1303838775
2505.601112 1063.998936 1303838777
2507.256121 1087.776690 1303838780
2506.428616 1107.887781 1303838785
2500.967086 1127.665539 1303838793
2501.711840 1149.332184 1303838797
2503.449600 1174.332159 1303838800
2505.270110 1202.776575 1303838803
2507.338871 1223.998776 1303838805
2509.407633 1246.109865 1303838807
2511.145392 1268.220954 1303838809
2511.476394 1289.220933 1303838811
2512.221148 1316.665350 1303838814
2511.724645 1338.665328 1303838819
2529.598744 1353.109758 1303838826
2555.251386 1354.998645 1303838829
2576.352753 1356.220866 1303838831
2597.702371 1356.998643 1303838833
2619.879494 1356.887532 1303838835
2641.973866 1356.998643 1303838837
2662.744231 1356.998643 1303838839
2683.018093 1357.331976 1303838841
2710.242994 1357.554198 1303838844
2735.399133 1357.887531 1303838847
2759.810518 1358.109753 1303838850
2782.980646 1358.665308 1303838853
2805.985273 1359.331974 1303838856
2829.651904 1359.109752 1303838859
2851.415275 1358.665308 1303838862
2873.426896 1357.776420 1303838866
