87.218983 949.332384 1302483968
87.384483 977.332356 1302483970
86.970731 1006.110105 1302483972
86.060476 1034.665632 1302483974
86.060476 1064.110047 1302483976
85.894975 1093.554462 1302483978
85.729474 1122.554433 1302483980
85.729474 1150.109961 1302483982
85.315722 1175.665491 1302483984
85.232972 1199.776578 1302483986
84.157216 1221.998778 1302483988
83.577962 1243.332090 1302483990
82.998709 1272.665394 1302483993
82.005704 1297.554258 1302483996
88.129238 1317.220905 1302484002
111.133865 1320.887568 1302484008
137.531261 1321.776456 1302484011
157.805123 1322.443122 1302484013
179.320242 1322.998677 1302484015
200.504359 1322.332011 1302484017
221.605726 1321.332012 1302484019
248.003122 1319.887569 1302484022
269.683742 1318.665348 1302484033
294.095127 1323.109788 1302484037
321.485529 1328.887560 1302484040
343.910903 1331.998668 1302484042
369.894546 1332.776445 1302484044
397.119447 1332.998667 1302484046
423.268592 1332.776445 1302484048
446.024968 1331.220891 1302484050
467.126334 1328.776449 1302484053
488.227701 1329.776448 1302484058
515.121600 1331.776446 1302484061
539.781236 1332.665334 1302484063
567.254388 1333.109778 1302484065
596.299799 1333.220889 1302484067
625.179709 1333.665333 1302484069
653.976868 1333.776444 1302484071
682.691277 1333.998666 1302484073
710.743682 1334.443110 1302484075
737.803082 1334.998665 1302484077
763.869476 1335.443109 1302484079
789.108366 1336.109775 1302484081
813.519751 1336.331997 1302484083
836.027875 1336.554219 1302484085
862.425271 1334.331999 1302484088
881.954379 1327.220895 1302484103
884.436893 1298.776479 1302484107
885.595399 1271.443173 1302484110
887.002157 1248.776529 1302484113
888.408915 1227.665439 1302484116
889.898423 1198.332135 1302484119
891.056930 1174.887714 1302484121
891.387931 1150.443294 1302484123
891.636183 1128.109983 1302484125
893.208441 1106.443338 1302484127
894.449698 1086.110025 1302484129
896.518460 1063.998936 1302484132
915.468315 1055.443389 1302484136
939.879700 1057.554498 1302484139
968.097606 1057.554498 1302484142
989.198972 1056.221166 1302484145
1010.134838 1057.332276 1302484150
1035.290977 1056.998943 1302484153
1064.501889 1057.110054 1302484156
1091.064786 1057.110054 1302484159
1112.579905 1054.332279 1302484164
1136.081035 1057.554498 1302484168
1166.284952 1061.887827 1302484171
1189.455080 1064.554491 1302484173
1212.625208 1066.110045 1302484175
1234.305828 1067.665599 1302484177
1260.703224 1068.443376 1302484180
1280.977087 1066.887822 1302484184
1304.312716 1065.110046 1302484210
1329.220604 1068.998931 1302484213
1360.086524 1071.221151 1302484216
1382.511898 1071.110040 1302484218
1404.523520 1071.110040 1302484220
1426.948894 1071.110040 1302484222
1448.877765 1070.665596 1302484224
1473.206400 1067.221155 1302484227
1492.321756 1061.221161 1302484233
1495.714525 1039.776738 1302484236
1497.783286 1010.221212 1302484239
1499.190044 986.887902 1302484241
1501.093304 960.554595 1302484243
1502.996565 933.443511 1302484245
1503.906820 906.221316 1302484247
1503.989570 880.110231 1302484249
1503.410317 855.332478 1302484251
1503.244816 834.999165 1302484253
1503.824069 813.110298 1302484257
1523.849680 797.776980 1302484263
1550.164326 800.776977 1302484266
1570.107186 803.554752 1302484268
1590.463799 806.554749 1302484270
1613.633927 807.999192 1302484272
1637.631560 808.332525 1302484274
1659.394930 807.443637 1302484276
1682.234056 805.443639 1302484279
