2818.149591 556.777221 1303841011
2792.910701 563.999436 1303841021
2762.955035 576.554979 1303841025
2738.543650 578.554977 1303841028
2717.111282 575.777202 1303841031
2693.444651 571.888317 1303841034
2669.116016 568.888320 1303841037
2645.532136 565.888323 1303841040
2620.458747 563.999436 1303841043
2594.475103 562.332771 1303841046
2570.560221 560.554995 1303841049
2546.397087 559.888329 1303841052
2525.047469 567.443877 1303841056
2523.888963 588.221634 1303841060
2523.557961 615.221607 1303841063
2522.978708 636.777141 1303841065
2522.233954 658.999341 1303841067
2520.578944 682.443762 1303841069
2518.592933 705.665961 1303841071
2516.937924 727.554828 1303841073
2514.041658 755.777022 1303841076
2513.214154 776.443668 1303841085
2513.876157 803.554752 1303841090
2514.951913 828.443616 1303841093
2516.193170 854.665812 1303841096
2515.448416 874.776903 1303841098
2514.455410 897.665769 1303841100
2513.793407 921.887967 1303841102
2513.131403 946.443498 1303841104
2511.807396 969.887919 1303841106
2509.490383 992.443452 1303841108
2507.587123 1014.776763 1303841110
2507.090620 1037.332296 1303841112
2506.925119 1059.110052 1303841114
2504.525356 1086.998913 1303841117
2504.773607 1111.110000 1303841121
2508.993880 1132.665534 1303841128
2513.462405 1154.665512 1303841137
2517.103425 1180.554375 1303841140
2519.916941 1201.109910 1303841142
2522.233954 1224.220998 1303841144
2523.723462 1248.887640 1303841146
2524.137214 1273.887615 1303841148
2523.971713 1298.332035 1303841150
2522.399454 1320.109791 1303841152
2518.344682 1346.998653 1303841155
2519.999691 1368.665298 1303841159
2540.025302 1370.998629 1303841162
2570.725722 1369.220853 1303841165
2594.640604 1368.220854 1303841167
2618.969239 1367.331966 1303841169
2644.208128 1366.776411 1303841171
2670.853776 1367.109744 1303841173
2698.244177 1367.331966 1303841175
2725.882830 1367.443077 1303841177
2753.604234 1367.554188 1303841179
2780.084380 1368.220854 1303841181
2805.737022 1368.220854 1303841183
2831.472414 1367.776410 1303841185
2856.380302 1367.887521 1303841187
2878.805676 1368.443076 1303841189
2899.907043 1369.109742 1303841191
2919.849903 1371.109740 1303841193
2948.150560 1373.554182 1303841196
2976.616717 1374.331959 1303841199
3003.758867 1372.331961 1303841202
3027.673750 1370.887518 1303841205
3050.843878 1370.776407 1303841209
3072.193496 1370.665296 1303841214
3096.853132 1372.331961 1303841218
3119.444007 1371.887517 1303841222
3143.441640 1371.998628 1303841227
3169.011532 1372.331961 1303841230
3197.643190 1371.887517 1303841233
3217.834302 1370.331963 1303841235
3246.796962 1366.998633 1303841238
3271.456598 1364.109747 1303841241
3288.751444 1351.331982 1303841244
3292.971717 1328.776449 1303841247
3294.130224 1299.776478 1303841250
3294.378475 1275.998724 1303841252
3295.205980 1250.109861 1303841254
3296.033484 1222.998777 1303841256
3297.109240 1195.332138 1303841258
3298.433248 1168.887720 1303841260
3299.840005 1143.887745 1303841262
3300.998512 1119.109992 1303841264
3302.322519 1094.221128 1303841266
3302.322519 1069.110042 1303841268
3302.736271 1043.776734 1303841270
3303.315525 1018.332315 1303841272
3303.977528 979.999020 1303841275
3304.060279 956.665710 1303841277
3305.632537 936.332397 1303841279
3307.535798 910.887978 1303841282
3308.446053 890.110221 1303841287
3307.618548 868.554687 1303841302
3321.934378 848.110263 1303841306
3343.283996 843.332490 1303841309
3365.378368 842.999157 1303841312
3387.224489 842.332491 1303841316
3408.160355 841.332492 1303841326
3433.564745 841.999158 1303841331
3457.231376 843.110268 1303841334
3483.463271 843.221379 1303841337
3509.860667 843.221379 1303841340
3535.265058 845.110266 1303841343
3561.248702 847.665819 1303841346
3587.646098 849.110262 1303841349
3611.974732 850.443594 1303841352
3636.717119 851.443593 1303841356
3657.652985 851.554704 1303841379
3678.175098 851.554704 1303841385
3700.517722 851.776926 1303841389
3718.640072 864.443580 1303841396
3718.722823 885.776892 1303841399
3716.736812 915.332418 1303841402
3715.826557 939.110172 1303841404
3715.661056 964.110147 1303841406
3715.909307 988.776789 1303841408
3716.240309 1012.332321 1303841410
3716.488560 1034.443410 1303841412
3715.495555 1062.443382 1303841415
3717.481566 1087.887801 1303841419
3726.170364 1107.887781 1303841423
3746.692477 1108.443336 1303841426
3776.399892 1105.998894 1303841429
3802.549037 1107.332226 1303841432
3823.402152 1108.665558 1303841438
3831.346196 1086.998913 1303841454
3829.856688 1063.665603 1303841457
3832.504702 1041.332292 1303841460
3833.414957 1014.887874 1303841463
3833.332207 986.665680 1303841466
3832.504702 961.332372 1303841469
3830.187689 940.999059 1303841472
3828.780932 916.110195 1303841477
3826.629420 893.110218 1303841505
3819.678381 871.443573 1303841509
3795.763499 862.554693 1303841513
3767.793844 860.332473 1303841516
3747.768233 858.999141 1303841518
3726.997869 858.332475 1303841520
3706.227504 857.554698 1303841522
3685.457139 856.443588 1303841524
3664.521273 855.776922 1303841526
3644.081910 855.221367 1303841528
3623.973549 854.554701 1303841530
3595.755642 853.554702 1303841533
3572.006261 853.332480 1303841536
3547.346625 853.665813 1303841539
3520.866478 853.776924 1303841542
3493.062324 853.999146 1303841545
3464.596167 853.999146 1303841548
3437.371266 852.999147 1303841551
3412.049626 851.554704 1303841554
3389.789753 849.554706 1303841557
3367.778131 847.110264 1303841561
3345.932010 846.110265 1303841566
3324.830644 843.999156 1303841573
3316.721099 822.110289 1303841591
3317.962356 800.110311 1303841594
3318.872611 771.665895 1303841597
3319.120862 750.999249 1303841599
3319.038112 730.665936 1303841601
3318.789860 710.443734 1303841603
3319.451864 690.221532 1303841605
3320.858622 661.110450 1303841608
3321.686126 634.999365 1303841611
3322.182629 610.110501 1303841615
