958.002050 809.999190 1303961770
933.507914 807.776970 1303961793
913.316803 806.443638 1303961795
889.236419 805.999194 1303961797
862.425271 804.999195 1303961799
833.545361 803.332530 1303961801
802.927692 802.221420 1303961803
771.234267 802.110309 1303961805
738.713337 801.665865 1303961807
705.778655 801.221421 1303961809
673.836978 800.999199 1303961811
643.633061 800.776977 1303961813
614.835901 800.443644 1303961815
589.348760 800.776977 1303961817
563.282366 800.554755 1303961820
539.698486 801.443643 1303961845
515.121600 802.443642 1303961848
493.027228 801.888087 1303961850
467.291835 801.221421 1303961852
439.487681 800.221422 1303961854
410.607772 799.665867 1303961856
382.969119 799.332534 1303961858
358.061231 798.776979 1303961860
336.049609 798.554757 1303961862
311.638224 797.999202 1303961865
290.371356 795.332538 1303961875
265.132467 795.332538 1303961879
235.425052 794.776983 1303961882
209.275908 794.221428 1303961885
188.174541 793.221429 1303961890
162.521899 791.888097 1303961894
138.358765 790.888098 1303961897
115.188637 793.110318 1303961900
94.004520 794.665872 1303961913
85.563973 815.665851 1303961918
86.639729 839.110272 1303961921
86.556979 864.332469 1303961924
86.143227 892.110219 1303961927
85.067471 912.776865 1303961929
83.826214 933.776844 1303961931
83.991715 956.110155 1303961933
83.412461 979.443465 1303961935
82.584957 1003.554552 1303961937
82.171205 1028.332305 1303961939
82.253955 1053.332280 1303961941
81.426450 1078.998921 1303961943
81.095449 1105.332228 1303961945
80.681696 1131.887757 1303961947
80.847197 1159.332174 1303961949
80.516195 1186.443258 1303961951
80.102443 1212.332121 1303961953
79.192188 1236.332097 1303961955
78.530184 1256.554299 1303961957
77.702680 1279.665387 1303961961
76.544173 1299.887589 1303961970
76.626924 1321.665345 1303961974
94.749274 1330.443114 1303961978
118.167654 1329.887559 1303961981
149.281826 1330.220892 1303961984
174.686216 1331.220891 1303961986
200.669860 1331.443113 1303961988
224.253741 1330.220892 1303961990
251.313140 1328.332005 1303961993
271.173250 1323.998676 1303962001
299.887659 1325.887563 1303962005
321.733780 1325.887563 1303962007
347.469172 1325.665341 1303962009
375.190576 1326.332007 1303962011
403.242981 1326.887562 1303962013
430.136880 1326.665340 1303962015
452.727755 1326.665340 1303962017
474.408375 1325.887563 1303962020
496.833749 1327.887561 1303962026
524.968904 1329.109782 1303962029
549.214788 1329.554226 1303962031
576.191438 1329.887559 1303962033
603.416338 1330.665336 1303962035
630.889490 1331.665335 1303962037
658.859145 1332.443112 1303962039
686.828800 1333.776444 1303962041
715.625959 1334.998665 1303962043
743.761115 1334.887554 1303962045
770.986015 1335.109776 1303962047
796.969659 1335.443109 1303962049
821.960297 1335.331998 1303962051
845.461427 1335.331998 1303962053
873.265581 1332.887556 1303962056
888.160663 1316.109795 1303962060
889.898423 1290.109821 1303962063
890.643177 1267.887621 1303962065
892.049935 1240.998759 1303962068
892.132685 1217.443227 1303962092
893.125691 1188.554367 1303962096
893.291192 1166.887722 1303962098
894.118696 1141.109970 1303962100
895.856456 1115.665551 1303962102
896.932212 1092.776685 1303962104
897.594216 1067.998932 1303962107
916.957823 1054.665612 1303962112
941.203707 1057.110054 1303962115
962.470575 1059.221163 1303962117
986.302706 1060.998939 1303962119
1010.548591 1062.332271 1303962121
1034.877225 1062.998937 1303962123
1058.709357 1063.665603 1303962125
1080.307226 1064.665602 1303962127
1100.498338 1064.110047 1303962130
1122.178958 1062.110049 1303962134
1151.058868 1063.998936 1303962137
1175.304752 1065.998934 1303962139
1201.536647 1067.776710 1303962141
1227.106539 1068.998931 1303962143
1249.697414 1068.776709 1303962145
1275.350056 1067.332266 1303962148
1296.616923 1067.776710 1303962171
1316.973536 1069.221153 1303962174
1348.004957 1071.110040 1303962177
1372.499093 1072.554483 1303962179
1396.827728 1073.887815 1303962181
1421.073612 1074.221148 1303962183
1445.650498 1074.443370 1303962185
1468.737875 1073.887815 1303962187
1491.080499 1071.998928 1303962190
1504.486073 1051.998948 1303962198
1503.327567 1025.110086 1303962201
1503.162066 1002.110109 1303962203
1503.079315 975.776802 1303962205
1503.244816 948.665718 1303962207
1503.410317 925.554630 1303962209
1502.913814 902.110209 1303962212
1502.003559 880.332453 1303962216
1502.003559 858.554697 1303962220
1502.086310 834.665832 1303962224
1501.010554 814.443630 1303962231
1502.169060 787.554768 1303962235
1502.831064 765.888123 1303962237
1503.741319 740.332593 1303962239
1504.651574 711.443733 1303962241
1505.727330 681.221541 1303962243
1506.885836 651.443793 1303962245
1507.796091 624.443820 1303962247
1508.540846 602.332731 1303962249
1508.623596 579.554976 1303962252
