1293.472406 802.776975 1303852904
1286.438617 821.888067 1303852932
1293.058653 844.888044 1303852939
1298.106431 867.110244 1303852943
1298.602934 888.999111 1303852946
1297.361677 913.554642 1303852949
1298.768435 952.665714 1303852953
1298.602934 973.999026 1303852955
1295.954919 1001.776776 1303852958
1306.381477 1019.776758 1303852961
1332.530622 1022.332311 1303852965
1357.190258 1024.776753 1303852968
1377.381370 1028.665638 1303852971
1400.799750 1040.443404 1303852975
1419.418603 1050.554505 1303852978
1438.037456 1065.332268 1303852984
1449.291518 1081.998918 1303852993
1465.841609 1094.110017 1303853009
1486.942976 1090.554465 1303853026
1511.023359 1089.776688 1303853031
1530.800719 1095.554460 1303853034
1552.729590 1101.665565 1303853037
1577.223726 1104.665562 1303853040
1600.062852 1103.665563 1303853043
1620.088463 1097.887791 1303853047
1641.355330 1093.554462 1303853076
1660.718937 1098.554457 1303853080
1681.654803 1098.887790 1303853084
1703.583675 1106.554449 1303853088
1720.630269 1117.332216 1303853092
1725.760797 1143.221079 1303853096
1722.285278 1165.665501 1303853098
1720.795770 1191.665475 1303853100
1719.140761 1220.887668 1303853102
1717.237500 1251.443193 1303853104
1715.168739 1279.443165 1303853106
1713.761981 1304.887584 1303853108
1713.017227 1325.665341 1303853110
1713.596480 1347.220875 1303853113
1739.000871 1357.443087 1303853118
1760.267738 1358.331975 1303853120
1784.761874 1359.665307 1303853122
1810.911018 1364.665302 1303853124
1839.790928 1367.887521 1303853126
1871.153352 1369.554186 1303853128
1902.350274 1370.331963 1303853130
1931.726687 1370.220852 1303853132
1960.275595 1369.220853 1303853134
1988.079748 1370.109741 1303853136
2016.463155 1371.220851 1303853138
2044.350060 1373.109738 1303853140
2071.574960 1374.109737 1303853142
2099.461865 1373.887515 1303853144
2128.093523 1374.443070 1303853146
2157.883688 1375.220847 1303853148
2188.749609 1376.887512 1303853150
2220.525784 1377.443067 1303853152
2252.219210 1376.665290 1303853154
2282.588628 1375.665291 1303853156
2312.296042 1374.554181 1303853158
2342.251708 1373.331960 1303853160
2371.297119 1372.443072 1303853162
2397.777265 1372.109739 1303853164
2421.195645 1373.109738 1303853166
2441.221255 1373.220849 1303853168
2462.405373 1374.998625 1303853171
2482.348233 1377.887511 1303853181
2508.331877 1376.665290 1303853187
2533.819018 1374.998625 1303853190
2555.168636 1375.665291 1303853192
2579.331769 1377.665289 1303853194
2606.639420 1378.887510 1303853196
2635.436580 1379.665287 1303853198
2664.481990 1379.776398 1303853200
2693.113649 1379.554176 1303853202
2721.497056 1378.331955 1303853204
2750.045964 1376.665290 1303853206
2778.429371 1376.109735 1303853208
2806.564527 1376.554179 1303853210
2833.872178 1376.665290 1303853212
2859.524819 1376.887512 1303853214
2884.349957 1376.998623 1303853216
2907.768336 1378.331955 1303853218
2930.690213 1378.331955 1303853220
2952.619085 1378.776399 1303853222
2975.127209 1380.443064 1303853224
2996.725079 1381.554174 1303853226
3017.743695 1381.443063 1303853228
3045.630599 1379.887509 1303853231
3069.545481 1377.776400 1303853235
3094.039617 1382.109729 1303853256
3116.216740 1385.443059 1303853259
3144.434646 1390.665276 1303853262
3167.687524 1390.887498 1303853264
3192.181660 1389.776388 1303853266
3214.276032 1386.554169 1303853268
3240.673428 1380.554175 1303853271
3260.037035 1374.443070 1303853275
3282.296908 1369.776408 1303853303
3302.239769 1364.998635 1303853307
3308.446053 1339.998660 1303853311
3309.025306 1309.998690 1303853314
3309.025306 1285.665381 1303853316
3308.611554 1258.443186 1303853318
3307.701299 1229.887659 1303853320
3306.873794 1201.887687 1303853322
3306.211791 1175.887713 1303853324
3306.791044 1148.776629 1303853327
3311.259569 1128.887760 1303853353
3313.824833 1104.443340 1303853358
3312.914578 1078.554477 1303853361
3313.990334 1048.776729 1303853364
3315.976345 1028.110083 1303853366
3320.775871 999.221223 1303853369
3322.265379 977.110134 1303853371
3324.003139 951.776826 1303853373
3325.658148 925.665741 1303853375
3325.989150 901.999098 1303853377
3324.830644 876.665790 1303853380
3326.154651 854.776923 1303853392
3350.897038 855.776922 1303853396
3378.701192 859.665807 1303853399
3402.781575 862.443582 1303853401
3428.020465 863.888025 1303853403
3452.928352 863.776914 1303853405
3476.843235 865.221357 1303853407
3500.675366 866.110245 1303853409
3524.921251 866.443578 1303853411
3549.332636 866.665800 1303853413
3572.420013 866.776911 1303853415
3596.417646 866.443578 1303853417
3621.160033 866.554689 1303853419
3645.405917 867.332466 1303853421
3667.996792 867.554688 1303853423
3694.973441 867.554688 1303853426
