1303.402461 570.110541 1304001301
1300.423444 549.888339 1304001327
1301.002697 529.777248 1304001342
1326.407088 523.555032 1304001347
1347.011952 526.221696 1304001349
1371.340587 528.666138 1304001351
1396.496726 531.221691 1304001353
1420.080606 532.332801 1304001355
1441.843977 532.999467 1304001357
1466.503613 533.888355 1304001360
1486.777475 534.666132 1304001365
1512.181866 534.110577 1304001371
1539.489517 533.110578 1304001374
1562.494144 531.999468 1304001376
1587.319281 530.888358 1304001378
1614.213180 531.110580 1304001380
1643.093090 532.110579 1304001382
1672.304002 533.221689 1304001384
1697.956643 534.443910 1304001386
1724.519540 541.555014 1304001389
1738.669869 562.777215 1304001392
1738.587118 592.554963 1304001395
1736.683858 615.443829 1304001397
1735.028849 639.332694 1304001399
1733.787592 664.999335 1304001401
1732.215333 690.554865 1304001403
1731.470579 715.221507 1304001405
1731.056827 739.554816 1304001407
1730.229322 761.443683 1304001409
1727.912309 789.888099 1304001412
1727.995060 809.888079 1304001414
1727.498557 831.110280 1304001416
1726.340050 853.999146 1304001418
1725.678047 878.776899 1304001420
1725.016043 904.221318 1304001422
1722.781781 929.999070 1304001424
1719.968265 956.776821 1304001426
1717.485751 983.999016 1304001428
1716.409996 1011.998988 1304001430
1715.416990 1039.110072 1304001432
1714.092983 1064.110047 1304001434
1712.934476 1087.110024 1304001436
1712.106972 1109.332224 1304001438
1711.775970 1143.554412 1304001441
1710.451963 1165.887723 1304001443
1709.541708 1186.221036 1304001445
1708.548702 1207.665459 1304001448
1709.458957 1233.887655 1304001472
1709.955460 1260.554295 1304001475
1708.465952 1286.332047 1304001478
1706.976443 1311.332022 1304001481
1705.569686 1335.665331 1304001484
1713.182728 1355.220867 1304001488
1741.152382 1351.998648 1304001491
1762.584751 1350.443094 1304001493
1785.341127 1350.220872 1304001495
1810.000763 1349.443095 1304001497
1837.060163 1348.331985 1304001499
1864.616065 1347.554208 1304001501
1892.502970 1346.443098 1304001503
1919.727870 1345.776432 1304001505
1945.877015 1345.220877 1304001507
1971.529657 1344.665322 1304001509
1996.189293 1344.443100 1304001511
2018.780168 1344.998655 1304001513
2046.087819 1346.220876 1304001516
2067.106436 1346.887542 1304001519
2092.262575 1346.665320 1304001523
2116.260208 1346.887542 1304001526
2145.388369 1347.109764 1304001529
2167.068989 1347.220875 1304001531
2189.494363 1347.887541 1304001533
2212.002487 1348.109763 1304001535
2235.007115 1349.776428 1304001537
2258.590995 1350.109761 1304001539
2283.333382 1349.998650 1304001541
2308.572272 1350.331983 1304001543
2334.224913 1350.331983 1304001545
2360.374058 1350.443094 1304001547
2386.854205 1350.887538 1304001549
2412.755098 1351.554204 1304001551
2436.256228 1352.109759 1304001553
2461.329617 1352.998647 1304001556
2483.010237 1352.665314 1304001573
2508.497378 1352.554203 1304001577
2536.384282 1352.109759 1304001580
2557.071896 1351.887537 1304001582
2578.835267 1352.776425 1304001584
2600.764138 1353.665313 1304001586
2622.775760 1354.776423 1304001588
2645.118383 1355.554200 1304001590
2667.874759 1356.776421 1304001592
2690.796636 1357.887531 1304001594
2713.222010 1358.331975 1304001596
2734.985381 1359.109752 1304001598
2757.079753 1358.887530 1304001600
2778.760373 1359.331974 1304001602
2799.861739 1360.331973 1304001604
2820.218352 1361.331972 1304001606
2840.409464 1362.220860 1304001608
2861.510830 1362.665304 1304001610
2883.108700 1362.776415 1304001612
2903.879065 1363.331970 1304001614
2924.152927 1363.554192 1304001616
2953.694840 1362.776415 1304001619
2973.720451 1362.998637 1304001621
2994.242565 1363.331970 1304001623
3015.012930 1363.554192 1304001625
3044.472093 1361.776416 1304001628
3068.055973 1361.776416 1304001631
3093.377613 1364.109747 1304001635
3113.403224 1365.443079 1304001638
3137.152605 1366.443078 1304001641
3161.398490 1367.776410 1304001644
3181.341350 1369.220853 1304001647
3202.690968 1370.109741 1304001654
3227.185103 1368.331965 1304001678
3252.506744 1364.887524 1304001682
3275.428620 1362.665304 1304001686
3295.371481 1359.665307 1304001691
3310.845816 1341.443103 1304001697
3312.583576 1314.776463 1304001701
3313.493831 1289.443155 1304001704
3313.907583 1265.332068 1304001707
3314.073084 1243.776534 1304001710
3315.645343 1221.665445 1304001713
3318.955361 1193.443251 1304001716
3319.286363 1164.554391 1304001719
3318.127857 1141.998858 1304001722
3319.451864 1118.998881 1304001727
3318.045106 1097.443347 1304001731
3318.789860 1072.332261 1304001734
3320.196618 1051.887837 1304001736
3321.603376 1030.221192 1304001738
3321.603376 1007.554548 1304001740
3321.106873 984.332349 1304001742
3320.610370 961.332372 1304001744
3320.527620 938.887950 1304001746
3320.775871 918.776859 1304001748
3320.775871 892.443552 1304001751
3321.934378 871.999128 1304001754
3309.190807 852.665814 1304001759
3284.779422 852.888036 1304001762
3254.906507 853.221369 1304001765
3234.467144 853.110258 1304001767
3205.835485 853.110258 1304001770
3178.279583 852.665814 1304001773
3150.392679 851.665815 1304001776
3122.588525 850.776927 1304001779
3094.784371 850.554705 1304001782
3066.400964 849.110262 1304001785
3039.093313 846.443598 1304001788
3016.833440 844.221378 1304001791
2993.497811 843.776934 1304001796
2978.437227 829.221393 1304001808
2976.037464 802.888086 1304001812
2975.209959 777.554778 1304001815
2975.871963 751.777026 1304001818
2977.195970 723.777054 1304001821
2978.354477 694.221528 1304001824
2978.850980 674.110437 1304001826
2979.099231 653.443791 1304001828
2979.595734 632.554923 1304001830
2981.002492 604.221618 1304001833
2981.664495 583.332750 1304001836
2983.567756 563.221659 1304001839
2985.802018 537.666129 1304001842
2986.795024 508.221714 1304001845
2986.960524 486.999513 1304001847
2987.374277 464.999535 1304001849
2987.374277 442.444002 1304001851
2987.291526 419.666247 1304001853
2987.539778 396.999603 1304001855
2987.374277 374.666292 1304001857
2986.960524 353.332980 1304001859
2985.636517 327.221895 1304001862
2984.809013 304.221918 1304001867
2986.381271 278.333055 1304001871
2990.353293 253.555302 1304001874
2991.842802 230.666436 1304001877
2993.746062 208.999791 1304001880
2994.573567 188.888700 1304001883
3008.227392 171.222051 1304001889
3029.659761 171.666495 1304001894
