3236.949657 838.443606 1303520358
3259.788784 839.443605 1303520361
3279.897145 841.332492 1303520364
3305.880789 842.443602 1303520368
3320.279368 823.221399 1303520373
3317.714104 801.888087 1303520377
3317.962356 780.888108 1303520398
3316.555598 757.332576 1303520402
3316.390097 732.554823 1303520405
3316.638348 711.888177 1303520407
3316.472847 689.221533 1303520409
3315.976345 666.888222 1303520411
3315.562592 646.443798 1303520413
3315.976345 620.554935 1303520416
3317.548603 600.221622 1303520437
3303.812027 582.332751 1303520447
3278.159385 582.999417 1303520451
3254.989257 583.332750 1303520454
3229.253865 583.332750 1303520457
3201.780713 582.777195 1303520460
3175.135066 582.666084 1303520463
3153.868198 581.888307 1303520466
3131.856576 579.221643 1303520487
3111.748215 579.554976 1303520490
3082.702804 580.110531 1303520493
3061.518687 579.777198 1303520495
3035.948796 577.777200 1303520498
3013.606172 573.999426 1303520512
2988.450033 574.332759 1303520516
2959.983875 572.777205 1303520519
2936.648246 572.777205 1303520521
2911.326606 572.777205 1303520523
2885.508463 572.443872 1303520525
2858.862816 571.777206 1303520527
2832.217168 570.666096 1303520529
2807.226530 569.554986 1303520531
2783.559899 568.110543 1303520533
2759.231265 566.777211 1303520535
2733.578623 565.777212 1303520537
2708.256983 564.999435 1303520539
2684.342100 563.777214 1303520541
2662.992482 563.666103 1303520543
2633.698820 562.999437 1303520546
2606.887672 561.999438 1303520549
2584.296797 560.999439 1303520552
2560.795667 559.666107 1303520557
2535.308526 558.666108 1303520576
2506.263115 558.332775 1303520579
2485.575501 557.888331 1303520581
2460.998615 557.332776 1303520584
2440.145499 556.443888 1303520595
2413.748103 557.221665 1303520600
2383.709687 557.777220 1303520603
2360.125807 557.666109 1303520605
2335.300669 556.777221 1303520607
2309.648027 555.888333 1303520609
2284.078136 555.443889 1303520611
2258.921997 554.777223 1303520613
2234.758863 554.110557 1303520615
2212.912742 553.332780 1303520617
2184.612086 552.332781 1303520620
2163.096967 551.999448 1303520623
2142.823105 550.888338 1303520628
2121.473486 549.666117 1303520646
2096.151846 548.666118 1303520649
2073.891973 547.999452 1303520651
2048.818584 547.332786 1303520653
2022.007436 546.555009 1303520655
1994.037781 545.666121 1303520657
1965.406123 545.110566 1303520659
1936.608964 544.777233 1303520661
1908.804810 544.555011 1303520663
1881.745410 543.888345 1303520665
1855.182513 543.332790 1303520667
1829.364370 542.777235 1303520669
1806.028741 542.221680 1303520671
1777.810835 541.332792 1303520674
1753.068448 541.332792 1303520678
1729.650069 542.332791 1303520705
1702.011416 542.555013 1303520708
1678.593036 542.666124 1303520710
1652.278391 542.888346 1303520712
1625.136241 543.221679 1303520714
1599.897351 543.666123 1303520716
1577.471977 544.110567 1303520718
1549.419572 544.443900 1303520721
1527.656201 543.888345 1303520732
1515.326383 564.443880 1303520738
1514.664379 586.777191 1303520741
1513.919625 606.999393 1303520743
1512.678368 630.666036 1303520745
1511.602613 656.443788 1303520747
1510.940609 682.777095 1303520749
1510.609607 709.110402 1303520751
1509.533851 733.999266 1303520753
1508.789097 756.777021 1303520755
1508.375345 784.221438 1303520758
1504.568824 807.554748 1303520767
1484.460462 814.888074 1303520771
1460.214578 810.554745 1303520774
1430.010661 809.221413 1303520777
1409.488548 808.221414 1303520779
1381.767144 806.221416 1303520782
1354.707745 805.888083 1303520785
1334.185631 809.888079 1303520788
1311.098253 812.554743 1303520809
1287.679874 813.221409 1303520813
1260.041221 812.999187 1303520816
1236.788342 811.554744 1303520818
1212.294207 810.221412 1303520820
1188.544825 809.110302 1303520822
1166.781455 807.776970 1303520824
1142.535571 805.221417 1303520827
1117.627683 801.776976 1303520833
1094.871307 801.443643 1303520836
1074.266443 801.332532 1303520838
1049.606807 800.776977 1303520840
1026.602179 800.443644 1303520842
1002.273545 799.443645 1303520844
980.592925 798.776979 1303520846
954.278279 797.221425 1303520849
932.018406 795.332538 1303520854
