1732.629085 550.555005 1303528085
1707.886698 550.332783 1303528103
1681.985805 549.888339 1303528107
1652.030139 549.999450 1303528110
1628.032507 550.443894 1303528112
1603.372870 550.666116 1303528114
1578.878735 551.221671 1303528116
1555.294854 551.777226 1303528118
1527.407950 552.555003 1303528121
1506.885836 560.443884 1303528125
1505.230827 586.999413 1303528129
1506.223833 618.332715 1303528132
1506.389334 643.554912 1303528134
1506.223833 671.999328 1303528136
1506.472084 701.999298 1303528138
1506.885836 729.665937 1303528140
1507.051337 753.665913 1303528142
1507.051337 781.776996 1303528145
1504.982576 801.888087 1303528161
1485.370717 813.332520 1303528167
1459.635325 812.999187 1303528171
1429.348657 812.110299 1303528174
1403.613265 810.332523 1303528176
1377.215869 809.554746 1303528178
1353.383737 809.888079 1303528180
1329.551605 810.776967 1303528183
1306.215976 810.665856 1303528190
1282.383844 811.110300 1303528195
1261.944481 809.221413 1303528197
1235.381584 807.332526 1303528199
1211.714953 806.221416 1303528201
1187.138067 806.221416 1303528204
1162.974934 806.665860 1303528212
1138.315297 805.443639 1303528215
1116.717428 803.776974 1303528217
1090.320032 803.332530 1303528219
1060.447117 802.554753 1303528221
1030.491451 801.110310 1303528223
1003.349301 800.110311 1303528225
980.758426 799.776978 1303528227
956.843543 800.443644 1303528230
933.921667 800.888088 1303528237
911.579043 800.554755 1303528240
890.477676 798.888090 1303528242
866.976546 797.554758 1303528244
843.558167 796.554759 1303528246
818.898530 795.443649 1303528248
792.666635 794.888094 1303528250
766.020988 794.776983 1303528252
739.789093 794.776983 1303528254
713.722698 794.554761 1303528256
687.159802 794.443650 1303528258
659.686650 794.221428 1303528260
632.958252 793.999206 1303528262
607.471111 793.554762 1303528264
584.880236 794.110317 1303528266
560.468851 795.999204 1303528269
534.567957 796.221426 1303528295
507.260306 795.665871 1303528298
483.262674 794.332539 1303528300
456.948028 792.999207 1303528302
430.054129 791.888097 1303528304
404.649739 790.888098 1303528306
381.562361 790.888098 1303528308
360.543745 790.554765 1303528310
334.063598 790.554765 1303528313
311.555474 791.999208 1303528317
289.378351 790.332543 1303528333
264.222212 788.665878 1303528336
243.700098 788.443656 1303528338
217.302702 786.999213 1303528341
195.456581 786.888102 1303528350
167.900679 787.443657 1303528354
141.172281 787.110324 1303528357
118.912408 786.110325 1303528360
99.052298 789.665877 1303528364
93.259766 812.554743 1303528369
92.680513 833.332500 1303528372
90.529001 861.332472 1303528375
88.211988 885.554670 1303528378
87.880986 907.665759 1303528382
85.315722 930.332403 1303528388
82.667707 955.665711 1303528394
80.929948 979.776798 1303528398
82.833208 999.999000 1303528402
83.495212 1021.332312 1303528410
82.171205 1047.554508 1303528413
80.847197 1069.554486 1303528415
79.854192 1094.110017 1303528417
79.357689 1119.665547 1303528419
79.605940 1146.443298 1303528421
79.523190 1172.221050 1303528423
79.274939 1196.887692 1303528425
78.778436 1220.109891 1303528427
78.612935 1241.554314 1303528429
78.530184 1270.776507 1303528432
79.192188 1296.332037 1303528435
80.185194 1317.332016 1303528442
98.804047 1324.665342 1303528447
118.912408 1321.665345 1303528450
143.820296 1320.443124 1303528453
164.673411 1320.109791 1303528455
188.671044 1320.220902 1303528457
213.744432 1320.220902 1303528459
237.990317 1320.220902 1303528461
261.574197 1320.443124 1303528463
285.406329 1320.665346 1303528465
311.389973 1320.443124 1303528467
338.532123 1320.887568 1303528469
366.667278 1321.220901 1303528471
395.050686 1321.220901 1303528473
420.537827 1321.220901 1303528475
442.052946 1321.332012 1303528477
467.291835 1321.332012 1303528480
487.482947 1320.998679 1303528484
510.984077 1322.109789 1303528487
532.995699 1322.776455 1303528489
557.820836 1323.443121 1303528491
585.873241 1324.109787 1303528493
616.077158 1324.665342 1303528495
646.446576 1325.109786 1303528497
676.071240 1325.554230 1303528499
704.289146 1325.776452 1303528501
730.521041 1325.998674 1303528503
754.435924 1326.220896 1303528505
776.447545 1326.776451 1303528507
797.962664 1327.332006 1303528509
819.477784 1328.220894 1303528511
844.964925 1326.443118 1303528514
866.811045 1324.443120 1303528518
884.271392 1312.443132 1303528526
885.016146 1287.998712 1303528529
886.257403 1267.887621 1303528531
887.167658 1245.554310 1303528534
887.415909 1222.554333 1303528543
887.746911 1202.443242 1303528546
887.912412 1182.109929 1303528548
888.574416 1158.554397 1303528550
889.981174 1133.776644 1303528552
892.629188 1109.998890 1303528554
893.953196 1088.443356 1303528556
894.946201 1065.332268 1303528559
910.586038 1048.332285 1303528564
934.252668 1050.221172 1303528567
954.940283 1050.998949 1303528569
977.779409 1051.554504 1303528571
999.873782 1051.665615 1303528573
1019.899392 1052.443392 1303528575
1042.324766 1052.554503 1303528578
1063.508884 1061.776716 1303528596
1084.196498 1061.332272 1303528599
1107.945879 1056.443388 1303528603
1134.343275 1055.887833 1303528607
1160.740671 1055.776722 1303528610
1182.586792 1056.221166 1303528612
1206.253423 1056.776721 1303528614
1229.837304 1056.221166 1303528616
1251.931676 1055.887833 1303528618
1273.033043 1055.554500 1303528620
1302.409455 1055.221167 1303528623
1330.627361 1055.443389 1303528626
1357.355759 1056.221166 1303528629
1381.849895 1056.887832 1303528632
1404.440770 1056.332277 1303528635
1427.610898 1056.776721 1303528638
1451.774032 1056.110055 1303528642
1473.868404 1057.221165 1303528647
1491.659752 1043.887845 1303528652
1497.783286 1022.110089 1303528656
1499.190044 996.665670 1303528659
1499.934798 975.221247 1303528661
1500.514051 950.776827 1303528663
1500.927803 923.999076 1303528665
1501.507057 896.887992 1303528667
1502.334561 870.888018 1303528669
1502.831064 848.110263 1303528671
1502.996565 823.999176 1303528674
1503.327567 802.999197 1303528680
1503.824069 780.443664 1303528683
1504.817075 759.999240 1303528685
1505.479079 735.665931 1303528687
1505.810080 707.888181 1303528689
1506.223833 678.888210 1303528691
1506.389334 650.666016 1303528693
1506.885836 625.221597 1303528695
1507.547840 604.777173 1303528697
1508.044343 584.221638 1303528700
