3317.548603 596.110515 1303529532
3301.660515 580.777197 1303529541
3280.807400 579.888309 1303529544
3250.272481 578.999421 1303529547
3227.929858 578.221644 1303529549
3205.338983 577.443867 1303529551
3184.403117 576.777201 1303529553
3162.474245 575.999424 1303529556
3140.214372 573.110538 1303529578
3115.802987 572.221650 1303529582
3091.143351 571.221651 1303529585
3065.821711 570.999429 1303529588
3038.596810 569.666097 1303529591
3014.433676 569.110542 1303529594
2989.856791 568.221654 1303529597
2965.528156 568.332765 1303529600
2942.027026 567.777210 1303529603
2916.043382 567.443877 1303529606
2887.411724 565.888323 1303529609
2866.806860 564.554991 1303529611
2845.457242 563.332770 1303529613
2824.273124 561.999438 1303529615
2802.923506 560.888328 1303529617
2781.987641 559.777218 1303529619
2760.058769 559.443885 1303529621
2737.136892 558.666108 1303529623
2714.794269 557.554998 1303529625
2693.279150 556.666110 1303529627
2672.508785 555.332778 1303529629
2643.297873 554.555001 1303529632
2616.817727 554.443890 1303529635
2593.730349 554.443890 1303529638
2569.980968 553.999446 1303529642
2546.728089 552.555003 1303529648
2523.888963 554.999445 1303529661
2495.671057 554.666112 1303529665
2473.907686 553.666113 1303529667
2448.834297 553.110558 1303529669
2421.609397 552.999447 1303529671
2393.722493 552.666114 1303529673
2365.835588 551.888337 1303529675
2323.715605 552.221670 1303529678
2294.752945 550.999449 1303529680
2265.293782 550.110561 1303529682
2235.669118 550.221672 1303529684
2207.533963 549.999450 1303529686
2180.722814 549.443895 1303529688
2155.070172 548.666118 1303529690
2129.500281 548.666118 1303529692
2103.516637 548.443896 1303529694
2076.705489 547.555008 1303529696
2048.735834 546.443898 1303529698
2019.773174 545.555010 1303529700
1990.976014 545.110566 1303529702
1962.427107 544.999455 1303529704
1933.712698 544.888344 1303529706
1905.246540 544.999455 1303529708
1877.194135 544.999455 1303529710
1849.141730 544.221678 1303529712
1821.172075 543.555012 1303529714
1793.698923 543.666123 1303529716
1767.467028 543.888345 1303529718
1742.393639 543.888345 1303529720
1718.396007 544.221678 1303529722
1693.405368 543.888345 1303529724
1667.007972 543.999456 1303529726
1640.031323 544.443900 1303529728
1613.633927 544.888344 1303529730
1588.312287 545.110566 1303529732
1564.397405 545.666121 1303529734
1543.709790 546.332787 1303529736
1522.608423 547.777230 1303529739
1501.838058 558.999441 1303529744
1501.507057 585.554970 1303529748
1500.596802 616.666050 1303529751
1500.017548 641.777136 1303529753
1499.272794 668.110443 1303529755
1497.700536 694.777083 1303529757
1497.617785 721.221501 1303529759
1497.452284 745.332588 1303529761
1496.376528 772.999227 1303529764
1497.121282 794.110317 1303529776
1480.571191 808.888080 1303529782
1457.235562 810.665856 1303529786
1436.878949 816.221406 1303529789
1405.599276 817.999182 1303529792
1381.187891 817.221405 1303529794
1357.521260 816.443628 1303529796
1337.247398 815.888073 1303529798
1317.470039 818.999181 1303529804
1306.960730 837.776940 1303529814
1278.908325 847.443597 1303529817
1253.338434 848.332485 1303529819
1226.279034 845.776932 1303529821
1203.357157 844.443600 1303529823
1178.614770 844.110267 1303529826
1155.030890 837.999162 1303529832
1131.447009 834.332499 1303529835
1109.931890 831.888057 1303529837
1082.872491 827.999172 1303529839
1054.737335 825.332508 1303529841
1029.250194 823.332510 1303529843
1006.659319 821.443623 1303529845
981.420429 820.776957 1303529848
960.815565 815.110296 1303529870
941.700210 807.554748 1303529876
