2499.560328 1599.887289 1303702318
2506.428616 1620.887268 1303702341
2530.343498 1619.109492 1303702346
2554.589383 1618.887270 1303702349
2582.145285 1618.331715 1303702352
2610.197690 1617.998382 1303702355
2630.306051 1617.665049 1303702357
2650.993666 1617.220605 1303702359
2671.433029 1616.776161 1303702361
2701.223194 1616.665050 1303702364
2730.434105 1613.998386 1303702367
2751.452722 1613.776164 1303702369
2772.967841 1614.331719 1303702371
2794.069207 1613.998386 1303702373
2815.087824 1614.665052 1303702375
2835.609937 1614.109497 1303702377
2856.628553 1614.665052 1303702379
2876.819665 1615.665051 1303702381
2902.637808 1615.887273 1303702384
2922.084166 1610.442834 1303702388
2925.642435 1585.998414 1303702393
2928.373200 1565.887323 1303702407
2928.124949 1545.220677 1303702411
2926.883692 1523.220699 1303702414
2926.304439 1497.887391 1303702417
2925.973437 1472.776305 1303702420
2925.559685 1448.998551 1303702423
2925.145933 1426.554129 1303702426
2923.408173 1401.220821 1303702430
2916.622635 1381.887507 1303702443
2894.031760 1382.665284 1303702448
2868.875621 1384.220838 1303702452
2842.147223 1384.109727 1303702456
2822.121613 1382.220840 1303702459
2801.847750 1379.887509 1303702462
2780.829134 1378.887510 1303702465
2759.976019 1377.998622 1303702468
2739.702157 1377.665289 1303702471
2713.470261 1376.554179 1303702475
2688.065871 1376.109735 1303702479
2665.143994 1375.554180 1303702483
2640.649859 1374.776403 1303702488
2617.396980 1376.331957 1303702493
2591.578837 1376.109735 1303702498
2568.574210 1375.109736 1303702502
2548.796850 1370.887518 1303702506
2527.529983 1366.887522 1303702510
2507.338871 1358.998641 1303702517
2502.787596 1336.331997 1303702522
2502.953097 1314.332019 1303702525
2503.201348 1288.554267 1303702528
2503.035847 1262.220960 1303702531
2503.201348 1235.776542 1303702534
2503.697851 1209.887679 1303702537
2504.442605 1185.221037 1303702540
2504.690856 1164.109947 1303702543
2505.021858 1142.887746 1303702549
2504.690856 1118.443326 1303702553
2504.277104 1094.443350 1303702556
2504.359855 1067.554488 1303702559
2504.525356 1037.332296 1303702562
2505.021858 1014.554541 1303702564
2506.180365 991.110120 1303702566
2507.090620 968.554587 1303702568
2508.083625 946.776831 1303702570
2509.159381 925.221297 1303702572
2509.821385 903.110208 1303702574
2510.814390 882.776895 1303702576
2512.469400 856.999143 1303702579
2513.958908 834.332499 1303702583
2531.502005 822.221400 1303702595
2555.665138 818.888070 1303702602
2577.925012 819.999180 1303702606
2598.281624 819.110292 1303702617
2617.810732 811.776966 1303702622
2638.498347 811.221411 1303702625
2662.247728 810.554745 1303702628
2685.583357 811.776966 1303702631
2708.505234 812.443632 1303702636
2729.606601 815.221407 1303702642
2750.707967 817.221405 1303702645
2774.209098 817.443627 1303702648
2797.461976 812.776965 1303702651
2820.797605 812.443632 1303702654
2844.133234 811.776966 1303702657
2871.027133 812.110299 1303702660
2898.417535 809.443635 1303702663
2924.814931 806.665860 1303702666
2946.330050 802.443642 1303702669
2969.500178 800.332533 1303702681
2993.084058 802.443642 1303702685
3016.088686 803.999196 1303702688
3042.568832 804.443640 1303702691
3069.462731 805.554750 1303702694
3096.273879 806.554749 1303702697
3123.333279 807.665859 1303702700
3149.316923 809.332524 1303702703
3176.045321 811.110300 1303702706
3202.608218 812.888076 1303702709
3228.674612 814.332519 1303702712
3253.499749 817.110294 1303702715
3276.504376 818.443626 1303702718
3299.509004 818.888070 1303702722
