3312.914578 863.332470 1303704461
3328.885416 881.443563 1303704466
3327.561409 908.554647 1303704470
3326.402902 932.332401 1303704473
3325.161645 955.776822 1303704476
3324.334141 979.554576 1303704479
3323.423886 1003.443441 1303704482
3322.927383 1025.554530 1303704485
3324.251390 1046.665620 1303704488
3324.003139 1067.887821 1303704491
3322.679132 1091.443353 1303704495
3318.872611 1113.887775 1303704522
3318.458858 1137.665529 1303704526
3319.369113 1159.221063 1303704529
3319.700115 1183.221039 1303704532
3319.534614 1206.887682 1303704535
3318.707110 1230.998769 1303704538
3317.631354 1255.332078 1303704541
3317.134851 1279.220943 1303704544
3314.486836 1301.443143 1303704547
3312.004323 1321.998678 1303704550
3310.514814 1348.665318 1303704554
3312.583576 1369.665297 1303704559
3296.529987 1385.776392 1303704570
3270.877345 1386.554169 1303704574
3247.789967 1388.331945 1303704577
3226.440349 1390.998609 1303704580
3205.835485 1391.887497 1303704583
3185.727124 1391.665275 1303704586
3160.819236 1389.998610 1303704590
3134.090838 1388.220834 1303704594
3113.403224 1386.998613 1303704597
3093.129362 1386.887502 1303704600
3067.228469 1386.554169 1303704604
3041.162074 1385.109726 1303704608
3020.722711 1384.998615 1303704611
2998.793840 1384.998615 1303704614
2976.616717 1384.220838 1303704617
2954.853347 1384.331949 1303704620
2934.331233 1384.887504 1303704623
2913.809120 1384.331949 1303704626
2891.300995 1383.331950 1303704629
2867.965366 1383.109728 1303704632
2846.367497 1383.554172 1303704635
2824.686877 1384.443060 1303704638
2803.254508 1384.776393 1303704641
2776.939863 1383.109728 1303704645
2751.783723 1382.443062 1303704649
2727.537839 1383.776394 1303704653
2703.457456 1387.443057 1303704657
2677.391062 1385.776392 1303704661
2654.138183 1384.109727 1303704665
2633.698820 1382.554173 1303704669
2611.521697 1381.443063 1303704674
2591.165085 1381.998618 1303704679
2568.739711 1379.554176 1303704684
2549.541605 1373.443071 1303704688
2527.860985 1371.443073 1303704694
2507.835374 1362.665304 1303704703
2503.366849 1339.776438 1303704708
2504.111603 1318.554237 1303704712
2505.187359 1293.887595 1303704716
2503.946102 1269.776508 1303704720
2503.366849 1246.554309 1303704724
2504.359855 1221.554334 1303704728
2505.518361 1200.776577 1303704731
2506.263115 1180.109931 1303704734
2505.601112 1159.221063 1303704739
2507.587123 1134.665532 1303704746
2508.083625 1111.998888 1303704750
2508.911130 1090.554465 1303704753
2507.918124 1067.776710 1303704756
2507.587123 1044.110067 1303704759
2508.580128 1019.332314 1303704762
2509.242132 995.110116 1303704765
2510.483389 971.110140 1303704768
2512.055647 947.443497 1303704771
2512.965902 923.999076 1303704774
2513.048653 899.554656 1303704777
2513.793407 876.665790 1303704780
2515.117414 851.221371 1303704784
2530.840001 832.443612 1303704791
2553.265375 833.665833 1303704796
2575.939001 834.888054 1303704800
2601.177890 836.332497 1303704804
2621.451752 836.776941 1303704807
2646.028638 839.221383 1303704811
2666.137000 840.999159 1303704814
2689.969131 840.221382 1303704818
2710.656746 840.999159 1303704824
2735.068131 843.776934 1303704829
2762.044780 846.110265 1303704833
2786.869918 845.110266 1303704836
2810.950301 844.332489 1303704839
2831.886167 844.443600 1303704842
2851.994528 844.221378 1303704845
2880.874438 848.221374 1303704849
2904.623819 848.776929 1303704852
2926.883692 848.554707 1303704855
2947.157554 845.332488 1303704858
2967.596917 843.332490 1303704864
2974.382455 819.554736 1303704869
2971.237938 793.554762 1303704873
2971.403438 770.888118 1303704876
2970.575934 747.888141 1303704879
2971.072437 724.665942 1303704882
2972.644695 701.443743 1303704885
2975.044459 676.999323 1303704888
2977.692473 653.666013 1303704891
2980.092236 632.110479 1303704894
2981.085242 610.443834 1303704898
