3569.358246 2076.886812 1303854025
3570.268501 2049.664617 1303854029
3569.689248 2028.775749 1303854031
3569.027245 2006.220216 1303854033
3568.861744 1984.220238 1303854035
3568.944494 1955.331378 1303854038
3569.192746 1928.220294 1303854041
3569.109995 1907.553648 1303854043
3568.778993 1885.220337 1303854045
3568.861744 1862.442582 1303854047
3568.116990 1838.775939 1303854049
3568.116990 1814.331519 1303854051
3568.944494 1790.442654 1303854053
3570.268501 1766.220456 1303854055
3570.765004 1741.664925 1303854057
3571.592509 1720.109391 1303854059
3572.337263 1691.887197 1303854062
3573.578520 1663.665003 1303854065
3574.406024 1642.665024 1303854067
3574.571525 1619.220603 1303854069
3575.068028 1590.998409 1303854071
3575.481780 1561.220661 1303854073
3575.399030 1529.998470 1303854075
3576.226534 1497.998502 1303854077
3576.557536 1467.776310 1303854079
3577.219540 1439.776338 1303854081
3577.219540 1418.554137 1303854083
3577.633292 1398.331935 1303854087
3555.704421 1389.331944 1303854093
3528.976023 1387.220835 1303854096
3505.971396 1385.443059 1303854098
3478.580994 1383.331950 1303854100
3449.535584 1381.554174 1303854102
3421.483178 1380.998619 1303854104
3394.175527 1381.220841 1303854106
3366.702375 1380.554175 1303854108
3340.387730 1380.554175 1303854110
3315.148840 1381.109730 1303854112
3291.316708 1382.554173 1303854114
3268.725833 1384.998615 1303854116
3246.962463 1387.331946 1303854118
3218.413555 1388.776389 1303854121
3192.264410 1387.998612 1303854124
3171.742297 1386.665280 1303854127
3149.896176 1382.665284 1303854135
3129.291312 1380.443064 1303854139
3108.686448 1380.443064 1303854144
3084.523314 1378.998621 1303854149
3061.353186 1378.443066 1303854152
3040.996573 1377.776400 1303854155
3016.336937 1377.776400 1303854159
2996.228576 1378.776399 1303854163
2975.871963 1380.220842 1303854184
2954.025842 1378.998621 1303854191
2933.338228 1378.887510 1303854195
2912.733364 1376.331957 1303854198
2885.094711 1374.443070 1303854201
2864.324346 1373.776404 1303854203
2834.699682 1372.554183 1303854206
2811.446804 1371.109740 1303854209
2790.345437 1378.331955 1303854225
2762.375782 1376.776401 1303854229
2741.357166 1376.220846 1303854231
2718.435289 1375.665291 1303854233
2694.603157 1374.220848 1303854235
2670.440023 1373.665293 1303854237
2646.525141 1373.220849 1303854239
2623.603264 1372.998627 1303854241
2602.088145 1372.998627 1303854243
2582.062535 1372.998627 1303854245
2558.147652 1372.887516 1303854248
2537.625539 1374.331959 1303854277
2515.448416 1374.665292 1303854281
2488.471767 1373.665293 1303854284
2466.791147 1372.776405 1303854286
2444.283022 1372.331961 1303854288
2421.526646 1371.776406 1303854290
2397.860015 1371.109740 1303854292
2373.200379 1370.554185 1303854294
2347.878739 1370.443074 1303854296
2322.308848 1369.776408 1303854298
2296.325204 1369.443075 1303854300
2269.762307 1368.665298 1303854302
2242.371905 1367.887521 1303854304
2213.822997 1367.220855 1303854306
2184.446585 1366.887522 1303854308
2155.401174 1365.998634 1303854310
2127.679771 1364.665302 1303854312
2101.282375 1363.776414 1303854314
2077.201992 1363.443081 1303854316
2053.949113 1362.887526 1303854318
2029.123976 1362.109749 1303854320
2002.726580 1361.331972 1303854322
1975.584429 1360.331973 1303854324
1948.359529 1360.331973 1303854326
1921.465630 1360.443084 1303854328
1895.647487 1361.220861 1303854330
1871.070601 1361.887527 1303854332
1847.238469 1362.665304 1303854334
1823.737339 1363.665303 1303854336
1801.394716 1364.331969 1303854338
1780.458850 1364.220858 1303854340
1751.744441 1363.443081 1303854343
1730.394823 1362.998637 1303854346
1709.458957 1367.776410 1303854359
1688.192089 1365.887523 1303854364
1677.103528 1347.554208 1303854368
1654.595404 1334.109777 1303854371
1635.066296 1327.887561 1303854373
1613.964929 1326.776451 1303854375
1592.284309 1330.776447 1303854377
1565.390410 1339.331994 1303854380
1550.578078 1357.443087 1303854386
1543.047786 1378.998621 1303854392
1535.103743 1399.887489 1303854400
1525.421939 1419.443025 1303854409
1534.358988 1437.998562 1303854430
1543.130537 1419.554136 1303854438
1537.834508 1398.887490 1303854441
1530.221466 1373.331960 1303854444
1524.015181 1353.443091 1303854447
1515.243633 1333.665333 1303854451
1515.409134 1274.998725 1303854459
1516.153888 1254.887634 1303854461
1510.609607 1225.887663 1303854464
1506.554835 1201.332132 1303854467
1498.031537 1175.776602 1303854470
1496.624780 1153.332180 1303854475
1487.770481 1133.443311 1303854479
1488.184233 1111.887777 1303854481
1488.846237 1088.221134 1303854483
1491.990754 1060.998939 1303854485
1495.383523 1032.554523 1303854487
1498.941792 1004.887884 1303854489
1501.838058 978.665688 1303854491
1504.237822 953.776824 1303854493
1505.975581 929.443515 1303854495
1508.375345 905.776872 1303854497
1510.857858 884.888004 1303854499
1512.595618 863.443581 1303854502
1509.202849 843.332490 1303854510
1491.990754 828.776949 1303854518
1466.751864 827.999172 1303854522
1445.071244 828.443616 1303854525
1420.659859 830.776947 1303854529
1400.054995 828.332505 1303854539
