3320.941372 598.666068 1303762841
3310.597565 581.110530 1303762852
3281.883156 580.888308 1303762856
3260.947290 580.999419 1303762858
3236.866907 581.221641 1303762860
3212.621023 580.999419 1303762862
3189.864647 580.110531 1303762864
3163.467251 579.221643 1303762867
3139.635119 579.666087 1303762873
3119.361257 580.332753 1303762876
3088.164334 580.110531 1303762879
3062.015190 579.554976 1303762881
3032.721528 578.888310 1303762883
3000.779851 577.666089 1303762885
2969.913930 576.666090 1303762887
2940.620268 575.999424 1303762889
2912.733364 575.443869 1303762891
2886.832471 574.777203 1303762893
2863.662342 573.888315 1303762895
2837.264946 571.888317 1303762898
2814.012068 570.332763 1303762927
2793.986457 573.554982 1303762930
2762.458533 573.666093 1303762933
2736.143887 573.332760 1303762935
2707.512229 572.110539 1303762937
2678.880570 571.332762 1303762939
2649.338657 570.888318 1303762941
2620.624248 569.999430 1303762943
2594.640604 567.332766 1303762945
2569.898217 566.332767 1303762948
2549.376104 564.221658 1303762972
2521.240948 564.332769 1303762976
2495.422805 564.221658 1303762979
2473.411183 563.777214 1303762982
2450.654808 561.110550 1303762986
2428.394934 560.110551 1303762989
2408.369324 560.554995 1303762991
2384.454441 560.443884 1303762993
2357.229541 560.443884 1303762995
2326.860123 560.999439 1303762997
2294.670195 560.999439 1303762999
2263.638773 560.554995 1303763001
2234.593362 559.554996 1303763003
2209.106221 557.999442 1303763005
2188.418607 556.999443 1303763007
2165.496730 555.555000 1303763010
2142.823105 554.332779 1303763035
2117.501464 557.888331 1303763039
2085.973540 559.443885 1303763042
2044.432810 557.777220 1303763045
2014.063392 556.554999 1303763047
1983.528473 555.332778 1303763049
1953.572808 554.110557 1303763051
1923.286140 553.221669 1303763053
1893.909728 552.555003 1303763055
1865.195319 551.888337 1303763057
1836.811912 551.110560 1303763059
1810.166264 550.666116 1303763061
1786.830635 550.221672 1303763063
1763.246755 549.221673 1303763066
1740.986882 548.666118 1303763081
1714.754986 549.110562 1303763084
1693.488119 549.443895 1303763086
1671.724748 548.999451 1303763088
1649.299374 548.221674 1303763090
1626.129246 548.221674 1303763092
1602.710867 548.555007 1303763094
1580.699245 549.221673 1303763096
1559.846129 549.777228 1303763098
1532.786730 550.443894 1303763101
1512.264616 553.110558 1303763105
1506.306583 572.777205 1303763111
1507.216838 596.443848 1303763115
1505.148077 627.666039 1303763118
1504.403323 652.443792 1303763120
1503.741319 677.777100 1303763122
1503.162066 703.443741 1303763124
1502.665563 728.443716 1303763126
1501.920809 750.888138 1303763128
1501.507057 777.999222 1303763131
1499.934798 798.443646 1303763138
1481.481446 808.888080 1303763142
1458.476819 809.776968 1303763145
1437.458202 810.110301 1303763147
1413.295069 810.888078 1303763149
1390.124940 811.888077 1303763151
1369.437326 811.110300 1303763153
1347.839457 807.221415 1303763156
1330.130859 816.999183 1303763166
1319.952552 838.776939 1303763187
1330.792862 859.776918 1303763190
1343.453682 882.665784 1303763193
1344.281187 903.999096 1303763196
1319.621550 911.887977 1303763199
1296.534173 908.999091 1303763202
1275.101804 897.554658 1303763206
1256.896703 889.221333 1303763211
1237.615847 882.332451 1303763215
1218.334990 871.332462 1303763221
1199.467886 863.999136 1303763225
1182.752293 876.332457 1303763230
1175.139251 898.665768 1303763233
1166.864205 927.110184 1303763236
1156.437648 951.887937 1303763239
1149.569360 976.776801 1303763242
1143.280325 1002.887886 1303763245
1138.894551 1028.221194 1303763248
1124.744222 1044.221178 1303763252
1134.095024 1062.110049 1303763268
1154.948139 1062.443382 1303763291
1179.194024 1064.776713 1303763295
1202.529653 1067.887821 1303763299
1223.796520 1072.110039 1303763302
1248.869909 1071.776706 1303763305
1272.288289 1070.887818 1303763309
