1133.433020 1082.332251 1303769291
1155.196391 1091.554464 1303769302
1179.773277 1095.221127 1303769305
1206.667176 1096.443348 1303769308
1231.492313 1096.776681 1303769311
1255.903698 1095.332238 1303769315
1272.784791 1081.110030 1303769321
1293.306905 1077.776700 1303769324
1321.855813 1078.110033 1303769327
1348.253209 1079.221143 1303769330
1371.837089 1079.443365 1303769333
1392.028201 1079.110032 1303769336
1416.605087 1075.443369 1303769350
1440.188967 1084.332249 1303769354
1460.297329 1088.665578 1303769358
1479.329934 1075.887813 1303769365
1485.287967 1047.110064 1303769369
1487.439479 1025.887863 1303769371
1489.673741 1001.998998 1303769373
1491.246000 976.443468 1303769375
1492.073504 951.887937 1303769377
1491.990754 929.332404 1303769379
1492.073504 909.221313 1303769381
1492.239005 881.665785 1303769384
1493.232011 860.554695 1303769387
1498.114288 839.999160 1303769405
1500.183049 819.665847 1303769415
1500.927803 797.665869 1303769419
1501.507057 770.888118 1303769422
1501.672558 749.665917 1303769424
1501.838058 726.888162 1303769426
1502.003559 703.221519 1303769428
1501.838058 679.665987 1303769430
1501.920809 657.554898 1303769432
1502.500062 630.777147 1303769435
1502.500062 610.332723 1303769438
1502.748314 587.888301 1303769441
1503.410317 565.666101 1303769444
1519.877658 550.666116 1303769449
1546.440555 551.332782 1303769453
1567.376421 551.555004 1303769455
1591.705056 551.666115 1303769457
1615.454437 551.999448 1303769459
1642.927589 552.666114 1303769462
1663.366952 551.888337 1303769468
1687.281834 550.666116 1303769483
1709.789959 550.221672 1303769486
1738.835370 549.888339 1303769489
1826.219853 551.555004 1303769496
1853.031001 552.332781 1303769498
1880.669654 552.888336 1303769500
1908.308307 553.332780 1303769502
1935.202206 554.221668 1303769504
1961.930604 554.777223 1303769506
1987.665996 555.443889 1303769508
2011.001625 555.999444 1303769510
2037.068019 556.110555 1303769513
2058.086636 555.555000 1303769517
2080.346509 556.332777 1303769539
2103.102885 558.110553 1303769543
2129.996784 559.221663 1303769546
2150.105145 559.221663 1303769548
2172.530519 559.221663 1303769550
2195.783398 558.999441 1303769552
2218.953526 558.888330 1303769554
2241.958153 558.777219 1303769556
2264.962780 559.221663 1303769558
2288.381160 559.332774 1303769560
2311.882290 559.666107 1303769562
2335.217919 560.110551 1303769564
2359.298302 560.554995 1303769566
2384.537192 560.999439 1303769568
2410.603586 561.554994 1303769570
2437.083732 561.999438 1303769572
2462.157121 562.332771 1303769574
2486.237504 562.443882 1303769576
2512.055647 562.777215 1303769578
2540.770056 564.332769 1303769580
2571.966979 565.888323 1303769582
2604.487909 567.221655 1303769584
2636.843338 567.777210 1303769586
2669.116016 568.332765 1303769588
2701.802447 569.443875 1303769590
2733.826874 570.443874 1303769592
2765.189298 571.443873 1303769594
2795.475965 572.332761 1303769596
2824.769627 572.888316 1303769598
2852.822032 573.110538 1303769600
2878.391924 573.554982 1303769602
2900.072544 573.888315 1303769604
2922.001415 573.888315 1303769607
2943.847536 575.777202 1303769618
2969.913930 576.332757 1303769622
2989.939541 584.332749 1303769648
2991.677301 607.332726 1303769652
2991.760051 631.554924 1303769655
2991.180798 659.554896 1303769658
2990.353293 680.888208 1303769660
2989.277537 705.443739 1303769662
2988.781035 731.777046 1303769664
2988.532783 756.332577 1303769666
2988.532783 776.999223 1303769668
2988.201781 802.888086 1303769671
