3315.479842 655.777122 1303769961
3317.383102 629.332704 1303769966
3317.631354 607.554948 1303769969
3302.653521 590.443854 1303769974
3281.552154 587.666079 1303769978
3260.037035 586.666080 1303769981
3235.956652 585.999414 1303769984
3211.462516 585.110526 1303769987
3186.554629 584.221638 1303769990
3152.213189 583.666083 1303769994
3124.243534 583.332750 1303769997
3095.363624 583.999416 1303770000
3066.235463 583.888305 1303770003
3037.686555 583.554972 1303770006
3015.674933 583.554972 1303770009
2991.760051 581.888307 1303770023
2967.762418 580.221642 1303770026
2937.310250 579.332754 1303770029
2914.140122 578.777199 1303770031
2889.728737 577.999422 1303770033
2864.738098 577.221645 1303770035
2840.078462 576.666090 1303770037
2815.998079 575.999424 1303770039
2791.917695 574.888314 1303770041
2767.175309 573.666093 1303770043
2742.184670 573.110538 1303770045
2716.614779 573.332760 1303770047
2691.375889 573.443871 1303770049
2666.468001 572.999427 1303770051
2641.891115 572.443872 1303770053
2618.058984 571.999428 1303770055
2596.709366 571.443873 1303770057
2574.863245 570.888318 1303770061
2549.127852 570.110541 1303770088
2521.737451 569.666097 1303770091
2501.380838 568.999431 1303770093
2478.789963 568.443876 1303770095
2455.785336 567.777210 1303770097
2432.863459 567.332766 1303770099
2409.445080 566.666100 1303770101
2385.530197 565.888323 1303770103
2361.118812 565.554990 1303770105
2336.955679 565.110546 1303770107
2313.537299 564.221658 1303770109
2291.111925 563.777214 1303770111
2269.348555 563.443881 1303770113
2248.578190 562.999437 1303770115
2220.443034 561.999438 1303770118
2199.755420 561.443883 1303770121
2176.088789 561.666105 1303770142
2154.821921 561.443883 1303770145
2124.204252 560.777217 1303770148
2101.613377 560.221662 1303770150
2077.946746 559.777218 1303770152
2053.038858 559.666107 1303770154
2028.048220 559.332774 1303770156
2003.305833 558.999441 1303770158
1978.315194 558.666108 1303770160
1953.572808 557.888331 1303770162
1928.664920 557.332776 1303770164
1903.674282 556.777221 1303770166
1878.435392 556.332777 1303770168
1853.279253 555.777222 1303770170
1829.116119 555.332778 1303770172
1806.525244 554.888334 1303770174
1778.307338 554.666112 1303770177
1757.867975 554.666112 1303770182
1735.194349 554.555001 1303770195
1704.659431 554.332779 1303770198
1680.082545 554.332779 1303770200
1653.602398 554.110557 1303770202
1626.294747 553.999446 1303770204
1599.069846 554.332779 1303770206
1572.341449 554.999445 1303770208
1547.102559 555.555000 1303770210
1527.076948 555.777222 1303770212
1507.878842 564.221658 1303770216
1505.810080 586.666080 1303770220
1505.644580 610.666056 1303770223
1505.313578 630.999369 1303770225
1504.982576 653.999346 1303770227
1504.817075 678.332655 1303770229
1504.817075 702.665964 1303770231
1504.899825 726.777051 1303770233
1504.817075 749.554806 1303770235
1504.734325 770.888118 1303770237
1505.065326 795.665871 1303770240
1495.962776 813.888075 1303770247
1470.475635 815.332518 1303770251
1445.981499 816.999183 1303770254
1415.612081 813.443631 1303770257
1395.089968 811.443633 1303770259
1365.796306 810.110301 1303770262
1339.481660 809.999190 1303770265
1319.207798 809.332524 1303770268
1296.534173 809.221413 1303770275
1272.950292 812.554743 1303770279
1248.042404 810.221412 1303770281
1223.051766 808.999191 1303770283
1198.143878 807.999192 1303770285
1172.987739 808.110303 1303770287
1152.134624 808.776969 1303770289
1131.198758 808.332525 1303770293
1112.331654 820.554735 1303770300
1108.773384 842.221380 1303770303
1107.449377 862.554693 1303770305
1107.532127 885.776892 1303770307
1107.780378 908.776869 1303770309
1108.525133 931.110180 1303770311
1108.938885 952.554603 1303770313
1109.518138 972.776805 1303770315
1109.849140 997.110114 1303770318
1110.262892 1017.110094 1303770321
1110.345643 1042.110069 1303770325
1112.497155 1061.998938 1303770338
1133.102019 1068.332265 1303770343
1152.713877 1076.110035 1303770361
1176.380508 1077.443367 1303770366
1197.233623 1078.443366 1303770369
1221.148506 1079.221143 1303770372
1246.387395 1079.554476 1303770375
1272.205538 1079.887809 1303770378
1298.768435 1080.776697 1303770381
1324.834829 1079.443365 1303770384
1351.645978 1079.332254 1303770387
1376.719366 1078.776699 1303770390
1398.896489 1077.554478 1303770393
1419.253102 1075.776702 1303770398
1443.498986 1075.221147 1303770421
1465.179606 1077.887811 1303770425
1487.191227 1077.887811 1303770430
1497.700536 1056.665610 1303770436
1500.762303 1032.998967 1303770439
1501.341556 1002.887886 1303770442
1501.589807 980.332353 1303770444
1501.589807 956.776821 1303770446
1501.920809 933.110178 1303770448
1501.838058 909.554646 1303770450
1501.672558 887.332446 1303770452
1501.424306 859.110252 1303770455
1502.003559 838.888050 1303770458
1502.417312 818.554737 1303770464
1502.665563 797.554758 1303770468
1503.079315 770.443674 1303770471
1503.493068 749.554806 1303770473
1503.824069 727.221495 1303770475
1504.155071 704.443740 1303770477
1504.486073 681.110430 1303770479
1504.734325 657.888231 1303770481
1505.065326 635.666031 1303770483
1505.561829 615.110496 1303770485
1506.141082 591.888297 1303770488
