3317.962356 656.888232 1303772386
3316.224596 633.554922 1303772413
3315.645343 610.221612 1303772418
3304.556782 590.221632 1303772436
3278.655888 587.221635 1303772440
3253.499749 586.666080 1303772443
3224.206087 585.554970 1303772446
3203.932225 585.221637 1303772448
3178.776086 584.110527 1303772451
3157.426468 582.999417 1303772456
3136.656103 581.666085 1303772474
3113.072222 580.554975 1303772478
3090.895099 580.332753 1303772481
3067.807722 579.332754 1303772484
3045.134096 578.554977 1303772488
3024.115480 578.443866 1303772506
3002.352110 578.777199 1303772513
2978.271726 579.554976 1303772538
2954.191343 578.554977 1303772542
2929.531707 578.221644 1303772545
2901.810303 576.777201 1303772548
2873.013144 575.888313 1303772551
2842.643726 575.332758 1303772554
2820.797605 574.666092 1303772556
2797.875728 573.554982 1303772558
2773.960846 572.777205 1303772560
2748.721957 571.999428 1303772562
2722.490061 571.110540 1303772564
2694.768658 570.554985 1303772566
2665.888748 569.999430 1303772568
2637.174339 568.332765 1303772570
2610.942444 567.777210 1303772572
2588.517070 567.221655 1303772574
2563.029929 566.110545 1303772577
2541.183808 566.888322 1303772603
2518.592933 566.443878 1303772607
2494.843552 566.221656 1303772610
2466.377395 565.777212 1303772613
2445.441529 565.888323 1303772615
2422.850654 565.777212 1303772617
2398.770271 565.443879 1303772619
2373.365880 565.110546 1303772621
2346.968484 564.666102 1303772623
2319.578082 564.221658 1303772625
2291.856679 563.666103 1303772627
2266.700540 563.666103 1303772629
2245.516423 563.443881 1303772631
2218.208772 562.888326 1303772634
2193.549135 562.666104 1303772637
2171.372012 561.888327 1303772640
2147.457130 561.110550 1303772643
2121.887239 560.999439 1303772646
2095.820845 560.666106 1303772649
2068.347693 559.777218 1303772652
2039.302282 559.221663 1303772655
2019.028420 559.332774 1303772657
1998.340805 559.221663 1303772659
1977.239439 558.443886 1303772661
1955.227817 557.888331 1303772663
1932.388690 557.110554 1303772665
1909.135812 555.999444 1303772667
1885.551931 554.999445 1303772669
1861.637049 554.221668 1303772671
1837.473915 553.666113 1303772673
1813.559033 553.110558 1303772675
1790.802657 552.555003 1303772677
1770.528795 551.999448 1303772679
1742.724641 551.221671 1303772682
1714.258484 550.666116 1303772685
1684.468319 550.888338 1303772688
1663.284202 550.888338 1303772690
1641.024328 550.999449 1303772692
1617.605949 550.888338 1303772694
1593.029063 551.110560 1303772696
1567.624672 551.999448 1303772698
1542.468533 552.443892 1303772700
1521.036165 552.443892 1303772702
1500.845053 559.443885 1303772706
1499.190044 584.110527 1303772711
1498.859042 607.666059 1303772714
1499.686547 635.777142 1303772717
1499.769297 656.332677 1303772719
1499.934798 678.332655 1303772721
1499.934798 700.443744 1303772723
1500.017548 722.999277 1303772725
1500.017548 745.999254 1303772727
1500.348550 767.888121 1303772729
1501.010554 791.776986 1303772732
1488.515235 809.776968 1303772742
1467.082866 814.332519 1303772747
1440.933722 822.110289 1303772754
1410.978056 820.554735 1303772757
1382.511898 819.999180 1303772760
1360.500277 822.665844 1303772763
1340.060913 825.110286 1303772767
1319.704301 823.665843 1303772775
1300.423444 832.554723 1303772786
1272.702041 837.443607 1303772790
1247.711403 841.332492 1303772793
1221.314007 841.110270 1303772796
1199.881638 837.665829 1303772799
1173.153240 836.888052 1303772803
1150.148613 827.888061 1303772823
1128.302492 824.221398 1303772827
1104.801362 820.665846 1303772830
1078.734968 816.999183 1303772833
1051.758319 813.110298 1303772836
1021.968154 809.999190 1303772839
1001.197789 808.443636 1303772841
980.344673 806.999193 1303772843
953.285274 807.332526 1303772846
933.011412 807.776970 1303772850
