925.563870 804.332529 1303776353
903.469498 803.110308 1303776359
872.520827 800.554755 1303776362
846.950936 799.332534 1303776364
819.477784 798.221424 1303776366
791.259877 797.332536 1303776368
762.959221 796.332537 1303776370
734.410313 795.332538 1303776372
706.109656 794.332539 1303776374
678.388253 793.332540 1303776376
650.749600 792.888096 1303776378
624.269454 792.443652 1303776380
600.354571 791.999208 1303776382
573.460673 791.776986 1303776385
552.855809 790.110321 1303776414
529.271928 789.888099 1303776419
505.770798 789.221433 1303776422
478.214896 787.888101 1303776425
456.534276 787.110324 1303776427
432.040140 786.110325 1303776429
406.139247 785.665881 1303776431
380.652106 785.665881 1303776433
356.406222 785.776992 1303776435
333.649846 785.888103 1303776437
308.245455 786.888102 1303776440
287.723342 785.888103 1303776454
262.732703 785.665881 1303776458
242.707093 785.110326 1303776460
222.019478 784.888104 1303776462
200.835361 783.554772 1303776465
178.492737 783.554772 1303776470
151.019585 783.665883 1303776473
129.752718 783.221439 1303776475
105.672335 782.776995 1303776478
88.625740 794.999205 1303776484
89.204994 818.665848 1303776510
88.211988 842.110269 1303776513
87.136232 862.776915 1303776515
86.060476 886.665780 1303776517
85.315722 910.554645 1303776519
85.067471 933.776844 1303776521
84.984720 955.665711 1303776523
84.984720 982.999017 1303776526
83.826214 1004.776773 1303776530
80.598946 1031.998968 1303776534
79.357689 1052.776725 1303776536
78.695685 1076.998923 1303776538
78.447434 1104.998895 1303776540
78.281933 1134.776643 1303776542
77.868181 1164.554391 1303776544
77.950931 1193.776584 1303776546
78.033682 1222.332111 1303776548
78.033682 1249.332084 1303776550
77.702680 1274.109837 1303776552
77.371678 1294.220928 1303776554
80.598946 1316.554239 1303776558
100.293555 1323.220899 1303776562
124.208437 1324.332009 1303776565
152.922846 1325.443119 1303776568
173.444960 1326.443118 1303776570
194.629077 1326.443118 1303776572
215.233941 1326.665340 1303776574
242.624342 1327.665339 1303776577
262.732703 1328.443116 1303776580
283.834070 1328.887560 1303776583
309.321211 1329.332004 1303776586
339.028626 1330.443114 1303776589
361.454000 1331.220891 1303776591
384.789629 1331.776446 1303776593
408.125258 1331.887557 1303776595
430.136880 1332.220890 1303776597
453.720760 1332.109779 1303776600
477.304641 1332.998667 1303776606
497.413002 1334.887554 1303776609
517.521363 1336.220886 1303776611
541.767247 1337.776440 1303776613
568.330144 1338.331995 1303776615
595.968797 1338.443106 1303776617
622.862696 1338.443106 1303776619
648.846340 1339.220883 1303776621
675.905739 1339.776438 1303776623
703.047889 1340.220882 1303776625
730.438291 1340.665326 1303776627
758.076944 1340.998659 1303776629
785.467345 1341.554214 1303776631
811.864741 1342.220880 1303776633
834.952119 1341.554214 1303776635
858.122247 1339.554216 1303776638
876.823851 1328.887560 1303776653
880.961374 1305.887583 1303776656
882.699133 1278.443166 1303776659
883.940390 1255.998744 1303776662
887.002157 1236.109875 1303776676
888.326164 1213.776564 1303776681
889.319170 1192.332141 1303776684
890.063924 1164.221058 1303776687
891.305181 1142.776635 1303776689
893.208441 1120.665546 1303776691
895.111702 1099.221123 1303776693
895.525454 1079.110032 1303776695
903.303997 1057.443387 1303776699
925.812122 1054.887834 1303776703
948.568498 1054.443390 1303776706
970.911121 1054.221168 1303776709
992.260739 1055.887833 1303776723
1006.907570 1071.887817 1303776730
1028.836442 1076.332257 1303776734
1053.496078 1076.221146 1303776738
1078.652217 1073.554482 1303776743
1101.243092 1071.887817 1303776747
1123.089213 1068.776709 1303776755
1143.859578 1068.665598 1303776766
1166.864205 1069.332264 1303776769
1195.992366 1069.554486 1303776772
1216.100728 1069.332264 1303776774
1243.160127 1069.443375 1303776777
1265.668252 1070.443374 1303776780
1287.431622 1068.776709 1303776793
1313.663517 1068.554487 1303776797
1340.805668 1069.221153 1303776800
1370.182080 1067.665599 1303776803
1395.172718 1067.443377 1303776806
1417.680843 1068.110043 1303776809
1437.623703 1076.665590 1303776817
1457.814815 1076.221146 1303776822
1475.192411 1065.110046 1303776828
1478.667930 1040.665626 1303776832
1481.481446 1014.332319 1303776835
1485.287967 984.665682 1303776838
1488.018732 964.332369 1303776840
1490.666747 944.332389 1303776842
1493.232011 915.221307 1303776845
1494.390517 888.110223 1303776848
1496.376528 861.999138 1303776851
1497.617785 838.332495 1303776854
1499.438295 817.443627 1303776859
1500.927803 794.665872 1303776864
1502.913814 767.443677 1303776867
1503.410317 746.888142 1303776869
1503.493068 725.999274 1303776871
1504.237822 705.221517 1303776873
1505.230827 684.221538 1303776875
1505.975581 663.554892 1303776877
1506.389334 642.999357 1303776879
1506.968587 622.332711 1303776881
1508.292594 594.666072 1303776884
1507.878842 574.554981 1303776890
