1287.845375 1065.554490 1302486215
1308.036486 1068.998931 1302486221
1337.578400 1068.998931 1302486224
1360.417526 1069.776708 1302486226
1383.256652 1069.665597 1302486228
1405.599276 1068.887820 1302486230
1427.693648 1068.998931 1302486232
1449.622520 1068.887820 1302486234
1470.144633 1068.332265 1302486236
1493.480262 1067.332266 1302486239
1506.306583 1046.110065 1302486246
1504.651574 1020.665646 1302486249
1505.479079 997.443447 1302486251
1507.630591 971.110140 1302486253
1509.202849 943.443501 1302486255
1510.030354 915.665751 1302486257
1510.444106 888.999111 1302486259
1510.857858 863.776914 1302486261
1511.354361 842.443602 1302486263
1511.519862 820.776957 1302486266
1521.615418 801.332532 1302486273
1544.785546 804.443640 1302486276
1575.154964 807.221415 1302486279
1597.166586 808.443636 1302486281
1619.178208 809.332524 1302486283
1640.445075 810.110301 1302486285
1666.263218 808.554747 1302486288
1690.591853 807.888081 1302486301
1714.092983 810.999189 1302486304
1734.946098 813.332520 1302486306
1759.026481 814.665852 1302486308
1785.506628 815.110296 1302486310
1811.821273 814.888074 1302486312
1836.894662 815.221407 1302486314
1860.147541 815.221407 1302486316
1887.455192 814.332519 1302486319
1909.632314 818.443626 1302486327
1930.568180 826.888062 1302486331
1953.076305 836.221386 1302486334
1976.080932 844.554711 1302486337
1996.851297 846.665820 1302486339
2017.952664 845.221377 1302486341
2042.943302 841.332492 1302486344
2063.465416 837.221385 1302486351
2088.042301 837.665829 1302486357
2110.633176 840.999159 1302486360
2137.278824 843.776934 1302486363
2160.366202 843.332490 1302486365
2186.101594 841.999158 1302486367
2210.761230 841.665825 1302486369
2236.248371 841.776936 1302486371
2263.307771 840.999159 1302486373
2290.698173 839.443605 1302486375
2316.930068 837.999162 1302486377
2342.417209 836.110275 1302486379
2366.994095 834.999165 1302486381
2390.908977 834.554721 1302486383
2414.161856 834.110277 1302486385
2437.166483 833.999166 1302486387
2459.674607 834.110277 1302486389
2479.865719 834.554721 1302486391
2500.718835 834.888054 1302486394
2520.661695 839.776938 1302486411
2518.675684 862.888026 1302486435
2516.358671 890.776887 1302486438
2515.531166 914.554641 1302486440
2516.027669 939.999060 1302486442
2515.862168 966.443478 1302486444
2515.448416 993.443451 1302486446
2515.448416 1021.110090 1302486448
2514.455410 1047.665619 1302486450
2513.627906 1073.665593 1302486452
2513.296904 1096.110015 1302486454
2514.041658 1121.332212 1302486457
2514.372660 1143.998856 1302486462
2514.951913 1168.665498 1302486465
2515.200165 1191.887697 1302486467
2516.027669 1215.887673 1302486469
2517.103425 1239.887649 1302486471
2516.855174 1263.332070 1302486473
2515.779418 1285.998714 1302486475
2515.365666 1307.332026 1302486477
2514.951913 1331.443113 1302486480
2516.110420 1353.331980 1302486485
2540.190803 1365.665301 1302486490
2568.077707 1368.776409 1302486493
2591.992589 1369.665297 1302486495
2617.396980 1369.998630 1302486497
2643.049622 1369.887519 1302486499
2669.447018 1370.443074 1302486501
2696.092665 1370.665296 1302486503
2722.572812 1371.109740 1302486505
2749.549461 1371.554184 1302486507
2776.691611 1371.776406 1302486509
2803.585510 1371.776406 1302486511
2829.238152 1371.443073 1302486513
2853.401286 1371.331962 1302486515
2876.902416 1371.220851 1302486517
2899.989793 1371.776406 1302486519
2922.084166 1372.443072 1302486521
2944.426789 1373.887515 1302486523
2968.093420 1375.220847 1302486525
2992.753057 1376.331957 1302486527
3018.157447 1377.443067 1302486529
3043.810089 1378.665288 1302486531
3069.297230 1379.331954 1302486533
3094.618870 1379.665287 1302486535
3120.023261 1379.998620 1302486537
3144.931148 1380.776397 1302486539
3169.590785 1381.887507 1302486541
3194.664174 1383.331950 1302486543
3218.661806 1383.331950 1302486545
3241.500933 1381.331952 1302486547
3262.767800 1378.554177 1302486549
3286.930934 1375.665291 1302486552
3305.467037 1360.776417 1302486559
3306.625543 1337.776440 1302486562
3307.287547 1317.776460 1302486564
3307.949550 1293.776484 1302486566
3308.694304 1266.887622 1302486568
3308.446053 1238.998761 1302486570
3308.197802 1211.665455 1302486572
3308.694304 1186.221036 1302486574
3309.356308 1163.887725 1302486576
3312.583576 1140.776637 1302486579
