3319.286363 597.332736 1302649126
3299.178002 583.221639 1302649137
3275.428620 582.443862 1302649140
3254.906507 581.999418 1302649142
3232.563883 582.110529 1302649144
3210.635012 581.999418 1302649146
3190.030148 582.221640 1302649148
3164.212005 581.888307 1302649151
3142.200383 581.777196 1302649155
3121.264517 581.221641 1302649172
3100.659654 580.554975 1302649175
3073.765755 580.221642 1302649178
3046.871856 579.554976 1302649181
3025.439487 578.999421 1302649184
3004.669122 578.777199 1302649190
2979.347482 578.110533 1302649212
2956.094604 577.777200 1302649215
2927.380195 577.666089 1302649218
2906.196078 577.332756 1302649220
2883.687953 576.777201 1302649222
2860.435075 575.666091 1302649224
2837.264946 574.332759 1302649226
2814.508570 573.110538 1302649228
2791.752195 572.443872 1302649230
2768.664817 571.666095 1302649232
2743.839679 571.777206 1302649234
2717.111282 572.332761 1302649236
2688.645124 572.777205 1302649238
2660.344468 570.999429 1302649240
2630.140550 570.221652 1302649242
2599.191879 569.888319 1302649244
2568.491459 569.332764 1302649246
2537.708289 568.888320 1302649248
2508.000875 568.443876 1302649250
2478.624462 567.777210 1302649252
2448.586046 567.221655 1302649254
2417.802876 566.443878 1302649256
2386.771454 565.554990 1302649258
2355.491781 565.110546 1302649260
2323.881106 564.443880 1302649262
2292.022180 563.777214 1302649264
2259.832252 563.110548 1302649266
2227.890575 562.554993 1302649268
2196.776403 561.888327 1302649270
2137.030573 560.777217 1302649274
2107.323158 560.221662 1302649276
2077.119241 559.554996 1302649278
2046.418821 559.221663 1302649280
2015.304649 558.777219 1302649282
1983.859475 558.221664 1302649284
1952.910804 557.332776 1302649286
1922.789637 556.666110 1302649288
1892.999472 555.999444 1302649290
1863.126557 555.332778 1302649292
1833.832895 554.777223 1302649294
1805.366738 554.332779 1302649296
1778.224588 553.999446 1302649298
1751.827191 553.777224 1302649300
1726.174550 553.666113 1302649302
1701.680414 553.666113 1302649304
1678.013783 553.443891 1302649306
1654.926405 553.888335 1302649308
1631.921778 554.221668 1302649310
1608.751650 554.666112 1302649312
1585.002269 555.221667 1302649314
1561.252887 555.666111 1302649316
1540.234271 555.332778 1302649318
1519.298405 555.999444 1302649321
1509.782102 576.999423 1302649326
1509.451101 598.443846 1302649329
1508.706346 628.221594 1302649332
1508.044343 650.332683 1302649334
1507.547840 672.777105 1302649336
1506.968587 695.332638 1302649338
1506.637585 717.777060 1302649340
1505.892831 738.999261 1302649342
1505.479079 767.443677 1302649345
1505.975581 789.999210 1302649348
1498.114288 810.999189 1302649354
1474.944160 813.776964 1302649358
1452.022283 811.110300 1302649361
1423.969878 809.999190 1302649364
1395.172718 809.554746 1302649367
1367.534065 809.776968 1302649370
1343.701934 809.332524 1302649373
1319.952552 809.110302 1302649377
1298.851186 808.110303 1302649387
1275.929309 802.110309 1302649390
1244.318634 800.554755 1302649393
1219.410746 801.776976 1302649395
1196.075117 801.665865 1302649397
1174.891000 801.332532 1302649399
1149.321108 800.776977 1302649402
1128.964496 800.665866 1302649406
1104.553111 801.554754 1302649412
1078.403966 801.776976 1302649415
1057.219849 801.888087 1302649417
1035.208227 801.776976 1302649419
1013.858609 801.776976 1302649421
985.309701 801.443643 1302649424
962.884327 802.665864 1302649427
940.789955 803.888085 1302649432
