3021.963968 575.554980 1302487302
2999.621345 575.554980 1302487308
2983.650506 591.443853 1302487314
2985.305515 616.777161 1302487318
2984.726262 645.332688 1302487321
2984.312510 668.110443 1302487323
2984.312510 692.332641 1302487325
2984.064258 717.665949 1302487327
2984.643512 743.443701 1302487329
2984.726262 767.999232 1302487331
2983.981508 791.110320 1302487333
2982.740251 811.665855 1302487335
2976.533967 835.443609 1302487338
2956.260105 843.776934 1302487341
2930.028210 842.443602 1302487344
2907.271834 841.110270 1302487346
2881.453691 840.110271 1302487348
2855.552798 838.665828 1302487350
2829.238152 838.332495 1302487352
2803.668260 837.443607 1302487354
2779.008624 836.221386 1302487356
2756.666000 835.221387 1302487358
2733.164870 833.776944 1302487361
2709.167238 833.110278 1302487368
2688.976126 833.999166 1302487371
2661.337473 835.221387 1302487374
2639.905105 835.443609 1302487376
2616.983228 835.110276 1302487378
2593.813100 833.443611 1302487380
2572.132480 833.110278 1302487382
2548.879601 832.776945 1302487385
2531.502005 844.332489 1302487398
2511.724645 849.888039 1302487422
2486.651257 849.888039 1302487425
2462.736374 848.110263 1302487427
2437.249233 846.110265 1302487429
2410.851837 844.665822 1302487431
2382.799432 843.332490 1302487433
2354.416025 841.332492 1302487435
2326.942873 839.332494 1302487437
2298.559466 838.221384 1302487439
2269.348555 836.776941 1302487441
2240.716896 835.665831 1302487443
2212.250739 834.332499 1302487445
2185.522341 832.999167 1302487447
2163.676220 831.332502 1302487449
2142.574853 827.776950 1302487452
2120.149479 830.110281 1302487461
2097.558604 835.554720 1302487466
2076.622738 837.665829 1302487469
2052.707856 839.776938 1302487472
2025.731207 839.332494 1302487475
1999.085559 839.888049 1302487478
1979.059949 839.776938 1302487481
1959.034338 834.776943 1302487485
1936.691714 835.332498 1302487490
1910.708070 838.554717 1302487494
1886.462186 839.776938 1302487497
1858.740783 839.776938 1302487500
1829.529871 838.110273 1302487503
1802.387721 838.221384 1302487506
1780.955353 837.221385 1302487511
1760.846991 831.888057 1302487525
1741.731636 825.665841 1302487533
1721.209522 823.554732 1302487551
1695.474130 825.110286 1302487567
1669.490486 823.332510 1302487572
1645.741105 823.776954 1302487588
1618.433454 823.999176 1302487591
1595.511577 822.999177 1302487593
1573.086203 821.221401 1302487595
1552.646840 820.665846 1302487597
1531.628223 819.332514 1302487600
1510.444106 817.999182 1302487605
1486.198222 816.888072 1302487608
1459.883576 816.888072 1302487611
1431.831171 822.554733 1302487614
1411.309058 827.776950 1302487616
1391.283447 833.443611 1302487618
1365.796306 837.776940 1302487621
1343.950185 834.554721 1302487624
1323.097070 841.221381 1302487633
1295.458417 842.665824 1302487636
1272.453789 841.888047 1302487638
1248.787159 840.776937 1302487640
1226.444535 839.888049 1302487642
1198.557631 839.554716 1302487645
1176.711510 836.110275 1302487649
1153.458631 834.332499 1302487652
1132.191764 833.332500 1302487654
1107.118375 832.888056 1302487656
1080.555478 832.665834 1302487658
1053.909830 831.999168 1302487660
1029.250194 830.999169 1302487662
1007.238572 830.221392 1302487664
977.944910 827.332506 1302487667
957.588298 821.888067 1302487687
933.425164 819.888069 1302487692
907.689772 819.332514 1302487695
882.202631 819.221403 1302487697
851.750462 817.443627 1302487699
819.643284 815.999184 1302487701
788.446362 814.888074 1302487703
757.414940 813.665853 1302487705
727.045522 812.443632 1302487707
696.427853 811.110300 1302487709
666.306686 809.776968 1302487711
637.426776 808.665858 1302487713
611.194881 807.999192 1302487715
590.093515 807.443637 1302487717
566.840636 807.554748 1302487720
546.980526 804.110307 1302487726
521.410635 801.888087 1302487754
493.523730 800.999199 1302487757
469.029595 800.221422 1302487759
440.646188 799.110312 1302487761
410.194019 797.554758 1302487763
380.321104 796.332537 1302487765
353.675457 795.332538 1302487767
333.070593 795.110316 1302487769
313.044982 793.888095 1302487773
291.116111 790.999209 1302487801
265.794470 789.332544 1302487805
245.603359 788.443656 1302487807
223.839988 788.221434 1302487809
200.587110 787.332546 1302487812
178.989240 786.776991 1302487818
150.688584 787.665879 1302487822
125.035942 788.554767 1302487825
104.844830 788.999211 1302487840
91.025504 807.888081 1302487848
90.529001 829.999170 1302487851
90.363500 859.999140 1302487854
90.032498 881.221341 1302487856
88.708491 903.554652 1302487858
87.136232 929.665737 1302487860
85.977726 957.665709 1302487862
85.398472 985.554570 1302487864
85.315722 1012.998987 1302487866
83.908964 1040.110071 1302487868
81.840203 1066.110045 1302487870
80.185194 1091.776686 1302487872
78.695685 1118.109993 1302487874
77.868181 1144.554411 1302487876
76.875175 1170.109941 1302487878
76.130421 1195.665471 1302487880
75.468418 1220.554335 1302487882
74.227161 1244.554311 1302487884
73.234155 1267.665399 1302487886
72.158399 1287.998712 1302487888
70.586140 1311.443133 1302487891
75.716669 1332.776445 1302487896
98.555795 1336.443108 1302487900
125.946197 1338.443106 1302487903
149.861079 1338.443106 1302487905
175.513721 1337.887551 1302487907
199.925106 1336.776441 1302487909
222.350480 1336.443108 1302487911
246.679115 1336.665330 1302487914
271.421502 1336.665330 1302487932
295.998388 1336.554219 1302487935
317.761758 1336.665330 1302487937
343.414400 1337.109774 1302487939
370.804801 1337.331996 1302487941
397.946952 1337.331996 1302487943
423.765094 1337.554218 1302487945
445.114712 1338.331995 1302487947
465.471325 1339.109772 1302487951
488.310451 1340.554215 1302487956
518.100616 1341.998658 1302487959
544.001510 1342.887546 1302487961
572.798669 1343.443101 1302487963
602.506083 1344.665322 1302487965
631.716995 1345.554210 1302487967
660.927906 1346.554209 1302487969
690.552570 1346.998653 1302487971
720.177234 1346.998653 1302487973
749.222645 1346.776431 1302487975
777.606052 1346.220876 1302487977
804.168949 1346.220876 1302487979
827.421827 1347.220875 1302487981
853.819224 1348.109763 1302487984
874.672339 1336.554219 1302488000
878.561610 1311.554244 1302488003
879.885618 1289.332044 1302488005
881.375126 1262.887626 1302488007
882.781884 1234.443210 1302488009
883.774889 1205.109906 1302488011
886.009152 1175.554380 1302488013
888.243414 1146.776631 1302488015
891.139680 1118.998881 1302488017
893.125691 1094.776683 1302488019
894.284197 1067.776710 1302488022
910.834289 1054.554501 1302488027
936.817933 1057.110054 1302488030
956.843543 1057.776720 1302488032
982.578936 1058.665608 1302488035
1002.935548 1068.443376 1302488040
1004.756059 1047.221175 1302488062
1031.567207 1048.554507 1302488065
1057.054348 1054.554501 1302488068
1078.817718 1064.665602 1302488072
1100.498338 1071.665595 1302488075
1130.371253 1078.221144 1302488078
1154.699888 1081.110030 1302488080
1180.600781 1082.887806 1302488082
1205.508669 1083.776694 1302488084
1226.444535 1083.887805 1302488086
1251.683425 1083.110028 1302488089
1272.784791 1079.554476 1302488104
1297.113426 1077.998922 1302488108
1324.172826 1076.887812 1302488111
1353.631989 1076.998923 1302488114
1376.636616 1076.110035 1302488117
1400.220496 1074.332259 1302488122
1422.149368 1075.110036 1302488125
1447.719259 1074.554481 1302488128
1467.662119 1076.665590 1302488132
1488.597985 1073.554482 1302488139
1492.321756 1051.665615 1302488143
1493.976765 1026.221196 1302488146
1495.880026 1003.776774 1302488148
