3686.201893 2169.997830 1303856402
3678.092348 2188.553367 1303856411
3678.588851 2211.997788 1303856416
3675.030581 2233.997766 1303856420
3665.100526 2255.775522 1303856425
3653.846464 2272.997727 1303856429
3670.893058 2288.331045 1303856433
3692.242676 2297.553258 1303856436
3711.937285 2309.219913 1303856439
3730.142386 2319.886569 1303856442
3743.134208 2335.330998 1303856446
3750.830000 2355.553200 1303856452
3750.002496 2375.886513 1303856462
3757.698288 2395.442049 1303856469
3776.896395 2401.442043 1303856486
3789.143462 2384.664282 1303856504
3786.495448 2359.108752 1303856507
3786.578198 2334.553221 1303856510
3794.025739 2309.664357 1303856512
3793.942989 2284.442160 1303856515
3802.797288 2257.553298 1303856518
3786.660949 2272.108839 1303856524
3777.144646 2295.664371 1303856528
3755.795028 2311.219911 1303856532
3726.997869 2308.553247 1303856535
3705.399999 2305.442139 1303856537
3674.865080 2287.664379 1303856539
3652.770708 2269.775508 1303856540
3627.780070 2248.664418 1303856542
3612.967738 2229.553326 1303856544
3600.637919 2209.775568 1303856546
3591.618120 2184.442260 1303856548
3584.998083 2159.775618 1303856550
3582.019066 2136.331197 1303856552
3582.184567 2110.886778 1303856555
3576.143784 2088.997911 1303856575
3576.061034 2061.109050 1303856579
3577.302290 2035.220187 1303856582
3578.957300 2009.331324 1303856585
3579.619303 1983.998016 1303856588
3580.529558 1961.775816 1303856591
3581.274312 1937.664729 1303856594
3580.529558 1907.331426 1303856597
3580.115806 1883.331450 1303856599
3577.385041 1858.109253 1303856601
3573.495769 1831.442613 1303856603
3572.751015 1804.775973 1303856605
3573.082017 1778.553777 1303856607
3574.075023 1752.998247 1303856609
3574.240523 1728.887160 1303856611
3574.819777 1706.776071 1303856613
3573.164768 1677.998322 1303856616
3574.240523 1647.776130 1303856619
3575.233529 1623.553932 1303856621
3575.647281 1595.998404 1303856623
3576.226534 1566.442878 1303856625
3579.453802 1523.109588 1303856628
3583.177573 1494.887394 1303856630
3584.501580 1468.442976 1303856632
3584.915333 1447.331886 1303856634
3584.915333 1423.554132 1303856638
3583.012072 1403.443041 1303856657
3574.902527 1384.998615 1303856662
3553.966661 1387.554168 1303856666
3529.555276 1388.331945 1303856669
3504.895640 1386.998613 1303856671
3475.353726 1384.554171 1303856673
3446.225565 1383.665283 1303856675
3421.152177 1383.443061 1303856677
3395.168533 1382.220840 1303856680
3375.225672 1379.887509 1303856685
3348.580025 1378.998621 1303856691
3319.120862 1379.220843 1303856694
3296.529987 1380.665286 1303856696
3272.863356 1383.109728 1303856698
3250.355232 1385.331948 1303856700
3222.385577 1388.331945 1303856703
3198.967197 1390.998609 1303856707
3176.128071 1392.665274 1303856711
3155.854209 1391.220831 1303856715
3133.677086 1391.776386 1303856722
3113.072222 1394.220828 1303856728
3091.557103 1397.220825 1303856739
3065.904461 1397.554158 1303856742
3044.803094 1398.554157 1303856744
3023.618977 1399.776378 1303856746
3002.848612 1398.998601 1303856748
2978.437227 1397.554158 1303856751
2957.666862 1394.331939 1303856774
2929.862709 1392.554163 1303856789
2898.583036 1392.331941 1303856792
2873.426896 1391.887497 1303856794
2848.932761 1390.887498 1303856796
2825.762633 1390.331943 1303856798
2802.923506 1390.220832 1303856800
2779.008624 1389.998610 1303856802
2753.438733 1390.109721 1303856804
2728.034342 1389.887499 1303856806
2702.547201 1389.776388 1303856808
2678.053066 1388.665278 1303856810
2652.814176 1388.331945 1303856812
2626.830532 1388.109723 1303856814
2602.005395 1387.554168 1303856816
2578.338764 1387.443057 1303856818
2558.147652 1387.331946 1303856820
2538.122041 1386.220836 1303856824
