1471.799642 1077.665589 1302489886
1486.860226 1060.998939 1302489891
1490.914998 1040.332293 1302489894
1492.404506 1012.221210 1302489897
1493.811264 987.999012 1302489899
1494.473268 962.110149 1302489901
1494.887020 936.776841 1302489903
1495.466273 912.887976 1302489905
1495.714525 889.776888 1302489907
1496.707530 868.221354 1302489909
1497.535035 840.110271 1302489912
1499.438295 819.221403 1302489917
1518.719152 809.221413 1302489921
1544.868297 809.443635 1302489924
1566.797168 810.332523 1302489926
1592.036057 812.221410 1302489928
1619.095457 814.221408 1302489930
1646.651360 814.776963 1302489932
1674.786515 814.776963 1302489934
1702.342418 815.221407 1302489936
1729.070816 816.776961 1302489938
1756.212966 817.888071 1302489940
1784.017120 818.888070 1302489942
1810.911018 819.665847 1302489944
1837.639416 820.443624 1302489946
1862.712805 820.888068 1302489948
1883.400419 820.999179 1302489950
1905.577542 818.888070 1302489955
1927.754665 821.776956 1302489960
1950.593791 825.776952 1302489963
1975.749930 829.888059 1302489966
2000.657818 832.888056 1302489969
2023.083192 835.110276 1302489972
2047.908329 834.332499 1302489976
2069.671700 826.665840 1302489986
2091.517821 824.776953 1302489992
2115.432703 826.665840 1302489996
2142.492103 830.110281 1302489999
2164.503724 832.776945 1302490001
2191.480374 834.554721 1302490003
2221.684291 835.776942 1302490005
2253.460467 836.554719 1302490007
2285.733145 836.554719 1302490009
2317.426570 836.221386 1302490011
2347.630488 835.665831 1302490013
2377.089651 835.888053 1302490015
2405.059305 836.332497 1302490017
2432.284206 837.332496 1302490019
2457.357595 838.332495 1302490021
2483.423989 839.554716 1302490024
2499.312077 854.554701 1302490028
2503.615101 880.554675 1302490032
2507.173370 909.443535 1302490035
2509.821385 931.999068 1302490037
2511.724645 957.887931 1302490039
2512.469400 987.110124 1302490041
2511.724645 1016.332317 1302490043
2510.317888 1044.887844 1302490045
2509.324882 1071.554484 1302490047
2508.828379 1095.554460 1302490049
2507.835374 1123.109988 1302490052
2506.842368 1143.554412 1302490060
2505.932113 1167.221055 1302490065
2507.504372 1194.776583 1302490068
2509.242132 1216.776561 1302490070
2510.731640 1241.332092 1302490072
2510.979891 1265.776512 1302490074
2510.979891 1289.554266 1302490076
2510.979891 1311.332022 1302490078
2510.566139 1337.776440 1302490081
2511.476394 1361.443083 1302490088
2532.246759 1369.776408 1302490093
2554.920384 1372.776405 1302490096
2577.345758 1373.776404 1302490098
2602.750149 1374.220848 1302490100
2627.989039 1374.665292 1302490102
2653.310679 1375.109736 1302490104
2678.963321 1374.998625 1302490106
2704.864214 1374.665292 1302490108
2730.765107 1374.331959 1302490110
2756.003997 1374.554181 1302490112
2780.167130 1375.776402 1302490114
2804.164763 1376.665290 1302490116
2829.238152 1377.109734 1302490118
2854.973544 1376.998623 1302490120
2880.377935 1377.220845 1302490122
2904.706569 1377.554178 1302490124
2929.945459 1378.331955 1302490126
2955.763602 1380.109731 1302490128
2982.160998 1382.109729 1302490130
3009.882401 1383.109728 1302490132
3037.852056 1383.665283 1302490134
3065.904461 1384.109727 1302490136
3093.543114 1384.554171 1302490138
3120.437013 1384.998615 1302490140
3145.841403 1385.776392 1302490142
3171.411295 1385.998614 1302490144
3197.312188 1386.665280 1302490146
3220.399566 1386.887502 1302490148
3241.749184 1385.887503 1302490150
3268.229331 1381.998618 1302490153
3287.592938 1375.887513 1302490159
3299.840005 1355.443089 1302490164
3301.991517 1335.109776 1302490166
3303.150024 1311.443133 1302490168
3304.060279 1287.220935 1302490170
3305.467037 1262.109849 1302490172
3306.211791 1234.665432 1302490174
3306.460042 1206.998793 1302490176
3308.032301 1180.665486 1302490178
3309.356308 1157.443287 1302490180
3311.673321 1132.109979 1302490183
