3036.610799 208.555347 1302490809
3033.880034 186.666480 1302490820
3012.282165 179.333154 1302490827
2998.380088 197.444247 1302490835
2998.049086 218.444226 1302490838
2997.138831 246.777531 1302490841
2995.152820 275.221947 1302490844
2993.663312 297.999702 1302490848
2995.980324 320.110791 1302490854
3002.186609 342.777435 1302490858
3007.565388 371.110740 1302490862
3008.392893 392.332941 1302490864
3009.054897 416.777361 1302490866
3009.054897 442.666224 1302490868
3008.723895 469.555086 1302490870
3008.310143 497.110614 1302490872
3007.482638 524.666142 1302490874
3004.834623 558.999441 1302490876
3002.434860 580.443864 1302490877
2999.538594 614.888274 1302490879
2997.304332 649.332684 1302490881
2994.739068 684.221538 1302490883
2991.594550 717.332616 1302490885
2989.443038 747.777030 1302490887
2987.374277 774.999225 1302490889
2983.981508 798.776979 1302490891
2982.326499 825.888063 1302490894
3002.103858 840.221382 1302490898
3028.170252 839.221383 1302490901
3049.850872 839.665827 1302490903
3074.841511 839.888049 1302490905
3102.645664 840.888048 1302490907
3131.442824 842.110269 1302490909
3159.577979 842.776935 1302490911
3186.306377 843.665823 1302490913
3212.207271 845.554710 1302490915
3237.446160 846.999153 1302490917
3260.368037 847.999152 1302490919
3280.724650 848.999151 1302490921
3303.729277 848.888040 1302490924
3322.348130 832.999167 1302490930
3321.106873 808.221414 1302490933
3320.693121 786.776991 1302490935
3321.272374 761.888127 1302490937
3322.265379 734.888154 1302490939
3323.010134 706.888182 1302490941
3323.423886 678.888210 1302490943
3322.927383 652.332681 1302490945
3322.017128 628.666038 1302490947
3320.775871 601.888287 1302490950
3312.914578 583.221639 1302490954
3286.434431 581.888307 1302490958
3257.140769 583.554972 1302490961
3234.549894 583.221639 1302490963
3211.462516 582.999417 1302490965
3187.547634 582.666084 1302490967
3164.625757 582.110529 1302490969
3138.724864 580.888308 1302490972
3115.637486 579.666087 1302490984
3087.585081 580.332753 1302490988
3066.731966 580.666086 1302490990
3042.486082 580.888308 1302490992
3019.067702 580.554975 1302490994
2995.318321 582.221640 1302490997
2986.712273 600.666066 1302491001
2989.194787 622.332711 1302491004
2989.691290 653.554902 1302491007
2989.608539 679.554876 1302491009
2988.946535 706.999293 1302491011
2988.201781 734.999265 1302491013
2987.374277 762.888126 1302491015
2986.050269 788.443656 1302491017
2983.816007 808.554747 1302491019
2980.671490 828.554727 1302491022
2968.093420 845.665821 1302491051
2943.682035 847.776930 1302491055
2920.180905 847.332486 1302491058
2891.218245 847.221375 1302491061
2868.379118 846.665820 1302491063
2844.464236 845.554710 1302491065
2820.218352 845.110266 1302491067
2795.806967 844.332489 1302491069
2772.719589 845.999154 1302491071
2751.204470 844.110267 1302491073
2726.710335 843.110268 1302491076
2702.298950 840.888048 1302491081
2678.632319 842.221380 1302491084
2648.428402 841.999158 1302491087
2625.589275 842.110269 1302491089
2602.750149 842.221380 1302491091
2581.317780 841.665825 1302491093
2552.934373 841.443603 1302491096
2528.853990 839.332494 1302491099
2506.263115 835.554720 1302491122
2484.830747 832.110279 1302491127
2464.805136 832.776945 1302491130
2435.842476 834.443610 1302491133
2411.927593 834.776943 1302491135
2386.026700 834.554721 1302491137
2359.463803 833.999166 1302491139
2332.238902 832.443612 1302491141
2303.855495 831.443613 1302491143
2273.817079 829.665837 1302491145
2245.268171 828.443616 1302491147
2217.795019 828.110283 1302491149
2191.894126 827.665839 1302491151
2168.310246 827.888061 1302491153
2146.546875 827.999172 1302491155
2125.114507 829.332504 1302491158
2104.095890 828.888060 1302491164
2082.498021 834.332499 1302491168
2053.700862 839.776938 1302491171
2027.882719 843.443601 1302491173
2001.154321 844.332489 1302491175
1974.674174 844.554711 1302491177
1950.593791 843.332490 1302491179
1928.416668 840.221382 1302491182
1906.818799 832.443612 1302491188
1880.752405 834.332499 1302491194
1859.982040 840.665826 1302491197
1834.908651 845.443599 1302491200
1805.201237 848.999151 1302491203
1782.693112 850.221372 1302491205
1757.867975 849.776928 1302491207
1727.415806 846.999153 1302491209
1695.391379 843.110268 1302491211
1666.842471 842.999157 1302491213
1637.714310 842.776935 1302491215
1608.917151 842.110269 1302491217
1581.195748 841.999158 1302491219
1556.205109 844.221378 1302491221
1530.469717 845.554710 1302491224
1511.850864 833.332500 1302491247
1489.756492 825.888063 1302491254
1466.338112 826.332507 1302491260
1445.071244 837.888051 1302491265
1426.121390 846.554709 1302491268
1398.813739 853.999146 1302491271
1377.546871 855.999144 1302491273
1356.280003 860.221362 1302491277
1344.115686 876.110235 1302491289
1323.676323 889.554666 1302491297
1302.988708 889.665777 1302491302
1282.797597 890.554665 1302491305
1257.724208 891.443553 1302491308
1227.437540 892.332441 1302491311
1195.578614 894.554661 1302491313
1164.050690 895.665771 1302491315
1135.419031 895.665771 1302491317
1113.324659 894.999105 1302491319
1081.300232 889.332444 1302491322
1055.647590 883.999116 1302491324
1028.670941 875.665791 1302491326
1005.169811 867.888021 1302491336
