522.320890 824.110287 1302491428
492.944477 821.110290 1302491431
469.029595 819.888069 1302491433
442.632199 819.332514 1302491435
415.986551 818.110293 1302491437
390.085658 816.665850 1302491439
366.170776 816.221406 1302491441
344.738407 815.554740 1302491443
312.465729 814.554741 1302491447
291.860865 812.999187 1302491463
265.711720 809.332524 1302491468
237.162812 808.221414 1302491471
213.909933 809.110302 1302491474
193.884323 808.332525 1302491479
173.113958 810.110301 1302491484
149.199075 813.443631 1302491487
126.359949 815.110296 1302491490
107.079092 823.110288 1302491501
100.293555 844.332489 1302491506
98.969548 866.999133 1302491509
97.066287 896.332437 1302491512
95.163026 919.443525 1302491514
94.418272 943.554612 1302491516
94.170021 968.332365 1302491518
92.928764 990.887898 1302491520
92.928764 1015.665651 1302491522
92.763263 1041.554514 1302491524
90.611751 1064.665602 1302491526
88.956742 1089.998910 1302491528
87.798236 1115.998884 1302491530
87.467234 1140.665526 1302491532
86.225977 1175.887713 1302491535
85.481223 1197.665469 1302491537
84.984720 1217.887671 1302491539
83.495212 1244.998755 1302491542
83.495212 1267.998732 1302491546
81.343700 1289.332044 1302491557
79.854192 1314.887574 1302491561
82.502206 1334.887554 1302491565
104.265577 1339.665327 1302491570
126.111698 1339.887549 1302491573
155.239859 1338.887550 1302491576
176.920479 1338.109773 1302491578
198.187346 1338.443106 1302491580
219.454214 1338.443106 1302491582
240.886583 1338.887550 1302491584
262.484452 1338.776439 1302491586
284.413323 1338.109773 1302491588
306.755947 1337.665329 1302491590
331.167332 1337.443107 1302491592
355.992469 1336.554219 1302491594
378.748845 1336.331997 1302491596
400.677717 1336.887552 1302491598
421.034329 1337.443107 1302491600
442.963201 1337.776440 1302491603
465.719576 1338.331995 1302491608
488.310451 1338.887550 1302491611
508.998066 1339.554216 1302491613
532.830198 1339.887549 1302491615
558.151838 1339.443105 1302491617
585.211238 1339.554216 1302491619
613.180892 1339.443105 1302491621
640.571294 1339.331994 1302491623
667.299692 1339.220883 1302491625
694.028090 1339.887549 1302491627
719.928983 1340.220882 1302491629
744.836871 1340.998659 1302491631
769.910259 1341.554214 1302491633
794.073393 1341.998658 1302491635
817.491773 1341.554214 1302491637
838.510389 1340.887548 1302491639
858.618750 1337.331996 1302491642
872.107075 1315.887573 1302491646
876.575599 1290.220932 1302491649
880.547621 1264.220958 1302491652
886.505654 1240.554315 1302491656
892.711939 1216.776561 1302491676
894.035946 1189.221033 1302491679
894.532449 1165.998834 1302491681
895.028951 1140.221082 1302491683
896.435709 1114.998885 1302491685
897.676966 1091.665575 1302491687
897.676966 1065.221157 1302491690
919.357586 1054.776723 1302491695
940.955456 1056.665610 1302491698
970.166367 1058.776719 1302491701
992.508991 1059.332274 1302491703
1015.513618 1059.554496 1302491705
1037.773491 1060.887828 1302491707
1059.371361 1063.221159 1302491709
1085.686006 1065.443379 1302491712
1107.697628 1071.110040 1302491718
1130.205753 1074.554481 1302491721
1152.465626 1075.998924 1302491723
1177.456264 1076.443368 1302491725
1202.529653 1076.332257 1302491727
1226.527285 1075.443369 1302491729
1247.297650 1072.887816 1302491731
1268.564518 1070.443374 1302491734
1291.982898 1069.221153 1302491745
1315.732279 1069.554486 1302491748
1336.337143 1070.443374 1302491750
1356.859256 1071.443373 1302491752
1385.987418 1072.110039 1302491755
1406.344030 1072.443372 1302491757
1428.107401 1073.554482 1302491759
1449.622520 1076.332257 1302491761
1470.310134 1078.221144 1302491764
1487.770481 1063.110048 1302491774
1488.515235 1039.443405 1302491778
1489.508240 1009.776768 1302491781
1490.418495 985.110126 1302491783
1491.659752 959.999040 1302491785
1493.645763 934.887954 1302491787
1495.549024 910.443534 1302491789
1497.452284 887.332446 1302491791
1498.859042 865.554690 1302491793
1500.762303 841.110270 1302491796
1508.127093 821.221401 1302491804
1531.710974 818.110293 1302491808
1560.756384 819.888069 1302491811
1581.692250 818.554737 1302491813
1603.869373 817.776960 1302491815
1625.715494 817.888071 1302491817
1646.899611 817.443627 1302491819
1672.386752 816.776961 1302491822
