528.527174 798.332535 1302493106
504.529541 798.221424 1302493109
482.435169 797.332536 1302493111
456.451525 795.888093 1302493113
429.392125 793.665873 1302493115
402.911979 791.443653 1302493117
377.838590 789.221433 1302493119
355.082214 787.776990 1302493121
328.188316 786.776991 1302493124
306.507696 789.999210 1302493144
281.268806 785.332548 1302493150
255.781665 784.999215 1302493153
232.694287 786.999213 1302493156
212.006673 787.999212 1302493161
191.153558 789.221433 1302493166
165.335415 793.443651 1302493169
136.786507 793.665873 1302493172
116.098892 793.332540 1302493175
96.404283 807.443637 1302493181
93.839019 832.554723 1302493185
89.618746 858.443586 1302493188
87.715485 882.888006 1302493190
86.225977 910.332423 1302493192
85.812225 938.665728 1302493194
84.322716 962.554593 1302493196
81.343700 983.554572 1302493198
79.192188 1006.665660 1302493200
79.523190 1036.776741 1302493202
79.109438 1066.665600 1302493204
78.695685 1096.776681 1302493206
78.199183 1126.665540 1302493208
77.868181 1156.887732 1302493210
78.033682 1186.776591 1302493212
78.033682 1214.887674 1302493214
77.702680 1241.998758 1302493216
77.702680 1267.776510 1302493218
78.447434 1291.443153 1302493220
79.109438 1315.998684 1302493223
86.391478 1336.554219 1302493231
108.651351 1335.220887 1302493234
128.842463 1333.554222 1302493236
151.929841 1333.776444 1302493238
175.099969 1333.887555 1302493240
197.028840 1333.443111 1302493242
224.419242 1332.554223 1302493245
245.106856 1330.554225 1302493249
265.463469 1327.332006 1302493261
292.026366 1328.554227 1302493265
313.127732 1329.443115 1302493267
337.621868 1330.109781 1302493269
362.778007 1329.998670 1302493271
388.347898 1329.665337 1302493273
412.345531 1328.998671 1302493275
438.494676 1327.443117 1302493278
462.244057 1325.998674 1302493286
490.461963 1327.443117 1302493290
511.232328 1328.220894 1302493292
536.305717 1328.887560 1302493294
565.433878 1328.665338 1302493296
595.058542 1328.220894 1302493298
624.434955 1327.998672 1302493300
653.563116 1327.554228 1302493302
682.194774 1327.220895 1302493304
710.660932 1327.443117 1302493306
738.216834 1327.887561 1302493308
764.696980 1327.665339 1302493310
790.515123 1327.554228 1302493312
813.437000 1326.665340 1302493314
839.006892 1324.998675 1302493317
855.805234 1309.998690 1302493321
865.569789 1291.443153 1302493324
872.189825 1265.776512 1302493327
876.658350 1241.109870 1302493330
885.926401 1222.332111 1302493335
901.979990 1205.665461 1302493356
902.310992 1176.332157 1302493359
902.724744 1154.443290 1302493361
904.379753 1132.665534 1302493363
905.621010 1111.443333 1302493365
906.283014 1089.554466 1302493368
919.605837 1069.665597 1302493375
942.362213 1071.332262 1302493379
967.518353 1071.443373 1302493382
990.274728 1071.221151 1302493384
1014.272361 1069.998930 1302493386
1035.621979 1068.110043 1302493388
1063.508884 1065.221157 1302493391
1084.693001 1063.332270 1302493395
1106.621872 1066.110045 1302493402
1130.454004 1066.665600 1302493406
1152.631127 1067.776710 1302493410
1173.235991 1065.554490 1302493414
1196.488869 1061.998938 1302493417
1216.348979 1059.110052 1302493424
1238.360601 1055.554500 1302493431
1259.792969 1054.887834 1302493436
1284.369855 1056.443388 1302493440
1311.925758 1057.776720 1302493443
1335.178636 1056.887832 1302493445
1358.762517 1056.221166 1302493447
1382.760150 1055.998944 1302493449
1417.680843 1055.776722 1302493452
1442.836982 1055.554500 1302493455
1467.000116 1057.887831 1302493458
1485.618969 1049.998950 1302493462
1494.142266 1024.332309 1302493466
1498.114288 994.999005 1302493469
1500.596802 973.443471 1302493471
1500.596802 952.665714 1302493473
1499.852047 930.776847 1302493475
1500.265800 907.776870 1302493477
1502.251811 887.776890 1302493479
1504.568824 867.221355 1302493482
1507.878842 844.888044 1302493490
1507.961592 823.776954 1302493498
1527.656201 811.888077 1302493502
1554.963852 810.443634 1302493505
1578.051230 810.110301 1302493507
1603.041868 809.554746 1302493509
1627.867006 808.554747 1302493511
1650.623382 807.776970 1302493513
1673.628009 804.332529 1302493516
1696.549886 802.332531 1302493534
1718.147755 803.888085 1302493538
1743.221144 805.443639 1302493541
1770.446044 805.776972 1302493544
1799.077703 805.665861 1302493547
1827.874862 804.999195 1302493550
1854.106757 804.665862 1302493553
1875.290875 804.221418 1302493557
1900.778016 803.665863 1302493561
1931.561186 802.776975 1302493564
1957.379329 802.332531 1302493566
1986.259238 802.443642 1302493568
2011.829130 801.332532 1302493570
2037.978275 800.332533 1302493572
2064.458421 800.443644 1302493574
2091.517821 800.776977 1302493576
2119.487475 801.665865 1302493578
2147.788132 801.888087 1302493580
2175.923288 801.665865 1302493582
2203.727441 801.999198 1302493584
2232.028098 802.443642 1302493586
2260.080503 802.888086 1302493588
2287.470905 802.554753 1302493590
2314.364804 802.999197 1302493592
2339.934695 803.554752 1302493594
2364.180579 803.999196 1302493596
2387.847210 804.554751 1302493598
2411.265590 805.221417 1302493600
2433.939215 805.776972 1302493602
2455.950837 806.110305 1302493604
2476.390200 805.999194 1302493606
2506.428616 806.776971 1302493609
2536.053280 808.110303 1302493612
2563.360931 809.110302 1302493615
2588.268819 809.443635 1302493618
2611.852699 811.776966 1302493621
2637.422591 814.554741 1302493624
2659.682464 815.332518 1302493627
2682.356089 815.443629 1302493631
2708.670735 821.332512 1302493646
2734.157876 822.665844 1302493649
2761.548277 821.221401 1302493652
2784.552905 820.554735 1302493654
2808.054035 819.888069 1302493656
2828.741649 819.332514 1302493658
2850.091267 819.888069 1302493660
2871.109884 820.221402 1302493662
2898.086533 818.776959 1302493665
2922.084166 812.999187 1302493669
2928.042199 793.110318 1302493673
2922.332417 768.999231 1302493676
2921.256661 748.443696 1302493678
2920.594657 726.888162 1302493680
2919.849903 703.110408 1302493682
2919.767153 678.777099 1302493684
2919.767153 655.666011 1302493686
2919.105149 631.666035 1302493688
2918.525896 608.777169 1302493690
2917.119138 588.666078 1302493692
2915.215878 567.332766 1302493697
2932.510723 583.332750 1302493716
2951.957081 596.554959 1302493722
2972.479194 589.554966 1302493741
2977.775224 563.110548 1302493744
2980.340488 541.999458 1302493746
2982.657501 519.332814 1302493748
2984.395260 496.666170 1302493750
2985.967519 473.999526 1302493752
2987.291526 452.777325 1302493754
2988.863785 431.666235 1302493756
2991.263548 411.777366 1302493758
2992.918557 391.444053 1302493760
2995.152820 363.332970 1302493763
2997.469833 341.999658 1302493767
2998.380088 320.888568 1302493773
2999.704095 300.221922 1302493776
2999.124842 274.888614 1302493779
3000.035097 247.888641 1302493782
2999.455844 221.666445 1302493785
3001.110853 200.555355 1302493789
3011.454660 180.333153 1302493795
3033.052529 174.888714 1302493802
3054.071146 174.999825 1302493806
3074.014006 173.333160 1302493810
3080.551292 192.222030 1302493815
3067.807722 209.999790 1302493820
3047.368359 214.333119 1302493825
3043.561838 194.555361 1302493840
