1747.524168 822.110289 1302525061
1728.574313 832.221390 1302525088
1714.506735 848.221374 1302525093
1693.405368 856.888032 1302525097
1671.310996 854.999145 1302525100
1643.837844 849.888039 1302525103
1623.646732 847.110264 1302525105
1602.710867 845.554710 1302525107
1575.072214 843.554712 1302525110
1551.240082 840.554715 1302525114
1531.959225 846.554709 1302525122
1509.864853 857.332476 1302525126
1523.849680 881.110230 1302525130
1506.637585 870.443574 1302525134
1491.908004 851.999148 1302525139
1475.688914 838.554717 1302525141
1453.677292 828.110283 1302525158
1435.637692 818.665848 1302525170
1413.295069 811.110300 1302525180
1391.283447 813.554742 1302525183
1365.879056 816.332517 1302525186
1344.281187 816.221406 1302525189
1320.862807 812.110299 1302525193
1306.877980 793.665873 1302525203
1303.981714 769.665897 1302525206
1302.740457 749.332584 1302525208
1301.912952 725.777052 1302525210
1301.664701 701.110410 1302525212
1301.581951 675.554880 1302525214
1301.747452 650.888238 1302525216
1302.409455 627.110484 1302525218
1303.319710 606.999393 1302525220
1305.884974 586.221636 1302525223
1307.788235 562.443882 1302525229
1311.843007 542.666124 1302525236
1332.199620 536.221686 1302525240
1356.776506 535.555020 1302525243
1378.788128 536.332797 1302525245
1404.358019 538.110573 1302525247
1431.831171 540.110571 1302525249
1459.469824 541.555014 1302525251
1486.529224 541.777236 1302525253
1513.340372 541.332792 1302525255
1538.496511 540.999459 1302525257
1561.170137 541.332792 1302525259
1583.761012 541.999458 1302525262
1603.952123 540.443904 1302525275
1625.632743 544.666122 1302525278
1655.340158 547.777230 1302525281
1677.517280 548.443896 1302525283
1698.784148 548.999451 1302525285
1718.975260 548.999451 1302525287
1739.414623 548.110563 1302525289
1761.095243 548.332785 1302525291
1783.024114 548.777229 1302525293
1805.697740 548.888340 1302525295
1828.950618 549.555006 1302525297
1852.700000 550.443894 1302525299
1876.863133 551.332782 1302525301
1901.357269 552.999447 1302525303
1926.844410 554.110557 1302525305
1953.821059 555.332778 1302525307
1981.707963 556.443888 1302525309
2009.843119 556.554999 1302525311
2038.723029 555.666111 1302525313
2067.106436 554.221668 1302525315
2094.083085 552.999447 1302525317
2121.721738 553.999446 1302525319
2150.105145 554.777223 1302525321
2177.909299 554.555001 1302525323
2205.630702 554.221668 1302525325
2232.855603 554.555001 1302525327
2259.004747 554.999445 1302525329
2284.740140 555.110556 1302525331
2309.648027 555.666111 1302525333
2333.480159 555.888333 1302525335
2355.160779 555.777222 1302525337
2381.144423 555.777222 1302525340
2403.073294 555.777222 1302525344
2428.643186 556.888332 1302525354
2453.385573 560.221662 1302525358
2481.024226 560.666106 1302525361
2501.215337 560.443884 1302525363
2521.323698 560.332773 1302525365
2550.286359 561.554994 1302525368
2578.256013 562.888326 1302525371
2598.529876 566.110545 1302525376
2623.437763 567.221655 1302525381
2647.104394 567.221655 1302525384
2670.191772 568.332765 1302525387
2691.127638 569.888319 1302525391
2713.139260 565.999434 1302525412
2735.812885 566.332767 1302525416
2758.321010 567.221655 1302525420
2778.760373 568.999431 1302525423
2804.413015 570.110541 1302525426
2824.935128 570.777207 1302525428
2848.022506 571.443873 1302525430
2872.433891 571.999428 1302525432
2898.169283 572.332761 1302525434
2922.249667 572.443872 1302525436
2949.557318 574.110537 1302525439
2970.327682 572.332761 1302525448
2988.532783 587.221635 1302525460
2988.946535 609.554946 1302525463
2987.622528 640.332693 1302525466
2987.043275 664.332669 1302525468
2986.464022 688.554867 1302525470
2985.305515 711.332622 1302525472
2984.147009 733.888155 1302525474
2983.567756 756.443688 1302525476
2982.905752 778.332555 1302525478
2981.085242 799.554756 1302525480
2980.009486 827.110284 1302525483
2993.166809 842.665824 1302525486
3015.592183 844.332489 1302525489
3044.389342 845.888043 1302525492
3065.987212 847.221375 1302525494
3088.991839 847.776930 1302525496
3112.989472 847.888041 1302525498
3135.580347 847.888041 1302525500
3160.488234 847.554708 1302525503
3184.568618 851.221371 1302525513
3205.173482 851.776926 1302525516
3227.764357 852.554703 1302525519
3251.182736 853.443591 1302525522
3276.918129 854.443590 1302525525
3305.218785 854.999145 1302525528
3334.429697 855.443589 1302525531
3363.475107 857.332476 1302525534
3399.140555 859.665807 1302525538
3421.152177 860.776917 1302525541
