3305.467037 1101.332232 1302531928
3303.315525 1073.443371 1302531933
3304.556782 1044.332289 1302531936
3305.798038 1021.554534 1302531938
3306.873794 997.665669 1302531940
3307.866800 972.776805 1302531942
3308.446053 947.443497 1302531944
3309.356308 921.999078 1302531946
3310.349314 897.332436 1302531948
3311.259569 874.776903 1302531950
3311.921572 849.554706 1302531953
3288.337692 844.221378 1302531960
3263.347054 846.443598 1302531963
3242.162936 847.554708 1302531965
3221.392571 847.999152 1302531967
3199.298199 846.999153 1302531970
3177.038326 847.332486 1302531991
3156.267961 849.665817 1302531995
3130.036066 854.332479 1302531999
3105.955683 857.888031 1302532002
3084.854316 858.332475 1302532004
3061.849689 857.776920 1302532006
3038.017557 856.554699 1302532008
3014.102675 855.221367 1302532010
2990.684295 854.443590 1302532012
2966.769413 853.665813 1302532014
2942.109776 852.776925 1302532016
2917.119138 852.221370 1302532018
2891.714748 851.110260 1302532020
2866.724109 849.888039 1302532022
2843.140229 848.443596 1302532024
2820.549354 848.110263 1302532026
2799.034235 848.443596 1302532028
2773.133342 848.554707 1302532031
2750.045964 848.332485 1302532036
2727.041337 846.999153 1302532040
2702.712702 845.665821 1302532043
2680.618330 845.554710 1302532046
2654.965688 847.888041 1302532050
2633.202317 845.999154 1302532053
2609.783938 847.221375 1302532057
2589.592826 849.221373 1302532062
2573.456487 861.443583 1302532080
2551.031113 863.443581 1302532084
2529.019491 863.332470 1302532087
2505.435611 862.665804 1302532091
2481.686229 861.665805 1302532096
2455.619835 859.999140 1302532100
2428.394934 857.999142 1302532103
2399.349524 855.332478 1302532106
2379.158412 852.999147 1302532108
2357.891544 851.221371 1302532110
2335.879923 850.665816 1302532112
2313.206297 850.554705 1302532114
2289.787918 848.999151 1302532116
2265.955786 847.110264 1302532118
2241.461650 845.221377 1302532120
2216.636513 842.999157 1302532122
2192.721631 841.221381 1302532124
2169.386002 839.665827 1302532126
2147.291629 838.999161 1302532128
2125.445508 837.665829 1302532130
2096.896600 836.554719 1302532133
2072.485215 837.443607 1302532136
2042.446799 836.221386 1302532139
2019.773174 837.110274 1302532141
1998.671807 837.332496 1302532143
1973.267417 837.110274 1302532146
1953.655558 841.221381 1302532150
1931.974938 835.888053 1302532162
1911.204573 835.110276 1302532165
1886.875939 835.332498 1302532168
1862.547304 836.443608 1302532171
1837.970418 835.665831 1302532174
1813.890035 833.888055 1302532192
1791.712912 832.221390 1302532197
1769.122037 832.554723 1302532202
1748.103421 832.221390 1302532205
1727.333056 831.999168 1302532208
1702.259667 830.776947 1302532212
1680.248045 826.888062 1302532216
1660.636187 814.776963 1302532224
1637.797061 808.776969 1302532229
1613.302925 812.443632 1302532233
1592.863562 816.999183 1302532236
1570.851940 818.443626 1302532240
1550.412577 818.554737 1302532248
1528.731957 819.221403 1302532256
1504.072321 818.221404 1302532259
1477.509424 818.999181 1302532262
1450.532775 818.888070 1302532265
1430.010661 820.110291 1302532268
1408.909294 816.888072 1302532285
1382.098146 815.332518 1302532289
1358.762517 815.665851 1302532292
1336.088892 814.443630 1302532296
1314.822024 817.221405 1302532304
1314.491022 840.221382 1302532312
1321.938563 858.999141 1302532316
1327.813846 879.221343 1302532319
1324.586578 901.110210 1302532322
1316.311532 925.665741 1302532325
1308.450239 946.999053 1302532328
1293.555156 960.776817 1302532335
1313.663517 969.332364 1302532349
1342.129675 972.999027 1302532352
1362.817289 975.999024 1302532354
1384.746161 977.999022 1302532356
1405.599276 978.110133 1302532358
1427.693648 984.776793 1302532360
1448.877765 1001.665665 1302532362
1468.324123 1016.443428 1302532364
1491.659752 1025.443419 1302532367
1514.995381 1029.887859 1302532372
1532.290227 1043.110068 1302532377
1548.261065 1057.110054 1302532380
1565.473161 1072.554483 1302532383
1584.009263 1088.443356 1302532386
1601.386859 1104.332229 1302532389
1617.771450 1116.887772 1302532392
1638.872817 1129.109982 1302532396
1664.442708 1120.998879 1302532400
1679.255040 1104.776673 1302532409
