3344.111500 400.110711 1302541177
3349.076528 379.555176 1302541181
3353.545053 356.777421 1302541184
3354.041555 334.110777 1302541187
3356.275818 311.333022 1302541191
3362.399352 290.444154 1302541194
3364.716364 259.333074 1302541197
3365.378368 234.333099 1302541199
3365.543869 208.444236 1302541201
3365.212867 181.555374 1302541203
3364.799115 154.666512 1302541205
3363.226856 128.555427 1302541207
3361.240845 105.888783 1302541209
3358.261829 80.888808 1302541212
3350.897038 61.111050 1302541222
3324.996145 54.999945 1302541226
3296.943739 50.777727 1302541229
3275.097619 47.555508 1302541231
3253.085997 44.222178 1302541233
3232.563883 40.666626 1302541235
3211.710768 36.666630 1302541238
3191.023153 34.555521 1302541241
3168.928781 31.333302 1302541244
3151.716686 20.777757 1302541251
3128.629308 18.222204 1302541256
3098.508142 18.111093 1302541259
3075.586265 17.555538 1302541261
3048.857867 16.333317 1302541264
3028.170252 15.222207 1302541271
3014.350926 31.222191 1302541279
3013.192420 56.333277 1302541283
3011.537410 85.777692 1302541286
3009.965152 105.888783 1302541288
3008.558394 131.555424 1302541291
3006.655133 152.777625 1302541294
3005.496627 177.110934 1302541297
3004.420871 207.444237 1302541300
3003.676117 229.888659 1302541302
3003.758867 251.333082 1302541304
3004.255370 278.888610 1302541307
3000.945352 305.777472 1302541311
2999.455844 330.999669 1302541314
2998.876590 351.555204 1302541316
2998.214587 374.332959 1302541318
2997.552583 397.666269 1302541320
2996.807829 422.444022 1302541322
2996.063075 447.888441 1302541324
2994.821818 471.999528 1302541326
2993.994313 492.888396 1302541328
2992.753057 517.443927 1302541331
2990.767046 541.999458 1302541348
2976.782218 561.777216 1302541351
2948.067809 565.666101 1302541354
2923.242672 565.332768 1302541356
2894.197261 564.999435 1302541358
2863.083089 564.110547 1302541360
2830.727660 563.999436 1302541362
2798.289481 564.777213 1302541364
2767.009808 564.554991 1302541366
2736.061136 564.332769 1302541368
2704.946964 564.554991 1302541370
2675.570552 564.554991 1302541372
2650.910915 563.666103 1302541374
2623.189512 562.666104 1302541377
2602.170896 562.777215 1302541387
2579.662771 563.221659 1302541391
2553.348126 562.888326 1302541394
2529.515994 563.999436 1302541397
2521.323698 587.666079 1302541401
2521.737451 615.332718 1302541404
2521.075447 637.666029 1302541406
2520.992697 661.666005 1302541408
2519.916941 687.332646 1302541410
2519.006686 714.221508 1302541412
2517.930930 742.554813 1302541414
2518.096431 771.554784 1302541416
2517.848179 800.221422 1302541418
2516.772423 828.221394 1302541420
2516.110420 855.999144 1302541422
2515.531166 884.110227 1302541424
2515.696667 913.554642 1302541426
2515.696667 945.554610 1302541428
2515.779418 977.887911 1302541430
2515.365666 1009.443435 1302541432
2514.620911 1039.443405 1302541434
2513.131403 1067.665599 1302541436
2511.890146 1092.998907 1302541438
2511.641895 1115.554440 1302541440
2511.807396 1143.332190 1302541443
2511.145392 1168.332165 1302541447
2511.890146 1195.221027 1302541451
2512.552150 1219.443225 1302541454
2514.455410 1248.109863 1302541457
2514.620911 1268.776509 1302541459
2513.131403 1289.998710 1302541461
2515.365666 1314.220908 1302541464
2531.088253 1327.665339 1302541467
2555.830639 1335.998664 1302541470
2576.352753 1338.665328 1302541472
2596.461114 1343.887545 1302541474
2618.141734 1349.109762 1302541476
2643.794376 1351.776426 1302541478
2672.012282 1353.443091 1302541480
2701.388695 1357.109754 1302541482
2732.585617 1359.331974 1302541484
2764.527294 1361.220861 1302541486
2794.813962 1361.776416 1302541488
2822.700866 1362.665304 1302541490
2848.353508 1363.998636 1302541492
2872.930394 1366.998633 1302541494
2898.417535 1368.331965 1302541496
2924.814931 1369.554186 1302541498
2951.543329 1370.443074 1302541500
2978.933730 1370.443074 1302541502
3005.993130 1370.220852 1302541504
3031.149269 1369.443075 1302541506
3052.664388 1369.109742 1302541508
3081.709799 1370.220852 1302541511
3108.769198 1369.776408 1302541514
3128.877560 1368.331965 1302541519
3153.454446 1371.776406 1302541523
3173.976559 1373.665293 1302541525
3197.063937 1375.331958 1302541527
3219.158309 1376.998623 1302541529
3240.673428 1376.331957 1302541531
3262.188547 1372.443072 1302541533
3282.296908 1367.998632 1302541535
3305.549787 1355.331978 1302541538
3313.162829 1331.554224 1302541541
3312.914578 1309.109802 1302541543
3311.425070 1282.665384 1302541545
3309.935561 1252.554303 1302541547
3308.694304 1220.443224 1302541549
3306.708293 1188.332145 1302541551
3307.039295 1156.665510 1302541553
3308.197802 1126.776651 1302541555
3309.687310 1098.776679 1302541557
3310.928567 1071.887817 1302541559
3312.500825 1044.221178 1302541561
3313.659332 1015.554540 1302541563
3314.404086 986.776791 1302541565
3314.652337 959.665707 1302541567
3315.314341 934.887954 1302541569
3316.059095 912.887976 1302541571
3317.052101 888.221334 1302541574
3322.596381 864.221358 1302541596
3330.623176 844.110267 1302541600
3356.275818 840.888048 1302541604
3384.410973 844.110267 1302541607
3409.898114 845.999154 1302541610
3433.647496 848.110263 1302541614
