2935.820742 1381.665285 1302542881
2962.218138 1382.220840 1302542886
2983.154003 1382.665284 1302542888
3006.737884 1383.887505 1302542890
3031.563021 1383.998616 1302542892
3056.470909 1382.887506 1302542894
3081.544298 1380.887508 1302542896
3105.790182 1380.331953 1302542898
3126.395046 1380.109731 1302542900
3152.130438 1382.998617 1302542903
3177.617579 1387.220835 1302542906
3204.511478 1392.665274 1302542909
3225.116342 1392.443052 1302542911
3248.120969 1386.887502 1302542913
3271.704850 1382.443062 1302542916
3293.219969 1376.554179 1302542925
3312.831827 1366.665300 1302542929
3317.300352 1342.998657 1302542932
3316.141846 1321.332012 1302542934
3314.900589 1295.443149 1302542936
3314.321336 1267.109844 1302542938
3314.155835 1237.443207 1302542940
3314.321336 1208.221014 1302542942
3315.066090 1179.665487 1302542944
3313.742082 1152.221070 1302542946
3310.845816 1125.332208 1302542948
3310.018312 1086.110025 1302542951
3311.011317 1060.110051 1302542953
3311.838822 1032.776745 1302542955
3313.576581 1004.332329 1302542957
3315.314341 975.999024 1302542959
3316.803849 949.776828 1302542961
3318.872611 927.110184 1302542963
3321.189624 900.221322 1302542966
3323.092884 879.888009 1302542982
3330.457675 859.332474 1302542997
3338.567220 840.332493 1302543001
3359.172084 838.999161 1302543006
3378.701192 845.888043 1302543011
3398.892303 853.221369 1302543016
3419.662668 852.443592 1302543025
3443.163798 854.999145 1302543029
3469.643945 855.999144 1302543032
3497.117097 856.332477 1302543035
3528.065768 857.999142 1302543038
3552.146151 859.332474 1302543040
3576.805788 859.665807 1302543042
3601.548175 859.110252 1302543044
3625.628558 859.554696 1302543046
3648.302183 861.665805 1302543048
3669.238049 862.554693 1302543050
3693.318432 861.776916 1302543053
3713.675045 865.665801 1302543067
3718.640072 891.887997 1302543071
3718.143570 912.221310 1302543073
3716.654061 939.887949 1302543075
3714.833551 971.554584 1302543077
3713.344043 1004.443440 1302543079
3712.433788 1035.776742 1302543081
3712.847540 1063.332270 1302543083
3713.509544 1086.221136 1302543085
3716.240309 1108.887780 1302543088
3732.293898 1124.109987 1302543092
3760.925556 1122.887766 1302543095
3783.930183 1121.109990 1302543097
3805.941805 1120.887768 1302543099
3828.946433 1116.776661 1302543102
3832.835704 1090.110021 1302543106
3827.539675 1070.221152 1302543109
3827.787926 1046.998953 1302543120
3831.263445 1022.776755 1302543123
3833.166706 999.887889 1302543125
3834.407963 973.221249 1302543127
3835.152717 944.887944 1302543129
3834.987216 916.665750 1302543131
3833.994210 893.554662 1302543133
3827.456924 873.554682 1302543136
3807.596814 870.110241 1302543139
3778.634154 871.554684 1302543142
3753.974518 872.665794 1302543144
3727.411621 874.665792 1302543146
3700.765973 877.221345 1302543148
3674.285827 879.665787 1302543150
3648.467684 882.110229 1302543152
3622.980543 883.554672 1302543154
3598.569158 882.665784 1302543156
3575.233529 879.554676 1302543158
3540.064584 873.110238 1302543161
3515.156697 869.332464 1302543163
3489.586805 867.332466 1302543165
3463.189409 864.888024 1302543167
3437.205765 862.665804 1302543169
3411.801375 861.110250 1302543171
3386.065982 858.999141 1302543173
3361.406346 856.888032 1302543175
3339.394724 855.110256 1302543177
3316.141846 849.332484 1302543180
3305.715288 829.554726 1302543183
3305.467037 805.888083 1302543186
3315.066090 784.776993 1302543196
3317.052101 764.777013 1302543199
3318.541609 736.665930 1302543202
3318.376108 715.554840 1302543204
3318.541609 693.554862 1302543206
3320.113868 671.221551 1302543208
3321.189624 649.999350 1302543210
3322.099879 624.999375 1302543213
