1720.051016 547.443897 1302577505
1694.894877 548.666118 1302577526
1665.021961 550.666116 1302577529
1641.355330 551.332782 1302577531
1614.047679 551.666115 1302577533
1586.409026 551.777226 1302577535
1561.004636 552.666114 1302577537
1539.324016 553.666113 1302577539
1515.657385 555.110556 1302577542
1505.148077 575.554980 1302577547
1504.403323 601.221621 1302577551
1504.155071 621.888267 1302577553
1503.410317 646.332687 1302577555
1502.417312 673.332660 1302577557
1501.258805 701.554854 1302577559
1500.431301 729.221493 1302577561
1499.272794 754.888134 1302577563
1499.024543 774.999225 1302577565
1498.610791 795.999204 1302577569
1484.708714 812.443632 1302577581
1460.711081 810.554745 1302577585
1436.547947 817.332516 1302577589
1406.095779 820.110291 1302577592
1383.835906 821.110290 1302577594
1357.935012 824.110287 1302577597
1339.067908 830.888058 1302577607
1318.794046 830.776947 1302577614
1299.430439 837.221385 1302577620
1273.281294 843.554712 1302577624
1252.179927 844.776933 1302577626
1230.416557 845.999154 1302577628
1203.439908 844.999155 1302577631
1181.428286 843.443601 1302577635
1159.251163 844.110267 1302577643
1137.736044 836.888052 1302577647
1111.173147 835.110276 1302577651
1080.803729 834.665832 1302577654
1059.123109 835.554720 1302577656
1037.938992 836.110275 1302577658
1013.279356 837.554718 1302577661
991.267734 838.888050 1302577664
970.993872 838.888050 1302577670
949.313252 831.776946 1302577680
925.563870 829.888059 1302577683
903.966001 828.332505 1302577685
878.975363 826.443618 1302577687
851.502211 823.665843 1302577689
824.691062 822.332511 1302577691
803.589696 822.888066 1302577693
780.502318 822.776955 1302577696
756.008182 824.110287 1302577700
732.672553 825.554730 1302577703
703.792644 826.110285 1302577706
679.629510 826.443618 1302577708
652.239108 826.776951 1302577710
624.517705 827.332506 1302577712
599.609817 826.888062 1302577714
577.349944 824.888064 1302577716
554.759069 821.999178 1302577720
529.271928 817.221405 1302577738
502.212528 816.443628 1302577741
479.538903 814.888074 1302577743
453.472509 813.443631 1302577745
424.509848 809.776968 1302577747
393.726678 805.665861 1302577749
365.177770 802.665864 1302577751
339.607879 800.221422 1302577753
317.348006 799.665867 1302577755
294.674380 799.110312 1302577759
269.931993 803.999196 1302577780
244.610353 805.888083 1302577783
219.123212 805.776972 1302577786
197.028840 803.999196 1302577790
172.617455 805.776972 1302577795
147.378565 805.888083 1302577799
123.132681 808.443636 1302577803
99.714302 804.443640 1302577806
90.363500 822.999177 1302577811
99.466050 842.221380 1302577833
96.900786 864.665802 1302577841
92.680513 885.332448 1302577844
91.191004 905.443539 1302577846
90.446250 926.554629 1302577848
90.197999 954.665712 1302577851
90.529001 974.776803 1302577853
90.777252 1002.332331 1302577856
88.956742 1027.665639 1302577859
85.563973 1055.332278 1302577862
82.750458 1078.443366 1302577864
80.516195 1102.887786 1302577866
79.605940 1129.109982 1302577868
79.109438 1155.776622 1302577870
78.612935 1182.554373 1302577872
78.033682 1208.221014 1302577874
77.040676 1232.554323 1302577876
75.633918 1255.776522 1302577878
75.716669 1277.443167 1302577880
74.971915 1299.665367 1302577883
90.529001 1315.554240 1302577892
114.692135 1319.887569 1302577895
135.462499 1322.887566 1302577897
160.204886 1325.332008 1302577899
187.098785 1326.776451 1302577901
215.068440 1327.220895 1302577903
242.541592 1326.887562 1302577905
270.759498 1326.998673 1302577907
300.135910 1327.443117 1302577909
329.595073 1328.332005 1302577911
358.640484 1328.665338 1302577913
386.858390 1329.332004 1302577915
412.511032 1330.220892 1302577917
432.619393 1330.776447 1302577919
454.300013 1330.109781 1302577924
475.401380 1330.443114 1302577928
506.515552 1330.776447 1302577931
532.333695 1331.776446 1302577933
561.875608 1333.220889 1302577935
592.907030 1334.109777 1302577937
624.765956 1334.887554 1302577939
657.369637 1336.554219 1302577941
688.814811 1337.554218 1302577943
718.522225 1337.220885 1302577945
748.229639 1337.331996 1302577947
776.613046 1338.443106 1302577949
802.844942 1339.220883 1302577951
825.518567 1338.665328 1302577953
851.833213 1335.776442 1302577956
874.506838 1331.998668 1302577963
879.637366 1309.776468 1302577966
881.457876 1289.776488 1302577968
882.947385 1269.443175 1302577970
883.361137 1242.109869 1302577973
883.774889 1219.332114 1302577981
887.415909 1192.776585 1302577985
888.657166 1171.443273 1302577987
889.236419 1146.554409 1302577989
890.974179 1120.443324 1302577991
893.208441 1097.110014 1302577993
892.960190 1070.332263 1302577996
909.675783 1053.554502 1302578002
932.763160 1054.554501 1302578005
961.312068 1057.998942 1302578008
982.909938 1058.665608 1302578010
1004.425057 1059.332274 1302578012
1024.616168 1060.776717 1302578014
1051.592818 1062.332271 1302578017
1073.687190 1065.332268 1302578020
1095.367810 1067.443377 1302578024
1119.365443 1071.998928 1302578029
1143.363075 1073.110038 1302578032
1164.050690 1074.332259 1302578034
1186.641565 1075.110036 1302578036
1209.646192 1074.221148 1302578038
1231.409562 1072.776705 1302578040
1257.475957 1070.665596 1302578043
1278.742824 1069.776708 1302578062
1310.105248 1072.554483 1302578065
1333.275376 1074.554481 1302578067
1358.100513 1077.443367 1302578069
1380.856889 1077.554478 1302578071
1401.130751 1077.110034 1302578073
1430.341663 1077.998922 1302578076
1454.670298 1082.221140 1302578079
1474.695908 1078.998921 1302578086
1478.998932 1051.665615 1302578090
1481.977949 1029.887859 1302578092
1485.701719 1003.887885 1302578094
1489.921993 974.887914 1302578096
1493.976765 944.332389 1302578098
1496.624780 914.221308 1302578100
1498.693541 886.110225 1302578102
