3315.893594 607.777170 1301700694
3308.032301 588.554967 1301700709
3286.351681 586.332747 1301700712
3265.581316 585.999414 1301700714
3240.921679 585.110526 1301700716
3213.945030 584.554971 1301700718
3186.471878 584.221638 1301700720
3159.081477 583.888305 1301700722
3132.932332 583.332750 1301700724
3108.189945 582.666084 1301700726
3084.688815 582.443862 1301700728
3061.932439 581.554974 1301700730
3038.017557 580.554975 1301700732
3013.854423 579.999420 1301700734
2990.684295 579.666087 1301700736
2969.334677 579.110532 1301700738
2944.840541 577.888311 1301700741
2924.897681 574.554981 1301700744
2901.065549 574.110537 1301700747
2880.129683 574.666092 1301700749
2855.718298 574.443870 1301700751
2828.989901 574.554981 1301700753
2801.599499 574.110537 1301700755
2773.960846 574.221648 1301700757
2746.653195 573.777204 1301700759
2720.255799 573.777204 1301700761
2695.844414 573.888315 1301700763
2673.915543 573.443871 1301700765
2646.359640 571.777206 1301700768
2623.189512 569.999430 1301700771
2601.012389 569.221653 1301700775
2579.828272 561.554994 1301700788
2557.899401 559.777218 1301700791
2529.515994 558.999441 1301700794
2508.497378 558.332775 1301700796
2485.575501 557.888331 1301700798
2461.246866 557.110554 1301700800
2436.669980 555.666111 1301700802
2412.837848 555.110556 1301700804
2388.178212 555.221667 1301700806
2363.270324 555.777222 1301700808
2339.851945 556.110555 1301700810
2317.343820 555.999444 1301700812
2295.166697 555.443889 1301700814
2272.244821 554.555001 1301700816
2250.398700 553.443891 1301700818
2229.793836 552.999447 1301700820
2203.065438 552.110559 1301700823
2182.212322 552.555003 1301700827
2162.021211 553.110558 1301700840
2138.768332 552.666114 1301700843
2110.964178 552.110559 1301700846
2080.760261 550.666116 1301700849
2058.748639 550.110561 1301700851
2035.661262 549.777228 1301700853
2011.911880 550.777227 1301700855
1987.748747 551.999448 1301700857
1963.751114 552.443892 1301700859
1938.429474 552.666114 1301700861
1913.025083 552.666114 1301700863
1888.944700 552.555003 1301700865
1866.271075 552.555003 1301700867
1845.583460 552.221670 1301700869
1819.020563 551.888337 1301700872
1798.167448 552.110559 1301700876
1778.059087 551.221671 1301700884
1754.061454 552.332781 1301700897
1725.760797 552.443892 1301700900
1704.742181 552.221670 1301700902
1681.241051 551.999448 1301700904
1655.836660 551.888337 1301700906
1628.529009 552.555003 1301700908
1600.393854 553.888335 1301700910
1574.410210 556.110555 1301700912
1553.970847 558.221664 1301700914
1531.462722 559.332774 1301700918
1509.616602 562.999437 1301700946
1506.720335 589.332744 1301700950
1506.223833 620.221602 1301700953
1506.141082 645.777132 1301700955
1505.644580 673.665993 1301700957
1504.817075 701.332632 1301700959
1503.906820 727.554828 1301700961
1503.244816 750.443694 1301700963
1503.327567 777.888111 1301700966
1504.237822 798.554757 1301700971
1488.763486 812.776965 1301700982
1466.834615 810.776967 1301700985
1440.106217 807.554748 1301700988
1415.860333 807.110304 1301700991
1389.131935 806.554749 1301700994
1361.493282 807.221415 1301700997
1338.157653 809.332524 1301701000
1316.725284 811.332522 1301701005
1293.306905 814.443630 1301701024
1269.392023 815.110296 1301701026
1242.084371 814.776963 1301701028
1217.755737 814.999185 1301701030
1190.944589 818.110293 1301701033
1169.677721 819.332514 1301701039
1140.135807 818.221404 1301701043
1117.462182 817.665849 1301701045
1092.637045 816.554739 1301701047
1065.660395 815.554740 1301701049
1038.766497 815.110296 1301701051
1012.286350 815.110296 1301701053
984.813198 815.110296 1301701055
956.098789 814.999185 1301701057
928.708388 814.221408 1301701059
902.062740 813.443631 1301701061
875.334343 812.665854 1301701063
848.109442 811.999188 1301701065
819.891536 812.110299 1301701067
791.756380 812.221410 1301701069
763.290223 812.110299 1301701071
734.244812 811.443633 1301701073
706.026906 811.332522 1301701075
679.464009 810.443634 1301701077
653.728617 810.110301 1301701079
628.986230 809.999190 1301701081
605.236848 809.665857 1301701083
583.721729 808.332525 1301701085
563.530618 807.221415 1301701087
543.505007 806.221416 1301701089
513.383840 804.443640 1301701092
492.944477 803.221419 1301701094
463.733565 802.221420 1301701097
443.542454 802.221420 1301701099
414.166041 801.221421 1301701102
394.140430 800.332533 1301701104
364.846768 798.888090 1301701107
336.959864 798.221424 1301701110
316.106749 797.776980 1301701113
292.605619 795.443649 1301701124
271.504252 793.554762 1301701127
245.355107 792.888096 1301701130
221.605726 791.665875 1301701133
198.352847 791.332542 1301701137
174.686216 789.665877 1301701144
151.019585 787.221435 1301701147
125.366944 787.332546 1301701150
105.093081 788.110323 1301701154
92.018509 805.888083 1301701170
92.928764 826.110285 1301701191
87.549984 845.443599 1301701197
82.915959 868.888020 1301701201
80.350695 891.554664 1301701204
79.523190 916.887972 1301701207
80.433445 938.554617 1301701210
80.598946 959.554596 1301701213
79.440439 981.443463 1301701216
76.709674 1005.887883 1301701219
75.302917 1035.665631 1301701222
74.309911 1056.887832 1301701224
73.813408 1078.221144 1301701226
73.399656 1106.665560 1301701229
73.647907 1127.665539 1301701231
74.144410 1149.776628 1301701233
73.896159 1174.443270 1301701235
74.144410 1198.554357 1301701237
74.144410 1221.332112 1301701239
74.392662 1243.332090 1301701241
74.475412 1271.443173 1301701244
76.130421 1293.776484 1301701248
89.370494 1309.443135 1301701266
110.223610 1310.554245 1301701269
137.779512 1313.887575 1301701272
166.493921 1316.554239 1301701275
195.125579 1319.665347 1301701278
221.522976 1322.776455 1301701281
242.127840 1328.887560 1301701285
269.352740 1328.776449 1301701305
299.391156 1330.443114 1301701308
322.892286 1331.554224 1301701310
346.889919 1332.332001 1301701312
370.722051 1332.887556 1301701314
393.809429 1333.220889 1301701316
414.662544 1333.443111 1301701318
438.163674 1334.443110 1301701321
459.182290 1336.998663 1301701325
481.276663 1337.665329 1301701332
507.094805 1338.220884 1301701335
529.851181 1338.665328 1301701337
556.248577 1339.443105 1301701339
584.714735 1340.220882 1301701341
613.511894 1340.887548 1301701343
641.233297 1341.776436 1301701345
667.961695 1342.443102 1301701347
693.448836 1342.887546 1301701349
719.018728 1343.443101 1301701351
744.836871 1343.998656 1301701353
769.331006 1344.443100 1301701355
791.921881 1344.776433 1301701357
820.057037 1344.220878 1301701360
842.896163 1341.109770 1301701364
863.170025 1340.220882 1301701387
880.051119 1328.665338 1301701394
881.292375 1305.220917 1301701397
882.781884 1283.998716 1301701399
883.774889 1261.554294 1301701401
884.271392 1234.998765 1301701404
