3001.690106 571.110540 1303864474
2980.754240 573.110538 1303864487
2951.543329 573.666093 1303864490
2926.883692 573.888315 1303864492
2900.569047 573.777204 1303864494
2874.419902 572.888316 1303864496
2850.753271 571.443873 1303864498
2830.313908 569.999430 1303864500
2806.150774 568.777209 1303864503
2780.994635 568.777209 1303864506
2760.058769 568.777209 1303864508
2735.481883 567.888321 1303864510
2707.098476 567.888321 1303864512
2677.473812 567.332766 1303864514
2647.104394 566.554989 1303864516
2617.314230 565.777212 1303864518
2589.179074 565.221657 1303864520
2562.036924 564.888324 1303864522
2535.060274 564.443880 1303864524
2508.000875 563.999436 1303864526
2480.444972 562.888326 1303864528
2452.309817 561.999438 1303864530
2423.843659 561.221661 1303864532
2395.956755 560.221662 1303864534
2367.904350 559.221663 1303864536
2339.438192 557.443887 1303864538
2309.234275 555.888333 1303864540
2278.037353 555.221667 1303864542
2245.019920 554.666112 1303864544
2211.754236 553.221669 1303864546
2178.405801 551.999448 1303864548
2145.471119 550.777227 1303864550
2113.612193 549.888339 1303864552
2081.505015 548.888340 1303864554
2048.984085 548.443896 1303864556
2015.801152 548.221674 1303864558
1982.452717 547.666119 1303864560
1950.262789 547.332786 1303864562
1919.314118 547.777230 1303864564
1888.696449 547.999452 1303864566
1859.154535 547.666119 1303864568
1830.605627 547.221675 1303864570
1804.787484 546.555009 1303864572
1782.113859 545.888343 1303864574
1753.730452 545.555010 1303864577
1731.718830 544.666122 1303864581
1708.879704 546.555009 1303864606
1681.075550 547.777230 1303864609
1656.912416 547.666119 1303864611
1630.928773 547.332786 1303864613
1604.862378 547.555008 1303864615
1579.706239 548.332785 1303864617
1558.273871 549.221673 1303864619
1534.938242 549.443895 1303864622
1511.354361 550.110561 1303864639
1499.603796 568.666098 1303864644
1501.672558 591.888297 1303864647
1502.500062 611.888277 1303864649
1502.665563 636.332697 1303864651
1502.665563 664.443780 1303864653
1502.665563 693.999306 1303864655
1502.003559 721.554834 1303864657
1499.934798 746.999253 1303864659
1499.107293 768.999231 1303864661
1498.859042 792.888096 1303864664
1496.293778 813.443631 1303864672
1475.771664 816.554739 1303864676
1455.084050 815.221407 1303864679
1428.769404 815.332518 1303864682
1408.743793 815.999184 1303864684
1388.304430 815.332518 1303864686
1360.665777 813.888075 1303864689
1336.668145 812.776965 1303864692
1313.249765 810.110301 1303864696
1292.644901 822.332511 1303864706
1269.805775 832.443612 1303864709
1243.822131 835.776942 1303864712
1222.389763 835.554720 1303864714
1201.288396 834.999165 1303864716
1175.801255 833.221389 1303864719
1155.941145 829.776948 1303864726
1138.811800 818.888070 1303864739
1113.407410 815.221407 1303864744
1083.617245 814.554741 1303864747
1059.785113 813.554742 1303864749
1035.208227 812.443632 1303864751
1012.203600 811.221411 1303864753
984.978699 810.221412 1303864756
964.042833 806.554749 1303864773
942.362213 805.888083 1303864777
913.399553 805.221417 1303864780
890.146674 804.221418 1303864782
866.231792 802.776975 1303864784
843.144414 801.554754 1303864786
820.470789 800.221422 1303864788
797.714413 797.776980 1303864790
777.026799 796.332537 1303864792
746.988382 794.554761 1303864795
726.052517 794.110317 1303864797
702.799638 793.999206 1303864799
678.057251 793.888095 1303864801
653.645866 793.888095 1303864803
631.965246 793.888095 1303864805
605.733351 792.554763 1303864808
585.707740 792.332541 1303864812
564.027120 792.665874 1303864820
543.836009 791.999208 1303864837
519.176372 791.776986 1303864842
492.944477 792.665874 1303864845
471.181107 792.554763 1303864847
447.928228 791.554764 1303864849
425.668355 789.665877 1303864851
404.566988 789.110322 1303864853
376.018080 787.665879 1303864856
351.523945 786.999213 1303864859
330.091576 787.221435 1303864862
309.403962 789.110322 1303864882
283.585819 787.888101 1303864887
263.229206 789.776988 1303864890
237.742065 790.665876 1303864893
215.813194 789.110322 1303864896
190.739805 787.332546 1303864902
166.328420 789.776988 1303864906
141.668784 793.110318 1303864910
120.484667 791.332542 1303864927
100.293555 787.110324 1303864933
92.101260 807.332526 1303864938
92.680513 830.888058 1303864941
92.018509 851.776926 1303864943
91.604757 876.554679 1303864945
90.942753 903.776874 1303864947
90.197999 932.221290 1303864949
89.618746 962.110149 1303864951
89.701496 992.221230 1303864953
89.039493 1022.443422 1303864955
87.880986 1052.110059 1303864957
86.143227 1080.332253 1303864959
85.232972 1107.776670 1303864961
85.067471 1135.109976 1303864963
84.901970 1162.109949 1303864965
84.570968 1189.221033 1303864967
83.991715 1216.776561 1303864969
83.495212 1244.665422 1303864971
82.998709 1271.665395 1303864973
82.833208 1296.887592 1303864975
82.667707 1318.554237 1303864977
