1167.360708 1074.221148 1303865164
1191.027339 1075.110036 1303865166
1216.431730 1075.776702 1303865168
1240.429362 1074.998925 1303865170
1266.992259 1073.221149 1303865173
1289.665885 1069.221153 1303865196
1310.022497 1070.887818 1303865199
1337.578400 1075.554480 1303865202
1359.672772 1076.554479 1303865204
1380.856889 1076.110035 1303865206
1404.854522 1074.998925 1303865209
1427.776399 1074.332259 1303865225
1454.256545 1075.776702 1303865229
1474.530407 1078.332255 1303865232
1492.239005 1068.776709 1303865237
1493.480262 1046.443398 1303865240
1493.894015 1026.332307 1303865242
1496.045526 1001.332332 1303865244
1499.686547 973.665693 1303865246
1501.093304 947.110164 1303865248
1501.507057 921.443523 1303865250
1501.838058 897.332436 1303865252
1502.169060 874.776903 1303865254
1504.899825 844.110267 1303865257
1506.306583 823.110288 1303865260
1505.065326 801.443643 1303865267
1504.237822 776.443668 1303865271
1505.479079 747.110364 1303865274
1501.920809 722.777055 1303865276
1498.197038 695.110416 1303865278
1497.204033 665.110446 1303865280
1498.114288 634.999365 1303865282
1501.589807 596.777181 1303865285
1504.237822 573.554982 1303865288
1513.174871 552.777225 1303865310
1519.960409 532.666134 1303865315
1546.937058 536.888352 1303865319
1567.128170 538.666128 1303865321
1593.029063 539.221683 1303865323
1619.509209 539.666127 1303865325
1643.589593 540.110571 1303865327
1669.242235 540.332793 1303865330
1691.667609 540.221682 1303865341
1717.816753 540.777237 1303865344
1741.069632 541.555014 1303865346
1767.632529 542.332791 1303865348
1796.346938 543.221679 1303865350
1825.806101 543.888345 1303865352
1856.589271 544.999455 1303865354
1888.365447 546.332787 1303865356
1920.224373 547.443897 1303865358
1951.752298 548.332785 1303865360
1982.700969 549.221673 1303865362
2013.401389 550.332783 1303865364
2043.770807 551.666115 1303865366
2072.650716 552.110559 1303865368
2099.213613 552.777225 1303865370
2125.280007 554.221668 1303865372
2152.339407 555.221667 1303865374
2180.557313 556.443888 1303865376
2209.188972 557.554998 1303865378
2237.655129 557.999442 1303865380
2264.631778 558.221664 1303865382
2289.208664 559.332774 1303865384
2313.040796 560.332773 1303865386
2337.038429 561.110550 1303865388
2361.449814 561.443883 1303865390
2385.530197 562.110549 1303865392
2408.948577 562.666104 1303865394
2431.042949 562.554993 1303865396
2457.026593 562.443882 1303865399
2479.534717 562.666104 1303865403
2505.932113 565.221657 1303865407
2535.722278 566.666100 1303865410
2558.478654 567.110544 1303865412
2582.062535 567.443877 1303865414
2606.722171 568.110543 1303865416
2631.630059 568.554987 1303865418
2657.117200 568.888320 1303865420
2683.100843 568.888320 1303865422
2709.167238 569.332764 1303865424
2735.399133 569.777208 1303865426
2761.713778 570.443874 1303865428
2787.449171 570.666096 1303865430
2812.108807 571.110540 1303865432
2836.189190 570.888318 1303865434
2858.780065 570.666096 1303865436
2879.798682 571.332762 1303865438
2906.609830 571.888317 1303865441
2927.214694 571.777206 1303865445
2948.233310 576.110535 1303865472
2970.244932 578.443866 1303865475
2991.346299 578.777199 1303865489
2994.077064 599.888289 1303865495
2992.091053 621.666045 1303865498
2990.105042 649.777128 1303865501
2988.946535 671.221551 1303865503
2987.953530 694.332639 1303865505
2986.712273 718.221504 1303865507
2985.967519 741.443703 1303865509
2985.305515 764.665902 1303865511
2984.395260 786.665880 1303865513
2983.402255 814.332519 1303865516
2982.657501 839.110272 1303865520
3002.103858 845.443599 1303865524
3025.853240 845.776932 1303865527
3046.871856 846.221376 1303865529
3070.621237 845.776932 1303865531
3095.777376 845.110266 1303865533
3121.430018 844.554711 1303865535
3146.668908 843.999156 1303865537
3169.342533 843.665823 1303865539
3197.146687 841.999158 1303865542
