3216.427544 857.776920 1303865962
3240.342426 859.221363 1303865967
3262.188547 861.110250 1303865970
3286.682683 861.665805 1303865973
3309.190807 852.665814 1303865977
3310.680315 825.332508 1303865981
3310.597565 799.554756 1303865984
3310.763066 778.221444 1303865986
3311.176818 753.554802 1303865988
3312.087073 726.999273 1303865990
3313.245580 700.665966 1303865992
3313.328330 675.665991 1303865994
3313.659332 652.888236 1303865996
3314.238585 628.666038 1303865999
3319.534614 606.221616 1303866028
3312.500825 585.888303 1303866047
3291.068457 584.666082 1303866050
3262.271298 583.443861 1303866053
3239.680423 582.777195 1303866055
3214.607034 582.332751 1303866057
3188.623390 581.999418 1303866059
3164.129255 581.888307 1303866061
3142.945137 581.777196 1303866063
3119.526758 579.888309 1303866066
3100.907905 571.554984 1303866072
3075.503514 572.888316 1303866100
3047.202858 573.888315 1303866103
3024.363731 574.110537 1303866105
3002.021108 574.110537 1303866107
2980.919741 572.999427 1303866109
2960.811380 571.666095 1303866111
2938.551507 570.999429 1303866113
2914.636624 570.777207 1303866115
2890.225239 570.554985 1303866117
2866.227607 570.110541 1303866119
2843.057478 569.999430 1303866121
2819.804600 570.221652 1303866123
2796.386220 570.110541 1303866125
2772.554088 570.110541 1303866127
2747.728951 570.332763 1303866129
2721.579806 570.110541 1303866131
2695.513412 569.666097 1303866133
2669.447018 569.110542 1303866135
2643.215123 569.332764 1303866137
2616.321224 569.110542 1303866139
2588.930823 568.554987 1303866141
2562.533426 568.110543 1303866143
2537.956541 567.777210 1303866145
2513.627906 567.554988 1303866147
2488.306266 567.110544 1303866149
2461.826119 566.443878 1303866151
2435.345973 565.888323 1303866153
2409.693331 564.777213 1303866155
2385.364696 563.666103 1303866157
2360.374058 563.332770 1303866159
2334.224913 562.999437 1303866161
2307.413765 562.666104 1303866163
2279.857863 561.666105 1303866165
2251.639957 561.332772 1303866167
2223.835803 560.554995 1303866169
2197.272906 559.666107 1303866171
2171.785765 558.777219 1303866173
2146.381374 558.110553 1303866175
2121.307986 557.888331 1303866177
2095.572593 557.999442 1303866179
2068.926946 557.221665 1303866181
2041.122792 556.777221 1303866183
2012.573884 556.554999 1303866185
1984.190477 556.221666 1303866187
1955.558819 556.221666 1303866189
1926.182406 555.110556 1303866191
1897.716249 553.555002 1303866193
1869.994845 552.555003 1303866195
1843.018196 551.666115 1303866197
1816.951802 550.332783 1303866199
1792.540417 549.999450 1303866201
1771.273549 549.777228 1303866203
1745.620907 549.443895 1303866206
1725.429795 548.221674 1303866211
1704.907682 549.777228 1303866227
1678.096534 550.221672 1303866230
1654.595404 549.888339 1303866232
1628.115257 550.110561 1303866234
1601.055857 550.666116 1303866236
1575.734217 551.221671 1303866238
1553.474344 551.777226 1303866240
1528.897458 552.443892 1303866243
1513.340372 566.999433 1303866262
1509.037348 587.554968 1303866269
1504.817075 607.888281 1303866274
1500.927803 633.999366 1303866278
1498.610791 665.554890 1303866281
1497.369534 690.443754 1303866283
1496.045526 715.777062 1303866285
1494.556018 740.110371 1303866287
1492.570007 761.221461 1303866289
1492.818259 781.999218 1303866293
1485.370717 803.665863 1303866302
1465.676108 809.110302 1303866306
1447.222756 820.999179 1303866310
1426.369641 823.888065 1303866313
1399.227491 825.554730 1303866316
1371.257836 830.110281 1303866319
1350.239220 836.221386 1303866322
1329.551605 839.776938 1303866333
1306.215976 835.332498 1303866343
1281.721841 835.776942 1303866347
1249.531913 833.221389 1303866350
1222.886265 833.110278 1303866352
1196.819871 833.554722 1303866354
1174.311747 833.443611 1303866356
1147.831600 832.999167 1303866359
1125.323476 828.554727 1303866363
1100.001835 827.221395 1303866367
1069.797918 826.443618 1303866370
1048.944803 826.221396 1303866372
1028.836442 825.999174 1303866374
1007.486824 825.332508 1303866376
981.337679 826.888062 1303866379
961.229318 825.999174 1303866395
940.872705 820.554735 1303866416
