1514.498879 586.110525 1303870797
1517.477895 561.221661 1303870803
1533.779735 548.777229 1303870807
1557.115364 547.666119 1303870810
1580.781995 546.110565 1303870812
1608.089646 544.221678 1303870814
1636.721305 542.221680 1303870816
1666.511469 541.443903 1303870818
1696.384385 540.888348 1303870820
1725.595296 540.332793 1303870822
1753.316700 540.221682 1303870824
1779.631345 540.332793 1303870826
1805.118486 540.555015 1303870828
1831.267631 541.110570 1303870830
1857.913278 541.777236 1303870832
1885.220929 542.443902 1303870834
1913.025083 543.221679 1303870836
1941.325740 544.332789 1303870838
1970.288400 545.221677 1303870840
1999.664813 545.888343 1303870842
2028.792974 546.110565 1303870844
2057.590133 545.999454 1303870846
2087.214797 545.999454 1303870848
2118.080718 546.332787 1303870850
2150.105145 546.888342 1303870852
2183.288078 547.777230 1303870854
2216.967515 548.888340 1303870856
2249.819446 550.443894 1303870858
2282.423127 551.666115 1303870860
2314.282053 552.332781 1303870862
2345.147974 552.555003 1303870864
2375.600142 552.666114 1303870866
2405.307557 553.110558 1303870868
2431.704953 553.666113 1303870870
2455.288833 554.110557 1303870872
2482.513734 554.999445 1303870875
2502.373844 558.110553 1303870880
2523.144209 557.554998 1303870891
2544.659328 557.110554 1303870894
2566.339948 552.666114 1303870896
2592.075340 549.777228 1303870898
2621.782754 549.110562 1303870900
2651.490169 549.777228 1303870902
2679.625324 550.999449 1303870904
2706.353722 552.666114 1303870906
2731.509861 554.221668 1303870908
2756.417749 554.999445 1303870910
2780.911885 555.888333 1303870912
2806.150774 557.110554 1303870914
2833.954928 557.554998 1303870916
2862.172834 557.666109 1303870918
2888.901232 557.443887 1303870920
2912.981615 557.554998 1303870922
2941.199521 558.221664 1303870925
2961.390633 557.221665 1303870929
2982.492000 554.999445 1303870942
2986.629523 534.443910 1303870946
2988.615534 508.555047 1303870949
2988.532783 485.777292 1303870951
2988.367282 460.666206 1303870953
2989.194787 434.666232 1303870955
2990.353293 409.444035 1303870957
2991.346299 384.332949 1303870959
2992.504805 359.221863 1303870961
2993.746062 337.555218 1303870963
2994.904568 315.888573 1303870966
2998.131836 293.110818 1303870980
2997.718084 266.999733 1303870983
2997.221581 245.777532 1303870985
2996.807829 223.777554 1303870987
2997.138831 202.999797 1303870989
2996.145825 179.333154 1303870992
3012.613166 167.444277 1303870999
3033.549032 171.999828 1303871003
3054.981401 173.333160 1303871006
3075.503514 180.999819 1303871010
3078.896283 201.110910 1303871014
3061.022184 215.444229 1303871021
3039.755317 210.333123 1303871025
3031.563021 191.110920 1303871030
3012.944168 180.444264 1303871036
2999.373093 195.222027 1303871043
2999.042091 215.666451 1303871046
2997.552583 246.110865 1303871049
2997.138831 266.555289 1303871051
2998.297337 290.777487 1303871054
2996.807829 316.333017 1303871061
2995.401071 341.888547 1303871064
2994.573567 364.999635 1303871066
2993.580561 392.110719 1303871068
2992.173803 421.999578 1303871070
2990.353293 452.555103 1303871072
2988.698284 481.999518 1303871074
2987.705279 507.888381 1303871076
2987.953530 533.666133 1303871079
2987.788029 558.554997 1303871105
2987.953530 581.999418 1303871108
2987.539778 604.554951 1303871110
2986.464022 630.999369 1303871112
2985.388266 658.332675 1303871114
2984.312510 686.999313 1303871116
2983.981508 716.777061 1303871118
2983.567756 746.332587 1303871120
2982.988503 775.665891 1303871122
2983.071253 803.554752 1303871124
2981.747246 825.776952 1303871126
2984.395260 845.776932 1303871129
3009.551399 847.776930 1303871133
3039.010562 845.332488 1303871136
3062.594443 844.110267 1303871138
3087.750582 842.999157 1303871140
3114.892732 842.999157 1303871142
3142.034882 843.110268 1303871144
3166.529018 842.554713 1303871146
3193.919419 842.332491 1303871149
