3310.928567 603.554952 1303871539
3298.598749 585.999414 1303871548
3273.939112 587.221635 1303871551
3252.672244 586.666080 1303871553
3230.412371 586.332747 1303871555
3209.062753 585.777192 1303871557
3182.086104 586.888302 1303871560
3157.922970 588.110523 1303871564
3137.980110 583.888305 1303871578
3117.457996 581.554974 1303871587
3096.604881 580.443864 1303871590
3068.717977 580.777197 1303871593
3046.209852 580.999419 1303871595
3021.136464 581.554974 1303871597
2995.483822 582.443862 1303871599
2969.831180 583.110528 1303871601
2943.268283 583.999416 1303871603
2916.374384 584.332749 1303871605
2890.887243 585.554970 1303871607
2866.889610 586.110525 1303871609
2845.291741 586.221636 1303871611
2816.411831 585.888303 1303871614
2786.290664 585.332748 1303871617
2764.030791 584.777193 1303871619
2740.446911 584.110527 1303871621
2715.456272 583.888305 1303871623
2690.217383 584.221638 1303871625
2665.309495 584.332749 1303871627
2640.649859 584.554971 1303871629
2616.403974 585.332748 1303871631
2592.158090 585.777192 1303871633
2568.987962 586.443858 1303871635
2545.900584 585.777192 1303871637
2522.978708 584.332749 1303871639
2499.974080 583.110528 1303871641
2476.307449 581.999418 1303871643
2453.468323 581.443863 1303871645
2430.960199 580.999419 1303871647
2408.534825 579.888309 1303871649
2386.605953 579.221643 1303871651
2364.263330 578.221644 1303871653
2341.672455 577.110534 1303871655
2317.840323 576.332757 1303871657
2292.932435 575.221647 1303871659
2267.114292 574.332759 1303871661
2241.130648 573.999426 1303871663
2215.064254 573.666093 1303871665
2188.253106 572.777205 1303871667
2161.441958 571.999428 1303871669
2134.713560 571.110540 1303871671
2108.812666 570.554985 1303871673
2082.249769 570.110541 1303871675
2053.700862 567.666099 1303871677
2025.400205 565.110546 1303871679
1997.844302 563.443881 1303871681
1970.288400 562.221660 1303871683
1942.566997 561.332772 1303871685
1915.093845 560.666106 1303871687
1887.537942 560.110551 1303871689
1860.313042 559.221663 1303871691
1834.494899 558.554997 1303871693
1809.918013 557.777220 1303871695
1787.823641 557.110554 1303871697
1763.660507 556.777221 1303871700
1740.986882 555.443889 1303871715
1719.637263 555.888333 1303871718
1699.528902 555.888333 1303871720
1676.110523 555.777222 1303871722
1649.051123 555.666111 1303871724
1620.171213 555.555000 1303871726
1592.367059 555.666111 1303871728
1567.790173 555.777222 1303871730
1547.681812 556.110555 1303871732
1526.001192 555.555000 1303871736
1506.637585 562.777215 1303871753
1505.644580 589.443855 1303871757
1502.996565 618.110493 1303871760
1499.603796 640.221582 1303871762
1496.459279 665.888223 1303871764
1495.466273 693.777084 1303871766
1495.466273 721.110390 1303871768
1496.211027 744.999255 1303871770
1497.948787 772.665894 1303871773
1498.445290 793.665873 1303871784
1480.405690 804.888084 1303871789
1459.718075 811.110300 1303871792
1429.927911 813.554742 1303871795
1406.178529 811.999188 1303871797
1380.856889 811.443633 1303871799
1358.845267 813.888075 1303871801
1335.178636 816.110295 1303871804
1317.139037 828.776949 1303871819
1276.756813 822.110289 1303871823
1253.503935 821.665845 1303871825
1231.988816 823.221399 1303871827
1209.480691 825.999174 1303871830
1188.627576 828.665838 1303871837
1166.367703 829.554726 1303871858
1139.722055 825.443619 1303871862
1117.710433 821.888067 1303871864
1089.740779 819.665847 1303871866
1060.778118 818.221404 1303871868
1032.973965 816.554739 1303871870
1007.983326 815.110296 1303871872
986.964710 813.776964 1303871874
966.277096 812.332521 1303871877
