3209.807507 836.999163 1303873151
3230.743373 835.888053 1303873172
3252.175742 833.332500 1303873175
3279.069641 833.110278 1303873178
3301.246763 833.443611 1303873181
3317.300352 817.888071 1303873186
3315.645343 797.776980 1303873190
3316.307347 774.221448 1303873208
3317.300352 749.554806 1303873211
3318.293357 727.999272 1303873213
3318.789860 704.554851 1303873215
3318.872611 681.777096 1303873217
3318.293357 660.332673 1303873219
3318.541609 633.443811 1303873222
3321.851627 612.999387 1303873228
3322.844633 590.666076 1303873255
3306.046290 575.666091 1303873261
3282.462409 576.110535 1303873264
3257.471771 576.666090 1303873267
3235.046397 576.554979 1303873270
3209.642006 576.221646 1303873274
3188.540640 575.888313 1303873278
3168.349528 576.443868 1303873284
3147.413662 575.443869 1303873297
3127.470802 573.888315 1303873300
3100.411402 572.888316 1303873303
3079.227285 573.443871 1303873305
3057.463915 574.332759 1303873307
3029.411509 577.332756 1303873310
3007.151636 579.221643 1303873314
2982.823002 577.221645 1303873329
2957.170360 575.221647 1303873332
2934.248483 574.888314 1303873334
2907.768336 574.332759 1303873336
2878.143672 573.221649 1303873338
2846.284746 572.110539 1303873340
2813.846567 570.999429 1303873342
2781.077386 569.888319 1303873344
2748.308204 568.110543 1303873346
2715.290772 566.777211 1303873348
2681.114832 565.443879 1303873350
2646.194139 564.110547 1303873352
2611.604448 562.666104 1303873354
2578.007762 561.443883 1303873356
2545.404082 560.443884 1303873358
2512.221148 559.777218 1303873360
2478.293460 559.110552 1303873362
2443.207266 557.554998 1303873364
2407.790070 555.110556 1303873366
2373.448630 553.888335 1303873368
2340.431198 553.443891 1303873370
2307.993018 552.888336 1303873372
2275.720340 552.332781 1303873374
2244.109665 551.110560 1303873376
2213.491996 550.110561 1303873378
2182.874326 549.443895 1303873380
2152.835910 548.888340 1303873382
2122.135490 548.666118 1303873384
2089.780061 548.110563 1303873386
2056.266126 547.888341 1303873388
2022.007436 547.999452 1303873390
1987.169493 547.777230 1303873392
1952.910804 547.666119 1303873394
1919.479619 548.443896 1303873396
1887.041440 548.443896 1303873398
1856.837522 547.999452 1303873400
1828.950618 547.110564 1303873402
1803.877229 546.443898 1303873404
1782.362110 545.999454 1303873406
1757.288722 546.443898 1303873409
1737.180360 546.221676 1303873416
1711.527719 544.999455 1303873426
1680.744548 545.777232 1303873429
1655.919411 545.555010 1303873431
1628.694510 545.332788 1303873433
1601.469610 545.332788 1303873435
1574.492960 546.110565 1303873437
1549.171320 546.332787 1303873439
1528.152704 546.110565 1303873441
1506.058332 547.666119 1303873444
1499.769297 568.777209 1303873448
1503.410317 591.554964 1303873451
1504.486073 623.221599 1303873454
1504.817075 650.666016 1303873456
1505.065326 681.110430 1303873458
1505.230827 709.999290 1303873460
1504.817075 736.221486 1303873462
1504.320572 759.777018 1303873464
1504.072321 785.554770 1303873467
1497.535035 805.665861 1303873474
1475.606163 807.776970 1303873478
1451.443030 807.888081 1303873481
1430.838166 807.665859 1303873483
1406.261280 807.221415 1303873485
1381.601643 807.776970 1303873487
1361.079530 808.665858 1303873489
1336.668145 809.999190 1303873493
1335.840640 833.554722 1303873502
1308.615740 835.776942 1303873506
1283.956103 832.999167 1303873508
1257.144955 831.110280 1303873510
1232.402568 830.665836 1303873512
1210.804698 830.776947 1303873514
1187.138067 829.888059 1303873519
1162.809433 828.888060 1303873531
1131.198758 826.776951 1303873534
1104.304859 825.332508 1303873536
1076.997208 824.221398 1303873538
1048.531051 821.888067 1303873540
1022.712908 820.665846 1303873542
1000.204783 821.332512 1303873544
978.027661 818.999181 1303873546
952.540520 815.776962 1303873549
